630.0743087810706 686.1758782737706 814.3603442883878 598.7053799615751 503.1510215206854 595.7039508849512 422.7650383725818 624.8133856031491 496.6624443384171 617.7170631206227 682.195702643055 326.65208397583547 590.691427123802 606.4334495809603 602.5311499577874 649.3252787115634 617.49918172246 583.3007134584536 477.5066368269149 531.1523976042131 848.0567607079706 518.9790832766339 792.3199000087593 554.688564544655 692.350305536911 452.9456744643753 389.03922075998435 549.0795513464682 405.7381787993918 950.0020737528648
419.12454497451336 684.8854915169222 814.3603442883878 598.7053799615751 503.1510215206854 570.2099564751784 422.7650383725818 580.2553112370733 496.6624443384171 617.7170631206227 682.195702643055 326.65208397583547 560.3322984625047 442.42990604908937 602.5311499577874 588.9169695881078 562.2188300779071 550.9919398362949 477.5066368269149 531.1523976042131 756.2396763886854 518.9790832766339 693.6560707233111 549.2280568336614 692.350305536911 452.9456744643753 389.03922075998435 549.0795513464682 405.7381787993918 950.0020737528648
419.12454497451336 643.4351191233891 814.3603442883878 598.7053799615751 503.1510215206854 520.5593561572405 422.7650383725818 516.1162202151695 474.7726669463241 617.7170631206227 648.7725678167735 326.65208397583547 560.3322984625047 442.42990604908937 405.8300643150769 519.0000415134937 541.6864813863353 535.5037541205261 477.5066368269149 531.1523976042131 606.5613612188477 518.7770511810754 693.6560707233111 531.4818805619375 692.350305536911 452.9456744643753 389.03922075998435 507.6700658662944 405.7381787993918 552.0101217752926
412.90613187085546 512.4839087476707 814.3603442883878 565.2067055751781 503.1510215206854 439.3792923883602 422.7650383725818 444.64822281691795 413.66992925856675 617.7170631206227 504.33308340050917 326.65208397583547 474.49361707409935 442.42990604908937 405.8300643150769 513.2516349550269 496.37960342163205 522.4556561123063 477.5066368269149 531.1523976042131 606.5613612188477 518.7770511810754 607.2778459784026 512.7256688658294 623.0354864732185 436.72457762265367 378.56408475914577 446.93112912986726 405.7381787993918 552.0101217752926
412.90613187085546 512.4839087476707 635.5859043583423 531.2320376254738 496.66713609914495 417.41994119268384 422.7650383725818 444.64822281691795 413.66992925856675 515.0767342430727 504.33308340050917 326.65208397583547 474.49361707409935 418.1635767202192 405.8300643150769 496.88692674346294 488.45482978598284 522.4556561123063 477.5066368269149 531.1523976042131 501.79921508318876 434.7708489284587 607.2778459784026 512.7256688658294 533.7120160144455 436.72457762265367 378.56408475914577 446.93112912986726 405.7381787993918 468.7401213599187
412.90613187085546 512.4839087476707 635.5859043583423 474.18770648868986 428.91105827738284 390.4641603383734 422.7650383725818 444.64822281691795 413.66992925856675 515.0767342430727 504.33308340050917 326.65208397583547 445.2795590335286 394.7926851759212 405.8300643150769 440.881747835886 488.45482978598284 522.4556561123063 423.3327288394007 531.1523976042131 501.79921508318876 434.7708489284587 500.18303211854436 411.3542761751246 477.6916857916285 436.72457762265367 378.56408475914577 383.22105045687886 405.7381787993918 402.1426281676204
412.90613187085546 512.4839087476707 635.5859043583423 474.18770648868986 389.3314077964833 379.8497256325836 422.7650383725818 444.64822281691795 413.66992925856675 515.0767342430727 504.33308340050917 326.65208397583547 445.2795590335286 389.0624387601456 359.10954821216274 440.881747835886 488.45482978598284 487.55918207255036 423.3327288394007 510.56674371595227 405.9634585808044 434.7708489284587 500.18303211854436 411.3542761751246 471.1473355463786 436.72457762265367 378.56408475914577 383.22105045687886 405.7381787993918 402.1426281676204
412.90613187085546 512.4839087476707 460.5902413859999 474.18770648868986 384.86035937203405 373.26431541814827 422.7650383725818 444.64822281691795 413.66992925856675 396.9798999096256 473.8909242410991 326.65208397583547 337.7491063820312 389.0624387601456 353.30009825233583 436.4633007893367 423.60089547973575 487.55918207255036 383.35478185282227 510.56674371595227 405.9634585808044 434.7708489284587 500.18303211854436 411.3542761751246 471.1473355463786 436.72457762265367 378.56408475914577 374.3467131906641 405.7381787993918 402.1426281676204
411.4455141801168 477.9799672582908 460.5902413859999 436.0491343263493 364.7977679188266 360.8429151185446 422.7650383725818 444.64822281691795 413.66992925856675 396.9798999096256 473.8909242410991 326.65208397583547 337.7491063820312 389.0624387601456 353.30009825233583 358.7859803275014 423.60089547973575 431.45813888804696 383.35478185282227 430.94534244239867 386.09442308099415 434.7708489284587 500.18303211854436 398.4023299164319 435.3951991972531 436.72457762265367 378.56408475914577 374.3467131906641 405.7381787993918 402.1426281676204
388.83509126828903 366.0097963041226 329.98838391356185 404.5601899600665 336.2940516443309 301.28705390499726 372.58361634485846 349.87162255325165 318.54110473878245 346.3866548301262 402.31683649726074 319.42910973983726 308.53260783091446 360.9452839397363 297.47818495667025 312.85300329049096 423.60089547973575 384.412848290885 355.348198954141 388.58285476454284 252.39993552936312 349.3990257743303 392.7659537625632 342.14588481546934 426.00661202564925 310.98438915514635 363.2364388364813 335.27643811896087 368.723739382609 345.44160630046554
240.604131178874 235.12219599100354 239.89305022014014 232.98238596946294 237.0349234092714 231.76299942058677 234.27309345205913 235.28471658262242 231.35736375585702 242.2424000615806 238.00137876934514 239.26605043883455 233.1873001175868 242.3280999881872 241.74915014967064 236.1514615824217 233.49632135061165 233.56800308550828 231.60125048632108 236.17974540768773 234.41666309687616 239.62554132666492 234.2734808550067 245.4975135579457 240.46592514168833 233.92168952881138 237.82277369183885 235.91265333243564 245.99494531992787 235.088690101079
229.45513703566348 229.65661033961942 229.55337909848504 229.46530583924095 229.56872354150437 229.48347762992944 229.37474120483557 229.80136533221685 229.3740094003124 230.2927875404057 229.4565784727247 229.76305743383818 229.37467046299935 230.2411452787037 229.35193666818304 229.601891613695 229.40125708699452 229.47162608799317 229.4076003744658 229.60273530761287 229.98983633268472 229.4008801437858 229.38415144758983 230.8219744335247 229.56228070667566 229.45823122134607 229.6657989507844 229.54513517536043 229.6827084117981 229.53688218227626
229.28499401154977 229.29263491662687 229.28940999008182 229.28518527929373 229.28611463109564 229.28471809346138 229.2845052851876 229.29494373042144 229.28471661563435 229.29667305320936 229.28745048628434 229.28756644885016 229.28959814009477 229.3065742856479 229.2858479574661 229.28663448168663 229.28491259876046 229.28827565337087 229.28450105757383 229.28525005888605 229.2864412129279 229.28441224622975 229.2844553011264 229.29094052972732 229.28600643673508 229.28559712700417 229.28746375561968 229.28807495617866 229.29712243776657 229.2851689890731
229.2843827103734 229.28438275016106 229.28438271443383 229.28438271374353 229.28438271059895 229.28438271550203 229.28438270882543 229.28438277564737 229.2843827088118 229.28438272310223 229.28438272900848 229.28438271530194 229.28438272260246 229.28438546335337 229.28438271479627 229.2843827178258 229.28438271059122 229.2843827306324 229.28438270949573 229.28438271031882 229.28438273783922 229.28438270855122 229.28438270884863 229.284382722773 229.2843827128845 229.28438271226696 229.28438271936284 229.28438271893356 229.28438274464588 229.28438271870573
229.2843827084871 229.2843827084871 229.2843827084871 229.2843827084871 229.2843827084871 229.2843827084871 229.2843827084871 229.2843827084871 229.2843827084871 229.2843827084871 229.2843827084871 229.2843827084871 229.2843827084871 229.2843827084871 229.2843827084871 229.2843827084871 229.2843827084871 229.2843827084871 229.2843827084871 229.2843827084871 229.2843827084871 229.2843827084871 229.2843827084871 229.2843827084871 229.2843827084871 229.2843827084871 229.2843827084871 229.2843827084871 229.2843827084871 229.2843827084871
229.2843827084871 229.2843827084871 229.2843827084871 229.2843827084871 229.2843827084871 229.2843827084871 229.2843827084871 229.2843827084871 229.2843827084871 229.2843827084871 229.2843827084871 229.2843827084871 229.2843827084871 229.2843827084871 229.2843827084871 229.2843827084871 229.2843827084871 229.2843827084871 229.2843827084871 229.2843827084871 229.2843827084871 229.2843827084871 229.2843827084871 229.2843827084871 229.2843827084871 229.2843827084871 229.2843827084871 229.2843827084871 229.2843827084871 229.2843827084871
199998.0 199998.0 199998.0 199998.0 199998.0 199998.0 199998.0 199998.0 199998.0 199998.0 199998.0 199998.0 199998.0 199998.0 199998.0 199998.0 199998.0 199998.0 199998.0 199998.0 199998.0 199998.0 199998.0 199998.0 199998.0 199998.0 199998.0 199998.0 199998.0 199998.0
