440.37370315533417 554.6667508967898 348.72702908723795 515.8854252911069 726.9837989787238 1783.6191450208016 1687.8788265111216 562.9232655773067 313.7629276376506 763.321018124037 284.957469246237 140.31429994370956 175.94610639603206 235.0009711693724 785.1755330658957 570.7346957655654 284.35151660376914 165.2808837430548 357.35955950496464 348.77666693642686 291.0907775780561 473.05332896465507 481.06269053852157 735.2402818811875 370.8337501084761 488.0197334570912 164.09827062055865 197.26562816917522 662.2265374875524 714.0584528042227
148.43822835649735 554.6667508967898 182.79748950484645 240.64861495913556 239.43493885652106 330.6780941533434 886.6518132435594 376.22902456771453 313.7629276376506 242.18019895876205 139.13526366283804 140.31429994370956 175.94610639603206 178.7391055366611 785.1755330658957 361.833926902611 172.54247555506663 165.2808837430548 169.31689893906469 237.1551250069174 246.38905560682997 473.05332896465507 234.8758923316468 735.2402818811875 271.0389880146554 484.4934812156075 164.09827062055865 128.95027411562478 165.9729671814207 342.41033467254283
132.78493032246433 283.91928543304675 150.86652509952955 240.64861495913556 239.43493885652106 330.6780941533434 397.9367255262473 197.04224329186945 313.7629276376506 242.18019895876205 139.13526366283804 140.31429994370956 170.30161605584817 149.34199246637354 785.1755330658957 361.833926902611 172.54247555506663 165.2808837430548 169.31689893906469 237.1551250069174 246.38905560682997 473.05332896465507 234.8758923316468 234.84058381732757 271.0389880146554 175.7087715799903 154.09405404169138 128.95027411562478 165.9729671814207 342.41033467254283
132.78493032246433 278.6358269847692 150.86652509952955 189.77114320252895 239.43493885652106 272.70522781579393 194.62390466693023 119.21219923097578 255.97777493320245 177.70002720237244 139.13526366283804 140.31429994370956 170.30161605584817 149.34199246637354 198.52051809184923 157.69374448053577 172.54247555506663 165.2808837430548 169.31689893906469 237.1551250069174 246.38905560682997 354.6097400281178 234.8758923316468 234.84058381732757 149.36985737102077 174.98076070090428 154.09405404169138 128.95027411562478 143.45721483132866 342.41033467254283
132.78493032246433 235.03348182484888 145.67900600848088 126.74558116212802 192.33953769596565 272.70522781579393 151.81225978709335 119.21219923097578 255.97777493320245 177.70002720237244 139.13526366283804 140.31429994370956 123.27950206876721 128.45145021934104 198.52051809184923 157.69374448053577 157.39811849095577 165.2808837430548 169.31689893906469 237.1551250069174 222.79556674857304 296.96790443568625 234.8758923316468 234.84058381732757 147.7659397215566 174.98076070090428 127.58927761235054 128.95027411562478 143.45721483132866 259.814246055907
116.94723686570069 137.22507979712645 145.67900600848088 126.74558116212802 192.33953769596565 272.70522781579393 151.81225978709335 119.21219923097578 255.97777493320245 147.1497022148592 129.8332681143338 123.90177434367251 123.27950206876721 128.45145021934104 147.67790345014237 150.22870197546035 145.92234892065426 147.77490022447546 169.31689893906469 174.11198338238046 222.79556674857304 296.96790443568625 234.8758923316468 234.84058381732757 147.7659397215566 160.72995183757075 127.58927761235054 128.95027411562478 143.45721483132866 171.57819206142858
116.94723686570069 135.4192373853084 130.33128010334576 119.04687692474045 175.32063841491663 264.469341197977 151.81225978709335 117.5776115624758 255.97777493320245 147.1497022148592 129.8332681143338 123.90177434367251 123.27950206876721 125.36494101597373 129.6721383717445 150.22870197546035 145.92234892065426 124.09398426026837 169.31689893906469 174.11198338238046 221.9170996998837 226.99634167730574 234.8758923316468 234.84058381732757 125.10595103273545 156.8689172266554 127.58927761235054 128.95027411562478 143.45721483132866 171.57819206142858
112.3772193593386 135.4192373853084 122.13308365777084 119.04687692474045 135.19819863008115 247.59250239692255 129.1565669442939 115.81919379893816 255.97777493320245 131.66575567760947 129.8332681143338 123.90177434367251 123.27950206876721 125.36494101597373 124.56444919093656 150.22870197546035 145.92234892065426 123.71462103564181 169.31689893906469 174.11198338238046 215.24352499251245 226.99634167730574 220.9600428862659 234.84058381732757 125.10595103273545 156.8689172266554 127.58927761235054 128.95027411562478 143.45721483132866 169.86693604313996
112.3772193593386 135.4192373853084 119.27205980353301 119.04687692474045 132.5489762321904 247.59250239692255 114.79673522437042 115.81919379893816 255.97777493320245 131.66575567760947 129.8332681143338 123.90177434367251 123.27950206876721 121.03779387006261 124.56444919093656 150.22870197546035 111.14574125747413 121.60929812169934 169.31689893906469 138.429738264972 194.83734684261026 226.99634167730574 220.9600428862659 137.4085821714666 120.00088350010947 151.72982019176425 127.58927761235054 128.95027411562478 143.2873536777838 124.59366424049949
112.34280066607334 121.77610293174439 110.47939157870906 110.83811117553205 117.06618393458348 218.38710230704783 110.56107106407853 115.81919379893816 224.8999215933918 128.0148527811407 129.674974366691 121.61814119527935 115.1643279203372 108.93646598495252 123.94124798927396 121.86953780848035 111.14574125747413 111.09898547503599 131.05793300553023 120.51277257668607 117.94412908661752 148.97596663160311 141.31093784947325 137.4085821714666 112.66488450708357 113.47855199831884 120.05754700018497 126.92483592437202 133.86569644423435 117.57497264152153
102.08290843780014 102.41453742291378 100.86526509404803 101.51097086850177 101.456401714393 103.38828268809675 108.57112206612646 101.23136651681034 104.15165633304105 102.39400780108463 104.41927725639835 108.20366822448432 101.50828784890746 101.3335757567238 102.74328305777044 103.83295236586855 102.59950394987663 100.77940106109008 105.50403191789655 104.77798579843511 105.17415815900449 105.82185688086929 102.68881741488258 104.27693843132602 101.22794247562615 105.8007724502213 101.85652747509312 104.84125490877705 100.63305914975444 105.18497588444916
100.76564331283089 100.83448635888726 100.61123126855728 100.60101879268359 100.79220516543955 101.2127417319989 101.16119584138369 100.57553704805332 101.6739733503473 100.64116092223503 100.91887312338258 101.01254224258992 100.83934219221965 100.670969681104 100.67349259547746 100.72881917426184 100.49524479125421 100.64848113659718 101.0919642560234 100.62984795525836 101.17346880395735 101.02750856458033 101.28774759513317 100.59105334708102 100.64793322288006 101.2160592746286 100.55613069626042 101.08492207968584 100.56620358789723 100.88733230400658
100.48598709053795 100.57655668652751 100.41212928046889 100.47711570410274 100.48447865012531 100.86173037819754 100.53518148635021 100.43952370088664 100.70897402366836 100.59350086283575 100.4488805716951 100.41533537626856 100.64252143478143 100.4873896088061 100.50458994356995 100.66813657622106 100.39773832146739 100.47610332592194 100.6132110614426 100.62984795525836 100.69268042240856 100.55435798085455 100.82672673443085 100.53442225067556 100.44464916039988 100.53717046985321 100.47927406004874 100.54401052903904 100.55509417161966 100.56873153866127
100.42493054046918 100.43578546285062 100.41212928046889 100.39447897330956 100.31886021666105 100.55145509510521 100.29127967981185 100.28900712786663 100.61580646314815 100.35680709355574 100.44133741339556 100.36070219668363 100.51904164132793 100.42165571647138 100.42107864440777 100.44098642702465 100.3523459509097 100.37474173057717 100.40489341526882 100.5457095744091 100.40048699616955 100.33794565447533 100.54553749559363 100.36675377142319 100.30470673889022 100.32835084589533 100.30033196139402 100.45467553900335 100.40136205599492 100.48055168480005
100.35157288783694 100.4090052795159 100.32891169045342 100.31235924688826 100.29219584153134 100.39258590602276 100.2718570340985 100.2532201373051 100.32505386887397 100.23867906358919 100.39428152150276 100.3076057002504 100.31472093237198 100.40923973916188 100.35728636152635 100.26467644781496 100.29383379303272 100.31948504671027 100.35098578112229 100.32929341402996 100.3210216171683 100.33794565447533 100.32958982928949 100.32999802972017 100.24389730394705 100.32146166619304 100.30033196139402 100.34343978892684 100.30539417871432 100.32741649731952
100.31691361495132 100.31033859494892 100.29047306279517 100.24516354751768 100.22974743182203 100.35290943546397 100.27061532078005 100.22922918237919 100.29574700234116 100.20456509314681 100.27360001216493 100.24539799829927 100.26533146114662 100.33518387839831 100.34281520049535 100.22458624765886 100.26707282167445 100.25984227446088 100.29792122709614 100.29116925803737 100.27669489193795 100.30260965249317 100.2897510173525 100.23145176512753 100.2265744169199 100.30282686209421 100.27718154958347 100.28868874880845 100.23487145746685 100.29670585384156
199998.0 199998.0 199998.0 199998.0 199998.0 199998.0 199998.0 199998.0 199998.0 199998.0 199998.0 199998.0 199998.0 199998.0 199998.0 199998.0 199998.0 199998.0 199998.0 199998.0 199998.0 199998.0 199998.0 199998.0 199998.0 199998.0 199998.0 199998.0 199998.0 199998.0
