381.80687070379963 333.97538448257137 254.59541177444407 464.8677319819499 312.30219604294916 290.4831903747472 393.6614339552834 392.27407029092365 354.6816956734192 441.6509904506329 252.54732567126803 568.1037564672097 408.61771906841705 413.98286429000063 472.9962571529104 431.7859643666434 508.8112278069675 400.4161574295249 367.28136394315925 387.2143413206686 390.5531828897874 316.564666715929 415.25839501820656 465.71301387443646 321.44424275602023 407.9331558771337 386.29961374082177 289.97640124718237 429.2690704562119 421.7614177329988
372.4463233079091 332.0440277548005 215.07630506464693 391.634863170656 312.30219604294916 290.4831903747472 361.09282835922795 303.67657227267136 337.29639760816826 278.38333281235646 241.3322433111075 332.80374430530946 337.3779309385004 368.9888839816922 282.993627313499 311.7562908879627 472.60788939995336 400.4161574295249 241.681076556074 359.07344516001103 341.72813746688644 316.564666715929 269.4371492946957 447.44517501665814 312.0776136683917 352.7951476129706 330.69854950763556 204.79393004965596 429.2690704562119 357.5596114660275
325.0333138080914 221.00669204683436 202.29470135688825 391.634863170656 238.5024232517576 270.6446895677559 312.01593022697534 238.77575225093233 337.29639760816826 278.38333281235646 241.3322433111075 325.52958626728014 280.49172029343663 262.4328477066424 282.993627313499 311.7562908879627 408.7501683262926 352.30052346161983 231.85482473732827 291.3960911234194 293.9356489966931 303.2629321290451 269.4371492946957 291.2512492098226 283.82735549853896 316.89650865155863 330.69854950763556 191.64829634690523 271.60466240126334 227.83265949503357
321.2969149190517 221.00669204683436 202.29470135688825 300.9711079235308 197.3687832440055 270.6446895677559 290.7503184912234 211.5096004831612 272.722177728509 231.45373454682158 241.3322433111075 325.52958626728014 280.49172029343663 246.31514966489112 192.932264445722 258.0342480198851 324.00406258759494 310.803010622109 215.98186083956125 280.6226306391809 249.2897285414847 254.95645220429196 269.4371492946957 229.1409631973106 212.423302180282 285.69394110831445 259.6358482317846 191.63188906447294 223.24549133980236 222.1372744012665
213.50260880152427 205.23214488792973 172.8322704783459 300.9711079235308 197.3687832440055 259.65184719060653 290.7503184912234 211.5096004831612 265.661064044225 231.45373454682158 241.3322433111075 308.3130693669859 200.45394075725426 209.91233616704358 192.932264445722 258.0342480198851 271.98965059783814 272.1431816804957 188.69692348756098 274.2974288799287 230.75662432836543 195.294446626664 252.09146337165885 229.1409631973106 206.4755072391863 285.69394110831445 248.02834616701057 187.88610050333955 223.24549133980236 221.57024103217464
193.05754249123675 205.23214488792973 172.8322704783459 240.60575654856302 197.3687832440055 233.73552315078086 265.47167999149724 203.8217833243084 234.2862046822802 231.45373454682158 241.3322433111075 270.8520251295513 200.45394075725426 202.10409951162092 192.932264445722 258.0342480198851 271.98965059783814 272.1431816804957 188.69692348756098 274.2974288799287 209.4868965176679 195.294446626664 248.79298345175357 229.1409631973106 175.79918203618627 232.78946096538994 237.34379372160447 182.69750632125306 217.68851181148693 218.83585976218183
193.05754249123675 205.23214488792973 172.8322704783459 240.60575654856302 196.42934454067472 219.81800259222018 223.86146642749145 197.336376857882 207.3686617103349 186.66865091104637 225.5440220321725 270.8520251295513 200.45394075725426 200.60261588024332 175.0213954304445 258.0342480198851 245.9213027926944 266.3868010839319 188.69692348756098 272.7283216312667 205.50638766723023 195.294446626664 248.79298345175357 200.57249853801977 175.79918203618627 232.78946096538994 217.49971022393038 176.59790960099235 217.68851181148693 188.49859348674545
193.05754249123675 181.45763686735108 172.8322704783459 240.60575654856302 193.79298521176088 219.81800259222018 201.16957739418467 196.55104897408182 204.73472828513013 186.66865091104637 225.5440220321725 238.3296784535637 200.45394075725426 200.60261588024332 175.0213954304445 251.37734158526746 227.2590963605321 242.65671693936247 188.42986980554406 232.79928094059778 205.50638766723023 185.15587613697198 193.20978099260174 187.47382782100067 175.79918203618627 226.12283513358034 217.49971022393038 176.59790960099235 215.11066581185196 188.49859348674545
193.05754249123675 181.45763686735108 172.8322704783459 198.3927074106291 193.79298521176088 219.81800259222018 195.55536353304296 196.55104897408182 200.02265764020558 185.6620226048949 190.59905122266446 229.36376647929546 200.45394075725426 200.40996318453017 175.0213954304445 200.18328225752703 215.60338678849757 242.65671693936247 182.44367850482058 213.56235603616733 201.57657521508554 175.00291469280455 192.5060468492793 187.47382782100067 175.79918203618627 181.94983335742245 195.0314830371476 176.1267681246104 190.37978734186117 185.18147850229025
176.77286902009382 172.08358358458645 170.73102235559418 174.58624699623215 174.71431594684873 183.62662579121297 174.10001825084737 169.45044264339003 181.8043728979451 173.7632720352708 175.66648714552412 177.49279821049322 176.4029800618082 173.04842217435908 171.88358027097956 174.5599255982229 178.61130082323052 168.43404767024685 169.9260823403356 174.4411727988736 175.61535762210906 174.16602435017512 172.61986964974722 170.636908529832 171.55569773235584 174.10057702808672 173.1025454318733 172.46216511767898 175.8971913050782 176.6937827288789
164.05251365872164 163.1687093168366 163.15180504829368 163.65985309897133 163.84776449889114 164.6180622888669 163.8809316529223 164.19786041265797 164.64267498506115 162.89325978759416 163.24247037410578 165.610120608535 164.7511519553941 164.2244122751399 163.42635729551785 163.5388668879982 162.7431373198101 164.66400201272518 164.5614339125741 164.40408811332964 165.23806363828226 163.2608302817548 165.6094583836948 161.24960413162535 161.33869346247275 162.94516039689051 163.44529257179056 163.4953414397187 163.82247034327838 162.46425919211742
161.8600820788265 161.59876385579173 161.63724307765006 161.14905596753306 161.62684291146934 162.6101417448558 161.6408450657491 162.41403530337266 161.88386409296209 160.94679937876117 161.74773830567528 160.79899884929637 162.54215963854813 160.31040809131537 161.70712816769992 162.04524138815623 160.36451672102385 160.65192169938018 161.69000186606536 159.7771295047114 162.36601601184702 161.2480431043955 160.80568803899632 160.76566689022093 160.35375698165308 161.71931535965086 160.32104497104183 162.72298338297742 162.12026000280184 160.04140926486343
159.33309448441196 159.86270697384407 160.40143135747712 159.68151364525602 159.47783040516651 160.5602665669917 160.16086489813142 161.54280438033993 161.4516825312835 159.8624370813036 161.46522944978778 160.38565687472646 160.0800460009541 159.07208102631193 161.43005624336274 161.51474014826135 159.67208001543713 159.57229237296588 161.41796311977805 159.49034597648688 161.45994389816042 159.82160918326554 159.82904000024337 160.00459063854396 159.19609805960454 160.7965962981625 159.82694031991878 160.020153358068 161.42370497344336 160.02263366596935
158.70968666679983 159.35288550349378 159.54583585387536 158.91291273304523 158.70177134132018 159.35635273987555 159.42941434030536 159.6412636111686 161.4065494819979 159.48516507244676 161.4065832707738 159.93914429888355 158.99843878839374 158.65112993912453 161.40490324578923 160.83357005028847 158.94760125440416 158.97217311618078 161.40488080009482 158.84349640454639 161.40488373354174 159.4652592052189 159.3368356635401 159.62558293801885 158.77234015191652 159.5567132803685 158.9079105797623 158.83443861290016 161.40662156772987 159.6628418013397
158.62156211576485 158.6405589274923 159.37874216908085 158.62333999480143 158.61845943240496 158.63323955508213 158.66944073906643 159.55748174399014 161.4048807587492 158.63370342946655 161.4048807606223 158.93461413624118 158.62007847101222 158.61838906816183 161.4048807587492 159.3097401792129 158.7150478211006 158.6205696885745 161.4048807587492 158.62039954269585 161.4048807587492 158.64767495461956 158.63143999170188 159.54772650601944 158.62145700618566 159.3700298579747 158.63121656259545 158.63430424877788 161.4048807587492 158.68254423643884
158.61835514987388 158.61835455766823 159.36873363703762 158.61835646686723 158.61835455781375 158.61835455766823 158.61835455785604 159.36873363703808 161.4048807587492 158.61835455767778 161.4048807587492 158.61835455766823 158.6183545576755 158.61835455766823 161.4048807587492 159.3034524310733 158.61835463078933 158.61835455766823 161.4048807587492 158.61835458321139 161.4048807587492 158.6183545576996 158.61835463211855 159.36984871502455 158.61835455794926 159.36873363703762 158.6183545583067 158.61835676285773 161.4048807587492 158.618354581527
199998.0 199998.0 199998.0 199998.0 199998.0 199998.0 199998.0 199998.0 199998.0 199998.0 199998.0 199998.0 199998.0 199998.0 199998.0 199998.0 199998.0 199998.0 199998.0 199998.0 199998.0 199998.0 199998.0 199998.0 199998.0 199998.0 199998.0 199998.0 199998.0 199998.0
