2022.8161897007149 3470.6935167234615 1881.8873554722222 2019.1989242430886 3416.6618254261557 2566.3984305242416 3150.779217037627 2944.7732783983133 2756.2569424676776 2552.05106483138 3231.686848460813 3565.0157040994172 2590.7031802371284 2657.1971888450257 2073.288512649591 1455.214818934301 2600.97210114591 2816.908171599817 2042.688121211172 2858.076621747987 3410.082186576763 4222.299201742784 3872.7249871617114 1937.293803615693 3163.5188994689493 1131.8326356135494 3368.085463118725 1524.4963056322586 3759.146362699108 2337.2030606769663
1291.501333829533 3075.957280993817 1881.8873554722222 1756.5550232301498 2054.19318646973 2566.3984305242416 2526.3369730829245 2944.7732783983133 2756.2569424676776 2552.05106483138 3231.686848460813 3565.0157040994172 2590.7031802371284 2237.567585423136 1078.6518144919996 1455.214818934301 2369.7655463047286 2816.908171599817 930.1858408523001 2858.076621747987 2422.8234991457903 2788.3854688137276 2548.1066442256288 1937.293803615693 1494.4335978600784 1131.8326356135494 2286.7518690489514 1524.4963056322586 3411.287235222402 2337.2030606769663
1074.8950379089072 1403.0878607626514 1881.8873554722222 1756.5550232301498 1907.08868737159 2566.3984305242416 1151.5912446685888 2114.3301855623454 2756.2569424676776 2552.05106483138 2252.5254442330893 3565.0157040994172 2590.7031802371284 1890.6374388911495 1078.6518144919996 1455.214818934301 2020.331843835408 1842.2720491881582 930.1858408523001 2858.076621747987 1267.016105616579 1429.7289398128514 2548.1066442256288 1843.0606116289632 1494.4335978600784 1131.8326356135494 1907.3339624520831 1524.4963056322586 2818.2542244909337 1585.9793355722863
1074.8950379089072 538.9764985081508 1881.8873554722222 1756.5550232301498 1907.08868737159 2566.3984305242416 1151.5912446685888 2114.3301855623454 2756.2569424676776 2552.05106483138 1463.0768681667769 2429.623302664522 1668.1732308397377 1890.6374388911495 1078.6518144919996 1455.214818934301 1596.4381201970418 1842.2720491881582 930.1858408523001 2552.7480633141035 1267.016105616579 1420.1782400586435 2028.8892923004828 1843.0606116289632 1494.4335978600784 1131.8326356135494 1673.9913971770984 1069.1038994070027 1873.57740956287 1262.827784382559
1074.8950379089072 538.9764985081508 1881.8873554722222 1205.4707311689453 1907.08868737159 2566.3984305242416 1151.5912446685888 1075.9440872216471 2756.2569424676776 2460.915535424708 1463.0768681667769 2429.623302664522 1668.1732308397377 1890.6374388911495 1078.6518144919996 1455.214818934301 1596.4381201970418 1842.2720491881582 783.1953432969931 2379.024131723137 901.7885681955038 1420.1782400586435 2028.8892923004828 1659.3989748362383 1494.4335978600784 1131.8326356135494 1673.9913971770984 1069.1038994070027 1479.6208201803452 1262.827784382559
1074.8950379089072 538.9764985081508 1881.8873554722222 1205.4707311689453 1855.8459245566182 1715.0545601650983 1151.5912446685888 1075.9440872216471 2678.3591294658236 2309.99853942016 1463.0768681667769 2289.8519722338715 1668.1732308397377 1890.6374388911495 902.3552989133466 1455.214818934301 1596.4381201970418 1842.2720491881582 783.1953432969931 2379.024131723137 901.7885681955038 1420.1782400586435 1812.5808240993633 1659.3989748362383 997.170255683553 1131.8326356135494 1673.9913971770984 1069.1038994070027 1479.6208201803452 1194.919540800357
990.2747806527236 538.9764985081508 1881.8873554722222 731.1038091766491 1445.6437534126712 1715.0545601650983 1151.5912446685888 1075.9440872216471 2075.952680165852 2183.7439546543246 1463.0768681667769 2223.9980280156014 1668.1732308397377 1890.6374388911495 745.5977959523623 1455.214818934301 1596.4381201970418 1747.8978245237122 783.1953432969931 1705.8736007894795 533.9959205756784 1420.1782400586435 1812.5808240993633 1280.485345053295 997.170255683553 1131.8326356135494 1235.579004665493 1069.1038994070027 1479.6208201803452 1194.919540800357
990.2747806527236 538.9764985081508 1881.8873554722222 731.1038091766491 860.7054536715027 1618.017867613551 1151.5912446685888 1075.9440872216471 1909.5291924900448 2183.7439546543246 1463.0768681667769 2050.320635762969 1648.1480985669878 1521.406972149629 745.5977959523623 1255.6738037976197 1109.679606913875 1369.5471516019998 783.1953432969931 1705.8736007894795 533.9959205756784 944.7348911541044 1812.5808240993633 902.060907334883 997.170255683553 1131.8326356135494 1235.579004665493 1036.70220614622 1479.6208201803452 764.2583771932177
990.2747806527236 538.9764985081508 1881.8873554722222 647.1648901637 860.7054536715027 1618.017867613551 1151.5912446685888 1075.9440872216471 1909.5291924900448 2183.7439546543246 1463.0768681667769 2050.320635762969 1193.3710968332325 1521.406972149629 745.5977959523623 1255.6738037976197 1109.679606913875 976.2198580998484 783.1953432969931 1186.7275180232446 533.9959205756784 944.7348911541044 1496.2111977650602 902.060907334883 997.170255683553 1131.8326356135494 1235.579004665493 1036.70220614622 1479.6208201803452 476.91953830836815
947.7950865780163 380.6275196782253 1357.250317322043 629.4837614510789 654.1354728637839 1290.0935848325653 1097.7935689739568 779.045523978772 1615.5781720297919 1440.5194449968194 1219.876052379942 884.5754787794021 1193.3710968332325 1521.406972149629 530.5831995915732 1211.6147047653421 1109.679606913875 801.135995132191 783.1953432969931 888.4848554283858 533.9959205756784 944.7348911541044 1053.795656275345 711.9307494580139 701.4203945459819 1131.8326356135494 1036.2587175088352 652.5147394928902 1304.2582074514376 476.91953830836815
426.3983581871771 263.6855546325246 560.2427669540675 296.038946597572 165.4466379308226 351.88051286663904 224.67721372328515 310.8230522678923 330.77670663425897 474.0648069107442 203.55655439550446 171.85401181951897 359.2172803530093 483.196159238325 278.6901501298969 428.7202481685622 179.67770389900943 126.70100054631394 411.79210074309503 305.94089694970444 239.0813421360922 160.1732438349443 418.74011377046986 352.2441826100062 356.3023847770803 305.0489904473966 266.2742462134588 341.68927037797675 195.89677713771175 277.87120066385364
146.3944432299304 57.50089023857231 188.43973980935903 86.35126598443367 95.91405517194278 131.0351078083561 87.16692997012899 70.34271773321746 196.0295820598035 370.4500259692006 92.4887528077461 119.62229067806425 124.65010303155964 214.87504306725032 84.63085995216898 108.93149517255972 132.5966449173011 121.98870048676008 51.76019456552092 61.14279879614162 79.33043791257705 74.29963830411111 142.2393978881505 73.01702310338533 105.0343774278831 163.94287478777528 32.110123698034045 93.0114322596221 186.1510319320812 110.19249226116358
19.306237884788402 9.825313078570389 47.47591173929129 13.186139400515003 29.329670790314708 33.43269003938565 21.945329372767674 28.366411451975296 51.952519267678554 63.67976288745126 32.522556488329656 42.43250032075525 55.28968698912081 38.044435265650236 29.25437723760706 35.99529429853101 19.487660517677114 25.712691605545615 24.989621890003605 40.951136542452446 33.41080055083887 32.08492468823317 51.82921378632102 48.35191739966069 50.565143813632744 66.09836149556486 20.344371815536988 34.46976187711937 32.57630521106512 30.028270658653128
7.790892076208365 6.700756782962458 6.565919303426995 6.114927784406632 3.7692420119041117 7.72010986371231 7.309525086950316 3.571808047030231 7.823837796422708 14.938830716583652 6.520566689800717 2.9892458331029275 6.797915767536665 9.224563734514959 4.698116715702781 11.348974995971162 5.6340752497782205 6.783214394141396 6.453910343849429 2.6860646528581356 10.042786618049831 4.614109324782817 8.896254030814248 4.610892012072554 12.741380530243532 15.309976545007885 5.266295290336075 7.195830786423244 3.1607456173740047 4.125308403196755
0.6239774440164183 0.3549208719015269 0.3547616766752526 0.2441301940481253 0.207098273770157 0.5705639761029033 0.4222484524233323 0.31162488777499675 0.3344153149541853 1.6337349478038732 0.26912785870194966 0.17730545309075296 0.25989874819447323 1.1045464115671848 0.10305490090979674 0.5334933614624333 0.14941714227757075 0.47248331167384094 1.4098895731812036 0.16321279600026628 0.3466485853211907 0.28072509937339873 0.2880911121903864 0.2614718817163748 0.3389007553448664 0.27920895538466084 0.5373793036895904 0.3814638276618325 0.3317471514610588 0.21187216439034273
1e-08 1e-08 1e-08 1e-08 1e-08 1e-08 1e-08 1e-08 1e-08 1e-08 1e-08 1e-08 1e-08 1e-08 1e-08 1e-08 1e-08 1e-08 1e-08 1e-08 1e-08 1e-08 1e-08 1e-08 1e-08 1e-08 1e-08 1e-08 1e-08 1e-08
178007.0 180006.0 171416.0 172847.0 176358.0 176598.0 183427.0 177685.0 178122.0 175042.0 178927.0 173468.0 172151.0 186668.0 168107.0 179147.0 173951.0 178421.0 180321.0 168885.0 173360.0 174835.0 176478.0 180258.0 177501.0 173765.0 177478.0 170807.0 174549.0 179880.0
