5187.441243802771 5861.403798275824 5280.874578662844 4931.41965298176 3577.5215766853034 5370.471338484589 4815.850410307677 5565.425817275484 2528.9712495670356 5413.8796134344375 5064.123927492503 5815.516038160031 2911.7996967894687 4140.396079107845 5644.712550584174 5291.422309294674 5683.100415432877 5953.784668501532 5058.023370115998 348.75956130511076 569.7739198366362 5491.18108206826 5116.1461660370105 5539.662211634135 5302.373767651482 3360.7142741589505 490.0862028236743 866.9923455459148 4401.091329134386 5022.249404741021
5187.441243802771 5516.968478899658 5280.874578662844 4931.41965298176 3577.5215766853034 5148.737708977532 4025.3437053055077 4895.20086962264 2528.9712495670356 4739.0692916969 1230.720353651906 4814.788123847525 743.7739372690985 4140.396079107845 5264.655984702303 4800.237100069027 547.5647307435283 5382.878333404698 4416.216315376731 348.75956130511076 569.7739198366362 4650.839818582211 4793.956257019516 407.5379035140777 4655.487414890017 794.3712324522103 490.0862028236743 866.9923455459148 4401.091329134386 5022.249404741021
5187.441243802771 4836.178080574352 4516.246069968515 4931.41965298176 3577.5215766853034 5148.737708977532 574.1702201967605 4895.20086962264 1280.2191036510762 4739.0692916969 1230.720353651906 3140.975116472424 392.3736073790542 4140.396079107845 5264.655984702303 4800.237100069027 547.5647307435283 5382.878333404698 4416.216315376731 348.75956130511076 569.7739198366362 4650.839818582211 4793.956257019516 301.40983338779597 4655.487414890017 794.3712324522103 490.0862028236743 866.9923455459148 4401.091329134386 5022.249404741021
1979.7542459307024 4836.178080574352 1581.6201026637114 4691.346906751933 2131.1313859621105 4817.634832251926 422.86081638774203 4895.20086962264 901.9619894267512 2157.503970963391 1230.720353651906 3140.975116472424 268.9083014704411 4140.396079107845 5201.470492221192 4670.332563683398 547.5647307435283 5211.008161772443 4416.216315376731 348.75956130511076 569.7739198366362 4650.839818582211 4573.826013556361 283.0076439764043 4655.487414890017 794.3712324522103 490.0862028236743 595.4314127497942 1045.5934715230019 2214.0692289403914
214.14345022800853 4836.178080574352 939.4169694610227 4691.346906751933 1354.6292998983781 4817.634832251926 320.57160635131413 4648.62843428882 322.30578876667414 2157.503970963391 1230.720353651906 3140.975116472424 268.9083014704411 4140.396079107845 4691.037643199999 4670.332563683398 428.82629543062967 4387.686413579286 4416.216315376731 320.5166496939805 350.69762846932326 4438.181150108602 4573.826013556361 185.60179368974286 4655.487414890017 794.3712324522103 243.0777738540255 595.4314127497942 401.7751762471612 2214.0692289403914
214.14345022800853 4811.887839538877 179.86425739591778 4691.346906751933 279.69884378407505 4817.634832251926 320.57160635131413 4522.784686141231 321.511210768344 926.4927686074152 1230.720353651906 700.429383160691 268.9083014704411 4140.396079107845 4691.037643199999 2607.023101566906 354.2482093196386 4387.686413579286 4416.216315376731 320.5166496939805 297.3205194083139 4438.181150108602 4573.826013556361 185.60179368974286 4655.487414890017 794.3712324522103 243.0777738540255 595.4314127497942 249.82421547030162 2214.0692289403914
185.7002822949612 4811.887839538877 179.86425739591778 4341.701566825768 247.87651825761532 4294.250836788916 320.57160635131413 4522.784686141231 321.511210768344 926.4927686074152 464.4869038689458 416.77179962256605 268.9083014704411 3031.891595627407 4289.100585747045 212.31590920586495 350.0152560974266 4387.686413579286 4416.216315376731 174.76296703559137 297.3205194083139 2532.218059025008 4573.826013556361 183.19033561136075 4519.245548466282 339.7673501027134 243.0777738540255 595.4314127497942 249.82421547030162 2214.0692289403914
185.7002822949612 4811.887839538877 179.86425739591778 4341.701566825768 247.87651825761532 4294.250836788916 196.8763086044387 4522.784686141231 321.511210768344 926.4927686074152 464.4869038689458 416.77179962256605 268.9083014704411 877.5879833538575 4095.5196015288757 212.31590920586495 265.94173508300355 4308.1904004184635 4416.216315376731 174.76296703559137 249.03863727619137 275.7261961015479 4573.826013556361 183.19033561136075 4519.245548466282 339.7673501027134 243.0777738540255 595.4314127497942 235.23415668103462 385.58764760344275
185.7002822949612 4811.887839538877 179.86425739591778 4341.701566825768 247.87651825761532 4294.250836788916 196.8763086044387 4022.698315777877 308.87826824945796 550.844614504228 464.4869038689458 306.60815599148464 225.20069341402677 373.3825262120845 4082.284397418037 212.31590920586495 265.94173508300355 4308.1904004184635 4416.216315376731 174.76296703559137 249.03863727619137 275.7261961015479 4017.0244690893496 183.19033561136075 4484.239903625316 339.7673501027134 243.0777738540255 419.5409599365116 212.61635161848244 385.58764760344275
153.52684085884812 285.5536833249166 179.86425739591778 182.4770197496814 165.29138068293742 2468.624047084183 154.77213647033432 174.4557997420261 167.06402107102258 195.09023674652326 195.64442813656024 180.5654835885748 165.57478383154148 190.6933458567355 350.01326919329676 172.80036538357308 176.2309690120651 302.3453128742435 2080.9641858406503 142.4770914619412 161.05859196998517 206.10397435298728 268.69326251011535 162.75588647422046 1569.5064675709218 166.28882843964902 169.91741841422527 273.12829174855506 187.15947227943388 176.83878305051257
105.98813529826202 128.5878359232829 122.28148417629745 120.0130041412358 115.67150986800061 142.00769870662225 114.74823545970321 116.67579226890439 111.00207920656203 132.3143411151732 122.7321879826768 109.07512995581874 110.03837126162443 118.48225658285673 127.45010316333583 113.51805572524609 114.47671644513048 137.62278705465496 266.59107708313786 112.29526217940565 119.93287951954562 131.07425136963047 134.82950180493253 114.20755603476755 160.11582726754295 127.4514148062317 115.9595709917744 134.90240076518285 123.21539468932133 130.1396152521861
101.01370785234212 103.92461443973525 103.61854821065208 101.04380302315758 101.17045990113184 115.30268941524355 101.01621686231283 100.974414698484 100.893749418266 107.19907024482382 103.42820693589238 100.85620867698208 100.85072694017708 101.56643884184541 108.22050666500854 100.99819094104032 100.90126681469337 109.64696597744933 142.50881435208476 101.08194338548128 101.53069655058243 101.43878279533783 109.87366453431378 101.28250295674115 130.65530795757377 102.3308256235623 101.20107386437257 108.64564421327123 101.4512561829124 101.94734282561694
100.58009252603188 100.77411873138408 100.69786955705149 100.6944750120615 100.59473105078223 100.77984732727646 100.61278752524913 100.63432082885902 100.56648682000832 100.8869834299453 100.94654152957037 100.54845709231267 100.59191470215819 100.68887496360321 100.82183393605737 100.70135814554624 100.7769668760152 100.9786895308689 113.27548966891709 100.77282976306242 100.73888599061183 100.90537269509741 100.8969615189053 100.64365664564002 106.30811444399751 100.76023463203546 100.6529109934495 100.78001879546218 100.68016085671889 100.70135848382415
100.47614139362258 100.52737012898933 100.6206309960794 100.65982563435318 100.51652790116668 100.77984732727646 100.51040931026955 100.42843410559135 100.5259539778408 100.57432972543893 100.5933172378227 100.48120322317027 100.47020047711567 100.50458018036488 100.60901124143538 100.61688119768542 100.57486867381249 100.58535689473592 101.5565440593773 100.53317725520128 100.49808669646654 100.66056565595136 100.51959684787107 100.48258993704667 101.09210533981604 100.52939927657872 100.52063656300243 100.474303443395 100.5836934731642 100.58623566065444
100.45745567013182 100.46539538395109 100.4324654011657 100.47427046314397 100.49449062540543 100.50272123036348 100.4093833853808 100.39170697091595 100.4876526795133 100.45577058579647 100.38067421281585 100.48120322317027 100.37894887013681 100.4101373038825 100.49669352651381 100.52544434595848 100.49487020819743 100.45406679879079 100.50164212957225 100.4962408666961 100.46618348761285 100.5051827797156 100.493182844079 100.42714615396335 100.50138839198235 100.52939927657872 100.42463127884912 100.39221182425399 100.47488931540101 100.3937959192649
100.41695935757252 100.39982118816488 100.41735824758734 100.43032653677119 100.40002412985086 100.4688508981385 100.39810241334726 100.38226584750237 100.40810282314169 100.3848222384413 100.37255283871218 100.41250495410804 100.35342185135141 100.37331714571519 100.41997249550559 100.43904289374586 100.3826224429913 100.39357441834363 62.69447632117135 100.32229518276972 100.36568599267002 100.4180257069961 100.38313497209765 100.41459736869092 100.40946185460689 100.47030827321623 100.37610356644382 100.34869647565438 100.44319354670142 100.37814829232184
1000000.0 1000000.0 1000000.0 1000000.0 1000000.0 1000000.0 1000000.0 1000000.0 1000000.0 1000000.0 1000000.0 1000000.0 1000000.0 1000000.0 1000000.0 1000000.0 1000000.0 1000000.0 1000000.0 1000000.0 1000000.0 1000000.0 1000000.0 1000000.0 1000000.0 1000000.0 1000000.0 1000000.0 1000000.0 1000000.0
