97.58187444691157 106.67041265945363 108.34732220642468 118.13448154485809 113.71365386477555 101.72425292960838 117.90003210061104 118.48351499132514 101.09541224377506 98.27510247769544 120.47331500843995 115.20811213061461 114.54696002229196 69.01597454556133 100.80427544471127 101.69458468326116 116.01767254633546 124.38461883330535 112.4615599246365 93.41090153461846 107.16298254717344 105.44705628604083 74.33253505457742 117.17907188947777 100.72189891988683 124.75328471500484 95.04921726642124 120.70227870935798 108.70786331711963 123.92867767553162
82.29740570183083 106.67041265945363 103.21741793073306 114.07453309791708 108.69240373122614 101.72425292960838 117.90003210061104 107.49096346222223 101.09541224377506 98.27510247769544 97.36599498385817 95.39249669374726 96.89943326785931 69.01597454556133 83.08186587060084 101.69458468326116 116.01767254633546 121.60316791046614 112.4615599246365 93.41090153461846 98.85490455816341 105.44705628604083 74.33253505457742 108.93471500870953 100.72189891988683 107.89143950775019 95.04921726642124 120.70227870935798 108.70786331711963 101.0950234263247
82.29740570183083 106.67041265945363 103.21741793073306 88.95126452426166 68.37135550895869 101.72425292960838 113.33522310727403 107.49096346222223 101.09541224377506 98.27510247769544 79.49088225608853 81.42607546072873 77.62856528788814 69.01597454556133 83.08186587060084 101.69458468326116 103.2409780208501 111.30015448039183 89.64061428986668 93.41090153461846 98.85490455816341 105.44705628604083 74.33253505457742 100.21258258663897 100.72189891988683 79.25370340961126 95.04921726642124 103.42652608514209 105.56835943649355 97.35438620779166
82.29740570183083 106.67041265945363 103.21741793073306 88.70400445304801 68.37135550895869 85.09056707905847 113.33522310727403 88.83431971035327 101.09541224377506 98.27510247769544 79.49088225608853 81.42607546072873 77.62856528788814 69.01597454556133 83.08186587060084 101.69458468326116 103.2409780208501 97.03875615045285 89.64061428986668 93.41090153461846 98.85490455816341 105.44705628604083 74.33253505457742 61.53625446070862 100.72189891988683 79.25370340961126 95.04921726642124 87.21537257663783 105.56835943649355 94.76510661476357
73.31639639174693 106.67041265945363 102.9786945884349 65.6919511145644 68.37135550895869 85.09056707905847 113.33522310727403 88.83431971035327 101.09541224377506 96.11956302219846 79.49088225608853 81.42607546072873 77.62856528788814 69.01597454556133 83.08186587060084 101.69458468326116 95.88708751928027 91.63380035583316 89.64061428986668 93.41090153461846 98.85490455816341 105.28154849129567 74.33253505457742 61.53625446070862 100.72189891988683 76.48185087761419 95.04921726642124 87.21537257663783 84.87518510101711 90.40973791940235
73.31639639174693 84.1812548250108 102.9786945884349 65.6919511145644 68.37135550895869 85.09056707905847 90.3714358668426 88.83431971035327 101.09541224377506 81.06727391442041 79.49088225608853 77.82917036642141 77.62856528788814 69.01597454556133 83.08186587060084 101.69458468326116 95.88708751928027 91.63380035583316 89.64061428986668 93.41090153461846 98.85490455816341 76.4588949994901 73.79264789471597 61.53625446070862 100.72189891988683 71.00328593065353 95.04921726642124 87.21537257663783 84.87518510101711 90.40973791940235
73.31639639174693 84.1812548250108 63.89989073097297 65.6919511145644 68.37135550895869 85.09056707905847 90.3714358668426 88.83431971035327 92.2255536819032 81.06727391442041 79.49088225608853 77.82917036642141 77.62856528788814 69.01597454556133 83.08186587060084 101.69458468326116 95.88708751928027 91.63380035583316 89.64061428986668 93.41090153461846 94.00257807500327 76.4588949994901 73.79264789471597 61.53625446070862 99.47498568178628 71.00328593065353 95.04921726642124 87.21537257663783 72.94607845142707 77.13232233491226
52.75654985356391 84.1812548250108 63.16993110150929 65.6919511145644 68.37135550895869 85.09056707905847 90.3714358668426 88.83431971035327 92.2255536819032 81.06727391442041 79.49088225608853 77.82917036642141 77.62856528788814 69.01597454556133 80.29772630984485 76.46471196607786 90.51144718096225 78.78123719614587 89.64061428986668 90.80384618087714 81.89927398047496 76.4588949994901 70.69515623797724 61.53625446070862 99.04983546868618 71.00328593065353 95.04921726642124 87.21537257663783 72.94607845142707 77.13232233491226
52.75654985356391 84.1812548250108 63.16993110150929 65.6919511145644 68.37135550895869 85.09056707905847 90.28065175703193 84.83046807996061 92.2255536819032 81.06727391442041 79.49088225608853 77.82917036642141 77.62856528788814 69.01597454556133 74.592540465968 76.46471196607786 90.51144718096225 78.78123719614587 89.64061428986668 90.80384618087714 81.89927398047496 76.4588949994901 70.69515623797724 61.53625446070862 89.70928261056497 71.00328593065353 88.23729876340576 87.21537257663783 72.94607845142707 77.13232233491226
52.75654985356391 84.1812548250108 60.85726894698382 65.6919511145644 51.67602548615457 76.30645206491783 70.26348626072865 75.96593481881393 66.97833028432353 74.89459027378871 56.63366823364015 77.82917036642141 77.62856528788814 69.01597454556133 60.72839826945278 68.63212315412204 69.37984809175259 78.78123719614587 64.45759936765398 90.57050977598624 77.49218210536469 71.75726630452607 70.69515623797724 61.53625446070862 80.46052120230843 71.00328593065353 67.95566031561066 79.08987990987293 72.94607845142707 59.59403325341998
52.75654985356391 47.53905808754553 60.83271604344043 45.50140582363986 33.54693568206267 56.90092613589445 51.74157128774323 56.93616505185662 52.18779047066994 48.73058592988059 49.52697574301726 31.340165626804833 48.093355117821034 49.11318797339118 48.807202139675155 52.42147083878217 50.80394002702678 50.84794152959239 47.60806548727851 54.89876643019136 52.717792581220124 52.57123075605443 58.67526648420278 42.53302240714288 61.54234950091518 52.39242435120241 51.95425987813053 52.1053430216449 54.174746826467526 50.08089816707286
49.40849844874617 30.019576164060823 48.06732769543146 44.50881388163066 32.68891621076284 39.25055074678835 51.74157128774323 44.63247627968201 42.00837838976486 39.30480504189143 36.565166124895995 31.340165626804833 46.16762084241441 49.11318797339118 42.2042816126924 47.88215388028664 40.03396986365021 41.087881059392885 38.87064874367968 37.528702559133876 41.36700647001555 42.80843244469236 46.69147001652004 35.004178794315976 42.24699745364467 45.73001293421919 47.07400261099667 42.84081756981038 34.738368128749244 41.800466508390855
30.314585397154133 29.68583921067568 34.0526873850107 34.00503202876894 31.018152659811904 37.93509273066047 35.720541300303466 42.60385678627085 36.3748726868962 28.31069731725654 33.84874355824684 22.333081821462997 33.12846536582299 33.04858349506651 34.27792275778165 33.7626822112544 34.64555097551079 24.10956203480805 34.787938822388014 34.905504451665024 30.293469137570924 31.75552761376639 29.38239503519776 27.948087348014724 34.57387629042739 41.687278660477546 25.85891859727667 28.226910762986904 34.738368128749244 32.39396811826737
20.30136077935515 23.23195834835326 13.961712816256977 20.397043414508175 19.722652765449197 24.98938467643916 28.10663815958162 22.80850368059373 18.06637604427715 17.58485675835891 12.033684672671257 14.805684980423734 21.04563320422733 18.670084900604593 17.215048133316827 14.65580363612139 20.816002414424247 18.648068549728237 18.73113747002651 20.288650064813964 16.786432331164633 21.941149524947377 22.3210399771948 18.39563454856784 22.907389624042935 26.63826978003408 24.054536053692573 17.96658218816731 18.831415725513693 20.93812059766492
8.325048643155924 10.159027684241778 8.93944204355148 8.193829044989002 11.862932257084708 11.380883368062428 12.764402477829094 12.318080353537312 12.485398668774906 9.309338000704201 5.937575494313478 8.79854957225632 9.48138608371255 9.864814929207341 6.961420961034719 10.132918207684838 7.89971623864426 9.072391308949364 10.318999406522266 11.262488079127365 9.33244497262308 12.07123945211788 9.154182537589008 6.680005229820949 14.430626008961667 12.974684856067938 8.92178711281656 9.718833944702396 12.084498670829475 4.684891464085695
7.963378256644319 7.9680861819308575 5.98533650880006 5.976670313505792 8.96502282191284 10.96975119712556 8.96672263849473 6.982619574134219 9.968772521605501 3.9952966559422975 3.9971981060664348 5.995320043764195 6.987299383206619 6.971138820947431 5.978080919498325 5.996164670292615 6.969999201844985 5.987419667696031 8.961450310611895 8.967110443426463 5.9724159484798065 6.968772350161544 4.980760120182026 5.973972897788258 8.964699137644288 9.958614658547617 5.9776554713056385 4.992567641114533 9.963142137426416 2.9918815757157518
199998.0 199998.0 199998.0 199998.0 199998.0 199998.0 199998.0 199998.0 199998.0 199998.0 199998.0 199998.0 199998.0 199998.0 199998.0 199998.0 199998.0 199998.0 199998.0 199998.0 199998.0 199998.0 199998.0 199998.0 199998.0 199998.0 199998.0 199998.0 199998.0 199998.0
