1138.031521033014 1252.464721473294 1207.5606533646142 924.3291415432968 1164.6750249225875 807.4878289896997 1350.1117378360268 974.7762449862885 1235.2820860975298 1185.3510222464138 1334.0743000759294 1082.932277367625 1233.3227542777904 998.2141270250968 1160.6014773418124 1580.8997093635535 1087.6989730804344 928.3730438448983 1309.8844607906422 1035.8063559869306 1257.6040044499523 772.2861418716675 961.3182434860219 1414.881965057175 1389.72605773432 1395.6562631873794 1496.373824524847 1487.208896200189 1411.8178807630084 1493.960313700638
641.1242087842393 1252.464721473294 1039.7064887750867 924.3291415432968 1133.3125820645046 807.4878289896997 1053.2806567664184 974.7762449862885 1186.7022982103836 1135.561994833835 1192.4160226657982 995.9657879359456 932.2074040502821 776.0129199893718 948.4579717742804 1154.1750677642567 1086.3024942249767 928.3730438448983 739.7038180419258 867.4147954617747 1010.8243206670595 772.2861418716675 961.3182434860219 925.6311394540553 761.3697956281167 785.1633118202044 1104.2697276379931 1235.8763212940366 847.9287575653952 703.3008256403141
641.1242087842393 979.3372819294409 837.6944754847354 865.7163699183475 1033.1429940478456 807.4878289896997 877.3142313330341 781.7288424555863 943.8553570009044 778.6064757798135 835.8401245376485 916.01515603898 916.3643120459687 636.7579051059083 948.4579717742804 828.8938428604397 1086.3024942249767 928.3730438448983 725.9229049225942 852.6932756884648 921.5469985988275 772.2861418716675 905.4986748150104 925.6311394540553 513.9759100943675 678.372118703398 1008.6032140234765 805.8885971568707 770.4451763079733 703.3008256403141
641.1242087842393 849.2508683401479 642.9806826758818 817.8177016872833 737.6408154852493 807.4878289896997 770.0313994107164 623.2723094211478 638.8533987845422 778.6064757798135 835.8401245376485 897.0424763099027 722.4743680397387 538.186051542335 869.5777819410878 828.8938428604397 570.9170472580477 817.1069605466746 718.4157919476602 749.5670026650128 921.5469985988275 772.2861418716675 695.2716347228697 768.7929944865291 513.9759100943675 475.0292030552059 889.5600061187929 592.6703938241662 708.8333937125549 546.9495609234682
641.1242087842393 833.8353685993497 544.7987434923461 817.8177016872833 676.7535015858734 807.4878289896997 755.382211644428 623.2723094211478 563.0715724109668 744.9761520295506 638.3966885018899 866.4674472267434 572.7664070962205 533.6331412371005 705.9371110720363 828.8938428604397 558.3223781979564 700.3625013964811 675.1138299384706 711.6404939657259 894.8406921782189 690.354727852492 499.1271582284612 632.1241247803396 501.87451844101133 475.0292030552059 621.1029704990879 592.6703938241662 522.6239642170608 492.5093566871842
641.1242087842393 666.6458200044831 480.8781586618061 781.8369469253207 561.5655469581034 555.0934547002885 469.89381106257997 608.6750494990147 562.9219806046731 699.4564862131992 590.7915255598541 741.6842642444608 499.05993938479423 449.2918123517461 705.9371110720363 633.4259566044057 530.50320175872 698.5684584671299 630.5445374153096 711.6404939657259 453.3146444973613 690.354727852492 499.1271582284612 632.1241247803396 489.9665543480287 463.9851382360648 608.078090768191 592.6703938241662 522.6239642170608 349.49227397078266
591.129012974428 666.6458200044831 452.70864427524384 690.637880592215 561.5655469581034 555.0934547002885 469.89381106257997 601.4360394007554 562.9219806046731 692.2725504292912 523.8036839297633 649.0003013898745 489.59672580805 449.2918123517461 577.1087844765352 633.4259566044057 455.46907902021667 557.9566214780739 509.2296022889809 624.1455573535127 453.3146444973613 690.354727852492 371.1302686255267 625.5098239533822 489.9665543480287 410.85903528309836 608.078090768191 592.6703938241662 522.6239642170608 349.49227397078266
591.129012974428 657.9854043943205 452.70864427524384 659.5344798352653 561.5655469581034 555.0934547002885 469.89381106257997 601.4360394007554 521.0484919255614 468.77440968564633 523.8036839297633 518.7917757994433 489.59672580805 429.72003353296077 577.1087844765352 627.703781974832 428.4434854126157 473.4999694504063 509.2296022889809 624.1455573535127 453.3146444973613 659.9881852748686 371.1302686255267 397.72634537611384 489.9665543480287 410.85903528309836 608.078090768191 592.6703938241662 425.98376634059287 349.49227397078266
466.7643892265837 657.9854043943205 378.92848045315486 532.7100003537485 475.70604124405236 412.1413357249471 465.97565313292625 433.82190219871063 521.0484919255614 468.77440968564633 520.8644933757305 456.37122032563775 489.59672580805 428.2151909052063 517.2360165141122 455.08506579375444 428.4434854126157 473.4999694504063 509.2296022889809 624.1455573535127 453.3146444973613 525.9277343839558 371.1302686255267 397.72634537611384 421.9166168954371 410.85903528309836 402.3538241890219 533.5159052126733 412.40751404570847 348.4253457561008
329.7701357208607 367.9434050271011 335.21187882961976 347.18482069718766 297.6160727125216 373.67861922034126 333.15573545073903 367.11387270932073 301.8713468614542 342.12324056065745 355.5222314111056 331.0613734104154 319.6084065143432 290.2175982268168 333.18446294822934 329.24170977357926 333.48944341721926 326.7867064457955 332.823719619586 357.35986597918736 332.9285190536684 322.10590075140954 323.2356804603296 341.8648878512704 340.5786678434938 321.47033400250984 316.745388510004 327.956475872139 310.9017576523179 294.3786044352337
255.61505763553305 276.72650779154446 261.4200627394598 260.96403122242737 258.3956052443327 257.66120026925273 250.73080674083758 254.8786767867682 258.6298571827356 250.49258539966831 266.11279067722444 251.5421577021616 264.09363223128685 260.21899108174375 258.1998917318401 259.16233250795403 256.7367967195705 262.5611168416067 262.3953890137918 258.05490045962415 261.7160693939122 257.1958432678002 272.9092159585671 259.7264882629456 273.91807537709474 246.98651398963602 259.03019700908135 259.00742179752206 260.3078607243915 252.61793132574303
246.7403758861542 251.22326580415847 246.22709583813594 249.2381579724106 250.33843284212026 250.7563468497733 244.7746163173956 247.02266292932836 244.61649982745075 242.93549778628585 250.42425165609848 247.14279905685362 250.88715161220807 246.39414473601255 249.13319820811375 246.32889672923284 250.33198618150254 253.21595154823444 248.50945964229413 247.14028086906364 247.83146064647372 245.10031564912242 249.52598643864485 248.4660745382189 252.33822522048695 243.10815934157017 247.60334997196242 248.67537069217997 243.62851108629457 245.11602779707573
241.9324508390987 245.4622413854372 239.05619848876177 241.9622716654212 243.00712996935727 241.4996520136674 240.94530681878814 242.94532278300858 241.5137837118241 241.87398741144216 245.12002804828535 244.43778149256013 243.7901120397014 239.55293535401825 241.64856127624626 241.08644894191184 243.52086279949663 243.89746091220786 242.88271657673295 241.87485593814017 241.94575817345913 238.29911536007694 244.76357880336536 242.9870794645335 240.47628957614825 238.78099292197976 241.73776981326955 242.59463930038328 240.32653932215908 239.7370784401378
238.33898037380777 240.66958433068203 237.95906563690187 238.0761019560232 237.96646117084583 238.58022022965588 240.48857239422932 237.6244174618646 240.5644251809813 240.89747276042863 240.00601687497374 239.53925867350517 240.54434010288514 236.84470999503856 236.4360607050412 238.18994017988734 235.94679237490163 241.5687566137035 238.55398493159964 235.65365502703935 237.73476258927303 237.3257561296673 240.90676718049963 239.20282408346338 238.83760704213 236.28585970832955 238.8620465401841 241.90059404575186 238.4582757172834 237.40911827183982
235.92417324344933 234.31067624452226 235.70017829719836 236.51440804614458 235.77421666843202 236.52864711884285 239.4662996497168 235.75988191134047 239.0375904455259 238.86331402579617 236.12294243604038 235.19686191940445 237.06492852509155 235.7081866237072 234.3098657020155 233.46253505001278 234.41780835275904 239.6580654514123 235.73568877806974 234.5132509811633 233.99351655122973 235.6914481332119 240.57627035757105 237.07730620515622 236.94675529662663 233.58008192362695 235.74912856440187 240.3310783256111 233.8905339952762 234.22132692243667
231.86388830180567 229.2158429863125 233.65820539843344 235.65492041127527 232.89631210474363 235.28976502093474 238.85879774841897 233.97430094618903 238.858819397376 238.85879774841897 233.9763381337475 233.61465369586858 231.85225742799412 235.3217663204632 233.97430094618903 232.0091207885289 231.85156960958648 239.44179589730084 234.73599127031775 233.97430094618903 232.06704930890373 233.97430094618903 234.68246110419568 235.655408370008 235.65492041127527 231.96640449443112 233.7748568450338 238.21831161576938 232.00968844672252 233.8404357771151
1000000.0 1000000.0 1000000.0 1000000.0 1000000.0 1000000.0 1000000.0 1000000.0 1000000.0 1000000.0 1000000.0 1000000.0 1000000.0 1000000.0 1000000.0 1000000.0 1000000.0 1000000.0 1000000.0 1000000.0 1000000.0 1000000.0 1000000.0 1000000.0 1000000.0 1000000.0 1000000.0 1000000.0 1000000.0 1000000.0
