202.76786318697214 195.49930162182181 251.1610840368803 231.82601390433592 190.69728117491968 184.57714775621116 190.12106466097566 171.75364629136766 265.6059716856066 233.49620053817807 231.18957667423365 126.78429920027429 158.47293310471923 202.07565868560732 174.93518371163645 185.29814135822653 197.9124844866633 191.752091810195 139.78406791330917 286.58550248528763 154.6335576739998 229.60846878757002 178.0770746498265 142.09039852154183 181.14600770559946 201.00319344505397 205.56010862989706 237.0757283636085 245.54279150497587 125.29115271436694
202.76786318697214 195.49930162182181 133.12550921382353 193.35980049762384 152.6917970361319 92.16478726032119 66.14680594327865 134.9249755812334 209.21012658125528 233.49620053817807 191.59940434271994 126.78429920027429 158.47293310471923 202.07565868560732 174.93518371163645 185.29814135822653 197.9124844866633 156.76186680622732 139.78406791330917 186.70010830674482 148.2246246989339 223.70315828991988 131.16421893078405 142.09039852154183 181.14600770559946 190.41438429492882 205.56010862989706 169.3198468895166 219.86027504948743 125.29115271436694
109.63365720901766 195.49930162182181 130.9049809781277 129.0501605175964 114.04229058039755 87.74697773125627 66.14680594327865 134.9249755812334 138.01614818494136 189.09064044165734 191.59940434271994 126.78429920027429 154.38498099911203 178.26857682645232 174.93518371163645 185.29814135822653 197.9124844866633 115.63915502815007 89.26864696548364 186.70010830674482 148.2246246989339 146.3310554353725 131.16421893078405 135.6876632749827 152.78599156909922 185.50816165721972 182.15621106462459 169.3198468895166 160.192112314528 125.29115271436694
109.63365720901766 195.49930162182181 130.9049809781277 129.0501605175964 114.04229058039755 87.74697773125627 66.14680594327865 134.9249755812334 138.01614818494136 185.11932558356375 191.59940434271994 126.78429920027429 128.03270880060518 178.26857682645232 166.8158209854646 185.29814135822653 137.7702919899425 115.63915502815007 89.26864696548364 186.70010830674482 148.2246246989339 143.91877096207145 118.39287657911473 135.6876632749827 152.78599156909922 172.2945081663829 182.15621106462459 142.77732798898205 160.192112314528 112.49144009969268
93.19208303661344 147.1227558403989 130.9049809781277 129.0501605175964 114.04229058039755 87.74697773125627 66.14680594327865 134.9249755812334 110.97740410974484 85.92108956483116 191.59940434271994 126.78429920027429 128.03270880060518 139.0500796989354 166.8158209854646 140.49303149026719 137.7702919899425 115.63915502815007 89.26864696548364 186.70010830674482 148.2246246989339 135.74967494100656 118.39287657911473 135.6876632749827 152.78599156909922 163.85258049596268 175.7786965486457 142.77732798898205 160.0638146370934 112.49144009969268
93.19208303661344 147.1227558403989 130.9049809781277 129.0501605175964 112.88035655174326 87.74697773125627 66.14680594327865 134.9249755812334 110.97740410974484 85.92108956483116 185.40551087076847 126.78429920027429 128.03270880060518 66.77844163813052 166.8158209854646 129.94825078512076 137.7702919899425 115.63915502815007 89.26864696548364 94.96454440314892 148.2246246989339 115.98050308000666 118.39287657911473 109.73923615587228 117.45494369863036 161.96380092919026 171.2872411835433 132.75163528502299 155.04792133632236 106.01406054280915
93.19208303661344 147.1227558403989 100.7742028789753 129.0501605175964 112.88035655174326 87.74697773125627 66.14680594327865 134.9249755812334 110.07209510360371 85.92108956483116 150.37400608329517 126.78429920027429 128.03270880060518 66.77844163813052 154.99836108889895 129.94825078512076 137.7702919899425 105.954408456696 89.26864696548364 94.96454440314892 116.51839404017255 115.98050308000666 102.64874510618938 109.73923615587228 117.45494369863036 161.96380092919026 161.51133965965755 132.75163528502299 155.04792133632236 106.01406054280915
93.19208303661344 107.87495692705852 97.39575918197215 129.0501605175964 97.79394072701552 87.74697773125627 66.14680594327865 134.9249755812334 79.74049461366258 85.92108956483116 127.64254199556672 126.78429920027429 128.03270880060518 66.77844163813052 154.99836108889895 114.64546021881051 137.7702919899425 105.954408456696 89.26864696548364 94.96454440314892 116.51839404017255 91.21599801842467 94.47792551336579 109.73923615587228 117.45494369863036 161.96380092919026 149.68244522197847 131.67980933295576 155.04792133632236 106.01406054280915
93.19208303661344 107.87495692705852 91.63413110521287 129.0501605175964 97.79394072701552 87.74697773125627 66.14680594327865 115.67378636029252 71.88708061425177 85.92108956483116 125.69564545931325 126.78429920027429 97.25768334486429 66.77844163813052 121.50677352822095 103.79899835726246 126.10123460097611 100.97140816010005 89.26864696548364 94.96454440314892 116.51839404017255 91.21599801842467 94.47792551336579 109.73923615587228 117.45494369863036 157.26083666320073 149.68244522197847 131.67980933295576 120.77342588917872 64.41507310799534
67.42358405559662 73.3480540450937 82.39398685625792 80.72328678028498 75.10158652111113 78.33739930999127 66.14680594327865 82.72363844181609 61.88494610782345 85.92108956483116 121.55467940501512 101.09456412949248 97.25768334486429 60.55752096028618 109.02929309823094 92.04278509796222 48.20698319347139 58.02736107648707 89.26864696548364 92.36923059770697 106.0383808857191 91.21599801842467 94.47792551336579 99.9708629087454 92.86924026338784 69.58694743670503 80.48143414038441 96.65258143375468 84.5659373702556 57.801346245283185
32.9100539449737 44.52097705231154 42.76763289680525 35.89284705709565 38.8145158677803 34.37096878833199 34.124519566744766 40.29789221737656 40.29340060700474 40.79279163202227 40.793925218803224 36.84547627201232 37.74883474077092 32.587558493975166 36.481412746771184 37.1228578743187 42.361820503082754 42.99595773056831 42.62684205544792 39.20870340542092 40.847143475337134 30.072167436370364 37.66726230353902 42.65706731282194 38.147115781942375 48.803289275631414 40.77608152692619 43.12496038022641 33.90570753974748 27.177265899728354
23.652213258548954 28.488485980277346 25.861930559008442 29.98212091141704 26.86369806925336 23.976278442066132 24.531223147279206 28.71664665397998 24.898013692609766 27.734688183329354 15.730903964481513 24.335718780924935 25.98376539497758 23.698269282253932 25.98704669645076 26.604510833450604 24.820017124440028 30.290352091869863 29.091037773669996 29.845972219223086 23.19405853241028 24.13228323849671 23.650764401071683 26.478306789947737 26.150017672385502 26.66433530594213 26.09820248438473 27.020350840350375 24.080869447430814 23.2167878111527
20.351777677923792 10.77679750487414 21.584885188754242 16.759719885937557 17.434629406013073 20.90436797717689 13.285083642721474 10.634451917067281 14.354364158316685 18.018939636240475 9.646998295466574 14.678760151118013 21.861309255150445 11.559961485647364 21.44859440163873 22.676575018075482 13.047985939602313 22.829370691008535 23.58831666753281 23.616094901483848 21.235484663081024 21.23084637706529 20.73561249536715 21.993863910150367 21.78606078208327 21.604517380730158 7.859280342352122 19.776039229669777 22.62983542212396 20.282895309038622
20.070134003502062 3.012624198070398 20.159607018960287 5.455874792616896 4.8486907403435 9.948230975415981 5.994754730808381 3.2774469569733355 6.502020581108809 10.18349450544656 5.770237672205212 3.649290369195114 19.852441184376403 3.1152528286552297 3.8456827948004957 6.280633029244655 2.851219595906514 5.4843868549883155 2.739967782580379 5.62849755902289 3.9083122955189538 1.4729689074163161 20.05075453646168 6.107052131214914 5.010792258816764 20.234824565799045 4.0222847407324025 6.406079132215837 7.067909011382426 20.045676389558366
20.05833094261743 0.006920509393921748 3.336127475281046 0.016181693141788855 0.001270277193043512 0.01466183671118415 0.3588155748832378 0.007374863334462134 0.5592213522156726 1.2885529074624174 0.27557751269819164 0.045995786077583034 0.027365079732362574 0.1360891173865184 0.379256704350837 0.4667114514654713 0.1868525566712833 0.2506880259506943 0.5654906497836691 0.0033309260227269988 0.006159342966839176 0.0007939480281038414 0.00023674408180340833 0.08860877827396507 0.037631691275237245 20.001804884160038 0.0005624120346965356 0.004814816198859262 1.6946680885778278 20.040437587438873
20.043553689605233 2.35220340982778e-08 1e-08 1e-08 1e-08 1e-08 1e-08 1e-08 9.270856935472693e-07 9.567679239808058e-05 1e-08 1e-08 1e-08 1e-08 1e-08 1e-08 1e-08 1e-08 1e-08 1e-08 1e-08 1e-08 1e-08 1e-08 1e-08 20.00106602428764 1e-08 1e-08 1e-08 20.040436892792968
199998.0 199998.0 175542.0 177126.0 167787.0 171927.0 179081.0 180939.0 199998.0 199998.0 180468.0 174887.0 174159.0 177006.0 193753.0 178949.0 184110.0 178575.0 184671.0 171213.0 169009.0 166028.0 164282.0 184382.0 173684.0 199998.0 165011.0 171815.0 185360.0 199998.0
