376.8563386334208 499.42317468727015 329.19825295262353 542.1673478674575 337.17592712871283 371.869118305357 343.52976584234693 409.28950587987447 323.17757648705447 299.26638387279536 494.3221990182292 378.03240406565556 467.85098938821056 392.2792485570899 444.32464680762905 277.16799192398275 495.9037232565224 433.4729922561246 411.12418545574474 342.9210701192578 304.0741479785688 313.3217433190807 423.8931269993227 463.7852334748045 581.2231593835768 415.77504059027706 459.52539587028286 359.7548065607125 290.25827562694803 387.6879593478425
376.8563386334208 390.61547570336734 329.19825295262353 333.5396717363974 337.17592712871283 371.869118305357 343.52976584234693 335.04304195503573 323.17757648705447 299.26638387279536 494.3221990182292 378.03240406565556 379.0513917520193 346.10790451575576 294.0102782109461 277.16799192398275 301.8284019225034 428.1237762270084 411.12418545574474 342.9210701192578 292.02760857398425 313.3217433190807 364.66465036916816 463.7852334748045 402.7816623839867 309.1204869710273 459.52539587028286 359.7548065607125 290.25827562694803 249.51768536631107
376.8563386334208 277.23570156122514 329.19825295262353 333.5396717363974 337.17592712871283 371.869118305357 343.52976584234693 315.42391607700347 323.17757648705447 287.2985134560049 448.78968547086697 372.98205496868695 379.0513917520193 346.10790451575576 264.7084580071378 277.16799192398275 301.8284019225034 234.70426114502106 303.8623303624204 290.0299237969839 292.02760857398425 313.3217433190807 343.59818665875264 463.7852334748045 402.7816623839867 243.41697659659712 370.88825882176207 359.7548065607125 257.89423439472466 249.51768536631107
376.8563386334208 277.23570156122514 329.19825295262353 312.4575607956549 337.17592712871283 258.7994213839129 343.52976584234693 315.42391607700347 323.17757648705447 234.6597989217198 351.15884613944354 372.98205496868695 269.7455553189552 284.43619659752767 264.7084580071378 277.16799192398275 301.8284019225034 234.70426114502106 207.37770974674004 290.0299237969839 292.02760857398425 313.3217433190807 343.59818665875264 463.7852334748045 341.4068305383794 243.41697659659712 186.86526480609973 359.7548065607125 257.89423439472466 249.51768536631107
376.8563386334208 277.23570156122514 318.21626385995023 312.4575607956549 337.17592712871283 258.7994213839129 309.1867879095471 295.2183184847099 323.17757648705447 234.6597989217198 283.36991812513725 271.874936011885 269.7455553189552 284.43619659752767 264.7084580071378 277.16799192398275 226.51130922661923 234.70426114502106 207.37770974674004 290.0299237969839 292.02760857398425 302.42320780627506 343.59818665875264 399.65485469647047 341.4068305383794 243.41697659659712 186.86526480609973 359.7548065607125 257.89423439472466 249.51768536631107
376.8563386334208 277.23570156122514 318.21626385995023 312.4575607956549 317.87267831932195 258.7994213839129 309.1867879095471 295.2183184847099 323.17757648705447 234.6597989217198 283.36991812513725 271.874936011885 269.7455553189552 284.43619659752767 264.7084580071378 277.16799192398275 226.51130922661923 234.70426114502106 207.37770974674004 244.76936619988237 292.02760857398425 302.42320780627506 343.59818665875264 386.52545885299196 305.56504837897137 243.41697659659712 186.86526480609973 336.5194667887904 257.89423439472466 249.51768536631107
376.8563386334208 254.86454723808902 318.21626385995023 256.282995361194 317.87267831932195 258.7994213839129 309.1867879095471 224.2029757698433 323.17757648705447 234.6597989217198 238.21780242742125 271.874936011885 269.7455553189552 284.43619659752767 264.7084580071378 277.16799192398275 226.51130922661923 234.70426114502106 207.37770974674004 244.76936619988237 292.02760857398425 259.7709418759605 343.59818665875264 328.9300763329743 284.6643707377266 243.41697659659712 186.86526480609973 290.12317154573384 257.89423439472466 249.51768536631107
376.8563386334208 243.4590238841356 318.21626385995023 256.282995361194 262.8427012398115 258.7994213839129 309.1867879095471 224.2029757698433 297.2386918410284 234.6597989217198 238.21780242742125 271.874936011885 257.3418642828219 284.43619659752767 264.7084580071378 277.16799192398275 226.51130922661923 234.70426114502106 207.37770974674004 244.76936619988237 291.14357512563765 259.7709418759605 343.59818665875264 328.9300763329743 235.99584074546692 243.41697659659712 186.86526480609973 290.12317154573384 257.89423439472466 249.51768536631107
376.8563386334208 243.4590238841356 318.21626385995023 256.282995361194 262.8427012398115 258.7994213839129 309.1867879095471 224.2029757698433 297.2386918410284 234.6597989217198 238.21780242742125 152.0915338589839 257.3418642828219 284.43619659752767 264.7084580071378 277.16799192398275 226.51130922661923 234.70426114502106 207.37770974674004 244.76936619988237 291.14357512563765 259.7709418759605 343.59818665875264 303.3512839854111 235.99584074546692 243.41697659659712 186.86526480609973 290.12317154573384 257.89423439472466 249.51768536631107
197.941034312968 223.4467990543294 267.64786353169393 208.2068062456683 188.4249423184233 168.39360604173453 187.05544394212393 172.68515818676178 252.44661771763867 151.9347246614161 199.88638390454025 152.0915338589839 230.04779262558668 223.31798472387482 161.7636351912911 213.77009492087336 197.7858663096904 209.81516104348202 203.8458016631248 237.696939324715 210.7159545127579 197.45785881066968 250.87275725205154 207.99749900663937 204.48036050661403 190.62840955615502 184.64077501479096 228.60862535004435 169.14899456576177 249.51768536631107
120.79960029572703 121.38334144037617 124.01758444876077 113.32042165095754 111.70307143476839 100.63759652253248 106.41605970296223 106.921759056263 126.83606231030626 126.73837044487982 97.12075615615731 106.42023617200448 112.59306826564125 129.55368301088856 107.01727064507259 108.90662817440534 96.83698416775542 90.04611226849784 98.40349040024785 99.20619223284757 112.3672753206447 128.92548024901544 126.02757299896666 117.31183540339771 112.41536347251076 101.54859815134932 123.02647415294723 89.31695791053517 115.67390212891087 103.22409575364736
81.98855653116152 84.61558865059988 86.26322465088288 73.29938645128686 74.90751813006455 80.06138986630003 78.2676310248753 81.27317508774013 69.80417862904324 79.00068826794313 73.45430364290678 79.22787642615094 89.6024397246947 88.09900102704569 84.3270307885009 57.66494565708035 79.12951099860766 71.50114057163546 80.85326770295069 68.41182604529104 83.99149741163956 86.91850352027814 73.75844636281226 81.44063655357786 86.93228970644122 67.86178868673278 87.16253511532295 75.0596080552641 70.45098864047486 71.71901385394949
62.81951994411884 50.607597298199835 73.68420165861698 64.4161552314481 57.2295716939384 49.474863483255376 51.95984973940995 58.936936869827605 51.04477288626913 58.408299446461115 49.18309799082681 52.52630174757678 51.50332060787605 60.833718481546384 63.73116910413819 46.92936760439284 45.35353700956284 52.6822925270144 60.01979980379656 63.359228866662306 66.17500435359034 51.73068832700346 61.49787934531378 58.813741159214715 53.42962133432866 61.86765047081826 66.85766287984552 52.07093451690616 63.54611489474064 54.54593456148905
50.06057283371092 38.0870550309844 44.04328022398818 36.04197142460589 40.874813392169244 42.17285249738211 36.150159951528394 46.497544866845374 43.522780891585626 36.52402825540548 44.74625869167062 46.4428248950544 44.416574959912396 41.846345148626824 42.90502273048946 38.77081365255026 43.621814812354614 45.462673432582505 41.513197717060166 39.48353995262414 48.48472337974681 32.94452353669817 38.708533488741296 46.94709644502018 36.823959570833495 42.23834148229935 45.951679860564354 40.34957069572306 39.9000046058452 44.103554557695134
29.733626482347972 29.331389500062187 31.97389567038499 28.765473370998734 27.577557047198297 26.379251603290868 27.86608547093101 30.392650400384355 31.876024898690957 27.824970071542566 27.77881515582999 33.14903721714222 31.431661725072217 30.457245174028685 27.64499697743645 27.189352344065128 26.34666275628615 31.697863073158942 29.65093611144448 27.980829792772965 28.409142886377367 25.497885976191355 28.875642544505354 31.961420137663936 27.489881178942824 29.90037457888161 34.18155889294462 29.175460312330642 31.150136481132904 30.744226605745553
22.085607860667096 20.838279378701827 21.925912802653556 18.965019026433083 8.913200425341529 7.107022749383077 6.16753027334903 21.68715041098926 19.049914939429073 21.684459554669047 21.606491891496717 20.553831827867043 20.691347576594126 21.263295028994207 20.779205411593693 21.534372124988295 19.457355982677427 11.42041315430265 21.315942244172447 11.3205480482834 22.806262576885047 20.695176404558197 21.75312157812209 10.784776133569267 22.80457354097507 12.473637527496066 20.43547790199591 21.564086894180036 6.260044785223272 20.608059669185877
1000000.0 1000000.0 1000000.0 1000000.0 1000000.0 1000000.0 1000000.0 1000000.0 1000000.0 1000000.0 1000000.0 1000000.0 1000000.0 1000000.0 1000000.0 1000000.0 1000000.0 1000000.0 1000000.0 1000000.0 1000000.0 1000000.0 1000000.0 1000000.0 1000000.0 1000000.0 1000000.0 1000000.0 1000000.0 1000000.0
