2121.0068304344677 1795.5009572664912 1921.7934277437898 1239.3708079799458 1227.079086634606 1663.5013773829141 1047.8595983905884 2068.0824143922873 1369.3619457296568 2697.1067095959897 1515.1894619923805 1691.0890922090093 839.8452122170902 2137.8243930742537 1566.92705109501 2341.579314249335 2126.7552587842038 1776.3285288803136 1444.1646841028796 696.2847316593707 679.8199247255375 1920.5879279493638 1409.1625589545192 2276.9780237028262 868.5355894352265 2132.19290328614 510.34979641788186 1523.988613031007 2424.4071128371215 2034.3840771163177
1087.4202421451246 859.2444739661082 1270.8637420854343 1239.3708079799458 1227.079086634606 1663.5013773829141 601.384175289571 2038.5389395630182 1242.4143961653072 1464.3319989208494 1470.868346478299 1409.6215724243839 839.8452122170902 665.5840558919281 1566.92705109501 2341.579314249335 1218.2792727541464 676.5787369940917 1112.7286523923758 696.2847316593707 679.8199247255375 1364.9091416530628 1395.431529831677 1603.8318722509457 868.5355894352265 583.936614930291 510.34979641788186 782.2110236803001 2268.0928993414054 1312.0473671563495
778.5805386466723 859.2444739661082 802.6836521524897 937.9687501739386 1227.079086634606 1212.7096368844805 601.384175289571 1812.1622243097854 508.6027847665382 1464.3319989208494 803.1081099306375 1409.6215724243839 677.1433221674101 665.5840558919281 870.8907868205083 1091.5632932957542 1218.2792727541464 676.5787369940917 863.7300411234555 533.188335351294 679.8199247255375 552.0751795902247 1395.431529831677 1603.8318722509457 669.5469320661332 583.936614930291 510.34979641788186 678.2448802571116 2231.633552251258 855.611829763277
778.5805386466723 859.2444739661082 521.2222077764518 937.9687501739386 890.0156216356049 972.18515832906 601.384175289571 1150.3208685309728 508.6027847665382 1464.3319989208494 585.7271754172143 1409.6215724243839 677.1433221674101 665.5840558919281 870.8907868205083 1091.5632932957542 519.8003218345784 319.39138882994075 695.6959881342968 441.04488210730096 597.1249659764817 552.0751795902247 1306.3231002892871 1534.1043916676517 300.10578921594924 583.936614930291 510.34979641788186 462.28489339683665 2231.633552251258 649.6779241604581
778.5805386466723 859.2444739661082 521.2222077764518 937.9687501739386 890.0156216356049 972.18515832906 601.384175289571 363.93561415907516 345.41907575800315 1459.6268547417349 585.7271754172143 896.6811172574212 579.2443570683995 665.5840558919281 630.9798034121841 973.5984867056604 488.3352117280524 319.39138882994075 519.9947270054145 441.04488210730096 597.1249659764817 552.0751795902247 1306.3231002892871 1368.7313660827554 300.10578921594924 583.936614930291 491.91682292213 462.28489339683665 1275.4483862604584 649.6779241604581
778.5805386466723 859.2444739661082 487.79590459862266 676.6446594352606 620.0778483974382 972.18515832906 601.384175289571 363.93561415907516 344.6647052485796 1149.8319567296267 585.7271754172143 896.6811172574212 528.1523900099946 461.8460429950551 569.908609060863 497.12345772698654 439.98711210401507 319.39138882994075 401.7345309973689 344.21430781459867 529.1636586751952 503.85596848377145 894.6409187027944 1368.7313660827554 300.10578921594924 583.936614930291 364.39387905199374 379.68108302207975 1275.4483862604584 383.42557904961996
514.0873788665822 771.2239049704199 487.79590459862266 600.9937620822375 620.0778483974382 588.7480592834581 371.95379905815344 363.93561415907516 327.7896554172494 1149.8319567296267 562.0866930717502 896.6811172574212 528.1523900099946 293.28497965585984 569.908609060863 497.12345772698654 254.3994353736598 319.39138882994075 357.7755536291543 344.21430781459867 360.63113772009274 280.9939051851079 602.8966119798738 1368.7313660827554 300.10578921594924 583.936614930291 239.06014579082148 379.68108302207975 1247.9480126132885 383.42557904961996
514.0873788665822 771.2239049704199 376.26885429291633 502.06527253626564 620.0778483974382 396.1415442708685 337.28489454190003 363.93561415907516 327.7896554172494 1149.8319567296267 546.8164272071408 896.6811172574212 528.1523900099946 293.28497965585984 569.908609060863 497.12345772698654 254.3994353736598 319.39138882994075 357.7755536291543 344.21430781459867 360.63113772009274 280.9939051851079 550.7609215794109 1368.7313660827554 300.10578921594924 348.38319494412826 239.06014579082148 379.68108302207975 1247.9480126132885 285.4277269446861
393.7813064635675 771.2239049704199 368.2950526976706 405.36508668785245 519.683607691747 363.9450137880722 244.01144451358778 363.93561415907516 327.7896554172494 1149.8319567296267 487.5275099128171 896.6811172574212 323.9504836189021 293.28497965585984 569.908609060863 425.40593857089243 254.3994353736598 319.39138882994075 357.7755536291543 344.21430781459867 360.63113772009274 278.53930897740383 550.7609215794109 607.8917830789119 278.691807267468 348.38319494412826 239.06014579082148 316.21781664011996 1247.9480126132885 285.4277269446861
238.45918254092567 336.9324332088563 265.9535417893794 369.5129853699559 366.88088062769566 249.46828763153871 241.44645124627914 314.99484085848644 244.35492763520233 397.78597548097196 358.25756137838425 266.63842662691286 242.91695404418397 285.5321983046406 336.8484112167971 266.4665510818618 233.27560041516563 250.78423889182795 258.0335027817314 251.24646080278853 257.47524941655865 224.3279566394781 292.0813987431602 334.15006229870414 278.691807267468 260.62941249080814 239.06014579082148 307.1749855346161 664.6736253769873 240.75811826679274
184.5287610469195 188.13397647245847 164.975669824109 158.2467235407712 180.8424497228034 171.2767145326311 159.36834305780303 166.70980570004804 158.583272044772 195.6956321065927 173.0509397402925 176.15372873798287 171.96819145469544 174.2477670505773 194.14574974564084 164.4035664754797 165.67903293776817 150.89927298458724 168.08279754345313 156.8705476377013 162.06983657380215 169.41114392506643 172.71630949793962 191.53533929659625 172.815717396109 163.17339062978044 167.754845086326 160.14256988026636 218.38647293583563 169.0288195190019
106.85818776367933 149.134096424144 89.04173426112857 148.97489780456044 132.50580845731383 105.38833591140383 114.41600153956642 106.1955637863457 105.5289458766706 154.42504464900549 123.05693708721492 131.73231544085866 131.09892692087624 139.84755242039182 142.63415557096914 103.47641878468858 104.41966313168905 82.53434487866343 89.2463942289387 126.90051399098547 124.83822172720511 146.42059149361148 150.03724039072085 140.70019908685026 124.23009842014017 125.91027755362893 137.69026915979703 85.70094175746726 165.12352071792475 119.98463630690276
43.17903039221892 33.34916959517068 22.24189392392327 37.33303034608434 36.88231368512152 40.19356192204032 34.48766385113777 43.80236244928619 53.43204191872837 65.09609715889837 32.68550903801588 41.983270032264045 57.66507662603317 36.21798290921606 61.85480419027954 43.824549434802975 25.934925091925834 33.20010302144465 27.58661435549402 45.268639575601355 32.31979518352637 45.390730527289634 60.25824391894321 57.09151506643184 33.51302775973272 55.470927466281864 41.2262038672161 32.86409196239765 80.9885030662931 37.58198091383156
6.62946632729745 3.219150720588459 0.6766344840052625 3.445679846780422 1.410015759131511 3.9065430666191787 2.618892823506485 1.1327627771806874 4.441178828265947 6.886034362179089 2.182453202441593 2.212742903461276 6.7431015299903265 2.697511519517775 1.8700721119967056 0.45384184135127725 1.1784604160843628 0.7991872140414671 1.2038551178511625 4.462454756399438 3.0609639372942183 6.673347646807542 4.7471170037251795 3.958071187776568 6.3594007773149315 6.5734487686791 3.3345543285640815 1.24844797845617 9.369473015770836 2.1110725890516733
0.00010231228861812269 3.738945133591187e-05 2.872835466405377e-06 2.554631464590784e-05 1.1266431101830676e-05 5.5937247907422716e-05 7.042142306090682e-05 2.42895193878212e-05 4.105557627553935e-05 0.0001370264594697801 4.366519078757847e-05 2.1877545805182308e-05 0.00016438547982033924 3.606111977205728e-05 3.4611457067512674e-05 4.993855327484198e-06 6.668712103419239e-06 4.689670731750084e-06 5.928171049163211e-06 3.5198898331145756e-05 7.596920977448463e-05 6.204006876942003e-05 2.6970978524332168e-05 4.726300130641903e-05 6.127102369646309e-05 8.102122046693694e-05 2.94672818199615e-05 3.115508206974482e-06 0.00020660987183873658 4.10691432080057e-05
1e-08 1e-08 1e-08 1e-08 1e-08 1e-08 1e-08 1e-08 1e-08 1e-08 1e-08 1e-08 1e-08 1e-08 1e-08 1e-08 1e-08 1e-08 1e-08 1e-08 1e-08 1e-08 1e-08 1e-08 1e-08 1e-08 1e-08 1e-08 1e-08 1e-08
151551.0 147178.0 142332.0 146577.0 143885.0 150619.0 149336.0 147278.0 148904.0 150619.0 148365.0 148316.0 150149.0 149288.0 148218.0 142170.0 144726.0 142170.0 144203.0 146526.0 148463.0 148414.0 145246.0 150055.0 148561.0 150713.0 146169.0 140738.0 149720.0 147128.0
