10596.531700244512 6688.115140346463 10315.203373735172 7268.284714922607 9863.274611640129 10941.733264408575 12009.953857028426 9627.03356140992 9150.452104710917 9020.071314007297 9157.450381536566 10316.68260138231 9482.89297540608 9588.956342528332 10349.512959584594 7172.204869835138 9691.018313423125 8854.216419168677 7734.145436921492 10649.67885671632 10464.428371571183 8362.889510824914 10018.721620934071 10369.722335566952 7992.764988572118 9781.349630863799 6332.414412392172 8944.262970987247 11962.161777108928 12761.719599042883
8404.279561931566 6688.115140346463 10315.203373735172 7268.284714922607 9863.274611640129 10941.733264408575 12009.953857028426 9627.03356140992 9150.452104710917 9020.071314007297 9157.450381536566 9065.770625420368 9482.89297540608 9588.956342528332 10349.512959584594 7172.204869835138 9691.018313423125 8854.216419168677 7734.145436921492 8343.196154083935 8399.195044601753 8362.889510824914 10018.721620934071 8973.75868101195 7580.8025568747325 9781.349630863799 6326.768128057251 8944.262970987247 11962.161777108928 8255.371511280891
7107.318317590963 6688.115140346463 8698.071358880028 7268.284714922607 9863.274611640129 10941.733264408575 9139.480274405303 9627.03356140992 9150.452104710917 9020.071314007297 8130.307683777508 9038.449638686181 9482.89297540608 8007.96886912276 10349.512959584594 7172.204869835138 9691.018313423125 8854.216419168677 6929.622474715894 8343.196154083935 8399.195044601753 6400.022013977086 7959.8413969671565 8973.75868101195 7580.8025568747325 9781.349630863799 5712.6496394242395 8944.262970987247 9330.389171521925 8255.371511280891
7107.318317590963 6688.115140346463 8249.593973997233 7268.284714922607 9863.274611640129 10941.733264408575 9139.480274405303 9627.03356140992 9150.452104710917 8846.020587232331 8130.307683777508 4983.6353053201465 9482.89297540608 8007.96886912276 10349.512959584594 7172.204869835138 9691.018313423125 8034.218243698177 5647.19490660897 7330.508701430472 5736.041450217374 6400.022013977086 7959.8413969671565 8168.669134197869 7580.8025568747325 9781.349630863799 5347.172043991766 8944.262970987247 7193.018264712285 8255.371511280891
7107.318317590963 4405.784559263912 6939.647247114034 5475.524450005458 9742.827344351232 10941.733264408575 9139.480274405303 9627.03356140992 9042.811849318345 8846.020587232331 8130.307683777508 4722.115363851182 9482.89297540608 8007.96886912276 10349.512959584594 7172.204869835138 7109.1650760263165 8034.218243698177 4352.827835849816 7330.508701430472 5736.041450217374 6400.022013977086 7959.8413969671565 4939.148807484648 7580.8025568747325 9781.349630863799 5347.172043991766 8944.262970987247 7193.018264712285 5594.038370834481
5095.492030987945 4405.784559263912 6939.647247114034 4967.453774055176 7408.790246763205 10941.733264408575 9139.480274405303 9627.03356140992 7527.03862395939 8846.020587232331 7619.7164260153495 4722.115363851182 9482.89297540608 8007.96886912276 7467.242323697708 6982.083815260346 7109.1650760263165 8034.218243698177 4352.827835849816 6221.620087250735 5736.041450217374 5886.957807618375 7959.8413969671565 4939.148807484648 7580.8025568747325 9781.349630863799 4770.154399651393 5964.486308289737 7193.018264712285 5594.038370834481
5095.492030987945 3866.276914389291 6939.647247114034 4967.453774055176 7408.790246763205 10941.733264408575 7032.2626450735215 9627.03356140992 7527.03862395939 8846.020587232331 7619.7164260153495 4722.115363851182 7582.291087737056 7075.207018086533 7467.242323697708 6982.083815260346 5050.649541797438 7317.794957999398 4352.827835849816 6221.620087250735 5736.041450217374 5886.957807618375 7959.8413969671565 4939.148807484648 7580.8025568747325 8929.22506427439 4770.154399651393 5964.486308289737 7193.018264712285 4730.1580572828225
5095.492030987945 3866.276914389291 5578.599525043036 4967.453774055176 7408.790246763205 10385.082344833587 7032.2626450735215 6152.103787803062 7527.03862395939 8299.790053236116 7619.7164260153495 4500.709094275356 7582.291087737056 7075.207018086533 6606.126105527088 5019.792620539829 3954.960533806252 7317.794957999398 4352.827835849816 6221.620087250735 5736.041450217374 5886.957807618375 7959.8413969671565 4939.148807484648 7580.8025568747325 8929.22506427439 4770.154399651393 5360.056426227091 7193.018264712285 4382.500358564841
5095.492030987945 3866.276914389291 5578.599525043036 4609.158513979141 7408.790246763205 8373.501685368092 7032.2626450735215 6152.103787803062 7527.03862395939 6897.3528086691795 6860.878840944046 3748.2966938355094 7570.837646823435 6883.442060119387 6606.126105527088 5019.792620539829 3954.960533806252 7317.794957999398 4352.827835849816 5117.36361604708 5736.041450217374 5886.957807618375 7959.8413969671565 4040.4471145797024 7580.8025568747325 7872.853534519618 4770.154399651393 5310.130822105682 7193.018264712285 4382.500358564841
5095.492030987945 1785.5722897586547 4170.4932569080165 4609.158513979141 6141.6228148975815 6064.2246713759305 4153.9937170649455 4276.322328971748 3961.2501825008567 6897.3528086691795 5348.244070883118 2559.43793591616 5511.258184700394 5366.760083523653 6279.31701153061 3159.682487276116 3436.501546296755 6689.161386619669 4352.827835849816 2924.807908552069 5425.643398868849 4397.772046812256 7845.94203556723 3567.8390953592516 4260.2510333545815 3719.773398371235 2681.2670512643404 3703.6752114953833 4972.870464223951 2680.4928634660278
1899.56208315284 1388.3873794031242 2093.0590799619854 1684.022204669347 2870.58867360226 1741.470209447144 1904.228923655755 2205.9013977663817 1683.5880552269027 2958.52004429055 2520.002434621018 1320.6690826881659 2791.7490728763673 1544.718124219883 1554.0606022591774 2497.335947529952 1789.608303648898 1819.6290349896162 1731.7518386130346 1223.3151254719655 1916.053915892916 3301.580617821004 2527.9638771294467 2082.2626200070567 2507.2270124503625 1326.1291312329504 895.3479242544904 1545.7995785103926 2338.4408257838636 1046.2409606221347
1007.9879642636856 1042.0142451574875 1396.2105869316133 959.2066092301097 1313.7136509056081 932.4381444294763 1310.1398604027845 1064.8403549882269 1367.6917613114992 1427.0724532321583 1595.5701326869316 689.1832154471845 1764.076196537264 1090.8231339656759 1196.8685967800811 1385.228190110709 610.7894003934307 1471.6523848944016 1052.5286552925431 617.0499686150633 1354.7469510257142 2025.6070522031891 1405.6347535497885 1253.4786931798976 1057.8335611511259 688.3924337803246 568.4783833447555 1074.0150505393997 1323.2294228866185 750.0673562794466
627.5241867167506 572.8201880851034 722.7319846480173 655.2017147308848 865.9113898932326 241.394054873811 941.0977140526716 675.450549653584 792.9388221959832 865.3628867903424 960.2100402869628 458.3669425874664 623.0645436375785 433.1941407907002 486.0437856817621 901.766516695664 296.16331124188105 769.3256479811835 553.1788369192441 427.3429663835177 505.1813676382785 1050.394797520393 717.8489250908126 611.8052990503636 537.492309433361 450.0082595325971 546.5550730655987 797.8911024180429 787.5078854825085 398.77926434421715
199.33661255150537 163.4231837755592 246.15653991297927 388.26407084723814 230.25919986072472 208.20815363128486 426.6731080371169 279.74949652238865 254.35633356438802 226.06637340429597 224.48510074177034 259.11436607651194 372.8123633275452 141.40676299131087 248.18552117186323 242.11117029885645 229.9524395396968 327.7809139961862 244.29582142358186 222.8633935170435 235.1948161528196 302.32860621077043 295.42408587744035 255.6361723881305 191.0685620254817 238.3225137485424 212.9839722822178 353.1577814153218 227.19577447631286 214.60219547367205
23.993489796097606 3.207155176312881 38.35361053556733 43.29423739883532 31.467462848625928 59.9556014397142 37.638058262854656 33.09339008497216 40.18444762835327 68.73056086501515 76.69040548234477 66.65110845716413 70.53119413278398 17.120397367848682 33.73658455490363 79.58423770476293 38.189611980925406 81.41003439179019 47.2243402949681 44.260104838441066 83.47300006982732 26.783386231386203 52.874272901958875 74.25719340597766 56.802590547942486 58.34519897705832 79.5549102858813 66.36882717885987 22.667145936849693 50.938111214040646
6.286605845916938 0.725262362381045 13.031370958364278 34.69033846580237 13.183912631825592 33.94694202842004 18.928419386331257 19.816061481268548 24.86674866938563 40.52497242994161 43.9773890287662 29.970293094222484 27.761735060240994 9.981165011816756 18.379190156593154 19.788068355811333 24.16446104923466 28.518798109636805 22.049846096071747 15.946824753639703 51.21327927032257 17.122366396191637 47.110224456819424 45.40283113090754 41.04898269242585 28.50235315636712 23.5195434703935 36.73062609463909 17.505679922140985 16.725087136262005
1000000.0 1000000.0 1000000.0 1000000.0 1000000.0 1000000.0 1000000.0 1000000.0 1000000.0 1000000.0 1000000.0 1000000.0 1000000.0 1000000.0 1000000.0 1000000.0 1000000.0 1000000.0 1000000.0 1000000.0 1000000.0 1000000.0 1000000.0 1000000.0 1000000.0 1000000.0 1000000.0 1000000.0 1000000.0 1000000.0
