673410642.5957748 789983353.6498716 701454746.1356462 302949755.91647303 216077521.0136312 284789207.305402 247018772.49820507 483997395.482929 1034333003.6635048 123832512.196332 171324580.74938816 892769095.3719463 505686837.9169743 602022229.6032095 282763709.49954075 540245259.1107955 1564678370.6500263 66624006.88618628 1033117988.7802813 414757218.8249564 109242820.53840241 502088949.89694107 669836933.6488651 122132428.47474737 278461636.0090719 1075129292.347008 434705722.61177725 204643179.08889472 548219536.8099147 1353854033.1089664
665220431.0992337 172467801.6102739 108820482.69648711 155604401.3185332 24981797.56280186 284789207.305402 244142620.1215068 113731504.32730989 310735057.73314357 123832512.196332 124556244.74687882 136196620.430521 265697828.1281312 179448568.44336206 126081811.83766551 540245259.1107955 1070148206.3063589 66624006.88618628 421121637.2219442 414757218.8249564 109242820.53840241 502088949.89694107 669836933.6488651 122132428.47474737 21525794.492828008 445155133.2360258 318239353.8296236 204643179.08889472 293872259.11683255 699290604.3997605
665220431.0992337 126315126.55301014 108820482.69648711 155604401.3185332 24981797.56280186 284789207.305402 197217684.59623647 113731504.32730989 294420103.5069275 100443306.00859283 124556244.74687882 64587365.076664805 171519066.15215728 162821911.6806695 126081811.83766551 47658419.4323512 177333182.21838963 66624006.88618628 71783002.22185557 356553593.3113375 109242820.53840241 296868840.13782763 19789241.15853164 120860274.09715976 21525794.492828008 35717654.81144863 235561609.3793033 204643179.08889472 126798355.45037818 699290604.3997605
91459032.29957902 126315126.55301014 5645617.311146787 108409082.89071578 24981797.56280186 284789207.305402 197217684.59623647 113731504.32730989 286380259.5645377 100443306.00859283 99443301.939879 64587365.076664805 136111103.3534255 162821911.6806695 126081811.83766551 47658419.4323512 177333182.21838963 66624006.88618628 71783002.22185557 31542186.001860183 109242820.53840241 251670789.44419083 19789220.079291284 20924418.422363155 21525794.492828008 35717654.81144863 131367826.58731836 161096684.4499036 126798355.45037818 187349492.8124916
91459032.29957902 126315126.55301014 5645617.311146787 42444429.16626516 24981797.56280186 284789207.305402 186677805.16802156 113731504.32730989 115951433.84380534 100443306.00859283 72909404.96530433 36866035.37745097 136111103.3534255 162821911.6806695 126081811.83766551 47658419.4323512 171186206.32029822 57948732.43888246 71783002.22185557 31542186.001860183 109242820.53840241 187817454.77380946 19789220.079291284 20924418.422363155 21525794.492828008 35717654.81144863 131367826.58731836 161096684.4499036 126798355.45037818 187349492.8124916
91459032.29957902 126315126.55301014 5645617.311146787 42444429.16626516 24981797.56280186 236262830.7019902 153341325.98376837 113731504.32730989 14085538.09709926 43119395.44687458 23809209.828021444 36866035.37745097 136111103.3534255 139815151.12813494 67889391.21774156 47658419.4323512 171186206.32029822 57948732.43888246 71783002.22185557 31542186.001860183 109242820.53840241 122553452.35188162 19789220.079291284 20924418.422363155 21525794.492828008 35717654.81144863 55171458.43735806 161096684.4499036 93786418.52625243 187349492.8124916
91459032.29957902 74575306.1230366 5645617.311146787 6984619.900450647 24981797.56280186 54129853.11898903 153341325.98376837 27125884.942556977 14085538.09709926 43119395.44687458 23809209.828021444 36866035.37745097 136111103.3534255 139815151.12813494 67889391.21774156 33864204.12405795 171186206.32029822 57948732.43888246 71783002.22185557 29596264.857113708 109242820.53840241 76091280.42907658 19789220.079291284 20924418.422363155 21525794.492828008 35717654.81144863 55171458.43735806 124947104.41278823 23861952.89631656 187349492.8124916
30016097.53005722 74575306.1230366 5645617.311146787 6984619.900450647 24981797.56280186 54129853.11898903 141305808.81954387 27125884.942556977 14085538.09709926 43119395.44687458 23809209.828021444 33544461.93660362 136111103.3534255 35113055.57068125 67889391.21774156 7819477.92308425 171186206.32029822 57948732.43888246 71783002.22185557 29596264.857113708 109242820.53840241 76091280.42907658 19789220.079291284 20924402.12069562 21525794.492828008 8412936.87668231 55171458.43735806 124947104.41278823 23861952.89631656 187349492.8124916
30016097.53005722 74575306.1230366 5645617.311146787 6984619.900450647 24981797.56280186 54129853.11898903 141305794.6109713 27125884.942556977 14085538.09709926 37518429.48463575 23809209.828021444 33544461.93660362 19955280.75416173 35113055.57068125 67889391.21774156 7819477.92308425 171186206.32029822 28796834.18326048 71783002.22185557 29596264.857113708 109242820.53840241 72837434.90680963 19789220.079291284 20924402.12069562 21525794.492828008 8412936.87668231 55171458.43735806 124947104.41278823 23861952.89631656 94574930.5415025
30016080.980229434 17974462.202924877 2767050.978520546 4028117.0140921297 14201024.147022182 39526784.72080947 31029655.34511435 17239687.183546938 7896245.22979692 1607605.9362282201 3191653.0077430685 7552716.602396092 10677818.014521163 12977055.879165294 22555497.380759675 7819477.92308425 38352934.05527522 28796834.18326048 46691318.43279198 1738715.352277586 72245294.3438986 13499458.11479387 19789220.079291284 12164166.128025537 20308466.928699978 8412936.87668231 12275218.963693049 33496357.44478759 15393470.51433318 2106672.2598929694
1870466.313608381 2770916.713384278 486150.30306543404 671003.3062090292 261548.78320985968 649772.9511391481 849261.1578777243 356022.0864435997 798167.7947588408 206476.92436063706 1675095.883825577 107493.5139245497 353639.622253177 553951.2571765829 257851.56480274824 1167262.0266112515 295528.12262918404 638085.7936221102 606911.4086135235 347386.9370686541 287030.55193793896 325398.85432059097 1005707.5510140948 1540600.5744474286 279470.4257929223 170856.10171426868 618239.0433008807 2378473.5593093466 1224080.1604527328 544484.4724972429
324715.0837504928 360960.4118079745 70135.21338134899 32865.07195538719 109962.62733446255 82931.60791472236 70587.4742293012 17627.607829369885 77688.66711507768 92584.40370263836 33254.17922580162 13556.79922308382 282174.3095182712 29106.187547707385 123096.64214005251 131706.05677826123 146558.98521962189 52889.85668476009 84290.91663289018 133350.2894369514 88174.01169152188 9819.870985010093 200267.63213150445 31182.10525032568 119546.87414561756 54350.51844033139 181999.3763172283 31934.365714169006 239004.6655659431 82043.47896306943
24899.712571172273 28376.25103511074 6457.088143409219 7538.461036240951 17193.958162999224 9757.583499246228 15563.69754527368 12872.729759192174 18080.90004865817 17736.741211897835 13779.882912008909 13554.042927570381 20272.517605811227 27882.657112747725 19932.331584961117 5453.34556592365 9853.207827211016 49383.128365132456 13449.32080693435 14608.579853559979 24758.143955879208 9802.00052212883 9669.7091230368 7256.096629473272 13075.680868504554 14228.589811405962 14565.090856860257 28208.98446189859 17658.12719413886 62530.621786044416
534.0148965881453 3313.4558768909046 2630.7901244350414 1312.7117609291718 2896.288897106273 2669.4319987495155 1828.2577244908834 3913.7727628242355 5013.453729593661 4822.213773545788 5979.265244035196 4482.709172828387 9276.095706439424 9397.267884120072 5794.228091287073 5447.520087467974 4190.563648022289 16248.92217895568 5589.58551395012 7562.7920155799 1658.370975655595 7211.421239217296 1732.3208579227658 3527.6248977094347 5895.383867862423 6137.197279790608 11877.304632311487 2286.3287257525594 5838.686780112897 11969.443529713903
250.14016932250797 1345.1892176115252 736.0300172916409 655.4756361901664 1560.1117148554886 100.92078273964648 248.4283082888246 746.390357558289 862.3692675485668 1352.2863529483902 757.6739245077142 24.87415284584472 2313.737262958013 935.6266082279881 1265.7404928124397 1239.3388651285522 380.3184789797274 918.607647363955 883.7502698661897 335.37157954179656 1337.4066377147446 1095.5193837493307 1312.8458021305846 363.10269164914644 517.0020452996337 821.5087536702204 858.8521590016271 969.488742057657 930.1450637236135 1157.7560506581194
5.400351124889994 0.6554881516797195 0.5822985309239357 10.556837458440668 0.705603302058762 0.9446183570159974 2.6703997971289937 0.43005136487386153 1.3926677085601114 0.38698233037166574 0.978620569437453 0.46572977247228664 0.4292879387905941 4.547848923098627 4.765491374505245 1.5809615242931159 2.136595128191857 1.4072750694249407 1.230185734402994 0.1308737081496929 2.77197517197078 0.48470426549397416 2.1010750067798654 6.686768726375476 2.6152750774674587 0.5125418985612669 1.7597970226040616 1.801426347519964 1.3012333196415966 8.856553688036229
199998.0 199998.0 199998.0 199998.0 199998.0 199998.0 199998.0 199998.0 199998.0 199998.0 199998.0 199998.0 199998.0 199998.0 199998.0 199998.0 199998.0 199998.0 199998.0 199998.0 199998.0 199998.0 199998.0 199998.0 199998.0 199998.0 199998.0 199998.0 199998.0 199998.0
