3066114664.89631 2423664941.9375386 4416133409.079015 3546384965.8734536 4622446710.043629 2173717687.2046585 1798530974.806551 4280557090.2591944 6287277708.308503 4357566295.611759 4324355711.428541 7946896949.212514 5334510655.408858 3548086414.1258626 3246861405.3916802 3837247738.5851603 3690394442.7389026 2950727747.592785 2505727979.512192 6429921515.042712 3849674352.8444476 8599958816.276451 4711150725.757552 3635663092.6659045 3831364169.8651986 4062864395.935313 4237924854.7765784 4346323427.719387 5212358921.018759 1647661039.0518336
2126041505.1909356 2423664941.9375386 4416133409.079015 1359562460.4217684 3505475677.492242 2173717687.2046585 1798530974.806551 3834199934.0014415 1894713525.0799847 4357566295.611759 4324355711.428541 2416788672.3786798 2440663204.2279143 3405799034.4302254 2281465928.744164 3837247738.5851603 3416048264.9123425 2950727747.592785 2505727979.512192 6429921515.042712 3849674352.8444476 3667707746.7388206 2882548353.838475 3635663092.6659045 3831364169.8651986 2853997949.3499665 4237924854.7765784 4346323427.719387 5212358921.018759 1647661039.0518336
2126041505.1909356 2423664941.9375386 2667249234.0092516 1142525052.5445573 3505475677.492242 2173717687.2046585 1798530974.806551 2533652363.2916374 1894713525.0799847 4357566295.611759 4324355711.428541 1340928182.5972338 2440663204.2279143 1643472861.294254 2281465928.744164 3837247738.5851603 2891196882.81984 1926847545.9545064 2505727979.512192 4098872403.7793202 3830890490.831663 3667707746.7388206 2549632884.146028 1101077339.8905976 3448408693.3494754 2853997949.3499665 4179270224.2667446 4333123707.470657 5212358921.018759 1647661039.0518336
1260447966.4516258 959345423.4719985 2667249234.0092516 1142525052.5445573 2647285953.252976 2031705263.7763882 1798530974.806551 1599831060.6769931 1894713525.0799847 3412053892.5103693 4324355711.428541 1340928182.5972338 2440663204.2279143 1643472861.294254 2281465928.744164 3837247738.5851603 2891196882.81984 1445156274.174453 2505727979.512192 3112420963.087287 3830890490.831663 3667707746.7388206 2549632884.146028 1101077339.8905976 2924205763.1841993 2451799217.263287 1754275068.813174 4333123707.470657 5047589833.228693 1647661039.0518336
1195335087.5348358 959345423.4719985 2251882190.625425 1142525052.5445573 2308344682.269422 1658878328.88074 1798530974.806551 1227593799.2266014 1894713525.0799847 2481585626.736337 2471492044.311453 1340928182.5972338 2440663204.2279143 1006416010.8999549 2281465928.744164 3837247738.5851603 2828121705.131472 1445156274.174453 2505727979.512192 447614888.9227608 1747900659.441079 1831685587.522808 2549632884.146028 1101077339.8905976 1615740614.2130077 1600545328.2394493 1754275068.813174 4333123707.470657 5047589833.228693 1647661039.0518336
1195335087.5348358 959345423.4719985 2251882190.625425 1142525052.5445573 2308344682.269422 1089482067.0802593 526535277.1329492 1227593799.2266014 1324312375.3144903 2396349921.0045238 1759108077.2468796 1340928182.5972338 2064347325.7861075 1006416010.8999549 401084725.7516332 3728112245.578583 2681189950.391742 1445156274.174453 1694811604.5267804 447614888.9227608 1747900659.441079 1831685587.522808 1578449870.6272922 1101077339.8905976 1615740614.2130077 1478461582.5969014 1754275068.813174 4333123707.470657 1680639239.074816 1647661039.0518336
887003801.5026851 959345423.4719985 1191226616.8167374 1142525052.5445573 2308344682.269422 1089482067.0802593 526535277.1329492 1227593799.2266014 1324312375.3144903 2343819909.520021 1759108077.2468796 1340928182.5972338 1312808862.7997644 1006416010.8999549 401084725.7516332 3728112245.578583 2681189950.391742 1445156274.174453 1694811604.5267804 447614888.9227608 1747900659.441079 1496153519.8124824 1478321842.465682 1101077339.8905976 1581482770.2255118 461234246.86803037 1754275068.813174 3198800161.844022 1304009148.9654613 1647661039.0518336
887003801.5026851 959345423.4719985 1191226616.8167374 1142525052.5445573 2308344682.269422 1089482067.0802593 526535277.1329492 1227593799.2266014 1324312375.3144903 2174774222.2922997 1759108077.2468796 1340928182.5972338 720723189.6328425 1006416010.8999549 401084725.7516332 2596012459.9122834 1588943202.7696657 1112193924.7398999 1694811604.5267804 447614888.9227608 1747900659.441079 1496153519.8124824 1478321842.465682 1050331758.3185356 1526509203.4072444 461234246.86803037 1754275068.813174 2651980769.267303 1304009148.9654613 1647661039.0518336
887003801.5026851 959345418.476531 1101862360.624261 1142525052.5445573 2131196464.8504183 1002242470.4951787 405286206.19961596 737263450.0747145 602659529.6470109 2174774222.2922997 990702208.4532151 1136221339.819587 630060537.5307444 1006416010.8999549 401084725.7516332 2596012459.9122834 1588943202.7696657 1112193924.7398999 1694811604.5267804 447614888.9227608 1747900659.441079 838777801.056544 1478321842.465682 1050331758.3185356 1526509203.4072444 461234246.86803037 1754275068.813174 2411977129.922919 1304009148.9654613 1647661039.0518336
428573432.9394013 353147479.1453264 282806321.6415055 341483557.7106292 448693825.0264956 464199975.5524584 348169032.68778306 565402393.9168139 520771051.142407 1031554279.0189734 288813737.6803404 367409036.7357625 167930584.94087207 581166188.8347188 401084725.7516332 493699893.6190124 387283284.78270483 840489227.645684 434569853.43598074 71675748.78092882 312107992.71443915 178985513.73436177 179502111.78446645 512512784.4086956 545772976.1611352 315482694.92852914 333218506.44492155 304798261.4000171 524246952.32721394 578040950.0954013
47893930.45024539 42554936.12888721 40643943.02880628 77654788.37405466 47389202.36486592 51841925.67178669 84925683.17267567 78462750.14656319 70980219.26802549 119052691.56405886 29159228.57559213 44075553.26489927 22733142.01176803 58365450.201638974 21715064.16583683 53484788.66817511 50495887.16198014 58732064.506585084 42229994.49111232 32752543.77832281 94315385.20149155 47659736.26229895 29228226.6921527 38408835.860839136 67028780.84335504 37019906.73431106 32081864.378024004 14878084.348537507 71925424.94311924 58118936.18517199
18128055.217443883 13155373.744926121 22106999.013565358 16392451.87745285 18444466.26749422 8647109.279930105 7985075.884832488 8988170.680948492 12770381.922548346 7170951.499682417 2533775.089064048 12454276.571024802 2206270.4430493284 15765354.750978658 4281127.057179898 5900323.006244098 6709010.371370718 14736966.756358631 9023110.614287259 1262617.2760819693 18581842.574343655 6872065.679078452 12782870.21202131 13505554.016643912 11668174.303767776 15932328.57051817 4445173.403614318 12887328.141876979 10000574.983839244 8570259.088801194
4212538.720683453 1559106.2342778544 4145286.3647225033 2357396.3765483135 3876713.7412587344 1481951.5208410444 2209306.869118323 5085239.436874398 1166740.499206443 3021349.27535783 188022.58822133523 3424101.6603849987 546615.6401679683 3074521.2009251523 891885.8692072688 1738181.741117945 2038983.6362604103 5074751.670978693 1434030.0430866438 125633.33026942774 6307843.40072331 1975850.0274788598 1867576.8443023742 7014138.373345929 3912928.286458239 4386198.389108488 626968.5196277442 3639880.9421768365 870237.5704252931 1797671.4440274367
277524.9369078452 205136.9394833975 703348.87214497 275701.92719824985 575221.1990102245 145296.92941052534 1519728.1899449378 1556968.8789061955 130394.45005205498 173122.7231093259 35755.39946984433 892531.0063920061 53278.74524322478 1089504.4323398 103063.97437555238 291686.27779078344 120678.57712038234 1258272.0438991657 81234.62343574333 25993.41561607125 1621603.0177121959 114087.10184025679 1162737.0746666759 1753918.3357255463 579782.1192043662 1442868.6637726808 55483.581025660664 562629.7303563327 43771.409951799185 253249.480432017
99473.52800458971 25809.971955032022 44557.23756966003 22227.45784987653 207145.26784005747 27306.206905883766 218872.02226131136 36679.50476664485 119172.5623954115 26691.35056198767 23376.686890358284 94324.37623345318 27039.19174783262 194604.11582184443 23549.60559719013 26868.359664367064 23527.071335576387 77989.15284470326 23840.32945416787 23530.049321542978 347278.0968146029 25603.518964334697 69998.59947816654 204472.72117428057 342495.61575220805 158080.19426328104 23563.554218253015 26416.864677835198 24536.141020753723 23608.603263993526
4668.551609391174 22325.41519028945 23062.70628238305 17795.49767640648 1763.9062022817325 23175.075259375444 1522.9644125073514 807.3761290325051 869.9755741109948 16126.567083918431 22531.807955559707 998.9135909471861 19757.419862705254 824.7729832254608 22531.359565903924 23157.462963173755 23159.411956640888 7062.347032196194 22700.406228783242 22888.570789190086 416.49895874603 23083.760193322913 623.046586241076 1562.7364136972647 851.5547475459111 388.7348067443172 23136.99408943474 23124.772907682112 22452.37954541997 23111.70707641422
1000000.0 1000000.0 1000000.0 1000000.0 1000000.0 1000000.0 1000000.0 1000000.0 1000000.0 1000000.0 1000000.0 1000000.0 1000000.0 1000000.0 1000000.0 1000000.0 1000000.0 1000000.0 1000000.0 1000000.0 1000000.0 1000000.0 1000000.0 1000000.0 1000000.0 1000000.0 1000000.0 1000000.0 1000000.0 1000000.0
