80.1232262363867 105.95096226297096 74.91132721412771 74.43138971484234 85.3801037506787 74.7893141547255 103.9468704337595 79.68299706545838 88.204848226472 88.72849200428118 66.87312022787808 91.37572030575143 72.4677666960622 71.5790774859887 52.67871646262495 93.58746505472664 94.63732354864771 81.17177436465283 70.80039182253768 90.46703442452826 84.17658291576004 87.5075999397734 100.04759532327625 85.71984513273753 92.42992430341269 81.99195497071923 82.61762811541655 79.9220636553639 66.30263749882693 76.08190125865076
70.62092447339285 101.54483649990323 74.91132721412771 74.43138971484234 84.28291206233666 61.60122619426306 83.70257132214601 79.68299706545838 83.06271584622664 69.65596854771252 66.87312022787808 76.69312913422391 53.48124583686695 34.35897827984161 52.67871646262495 93.58746505472664 76.6944498585957 81.17177436465283 70.80039182253768 82.84828960294794 84.17658291576004 69.01012625860403 84.65144442766609 85.71984513273753 79.43710024151346 72.78119488013908 79.51961683554418 76.56653964457075 58.92504515226392 76.08190125865076
70.62092447339285 101.54483649990323 63.010298854846496 74.43138971484234 81.96579243317115 61.60122619426306 66.51846136555923 60.33016319507692 83.06271584622664 69.65596854771252 66.87312022787808 76.69312913422391 53.48124583686695 34.35897827984161 35.69680742705498 64.68142792970855 60.360610075844875 81.17177436465283 70.80039182253768 82.84828960294794 73.51549116596198 69.01012625860403 82.3055446227205 63.169379474753214 69.15420437445061 47.12276152124241 73.30356272893209 76.56653964457075 58.92504515226392 72.98638701860386
56.75378324314454 92.2708954090565 55.09239438276404 74.43138971484234 77.81436445474708 61.60122619426306 66.51846136555923 59.016530874828504 74.6342019200265 69.65596854771252 53.010100374574904 61.470524084845465 53.48124583686695 34.35897827984161 35.69680742705498 64.68142792970855 52.93782559619865 81.17177436465283 69.55601433600191 79.92236982672546 65.38812479448109 69.01012625860403 77.37977493271364 57.449188612389776 55.52089488212471 47.12276152124241 73.30356272893209 76.56653964457075 58.92504515226392 72.98638701860386
48.620406790831794 75.40814861583408 55.09239438276404 74.43138971484234 77.81436445474708 60.74680563411721 53.38501478233809 49.0665795847292 74.6342019200265 69.65596854771252 53.010100374574904 59.09138415438133 53.48124583686695 34.35897827984161 35.69680742705498 64.68142792970855 52.93782559619865 75.36609417853595 61.85126480645738 67.97233086780852 53.340696197873285 69.01012625860403 77.37977493271364 51.17333682576884 55.52089488212471 47.12276152124241 73.30356272893209 76.56653964457075 58.1126542699044 72.98638701860386
48.620406790831794 64.26249129649887 52.8075819151893 70.36229497614545 57.51349348747351 54.59428142167201 53.38501478233809 49.0665795847292 74.6342019200265 43.47352935784727 51.65083130663538 59.09138415438133 53.48124583686695 34.35897827984161 35.69680742705498 58.72070340955679 52.93782559619865 51.74524710744436 52.71522281751459 41.90601126155343 53.340696197873285 62.111944143452206 77.37977493271364 51.17333682576884 55.52089488212471 44.172441506381006 73.30356272893209 53.789629919768345 53.519856100034644 72.98638701860386
48.620406790831794 64.26249129649887 52.8075819151893 48.84373494314707 57.51349348747351 54.59428142167201 34.697409866849284 49.0665795847292 74.6342019200265 43.47352935784727 51.65083130663538 59.09138415438133 46.712160760813504 34.35897827984161 35.69680742705498 58.71891402150118 52.93782559619865 51.74524710744436 32.855627559012646 41.90601126155343 53.340696197873285 40.06384361867208 67.57785530440083 51.17333682576884 55.52089488212471 41.69997273609374 73.30356272893209 52.055766279200725 53.519856100034644 66.6432515503675
48.620406790831794 64.26249129649887 43.63864218807953 48.64019693186128 57.51349348747351 39.390914810138156 34.697409866849284 41.3741472790947 49.81373792282068 43.47352935784727 51.65083130663538 46.733019997981955 46.712160760813504 34.35897827984161 35.69680742705498 49.19070700182317 45.922123365447646 51.74524710744436 32.855627559012646 41.90601126155343 53.340696197873285 40.06384361867208 67.57785530440083 51.17333682576884 55.52089488212471 41.69997273609374 73.30356272893209 52.055766279200725 53.519856100034644 66.6432515503675
48.620406790831794 64.26249129649887 43.63864218807953 48.64019693186128 49.48969712168616 33.68106659767136 34.697409866849284 41.3741472790947 49.81373792282068 43.47352935784727 51.65083130663538 46.733019997981955 42.4399005907801 34.35897827984161 35.69680742705498 49.19070700182317 45.922123365447646 51.74524710744436 29.67168286802155 41.90601126155343 53.340696197873285 40.06384361867208 67.57785530440083 38.59491426408033 46.120873835531484 41.69997273609374 58.84136960005583 52.055766279200725 46.17048235350137 66.6432515503675
38.621097717485895 43.530898353707585 36.17886896695086 47.90557870009877 41.71884285539397 33.68106659767136 28.580338692868736 34.9774504392758 39.99775646278408 43.24420169919563 47.42168129279628 46.733019997981955 36.49093715819458 34.35897827984161 35.69680742705498 40.03061387321782 45.922123365447646 45.45843624914653 23.941730896891272 40.168412959612624 49.93132700662147 26.851417124126897 49.14928736048398 30.634813897580102 34.63118448715795 24.556177978642154 39.24662084454974 52.055766279200725 41.12029887725703 33.68753134251858
15.275545942034796 17.73071783807211 13.835748586241493 11.9844769033474 17.26423885765837 13.194846151474735 14.475642622815826 9.516546677170595 16.478032825036394 8.139445053809368 15.102091081383946 19.455223803908552 11.34940513792958 10.61053122741805 14.582347086018672 16.298794617953035 12.173070570530513 14.824182097444464 12.427398552307523 12.223963426037699 18.212806121745075 8.129911222970804 15.651893234845716 13.605515756736168 12.897746025488573 5.488661245975322 13.550277084791787 18.62841506835821 11.159630522368047 18.716992214276047
2.8671994705308634 2.802935864325491 5.331126290641805 4.761573536995343 4.063208819283886 5.203689539051311 4.938282177170663 3.911699943827216 4.072518774478226 4.367876096728537 6.563298621805757 6.213280875079704 4.724328154252248 3.9407918390899113 5.98078073742181 4.623960896575909 4.070364837993679 4.947142197598168 3.430565367424265 7.1852964332623515 4.921730547931361 2.5287250207016996 3.7992674977189154 3.993812422512292 3.2024772191789452 2.2192160981846882 3.427706348815036 5.459765891556117 2.6010194865019685 3.956258525740509
0.7799561023093702 1.2092612173862562 0.8262182106085447 0.7726892038114102 0.7341119840816646 0.922126321838391 0.9055989909394384 1.0748193131756807 0.5472797501959121 0.8243607616253712 1.166777974524166 0.6740367363298674 1.0279030966073606 0.8960970827777146 0.9843631793135046 0.693344078186783 0.49650261464125833 1.0205681022874842 0.8429097420244034 0.9363086758316967 0.7645069552484074 0.39975677235554485 0.961852118993761 0.7364285329889526 0.4702603585626548 0.379933901512004 0.640535266663278 0.9625665726475745 0.4558522802317384 0.6298468065380121
0.03881554210329341 0.039597888518869695 0.02472187465218667 0.040810504440173645 0.04561793735433639 0.02539372454907607 0.06419919745485458 0.028880606481607174 0.03873331585134565 0.03626335790181656 0.027788874463681168 0.034749798834013745 0.03675670027371325 0.04401188041401838 0.030922345752173896 0.0442878470848882 0.015682466498560643 0.05215975367241299 0.04375627777460522 0.03603371366546071 0.022243538571387944 0.016413916962164876 0.02490915920077441 0.04591280357135474 0.017317471506657967 0.011448562009604757 0.03166509728373512 0.034582748570528565 0.017446938805392165 0.03136919638825475
2.0474506641221524e-05 3.0149989697747515e-05 2.3876925865806697e-05 2.8371926305226225e-05 2.079318107917061e-05 2.8617702810151968e-05 3.0167894237820292e-05 2.3383514417218976e-05 2.9610520186906797e-05 2.239878779164428e-05 2.5381782393196772e-05 1.670905646733445e-05 3.625273927809758e-05 2.5010083049892273e-05 2.3826342271604517e-05 2.265824412006623e-05 9.623362871025165e-06 9.445122600482136e-06 2.4974654479592573e-05 2.329136611933791e-05 1.2689313393821067e-05 1.3626391137222527e-05 2.858252355508739e-05 1.6247781786660198e-05 1.5607551858920488e-05 1.1268369007666479e-05 1.8358451484346006e-05 1.932256930103904e-05 3.245616539970797e-06 2.384790104770218e-05
1e-08 1e-08 1e-08 1e-08 1e-08 1e-08 1e-08 1e-08 1e-08 1e-08 1e-08 1e-08 1e-08 1e-08 1e-08 1e-08 1e-08 1e-08 1e-08 1e-08 1e-08 1e-08 1e-08 1e-08 1e-08 1e-08 1e-08 1e-08 1e-08 1e-08
149768.0 150948.0 148218.0 149672.0 147378.0 148267.0 149336.0 147973.0 149912.0 148071.0 150102.0 149144.0 149960.0 147128.0 149336.0 146878.0 144986.0 146828.0 149528.0 150243.0 146118.0 145142.0 151275.0 148218.0 145659.0 146526.0 148757.0 149960.0 143034.0 147278.0
