320111.4133029092 124535.52720684424 99821.06422192791 87569.3839945768 104870.81641178127 529015.1197703523 78742.62441484965 105990.71580091592 74610.13234186475 3342427.499770661 75638.1364735999 92452.08570192065 65571.70459881476 76332.62040852173 53533.35618833855 348631.1964517013 129977.89044439477 195387.0958407435 174287.05931476955 65848.50975617966 68265.65599256051 81842.31745943175 169474.59337769143 243335.56199263126 258066.27109607207 64396.1309836733 303159.7949526262 134334.98497961438 166697.81684904598 73053.47647264032
84378.1758117635 83434.7306590975 74352.06182450033 55162.86705859436 104870.81641178127 118474.27390245062 78742.62441484965 105990.71580091592 74610.13234186475 65962.25493022309 75638.1364735999 92452.08570192065 65571.70459881476 76332.62040852173 53533.35618833855 62697.37452508194 76954.13924676659 138278.55814581795 121959.20586024033 65848.50975617966 68265.65599256051 81842.31745943175 75549.64063899247 208714.4971088866 258066.27109607207 49478.183801371924 151982.74568461324 131789.16912696892 102905.81218836756 73053.47647264032
84378.1758117635 52229.6212954962 56323.484200515864 55162.86705859436 104870.81641178127 92072.91394824172 78742.62441484965 105990.71580091592 60870.07063967933 65962.25493022309 55210.81489965644 92452.08570192065 65571.70459881476 76332.62040852173 53533.35618833855 62697.37452508194 76954.13924676659 138278.55814581795 118976.93114817831 39020.94160764979 44320.70468548397 81842.31745943175 75549.64063899247 77858.17802221159 96441.61393522417 33021.74204201566 110566.4106425952 89977.02910706824 102905.81218836756 62466.76381294196
84378.1758117635 52229.6212954962 56323.484200515864 45995.13304453813 104870.81641178127 66312.55020652684 78742.62441484965 105158.47970740302 60870.07063967933 65962.25493022309 55210.81489965644 49144.98587185903 65571.70459881476 76332.62040852173 49949.77535507137 62697.37452508194 76954.13924676659 83172.34369340246 110215.36175672166 39020.94160764979 43253.892572680415 81842.31745943175 75549.64063899247 59090.15962084263 96441.61393522417 33021.74204201566 76735.52689395915 83307.85681456729 102905.81218836756 62466.76381294196
84378.1758117635 52229.6212954962 56323.484200515864 45995.13304453813 104870.81641178127 66312.55020652684 78742.62441484965 105158.47970740302 60870.07063967933 65962.25493022309 41348.25605854336 49144.98587185903 65571.70459881476 76332.62040852173 49949.77535507137 62697.37452508194 76954.13924676659 83172.34369340246 42475.14663504456 39020.94160764979 43253.892572680415 81842.31745943175 75549.64063899247 48458.01041342763 96441.61393522417 33021.74204201566 76735.52689395915 64983.551742370575 102905.81218836756 62466.76381294196
84378.1758117635 52229.6212954962 56323.484200515864 45995.13304453813 104870.81641178127 66312.55020652684 61343.064308161025 105158.47970740302 60870.07063967933 65962.25493022309 41348.25605854336 49144.98587185903 61734.70607620901 76332.62040852173 49949.77535507137 62697.37452508194 59452.36604154166 83172.34369340246 42475.14663504456 39020.94160764979 43253.892572680415 81842.31745943175 75549.64063899247 48458.01041342763 70526.92488339136 33021.74204201566 76735.52689395915 64983.551742370575 102905.81218836756 62466.76381294196
84378.1758117635 52229.6212954962 56323.484200515864 45995.13304453813 104870.81641178127 66312.55020652684 61343.064308161025 81304.33353869505 60870.07063967933 65962.25493022309 41348.25605854336 49144.98587185903 61734.70607620901 76332.62040852173 49949.77535507137 62697.37452508194 59452.36604154166 83172.34369340246 42475.14663504456 39020.94160764979 43253.892572680415 61112.49408413578 75549.64063899247 48458.01041342763 55937.6253145939 33021.74204201566 76735.52689395915 64983.551742370575 102905.81218836756 62466.76381294196
84378.1758117635 52229.6212954962 56323.484200515864 44434.44195998846 100390.35030712475 66312.55020652684 59682.58717589663 58995.05900546373 60870.07063967933 65962.25493022309 41348.25605854336 48619.813734387615 61734.70607620901 76332.62040852173 45839.27288436263 62697.37452508194 59452.36604154166 80818.79702574959 42475.14663504456 39020.94160764979 43253.892572680415 61112.49408413578 75549.64063899247 39647.79326043253 23736.923443142816 33021.74204201566 76735.52689395915 64983.551742370575 102905.81218836756 62466.76381294196
84085.73156153856 52229.6212954962 56323.484200515864 44434.44195998846 92785.84937934189 66312.55020652684 59682.58717589663 58995.05900546373 60870.07063967933 65962.25493022309 41348.25605854336 48619.813734387615 61734.70607620901 76332.62040852173 45839.27288436263 62697.37452508194 59452.36604154166 80818.79702574959 42475.14663504456 39020.94160764979 43253.892572680415 61112.49408413578 67522.41210805063 39647.79326043253 23736.923443142816 33021.74204201566 76735.52689395915 43318.6406519514 102905.81218836756 62466.76381294196
73484.35567167787 52229.6212954962 56323.484200515864 44434.44195998846 51907.60845295095 57066.91612596551 59682.58717589663 58995.05900546373 48576.484926560865 65962.25493022309 41348.25605854336 48619.813734387615 61734.70607620901 71686.59989222772 45839.27288436263 62697.37452508194 53482.10641343023 57990.2196872678 41547.47000937154 30857.550857006063 43253.892572680415 61029.07153732408 51787.14534043466 39647.79326043253 23736.923443142816 33021.74204201566 52362.831616840005 43318.6406519514 41977.365185751485 42276.08000294099
57599.31419379455 36304.01507047516 43341.419377600905 35844.901116285284 46092.80348171465 49458.55245739135 53190.05601093799 55120.81567552797 35984.28552477767 55333.33648702182 36133.28616952301 44598.87387438866 53122.77164909494 49447.22357612186 31085.751797954363 47337.706212081306 40253.83374067955 57829.46766846243 33603.79283270314 30857.550857006063 38092.513069524786 56722.57211383477 39377.828674826116 39647.79326043253 23736.923443142816 24463.688534704354 52295.14860224775 43318.6406519514 38963.23231690863 41661.016760058155
42060.92651243342 36304.01507047516 39850.84550101349 25701.37826188105 46092.80348171465 36238.98273166144 44527.290482618075 49740.47445309659 35984.28552477767 51655.12645378735 36133.28616952301 44598.87387438866 50569.97313286372 43839.916656944784 31085.751797954363 44475.26383781313 35076.68223181786 44909.75683049617 32166.01325017665 26361.620066050535 32241.45096977198 42625.485343058106 26459.42080899568 35295.72883115895 23736.923443142816 23689.509181743364 49268.77837135931 30004.85888476507 34677.332142919295 41358.4531460121
39993.85267328935 36239.00672730829 36404.43446759405 21271.263524583905 33749.22904905653 28910.53587189555 34444.88880788702 45771.39736280079 35326.15568047245 40286.695913828065 35709.586550882035 35006.08627527148 37891.90016031997 27877.988273377676 30686.324437809122 42332.97794231615 31880.089088495184 44909.75683049617 20399.696483318898 20534.234324644112 31237.506408083595 35370.14413440289 26459.42080899568 28784.884803739835 19045.274728891207 22300.229553958387 26427.833267667324 29098.736945406814 21040.38920640414 30862.22241756514
18902.538072227708 22912.407346972297 18632.20484794599 13116.760055509509 23705.118959252413 17343.24822426958 30441.368259051254 25313.312871695798 14396.122109501091 31728.50056239243 25912.72263813621 19094.027718481106 21130.419853406736 24358.34219996896 24372.74859022804 34946.15002778783 24269.029186949272 27989.255813381576 11655.324018500383 18447.18065016522 26239.06145356162 17843.483098622168 17766.97788093126 18248.83674141458 19045.274728891207 18602.782742013533 24058.25235971965 25600.686904070088 20005.058076897934 25273.87524396673
0.009213001505543161 15564.019483021095 11222.149181648894 9536.748762724124 10801.81175746353 9502.652670869991 9052.867375746078 16503.848468006814 9485.453900552895 16486.457351187524 12459.698306707758 0.010891708011627088 8443.096467336569 10178.888390034448 8414.85938572647 9730.295378068016 10173.473650902306 12966.275361638553 10956.685829333395 8314.745132532857 13478.777609154884 10063.857816082973 9413.76698977838 11412.451949419046 7771.667087064978 10580.904205742312 13048.410737935008 11052.026336011084 10060.054217425804 7157.566117891299
1e-08 1e-08 1e-08 1e-08 1e-08 5.423461857390066e-07 1.0170140285481466e-07 1e-08 1e-08 0.0011819265357644326 0.0001057221207929615 1e-08 1e-08 0.0003269913019607884 1e-08 1e-08 0.00011656478545774007 1.8541693407314597e-06 1e-08 1.230322936862649e-07 3.180969088134589e-08 1e-08 1e-08 1e-08 1e-08 1.280978949580458e-07 1e-08 1e-08 1e-08 1e-08
949878.0 766969.0 964936.0 983238.0 823753.0 1000000.0 1000000.0 978203.0 963309.0 1000000.0 1000000.0 615676.0 987828.0 1000000.0 976224.0 829428.0 1000000.0 1000000.0 994802.0 1000000.0 1000000.0 964136.0 973814.0 999112.0 972605.0 1000000.0 965736.0 846023.0 971244.0 989717.0
