1052.3228824644102 1002.2623543119153 978.7479910873567 776.75318281212 827.0304788382332 862.5484105355017 802.0556888169176 1314.3621982028899 1705.1389211173573 797.035940118627 447.11035264948987 568.3388166657351 2029.3128848667548 917.4062463226219 1117.2285636575525 329.97370668300346 3158.004183487379 987.8423923655891 1296.3187763344895 1600.780351973498 653.4198671271142 1076.675224418781 512.6685661607266 832.8474692854666 699.0229680266557 547.1061198569778 107.43023577665281 406.41471588101285 751.7759712416873 1091.1837146824892
611.4343365124982 905.0032768422498 978.7479910873567 504.2674117890365 827.0304788382332 862.5484105355017 802.0556888169176 762.9425322142984 772.0549819042608 797.035940118627 447.11035264948987 568.3388166657351 2029.3128848667548 917.4062463226219 1117.2285636575525 329.97370668300346 546.3065513318752 743.4304793430847 1296.3187763344895 1600.780351973498 621.0117480655199 212.8916121758898 512.6685661607266 734.0809060445981 464.85497786283713 547.1061198569778 107.43023577665281 406.41471588101285 207.6711191344325 648.7927975419962
263.6280444846948 905.0032768422498 678.4402016587887 504.2674117890365 551.431338807628 702.9440965538683 802.0556888169176 587.310604971628 772.0549819042608 392.25386175549556 447.11035264948987 568.3388166657351 861.8853117454169 493.69827786803216 507.13692769351246 329.97370668300346 464.5246407000118 608.9297227055031 888.4393731687551 690.6906085487626 621.0117480655199 212.8916121758898 413.22010084895464 733.8632116323847 464.85497786283713 505.12520388510757 107.43023577665281 406.41471588101285 207.6711191344325 648.7927975419962
263.6280444846948 870.4149414158801 678.4402016587887 504.2674117890365 551.431338807628 250.2608755360352 802.0556888169176 287.38611807215875 603.2120718399492 392.25386175549556 447.11035264948987 568.3388166657351 109.2531307295003 493.69827786803216 507.13692769351246 329.97370668300346 464.5246407000118 608.9297227055031 888.4393731687551 396.34500356817443 573.1434716024364 212.8916121758898 413.22010084895464 566.2889641411816 464.85497786283713 443.93583081934685 107.43023577665281 406.41471588101285 207.6711191344325 366.39081266837684
263.6280444846948 758.5056937995964 502.6706985716464 504.2674117890365 539.6972160108207 250.2608755360352 802.0556888169176 287.38611807215875 603.2120718399492 392.25386175549556 447.11035264948987 560.3957380154379 109.2531307295003 493.69827786803216 507.13692769351246 329.97370668300346 380.4562423940124 536.3773076555553 839.7033899974367 396.34500356817443 573.1434716024364 212.8916121758898 413.22010084895464 566.2889641411816 464.85497786283713 361.7644346831489 68.07306575054099 406.41471588101285 207.6711191344325 366.39081266837684
263.6280444846948 659.1532475009899 455.8903155422686 504.2674117890365 539.6972160108207 250.2608755360352 802.0556888169176 287.38611807215875 497.17236373042624 392.25386175549556 447.11035264948987 471.68460991555594 109.2531307295003 343.27683012468833 507.13692769351246 329.97370668300346 380.4562423940124 503.945837874644 839.7033899974367 396.34500356817443 505.7162431609695 212.8916121758898 413.22010084895464 477.59890027257416 306.08233862598945 361.7644346831489 68.07306575054099 363.5739253691577 207.6711191344325 366.39081266837684
263.6280444846948 659.1532475009899 455.8903155422686 504.2674117890365 539.6972160108207 250.2608755360352 802.0556888169176 287.38611807215875 497.17236373042624 341.9691794031396 447.11035264948987 471.68460991555594 109.2531307295003 343.27683012468833 154.63742808065172 329.97370668300346 355.01357660784015 405.0885289702387 839.7033899974367 396.34500356817443 369.03307265668536 212.8916121758898 413.22010084895464 477.59890027257416 188.4096936938754 361.0615098106264 68.07306575054099 363.5739253691577 207.6711191344325 366.39081266837684
263.6280444846948 659.1532475009899 317.09973245276615 318.43347616475785 539.6972160108207 250.2608755360352 438.52643863414005 287.38611807215875 497.17236373042624 341.9691794031396 447.11035264948987 471.68460991555594 109.2531307295003 343.27683012468833 154.63742808065172 294.24432327947306 355.01357660784015 405.0885289702387 839.7033899974367 350.77848058353266 369.03307265668536 212.8916121758898 413.22010084895464 355.58356287041397 152.41531940833147 250.77153552976142 68.07306575054099 363.5739253691577 207.6711191344325 360.9128589218253
263.6280444846948 544.5099509375832 278.50496352083064 318.43347616475785 186.21878744085507 250.2608755360352 438.52643863414005 287.38611807215875 497.17236373042624 341.9691794031396 447.11035264948987 471.68460991555594 109.2531307295003 338.7825595907407 154.63742808065172 206.16281716225558 355.01357660784015 405.0885289702387 839.7033899974367 306.48872613672575 369.03307265668536 212.8916121758898 413.22010084895464 355.58356287041397 152.41531940833147 250.77153552976142 68.07306575054099 363.5739253691577 207.6711191344325 360.9128589218253
81.52026730857187 123.36080013177298 118.7975185186101 47.70962614545442 186.21878744085507 56.94043724448784 82.88072159349576 195.03556260903133 49.504876617520495 118.41375219574638 166.9790796664165 73.84171410803219 109.2531307295003 78.12427691851008 94.56162848525992 147.66684952298283 112.61310216182846 240.9874250833459 177.17408671193834 71.2839179249936 93.46277282798474 108.47695720304364 198.88876988939046 217.0199000195962 152.41531940833147 117.2286318823435 52.75876376866154 142.46948659782356 61.87436376836331 196.84760414736866
58.77709941259127 52.48327397852108 51.228311491698605 47.46929236733422 39.33908458412179 38.3884405067397 42.74854198069261 42.629366327256776 43.4613536744605 47.970024393081076 61.359531728672664 38.99584358128641 43.852271122556886 41.06431779684954 55.881670932368706 38.376651949567076 41.55023062476448 46.972318332034774 56.283359516413384 50.1978148031053 52.32044413465701 44.223422816637594 57.619667052485056 34.09688211552111 53.513781541492335 53.374188264428994 36.50438496005745 41.807218512130476 44.41060477057408 43.399083732404506
31.418724093058245 36.739144332099386 31.857648690639053 37.72810993659186 30.09491690569166 30.286091267421853 32.462799003201326 31.572898259167687 34.33102307304898 32.24921572290941 29.381314164897958 34.7545488816304 32.99943834125952 33.0768738676602 33.96118536624817 31.049149528016187 31.112248724586152 31.996740640915505 32.17703995873899 32.56278056960491 30.97229305448718 33.1026354605433 38.29976703084549 31.268533977326115 37.77233259986042 34.47446468685257 32.282063708760234 38.52483270599987 37.72205920855731 34.560186448454715
28.836120273490906 27.40928597212087 28.269929249280267 29.66013098750227 27.745047336411517 27.79967471973032 28.557323352282765 29.51199621892738 28.637387720983497 27.919443656676776 27.574341851677218 30.260850088255665 28.18627549534267 28.314106891555184 27.93353110775797 27.943707690480096 27.85687961074109 27.838439186276446 29.425470955655328 29.088701259343452 29.044206803878296 30.032136463235474 30.950883563051775 29.12173557503138 30.27225612773418 31.320493003548563 29.172834163602147 28.11751189266488 29.71945438067678 28.395017973069116
26.786216284071543 26.572750276673105 27.341420483973707 25.737904857253397 25.162521300887875 26.035478830601278 25.405474917384254 27.263623530437144 26.20065249801246 25.912920507135368 27.012475617952532 26.07150443321916 26.83821264570588 24.377107189482558 26.15262910638785 25.83511503617592 26.2711824273847 26.607114028426622 26.8109003931404 26.503901751455032 25.66169767682004 25.55375379542329 27.23089650174734 25.925695436029855 25.321078407086134 26.894783494212334 25.49685407269726 26.281711195107164 25.91134921758976 26.621501607564824
24.092224344165516 23.807739000591937 24.81274399911581 23.656582560503466 24.397981271497883 24.61905722564734 23.024737439790442 23.96719124658148 24.39068101840803 24.182695632957802 24.544037948815003 23.788440259483195 24.67554615058407 23.898637533811325 23.75506015829751 23.876427937680546 23.292026802952478 23.985101829339328 23.73880793817034 24.0651256287224 23.24416722128808 24.15039489587707 23.343120816447026 24.331774260089787 24.618626973767277 24.91141440403635 24.658132862871753 24.148956129864928 23.32802100904246 24.689768142755383
20.88591765197316 20.870240996132907 20.63597597302305 20.898393083868086 21.008868616963355 20.980474897460226 21.29318494526433 21.061712337825156 20.920701193797868 20.979414242310668 21.232463890998588 20.738131972441806 21.290432980658807 21.078292911376593 20.94899064361698 20.927964189085287 21.209027286620767 21.104086049441776 21.01315520933622 21.109007354797996 21.18523209325849 21.085250481486582 20.93066569000075 20.169385493081336 21.607478549615735 21.215387683251265 20.15254374229289 21.103007852653718 20.743527796514172 21.077093104432606
1000000.0 1000000.0 1000000.0 1000000.0 1000000.0 1000000.0 1000000.0 1000000.0 1000000.0 1000000.0 1000000.0 1000000.0 1000000.0 1000000.0 1000000.0 1000000.0 1000000.0 1000000.0 1000000.0 1000000.0 1000000.0 1000000.0 1000000.0 1000000.0 1000000.0 1000000.0 1000000.0 1000000.0 1000000.0 1000000.0
