6403.725878797126 5794.928148691144 3298.9298205398145 6342.34621971735 5730.489832266535 4807.006784975488 5697.753648213415 6401.998170477076 4943.979508363603 4570.285640177557 3749.9938067410694 4902.103429532264 4791.743716147361 3533.224136983014 4724.014260430711 5279.030279596551 3857.936481865954 2954.0754461133547 7625.182436842587 4717.09381543018 5114.15476134703 5838.800978842026 4910.592363830394 6200.385876412383 6417.4580348439695 2126.911916994658 6154.797281130435 3525.586038521409 1663.8465359051788 4809.241147574188
2581.8587643621477 5794.928148691144 3298.9298205398145 6342.34621971735 5730.489832266535 4807.006784975488 5697.753648213415 2382.760418041111 4943.979508363603 4570.285640177557 3749.9938067410694 4902.103429532264 4145.206353465426 3533.224136983014 2714.6938090618683 3555.334196458789 3857.936481865954 2358.5235144897174 7625.182436842587 4717.09381543018 5114.15476134703 5838.800978842026 4173.166625053179 2459.3017021422875 6417.4580348439695 2126.911916994658 4477.68944136526 3525.586038521409 1663.8465359051788 4809.241147574188
2581.8587643621477 5794.928148691144 3298.9298205398145 5326.910748304876 5730.489832266535 2813.738489946837 5697.753648213415 2257.2172610214247 4943.979508363603 4570.285640177557 3749.9938067410694 1768.376712787558 3667.033740482342 2124.2207718082423 2714.6938090618683 3041.94308527719 2703.39003224309 2358.5235144897174 2762.800436958883 4717.09381543018 4029.921901082176 1211.1248510908142 4173.166625053179 2459.3017021422875 6417.4580348439695 2126.911916994658 2367.3148999566383 3525.586038521409 1663.8465359051788 2377.415028502123
2581.8587643621477 5794.928148691144 3298.9298205398145 3831.489755202023 5730.489832266535 2813.738489946837 5393.291517598302 2257.2172610214247 4250.797154857007 2378.6230788318558 3749.9938067410694 1768.376712787558 2520.2794612166267 1578.5753009906637 2170.352437366762 1865.7672701644701 2703.39003224309 1550.6406520958171 2762.800436958883 4717.09381543018 4029.921901082176 1192.3364565103107 1718.3844794839997 2459.3017021422875 3164.023866407159 2126.911916994658 1875.0412491535003 3525.586038521409 1663.8465359051788 2377.415028502123
2536.1265875493223 5794.928148691144 2201.929903320621 2526.272571058542 5730.489832266535 2813.738489946837 3096.1944811538747 2096.1127883365466 1520.669852161373 2049.279068361634 3749.9938067410694 1768.376712787558 1447.8936645617919 1430.5940791014823 2170.352437366762 1865.7672701644701 2168.7488846846045 1550.6406520958171 1409.734183703559 3214.3188988908987 4029.921901082176 1192.3364565103107 1557.4070707664662 1839.1740554400703 3164.023866407159 2126.911916994658 1180.47764346045 3525.586038521409 1663.8465359051788 1704.2925616574298
1514.1926869115318 4785.411611599401 2201.929903320621 1776.8312409667028 5730.489832266535 2813.738489946837 3069.0397860299986 2096.1127883365466 1520.669852161373 1418.5345278992882 3749.9938067410694 1768.376712787558 1148.585316194385 1430.5940791014823 2170.352437366762 1865.7672701644701 2115.384892298549 724.5559328041036 1409.734183703559 3214.3188988908987 3835.5765041452432 1191.2825767206564 1557.4070707664662 1692.3009749343041 2590.5946116446844 2126.911916994658 838.2085683518262 1322.216237847324 1663.8465359051788 1529.4340712829396
1514.1926869115318 4785.411611599401 1268.7748748931003 1411.5250344193178 4386.240112800722 2813.738489946837 2996.026745138996 1364.4231080099528 1520.669852161373 1418.5345278992882 3749.9938067410694 1768.376712787558 1148.585316194385 564.0828222700671 2170.352437366762 1865.7672701644701 2007.970992134372 724.5559328041036 1409.734183703559 3214.3188988908987 3835.5765041452432 1022.8152028882364 1411.8086334743048 1692.3009749343041 1910.261395894704 2126.911916994658 838.2085683518262 1322.216237847324 1663.8465359051788 407.0835258647844
1514.1926869115318 2360.8997841989762 1268.7748748931003 1411.5250344193178 2690.7254584943685 2813.738489946837 1705.5591454946707 1364.4231080099528 1520.669852161373 1418.5345278992882 3749.9938067410694 1768.376712787558 1148.585316194385 564.0828222700671 2170.352437366762 1865.7672701644701 2007.970992134372 724.5559328041036 1409.734183703559 3124.4571604477924 3432.496567403152 878.754721994813 1411.8086334743048 1692.3009749343041 1910.261395894704 2126.911916994658 838.2085683518262 1322.216237847324 1663.8465359051788 407.0835258647844
1225.542704515472 2360.8997841989762 1268.7748748931003 1411.5250344193178 2220.7409934363745 2813.738489946837 1705.5591454946707 1364.4231080099528 1430.2267127561959 1418.5345278992882 3749.9938067410694 1548.4798525640826 1148.585316194385 564.0828222700671 2029.4391028329546 1865.7672701644701 2007.970992134372 724.5559328041036 1409.734183703559 3124.4571604477924 3139.080544097188 707.674838354711 1411.8086334743048 1371.1707986049823 1910.261395894704 1828.0029294304554 838.2085683518262 1322.216237847324 1663.8465359051788 407.0835258647844
716.793793988176 1500.6695936809356 1202.8971027810262 758.1174903817214 1529.9254295994035 729.3793256171098 1178.4252192369024 588.2393512526533 679.4746475919951 431.39922066425015 1455.3466051564121 592.3611696992709 933.368709896456 564.0828222700671 656.5272209854163 836.7268985935373 631.0773637952989 550.2657478386961 972.1243788474862 843.4561871240553 904.1156226469261 399.4399529318539 973.8892632052625 770.5803680826 687.0572444169261 730.074250196167 838.2085683518262 589.0416033396041 1227.1672452017563 407.0835258647844
228.2750283343048 240.88195603482063 302.0586513142689 199.9416300703748 291.55716539074024 177.89131213328233 235.59608604218624 236.02727483380193 181.34802055559237 264.00405603714114 204.48936784591706 189.25369132573928 209.7730384268441 119.8966887710402 140.47972767408794 290.08290876304613 200.502331248754 206.05389546915194 262.0900083985571 266.5339755767217 231.32013711116633 163.52657257785177 158.39118025986534 186.7521191155738 191.479083051643 235.5448022507352 190.0646358834939 180.83607849803138 204.6252734612574 193.64724532953153
118.68935111453004 113.9310599270176 90.07758965607286 107.21730046538397 84.6396188038882 76.10773866915304 109.35675230296602 89.00182582223454 74.09624611435811 129.6401362170077 99.79949616886262 86.84896127075808 119.75793769324093 70.35802782712932 77.43981366159466 114.54123543253195 94.16474754427577 77.68123214450497 113.9921272033971 88.54687934355525 93.84483780050755 75.75629190072516 78.58062182401954 76.88656734427298 101.65840451050622 100.02600106306056 94.4179607221605 76.35040867940745 77.3281274539712 85.89046246398902
68.28082986226747 60.53983504850305 58.39041727677903 59.85014729114016 55.42078959035115 49.787620539881175 62.73771342605011 58.381842492645035 43.84569521917814 65.46480959805325 56.87250292359107 57.34500218788037 64.45521736811185 56.474837019427014 55.90360411349553 68.83682007468195 58.07297369571552 54.80266913041453 57.90396967349693 59.941217011289325 55.889223214988874 55.76662515706232 56.16627367860758 54.6898256686776 60.68693588872105 61.53214221933365 64.64754918526688 55.41391676201454 55.69338783894585 62.735164893047624
52.692283384216864 49.07733007666752 47.674725311117356 44.57961109660363 47.605357341829574 45.613957127087986 49.074153552902885 49.39723244106534 26.135649946006424 51.63584259120148 39.676641488176415 46.63759807503948 48.86482757694853 47.069624578176104 46.12678893794299 49.78689641058355 45.4550079440408 27.196376734206012 46.27160272668186 46.62048498089075 48.430155686177955 45.99425081010918 45.94404180073576 47.422198191064126 47.385791523140654 43.74500758158274 48.887104651615914 45.81481464556964 45.69564844060284 51.77551238119304
31.958592275232945 21.231777493684888 44.92508361210116 17.827923036532127 44.95256539019118 44.91205346063617 34.26502029569167 44.951498884698594 11.526594430499927 33.087959420803145 21.04339584989617 18.193714311218457 14.702902313661639 44.95702919526315 28.945878597156764 45.02028410247908 25.642665375312106 9.801173332064138 36.92726701235944 42.17718407686414 44.94205126287261 30.304235460910377 44.943237082678706 29.180830054204023 44.962487353173 11.88918380577752 36.20955874808271 25.108942888532738 44.933631004040194 45.28158252397776
5.205637724924088 5.596522998432306 44.89546931745133 6.364833187632371 44.89546931745133 44.89546931745133 9.147560261169133 44.89546931745133 2.6825862102670612 3.1446432397796684 5.096647863200133 6.415821067772981 6.246959114804895 44.89546931745133 6.335488304418959 44.89546931745133 6.438505812047879 3.65181110298613 23.938873501942567 10.074329781648771 6.513185223301832 6.698372254974117 44.89546931745133 6.113725898916584 44.89546931745133 0.9788973471818281 4.992464135927946 6.4503638188743935 44.89546931745133 6.438520275154872
1000000.0 1000000.0 1000000.0 1000000.0 1000000.0 1000000.0 1000000.0 1000000.0 1000000.0 1000000.0 1000000.0 1000000.0 1000000.0 1000000.0 1000000.0 1000000.0 1000000.0 1000000.0 1000000.0 1000000.0 1000000.0 1000000.0 1000000.0 1000000.0 1000000.0 1000000.0 1000000.0 1000000.0 1000000.0 1000000.0
