6038.5135598326815 10057.309449194565 7748.7604369739565 9848.457229556607 8763.786823872044 9705.022550638187 8231.97188065328 7125.153972482836 9317.318799222528 8800.40546122983 10231.403560563176 8444.368655358996 8288.407706508176 6357.021226459263 7605.23489493928 8982.00810576783 9766.816824418907 7860.49368174176 10350.260644188036 8876.083630922572 7299.168506308139 7499.424405000624 8412.505829312257 12051.24980891833 10884.006028174434 11008.998578392939 10012.058484127696 8382.082459729665 5143.13223882305 7338.264338817276
6038.5135598326815 6256.031163438995 7748.7604369739565 7869.640671970868 8763.786823872044 7134.255635321719 7157.673122510772 5912.921163138133 8097.081510337717 8800.40546122983 8222.927182482865 7815.709359126084 8288.407706508176 6357.021226459263 7605.23489493928 8794.251047210759 8512.710650400551 7442.013013331045 8606.277756513437 8876.083630922572 6728.217391335531 6644.332128457383 8412.505829312257 8417.003950807552 7580.355724805851 7502.460541898508 8782.989085585978 8244.63781208269 5143.13223882305 6809.153820473541
5462.5061416821545 4643.556104559552 7748.7604369739565 7869.640671970868 8763.786823872044 7134.255635321719 7157.673122510772 3950.248228973511 5167.281286328961 7835.163688196746 8222.927182482865 6565.958090170698 5643.596706108448 6357.021226459263 7605.23489493928 8794.251047210759 8512.710650400551 7295.739733063263 8606.277756513437 8876.083630922572 6728.217391335531 6644.332128457383 8319.301892994206 6324.929443626643 5149.4242630462 7502.460541898508 6417.151029938923 6857.8429020204585 4087.4894365222826 6370.878469539559
5462.5061416821545 4643.556104559552 7158.975728136627 7869.640671970868 8741.765375657555 5357.730438005634 7157.673122510772 3950.248228973511 5167.281286328961 7818.389792440597 7774.367979438692 4314.005271766495 5643.596706108448 6357.021226459263 7605.23489493928 7436.03107489102 3142.081415887581 7295.739733063263 8606.277756513437 8876.083630922572 6728.217391335531 6644.332128457383 6478.98701776965 6324.929443626643 5149.4242630462 7502.460541898508 6417.151029938923 5922.542308069564 4086.614675768091 6370.878469539559
5462.5061416821545 4643.556104559552 7158.975728136627 7137.039085353752 8741.765375657555 5357.730438005634 5718.244428223614 3950.248228973511 4514.6394284701655 7508.45666282536 7774.367979438692 4314.005271766495 5257.268409965168 5460.619541525363 7605.23489493928 7436.03107489102 2635.589805291266 7295.739733063263 8606.277756513437 8653.094978897232 6491.527623165799 6644.332128457383 5540.500953935915 5743.433163009755 4684.1820143172 7502.460541898508 5855.418568474375 5922.542308069564 4086.614675768091 4963.9052888665165
3528.5820419485353 4643.556104559552 7158.975728136627 7137.039085353752 8741.765375657555 5357.730438005634 5718.244428223614 3950.248228973511 4514.6394284701655 6146.537387854285 4288.29684249691 4196.742472684389 4748.358227864819 4153.188652932232 6510.989131616014 6573.45464888851 2018.1002559691533 5815.693375946026 8606.277756513437 6879.233300346543 6204.269638232279 6644.332128457383 5540.500953935915 5743.433163009755 4684.1820143172 4849.914942439445 4775.715906904096 5922.542308069564 3201.789332157823 4364.04152168829
3528.5820419485353 4643.556104559552 7158.975728136627 7137.039085353752 8741.765375657555 5073.787901170618 4913.990761390305 3950.248228973511 4514.6394284701655 6146.537387854285 4288.29684249691 4196.742472684389 4748.358227864819 4153.188652932232 5964.786038291259 4348.2756895668235 2018.1002559691533 5815.693375946026 8606.277756513437 6879.233300346543 6204.269638232279 6644.332128457383 5540.500953935915 5743.433163009755 4231.5373122024175 4849.914942439445 4570.029624493138 5922.542308069564 3201.789332157823 4051.023304009077
3528.5820419485353 4643.556104559552 4845.2186150022335 7137.039085353752 8703.294408055051 5072.47315393364 2759.3728896307794 2933.9645787272475 4514.6394284701655 4790.322599009814 4288.29684249691 4196.742472684389 4373.131340155977 4153.188652932232 5964.786038291259 4348.2756895668235 2018.1002559691533 4883.997961285679 6855.853830054008 6879.233300346543 6204.269638232279 4373.023928036287 5540.500953935915 5743.433163009755 3592.5422245866903 4746.242383188187 4570.029624493138 5922.542308069564 2808.542465771313 2967.6475077224486
3528.5820419485353 4643.556104559552 4845.2186150022335 7137.039085353752 6176.267264338319 5072.47315393364 2759.3728896307794 2830.38826284491 4514.6394284701655 4790.322599009814 4288.29684249691 3936.668612157947 4373.131340155977 3537.3790573222977 5964.786038291259 4348.2756895668235 1885.5178062092991 4883.997961285679 4978.0787790373215 6879.233300346543 5949.639313082618 4373.023928036287 3788.8536439140207 5743.433163009755 3592.5422245866903 4746.242383188187 4570.029624493138 5922.542308069564 2808.542465771313 2967.6475077224486
1603.7406240925702 3141.987786757132 3948.7363434661293 4821.3564700110155 4166.285676523648 3604.552130956932 2297.071532930224 1734.1122241403737 3970.823857522788 3835.7202782415825 2825.330150204727 3378.553214621679 3397.3261610513036 2636.2032739424712 2224.780993518988 2236.033774797492 1300.896254093297 3344.78665351008 4274.536026351246 3386.0999098077737 3448.3796782884847 4055.8962126346796 1993.2470040302724 3696.3777606231424 2843.240224446972 3420.1439010875856 2926.410437771776 1590.6217477289065 1379.9557622784882 2704.8895322412254
844.2206712809912 1624.2819469444894 1364.4076220859852 1505.8475837808683 1549.284794391133 1771.2849656528579 962.9326319150478 954.4688815002219 1449.7524894781936 1713.609466685768 1549.1127628059257 1414.0699509428568 1831.7204974016404 920.2237419008752 891.3531419236228 1534.8206629690976 838.9239615205329 1300.2757745206582 1880.6860764094463 1222.245797743994 1711.858927783318 1752.8935925560418 901.0756900096098 1592.1168662280734 1635.1052717688672 1576.8290257928247 1606.0083812674247 1088.339666824504 844.0635081649652 1499.7117689662655
724.5250456390554 630.5502399837987 822.6016041523003 934.9928979494089 828.543598428405 957.80294463677 757.6722985750148 760.6769402330046 1157.618050668243 809.0051081358624 1078.9398763009062 868.2998234335346 1066.623115824451 742.6265262016132 735.9508854900155 885.3885860687192 695.9366303374486 819.3276081879849 930.0199007556971 849.7319451900739 738.7242050152995 757.2282714039943 739.2728903113416 854.4572030207196 723.3279051353688 716.7986427954975 789.4027204561417 790.5850487056168 743.5903928179127 779.8509281452943
685.6454244131528 340.8795479121586 763.0955249541826 806.126454304796 375.95837394622004 396.962259335251 670.9861641839348 660.7672430287766 781.8124489365737 365.3892130331251 516.6596698221706 742.2192802608702 786.3143595231377 617.8288496704799 710.3939663255942 310.9293404251812 640.2928254860781 747.9233153018754 369.62261378253106 750.1760382752545 360.0458577159593 370.18834579211716 661.8109229046559 767.2165424499499 354.4018920281683 351.1872138315334 356.49682552094646 723.2175677135119 612.2613996621894 356.397883377419
532.0118927101712 300.3480277195995 710.3614929710689 719.8214896863374 301.0450431839017 301.15601331668904 504.3865477473919 487.06361292406336 709.2100176989675 301.23032647870605 48.43367758088016 635.8654808827596 736.580261372741 499.15874078637626 589.6773776703085 8.590765879279843 524.7989353632552 636.121172243078 300.76337751146457 708.5125833747838 300.55895000462533 300.70143294928585 523.8318283338226 699.1314456935484 300.4778451607681 300.4222066109596 300.5775755532345 691.240664840499 469.9084202965223 300.54754184753983
427.7282148026534 300.00000452981885 328.73431423370084 311.9604659513757 300.0000217392867 300.00001548143155 421.1444739922972 420.3527151272615 300.0733251035567 300.00001232564136 0.0026570856853140867 447.80460592337704 300.0240158315373 424.6043754321531 426.27986590533465 0.00014332791943161283 411.50742320392965 456.27977671600684 300.00000945931106 532.8887432680167 300.0000064269352 300.0000091783663 418.376744712622 347.34899990394206 300.0000072080993 300.0000043139844 300.0000061847222 438.98163575897297 422.02169183345404 300.0000044648773
400.00000000000045 300.0 300.00000000000045 300.00000000000045 300.00000000000045 300.00000000000045 400.00000000000045 400.00000000000045 300.00000000000045 300.00000000000045 1e-08 300.00000000000045 300.00000000000045 400.00000000000045 400.00000000000045 1e-08 400.00000000000045 300.00000000000045 300.00000000000045 400.00000000000045 300.0 300.00000000000045 400.00000000000045 300.00000000000045 300.00000000000045 300.0 300.00000000000045 400.00000000000045 400.00000000000045 300.00000000000045
1000000.0 1000000.0 1000000.0 1000000.0 1000000.0 1000000.0 1000000.0 1000000.0 1000000.0 1000000.0 721290.0 1000000.0 1000000.0 1000000.0 1000000.0 684157.0 1000000.0 1000000.0 1000000.0 1000000.0 1000000.0 1000000.0 1000000.0 1000000.0 1000000.0 1000000.0 1000000.0 1000000.0 1000000.0 1000000.0
