3060.792356722634 1291.2662373959547 803.5465514538478 2343.2111884454475 1460.9753917270089 1396.4363052142428 1082.4077393478833 1049.9221750907425 882.7947194557687 1969.0536387241332 905.722340377305 358.7319247726458 778.5351895050028 1379.7288118184515 2669.031043137731 3282.281345840892 1351.6396240144686 1215.5958882934801 663.5384554257084 2774.7852742666564 1480.1879614948648 1491.6626016464425 1528.0794722464452 2694.076515409109 1363.5512451906689 932.1786133643559 1890.4627810844431 2662.8295978918463 1655.6547672318402 1549.338793397085
1039.5076574012326 745.0441509085176 803.5465514538478 2343.2111884454475 1413.5529700869838 1011.530523604943 486.67558768039794 1049.9221750907425 559.309115150635 1969.0536387241332 905.722340377305 358.7319247726458 778.5351895050028 999.8841473863831 1366.0806271310646 845.3849421379534 1351.6396240144686 823.2591499764253 663.5384554257084 2154.136015371051 1480.1879614948648 920.556345400094 1473.9587453466822 1622.8332153630956 1363.5512451906689 932.1786133643559 771.865734901 1465.7932673633693 1168.1011848631065 1549.338793397085
734.5023536844351 416.89865155754796 803.5465514538478 2343.2111884454475 1126.1348806955837 950.8538794720428 486.67558768039794 480.2366951845439 559.309115150635 1712.2682382635394 705.2617878998276 358.7319247726458 778.5351895050028 985.8012583523187 1366.0806271310646 830.0805814695123 971.3032070344575 605.0114971032349 417.8848069035506 1881.6677992208643 533.5862860764024 920.556345400094 533.6651932833267 1503.7750006031295 803.4306845496267 932.1786133643559 771.865734901 1465.7932673633693 362.8749115471926 1549.338793397085
646.6181067710404 416.89865155754796 803.5465514538478 1144.2710913097762 798.2467411033322 440.6577257457092 486.67558768039794 225.9296569025746 366.1196484638057 1712.2682382635394 705.2617878998276 358.7319247726458 380.67198012242125 671.927092453393 1282.9916857793485 676.6053108971223 636.0053449673924 313.8460323097456 417.8848069035506 1774.133550668238 533.5862860764024 920.556345400094 533.6651932833267 1303.0261800051887 322.3471729255492 393.10484638689536 507.58267209693713 1227.9033936209205 271.6689813145456 855.86628144623
646.6181067710404 416.89865155754796 803.5465514538478 1144.2710913097762 798.2467411033322 440.6577257457092 284.5870060367497 225.9296569025746 289.9126313227373 1712.2682382635394 705.2617878998276 306.51091291512694 236.4446901347079 343.12677728625204 783.1643982986229 676.6053108971223 483.73868990921096 313.8460323097456 417.8848069035506 1774.133550668238 435.5411161296395 604.0828582270733 533.6651932833267 1303.0261800051887 322.3471729255492 393.10484638689536 507.58267209693713 345.26662907668765 265.16393479806686 335.8452094002545
549.1952668821365 416.89865155754796 567.4628247300799 1026.055286803997 798.2467411033322 433.5559023033302 247.6780744781322 225.9296569025746 285.1308732933346 710.480870995874 276.5563147643078 306.51091291512694 215.30242065827258 289.0460531078962 338.4439972851417 515.160928465283 177.95726696726217 288.81669928730776 417.8848069035506 402.90414877486785 402.8088943340514 222.27747714602583 533.6651932833267 1091.1260016642502 322.3471729255492 393.10484638689536 507.58267209693713 236.45950407076907 203.44812968467068 335.8452094002545
485.721093128667 362.38963807803043 567.4628247300799 580.336200564309 798.2467411033322 338.54945835099284 247.6780744781322 225.9296569025746 285.1308732933346 710.480870995874 276.5563147643078 306.51091291512694 215.30242065827258 289.0460531078962 197.98508109271256 357.6235455788018 177.95726696726217 288.81669928730776 417.8848069035506 402.90414877486785 337.895558095609 222.27747714602583 508.4637060563015 713.7614739537044 322.3471729255492 393.10484638689536 250.5429454630215 236.45950407076907 159.03785868537454 335.8452094002545
428.93754646322986 163.2614056142296 567.4628247300799 580.336200564309 798.2467411033322 338.54945835099284 155.587010251508 225.9296569025746 203.75399865125326 605.3384401872688 276.5563147643078 306.51091291512694 79.56924320633772 202.434824313871 172.9053196204461 357.6235455788018 177.95726696726217 288.81669928730776 417.8848069035506 402.90414877486785 337.895558095609 222.27747714602583 465.9104519351823 401.63485466935845 322.3471729255492 315.94535135352373 182.82759629243822 232.5579408250428 159.03785868537454 335.8452094002545
188.5719883689494 163.2614056142296 514.3741177068003 580.336200564309 756.5537209926058 338.54945835099284 155.587010251508 225.9296569025746 203.75399865125326 502.7417908280993 241.9430971019815 297.8962213927048 79.56924320633772 202.434824313871 172.9053196204461 208.2901098716252 177.95726696726217 288.81669928730776 281.95402862166964 136.8846341949751 245.94380992187473 129.67084776714023 465.9104519351823 401.63485466935845 322.3471729255492 315.94535135352373 182.82759629243822 175.58428116448158 159.03785868537454 335.8452094002545
72.48813016098188 157.77855708214292 236.2797349630107 248.54530713093413 192.14997169393132 215.03406723114654 60.81381139208048 137.13692773288324 87.32395073145062 135.13799210415482 191.7825511684532 224.14771786188567 55.25199800157009 92.66717573697099 112.08604521358666 170.94688806036356 177.1229601302448 200.1666398447262 180.76273132986194 82.53710349591006 139.2454172919713 124.6286194377027 300.0943636034299 334.4562572866389 183.16394552310453 141.31597029056616 144.28294188605184 73.53062099745426 107.07862805310435 200.74490936190114
35.09224503488417 40.90478191936688 23.686487857184773 31.505182608629696 33.76207492413289 39.942176082531546 11.306923715547498 39.10506568725043 31.391761395111814 40.96853884980487 24.044989689211263 31.57403316884944 19.994274918691644 22.012784131158867 52.44615252816169 48.34307213695979 49.41420127418968 53.970578113093666 33.013768584339346 18.008524613240525 25.96115759195135 24.981660679681113 47.321105010170754 13.032434238485791 46.396962068839 71.42156481267 31.7277401625646 20.279842019869136 25.754050866035016 49.019849391837056
13.55864216890717 16.93241318812727 13.206598545172994 14.83373857888813 11.779131654362516 15.543541177185944 8.318530169221049 15.927813574692266 13.342918819981548 29.255359912074823 14.676497085973892 20.477802207045386 13.769170282819516 13.173336172762106 16.593017986430482 16.75146562170471 13.63519059244021 27.003349519786582 10.78814316294779 8.993413709876222 17.30547541550777 13.765686971664024 19.10490911235729 11.544575378570812 14.35747198938708 21.613183299933326 12.719592722312996 13.513281563467217 12.732208806701124 14.42032321297512
8.315532344516896 9.302280034299145 8.432200133021865 8.595758710172277 8.03034957980833 8.670359558319149 7.357474214279591 10.95371795100715 9.52885589285546 12.214145657265817 9.39850926872981 13.163697791776542 9.375903873834318 9.872288665953022 7.8025898302993255 8.267460534946508 11.876356764018112 10.395902483370378 8.77975875521372 7.996021454457264 10.28677059522687 7.578096242650645 9.869312248727454 8.869233294095523 9.815052819780533 10.275550391647414 8.150576126618091 9.241197663118953 9.244143310717334 9.195071804288204
2.7831604998351622 6.919177292739846 7.608436137342835 7.097576934712549 7.160484470732683 7.523222268544487 6.409501096825579 5.466898069461138 8.918140750455393 6.470353128544275 7.088259436243561 7.549023050502342 8.916557758885006 7.6402167176630655 3.7622508042160234 7.501866875450673 8.324320112892167 7.736681273084685 7.483991340531929 6.556555096487671 8.935762150633423 6.8320999457780545 6.9666126492664375 6.494845163782827 7.10878234584095 4.213006340887148 7.339070450687245 8.91617017835324 7.243889716706917 7.743039155748079
0.6514415994981846 6.374907756059258 6.809316286033891 6.333190828914894 6.441863551030053 2.631952164985762 6.006140851202815 0.7313779891157992 8.916101927806722 0.6581892352336354 6.3699799314521215 2.291053356575901 8.916101927784212 0.9729190721202485 0.36427532015756015 0.6625847671292604 6.988634126473244 5.577938013849462 6.929288029068459 5.925238999573082 8.91610192855768 0.8724099983734277 0.8546355837353872 5.04795955097137 5.570050953504449 0.7658206954492925 6.873877630215759 8.916101927783018 6.295386078757929 6.171771601377884
0.17530606153439976 3.9865794439745628 3.986579112347158 3.9868825263711187 3.9865791128951287 0.5325021847927474 3.987922171682442 0.04184698493435235 8.916101927781312 0.00017256859047165563 5.858866727968575 5.443806685434538e-07 8.916101927781312 0.00025359870687680086 0.0008866064545145491 0.20314188283430212 3.986579774980271 0.24658526578127749 3.9865791123981467 3.9865926813448027 8.916101927781312 0.00034175082174670024 0.016222846893583664 3.9865873875465354 3.986579113562925 1e-08 3.9865793150360673 8.916101927781312 3.986579249068484 3.986579112348238
199998.0 199998.0 199998.0 199998.0 199998.0 199998.0 199998.0 199998.0 199998.0 199998.0 199998.0 199998.0 199998.0 199998.0 199998.0 199998.0 199998.0 199998.0 199998.0 199998.0 199998.0 199998.0 199998.0 199998.0 199998.0 199478.0 199998.0 199998.0 199998.0 199998.0
