28729.543672632575 31022.1541472387 30865.038758458235 23367.980206692297 51810.70852871134 28092.185308741144 57053.16424565349 92986.01259336605 42299.750254008475 27540.1044209348 40496.74682153988 2508922.77830985 30922.113240631807 48868.00813398608 803289.2617731574 32742.583707241734 48071.21130485013 26246.146528438785 59529.2182133076 18872.83874269616 56204.86640796797 62037.11731926263 45023.57514460544 15147.59211975844 39090.24838653866 16395.63323714302 49757.26425399993 24672.106527506134 44108.47780643952 41270.79515358565
18977.62425965323 31022.1541472387 30865.038758458235 23367.980206692297 37677.90272715528 22504.89124776996 20885.46597978282 23360.018849670214 37278.83478031621 27540.1044209348 26231.174509999724 21145.789536606408 30922.113240631807 33214.09114836833 46751.6126669904 32742.583707241734 48071.21130485013 7716.289310742132 25103.871160312385 18872.83874269616 42978.41676864766 13868.43045308256 45023.57514460544 15147.59211975844 39090.24838653866 16395.63323714302 41255.12290582318 14253.286290296897 44108.47780643952 15772.932735588565
18977.62425965323 31022.1541472387 20665.049988701398 23367.980206692297 27837.538192940192 22504.89124776996 20885.46597978282 23360.018849670214 37278.83478031621 27540.1044209348 23777.544460281515 17886.258673639702 30922.113240631807 33214.09114836833 46751.6126669904 30695.57306451135 38145.23789045154 7716.289310742132 25103.871160312385 18872.83874269616 38112.48797861834 13868.43045308256 42440.03397237984 15147.59211975844 16915.16127919957 16395.63323714302 41255.12290582318 14253.286290296897 31331.681095544525 15242.491840394778
18977.62425965323 31022.1541472387 20665.049988701398 23367.980206692297 18937.57206278662 22504.89124776996 20244.16795716287 23360.018849670214 37278.83478031621 27540.1044209348 23777.544460281515 17886.258673639702 30922.113240631807 29304.37902523688 17920.853881972733 21456.723176520412 23118.8447064742 7716.289310742132 21602.074802429244 13898.704617316116 38112.48797861834 13868.43045308256 19514.26688020285 15147.59211975844 16915.16127919957 16395.63323714302 5483.744381986656 14253.286290296897 21301.113312208876 15242.491840394778
18977.62425965323 31022.1541472387 20452.40443342276 23367.980206692297 18937.57206278662 22504.89124776996 20244.16795716287 23360.018849670214 19774.26358437217 27540.1044209348 23777.544460281515 17886.258673639702 30922.113240631807 18761.292320634475 17920.853881972733 21456.723176520412 23118.8447064742 7716.289310742132 21602.074802429244 13898.704617316116 22753.06521167142 13868.43045308256 19463.27238126316 15147.59211975844 16915.16127919957 16395.63323714302 5483.744381986656 14253.286290296897 21301.113312208876 15242.491840394778
18977.62425965323 19735.887066470303 20452.40443342276 23367.980206692297 18937.57206278662 22504.89124776996 20244.16795716287 23360.018849670214 19774.26358437217 27540.1044209348 22451.59680651345 17886.258673639702 30922.113240631807 18761.292320634475 17920.853881972733 21456.723176520412 21193.44006834596 7716.289310742132 21602.074802429244 13898.704617316116 19752.647134352035 13868.43045308256 19463.27238126316 15147.59211975844 16915.16127919957 16395.63323714302 5483.744381986656 14253.286290296897 18344.546295863605 15242.491840394778
18977.62425965323 19735.887066470303 14171.64485729062 23367.980206692297 18937.57206278662 22504.89124776996 20244.16795716287 23360.018849670214 15581.038388174145 27540.1044209348 22451.59680651345 14931.199032305067 30922.113240631807 18761.292320634475 17920.853881972733 11896.991334319497 21193.44006834596 7716.289310742132 21602.074802429244 13898.704617316116 19752.647134352035 13868.43045308256 19463.27238126316 15147.59211975844 16915.16127919957 16395.63323714302 5483.744381986656 14253.286290296897 18344.546295863605 15242.491840394778
18977.62425965323 19735.887066470303 14171.64485729062 23367.980206692297 18937.57206278662 22504.89124776996 20244.16795716287 23360.018849670214 15581.038388174145 27540.1044209348 22451.59680651345 14931.199032305067 30922.113240631807 18761.292320634475 17920.853881972733 11896.991334319497 21193.44006834596 7716.289310742132 21602.074802429244 13898.704617316116 19752.647134352035 13868.43045308256 19463.27238126316 13330.372370528343 16915.16127919957 16395.63323714302 5483.744381986656 14253.286290296897 18344.546295863605 15242.491840394778
17858.8935098725 19735.887066470303 14171.64485729062 23367.980206692297 18937.57206278662 22504.89124776996 20244.16795716287 23130.394901711617 12916.87081960531 27540.1044209348 22451.59680651345 14931.199032305067 30922.113240631807 18761.292320634475 17920.853881972733 11896.991334319497 21193.44006834596 7716.289310742132 21602.074802429244 13898.704617316116 19752.647134352035 13868.43045308256 19463.27238126316 9336.707938960224 16915.16127919957 16395.63323714302 5483.744381986656 14253.286290296897 18344.546295863605 15242.491840394778
17858.8935098725 18344.705459738707 14171.64485729062 23367.980206692297 14706.094874534707 22263.531140318075 19983.617473578444 18168.126986113 12916.87081960531 27540.1044209348 22451.59680651345 14931.199032305067 20407.660205051987 10471.245930468418 7445.951067797378 8227.06442031893 19086.261610458878 7716.289310742132 20732.855260265656 8002.076300207575 19752.647134352035 7558.113242079847 14656.137741001432 9336.707938960224 4825.439435653092 16395.63323714302 5483.744381986656 14253.286290296897 18344.546295863605 15242.491840394778
5076.891597687672 11246.574255221225 10867.550770902466 11512.841621823773 10580.037175624795 19350.232349597594 9953.288227140853 10750.000312306844 8450.65996061815 10727.653796749528 11298.288222037309 14835.702083750115 5668.12445391372 10355.341042239039 7223.2843386775085 6960.14262376819 11230.190166562823 7030.548355886449 10675.325616170214 8002.076300207575 11956.20713623558 7558.113242079847 9458.115983422324 8687.883880940824 4825.439435653092 12526.328832945921 5483.744381986656 14253.286290296897 15589.962612742063 13472.524931327238
5048.3499501943725 11246.574255221225 6931.481399106938 10129.999780528362 5838.786704319318 8037.27047307994 9096.235001887457 10750.000312306844 8450.65996061815 8014.155490309156 7586.4578752235175 12284.366477998452 5668.12445391372 10355.341042239039 7223.2843386775085 6516.2624371802085 10858.354970247308 7030.548355886449 7202.973986772176 7630.113896246218 11110.390946722096 5982.321084194372 6992.473964727605 7471.520338712846 2868.0492871991405 11649.259455254441 4751.303430505983 12291.806226749926 12019.686271677852 10903.418401492603
4658.933618719767 7424.430919697341 5082.685889186151 5898.619744321483 5074.165581918505 6855.025135394467 9096.235001887457 6804.137231196315 4569.489923987301 8014.155490309156 5313.7918244417615 8834.709120891652 5304.156273972005 3193.8431213687454 3351.83425216084 6516.2624371802085 3597.429473022332 5634.757198141257 4898.564587119087 5616.082640547496 5219.310411488462 4100.108754407441 5653.274389754029 3127.4298964616705 2661.8032739925884 5797.346076209815 3183.205405145084 5712.50142211883 4128.650472893035 3131.147178250579
2204.3531880492437 1705.7314921148752 2020.3866079599475 5494.027544108469 4888.239754068844 2015.627533048997 4286.889904310985 2027.9005387105203 2313.1518728936358 371.04093339663996 1102.5780544095446 5711.339924393544 2415.130261558034 887.6270191171525 27.366163016519295 5126.836841722457 2152.9442276940013 3307.8322972167116 4781.003869522012 2825.523521013846 4118.285368591198 2379.8289826150904 2111.131901315624 165.47944015952078 1752.3973216008999 3327.777233224327 2646.3634128058916 5433.016046954149 3154.7165337351216 1293.6031731222658
310.5298255368293 0.049323567414319314 1206.347843540053 192.43107944790546 666.3750363208544 53.46772308245386 2042.1458592984782 1003.1419991927537 1.815058680241691 8.740842096235724 0.09220012298226266 863.6695205060889 611.9170484130522 158.63312295558376 0.921089671059633 593.0817533950816 13.363425510946456 266.6459817839975 550.2599442908147 425.68310835353714 971.6295153819333 718.371074106428 0.009266740653060879 0.12757296680092622 425.187944809054 1039.5265177104359 579.7513351291644 841.9907987750862 520.0362565239312 304.7245478781981
1e-08 1e-08 1e-08 1e-08 1e-08 1e-08 1e-08 1e-08 1e-08 1e-08 1e-08 2.191692374253762e-07 1e-08 1e-08 1e-08 1e-08 1e-08 1e-08 1e-08 1e-08 4.69299266114831e-08 1e-08 1e-08 1e-08 1e-08 1e-08 1e-08 1e-08 1e-08 1e-08
188941.0 186398.0 196753.0 183805.0 192666.0 188915.0 194984.0 184416.0 184280.0 182921.0 183409.0 199998.0 190289.0 189695.0 189071.0 193780.0 190493.0 195440.0 194856.0 192906.0 199998.0 191331.0 184127.0 187448.0 188334.0 194077.0 193076.0 185280.0 193294.0 194800.0
