107.33400238834236 101.09540688781715 100.66500257897576 108.14078402956886 109.85604840166991 97.48649506577681 114.33309483096514 95.7310452406573 104.90880094110753 113.75196744347716 98.69769244045551 93.34517357134996 109.21094903726339 102.75423528961585 111.147836477895 111.22460259859622 112.61725301276863 104.10833918748358 100.31721820837151 100.15635208757908 100.10761381743134 103.2194482046923 94.68096954165696 105.11005042598379 107.00299046545808 105.21757622113773 89.14326021834609 101.10363692544001 109.24267734111595 112.97813432587816
94.39809923765199 101.09540688781715 100.66500257897576 107.93874095141473 102.95357514299383 97.48649506577681 102.23317877823092 95.7310452406573 91.52111143538104 103.86580830021092 98.69769244045551 93.34517357134996 109.21094903726339 102.75423528961585 111.147836477895 79.90416507891587 112.61725301276863 104.10833918748358 100.14883026364919 100.15635208757908 100.10761381743134 103.2194482046923 85.66359378225991 100.75886936623101 107.00299046545808 92.02479881223678 89.14326021834609 101.10363692544001 109.24267734111595 102.95041650137773
88.94810028295194 101.09540688781715 93.4820357572703 96.61972409574514 102.23637375168857 97.48649506577681 84.33629722913815 88.81075967485162 82.12426014822995 98.2092060373252 92.58757641581929 93.34517357134996 98.87452523668071 97.76881030030984 95.07210383565155 79.90416507891587 112.61725301276863 101.73325344580212 80.17062221829622 93.68427354664288 100.10761381743134 86.4227887813646 74.93137526678186 89.59890191091108 107.00299046545808 92.02479881223678 89.14326021834609 101.10363692544001 93.85321757295651 87.04066085446561
88.94810028295194 101.09540688781715 93.4820357572703 94.12904788439732 102.23637375168857 88.25894950262841 83.16397435845602 64.75673465580462 70.10422635544751 87.4395615919392 92.58757641581929 88.03673043619449 98.87452523668071 97.76881030030984 87.37114618352587 79.90416507891587 109.25232899666503 101.73325344580212 80.17062221829622 91.69002712786346 100.10761381743134 80.89328266883297 73.48809245909149 89.47883046658922 107.00299046545808 92.02479881223678 82.89401762556304 101.10363692544001 93.85321757295651 78.65793456118729
85.84320819133234 101.09540688781715 93.4820357572703 94.12904788439732 91.77392638089327 87.08581028780964 83.16397435845602 64.75673465580462 70.10422635544751 74.43946308991065 92.58757641581929 81.80450049218837 98.87452523668071 86.95291678553497 87.37114618352587 79.90416507891587 109.25232899666503 101.73325344580212 80.17062221829622 89.25275797913059 87.0418000481875 73.34636394136066 73.48809245909149 89.47883046658922 107.00299046545808 87.55992177202927 81.21213774661896 101.10363692544001 93.09487402041975 78.65793456118729
84.57492098215187 101.09540688781715 93.4820357572703 91.08239188022571 89.60673552902574 83.18022994525938 64.89839421603108 64.75673465580462 70.10422635544751 74.43946308991065 81.247901958694 81.80450049218837 98.87452523668071 86.95291678553497 87.37114618352587 79.90416507891587 103.685015580749 101.73325344580212 80.17062221829622 77.54140902021231 87.0418000481875 62.97476078687964 73.48809245909149 81.83130170467518 107.00299046545808 79.46986826089687 75.3689027023463 90.37179648216147 93.09487402041975 76.07166866452451
68.16979620712516 91.65377514926035 83.17617299594792 82.44280911595797 78.03944356809006 83.18022994525938 64.89839421603108 64.75673465580462 70.10422635544751 71.63324202116519 77.57227004107096 81.80450049218837 98.87452523668071 81.4052987499606 87.37114618352587 79.90416507891587 75.23563195476731 101.73325344580212 80.17062221829622 77.54140902021231 87.0418000481875 62.97476078687964 73.48809245909149 80.8834620683192 107.00299046545808 79.46986826089687 75.30141174163793 90.37179648216147 89.143944739669 76.07166866452451
65.78447640540139 91.65377514926035 83.17617299594792 82.44280911595797 78.03944356809006 79.5854738921413 64.89839421603108 64.75673465580462 70.10422635544751 71.63324202116519 77.57227004107096 72.58250210941299 95.51448936407087 81.4052987499606 72.61755590922849 79.90416507891587 75.23563195476731 101.73325344580212 80.17062221829622 77.54140902021231 87.0418000481875 62.97476078687964 73.48809245909149 80.40005497799791 107.00299046545808 79.46986826089687 69.64903150892405 90.37179648216147 76.93447380025395 76.07166866452451
59.21470576604065 90.20990829592256 76.5241003346639 82.44280911595797 78.03944356809006 79.5854738921413 64.89839421603108 62.18497472023296 70.10422635544751 71.63324202116519 77.57227004107096 72.58250210941299 95.51448936407087 81.4052987499606 72.61755590922849 79.60859467847683 60.998985621580346 101.73325344580212 73.33972992074587 77.54140902021231 67.94308911625012 62.97476078687964 73.48809245909149 80.40005497799791 107.00299046545808 71.87856972410418 69.64903150892405 90.37179648216147 76.93447380025395 76.07166866452451
51.055105830071625 54.819316501041385 56.619634086327096 52.7622382107171 48.57043412356154 36.632212134377255 59.80125584359723 52.36996797932818 51.463591812477034 37.136725684503176 55.29475924746407 58.13873203299556 73.4940104285273 60.16500605232193 64.4843805041595 54.940390474577384 54.52433445888744 61.786356325286874 57.48830377757656 49.546350688391044 38.695473752528414 49.07256046587179 57.202466584620424 59.68318176628304 68.38334951157447 53.71616567113119 34.914013417909246 65.57428622558211 55.02686343254754 59.729262682221815
27.40308357441461 25.52494739330939 24.081100151829673 22.686121903529965 25.49829837346067 20.734623030148555 25.65654848640895 23.653538529734874 20.34375657026044 19.280154412789557 24.174788466091854 20.418354520354796 33.98730977871378 26.458776785632836 30.516261801836777 27.03155268807791 23.227037395015827 23.518948237244672 25.363669039163597 23.93582508254576 24.169059324937166 22.884233839225203 23.669451006684085 26.371321911679047 29.683476532570694 24.558083579902018 19.153761383138658 26.438606944154117 21.32121160833185 24.224912370511674
11.90523774658277 9.784655782177992 9.313897952007892 11.896289967497978 13.474636845306122 9.463469728577024 12.32541805442213 8.32568803135075 11.28606517351318 10.796656351147476 8.634600118805793 8.00123373339386 12.230329403422502 10.418404390798514 12.377158043792747 10.587610861499115 11.144945240628203 10.300508872433966 11.19088481326446 11.377964431200098 8.102527369132986 12.459404903366135 10.519192248318745 14.16464305657371 12.479948439211398 13.037174585274215 8.67473717075302 14.482828157416293 9.918497882853899 11.144653132584608
2.9701046759844303 3.6430640503705263 2.402801919160993 3.1219768848807234 3.367008721824959 2.992961122179395 3.6923590506681876 2.7272366799177234 2.7893860026496213 2.871045189998881 2.4363082165295964 2.6817339654013495 2.697400886935384 2.585984604526402 3.7064498436255917 2.58534000328234 3.0364649931661916 2.662386079097246 2.691229580217623 2.596686037577342 1.6423540041018896 3.574976144729135 2.657895244345241 3.299207077978849 3.5936890383052287 3.2136324692303333 2.155106521385619 3.9078401246490557 2.618189953355227 2.573938759844168
0.250275343852536 0.34230085569424773 0.19944138439666403 0.3027900367384291 0.29826746414630634 0.28408030328625955 0.33747418716075117 0.18251270408279652 0.2350289994802779 0.1762200378424268 0.28409359131126166 0.3450156762116876 0.3141768838798953 0.28689757704830754 0.2927139860146326 0.16938596065961065 0.19464048759743946 0.17903210131896685 0.2209162068660362 0.26263729545939896 0.15321167071829223 0.2397156327524499 0.22196979023840413 0.3024250142037772 0.23883815046974632 0.23338870006500656 0.2533392584005014 0.30247665494107423 0.20391327648076185 0.20364263738008503
0.00023049942717534577 0.000752754276959422 0.00045195099517059134 0.00043465989688229456 0.0005870013690127962 0.00039056050900398986 0.0004613381289573226 0.0003941021487889884 0.00035269726902242837 0.00032233061597253254 0.0004244867184297618 0.0005344172732293373 0.0005097795607298394 0.0005635609790033413 0.0003709938310976213 0.00031284724252600427 0.00028610224387648486 0.00035910610188238934 0.0003744336121371816 0.00029723164277584146 0.0002018596072730361 0.0007078564495941464 0.0004736349161476028 0.00046896217793346295 0.0002869901571784794 0.00046707760270692233 0.0004167104357293283 0.00030710646376519435 0.0004129842325255595 0.0003527978321926639
1e-08 1e-08 1e-08 1e-08 1e-08 1e-08 1e-08 1e-08 1e-08 1e-08 1e-08 1e-08 1e-08 1e-08 1e-08 1e-08 1e-08 1e-08 1e-08 1e-08 1e-08 1e-08 1e-08 1e-08 1e-08 1e-08 1e-08 1e-08 1e-08 1e-08
724051.0 742649.0 731284.0 736007.0 745770.0 733949.0 743789.0 734341.0 736298.0 733263.0 732175.0 739684.0 739108.0 739972.0 736880.0 731680.0 729293.0 737268.0 729493.0 733165.0 726583.0 741794.0 736104.0 738916.0 728493.0 731779.0 742364.0 733851.0 731581.0 730690.0
