1044.2440151999044 1149.5737850602645 1181.600944658694 1122.1686722822988 1116.5943889595765 1370.7199512062289 1077.0780512190831 1205.8349530351707 1229.3629179823083 1062.7484422766179 973.3847162436064 1038.9501020170856 1247.0861359744667 1222.3195514893614 1396.5636553848954 1183.6747121639141 1125.4047679464566 1266.6307417487938 998.5635750336655 953.4061271191531 961.785829539745 1217.6640727776557 1343.9326490546737 1122.0639911125168 1208.6935494019808 1250.0550660027147 1211.6943671295376 1269.4365432654636 1325.6578281374827 1098.3370629490973
1044.2440151999044 1034.3897238554055 1045.812700792937 1027.279167421058 1116.5943889595765 1370.7199512062289 953.7121725764327 1135.0113493967783 1213.902899379993 910.467919251817 973.3847162436064 894.8481895334908 947.8159607068751 1081.7777656273088 971.1773216393058 974.0027647723837 1125.4047679464566 847.039257875645 998.5635750336655 953.4061271191531 859.5066049706488 1178.727842922181 923.0185767105067 982.4002290287808 995.1226004360033 1099.008424896173 935.8332581076843 825.4336070187101 972.2570513725359 988.9579998784429
1044.2440151999044 896.1113061891388 967.9033008886345 928.9864563452647 756.2583928515355 980.4706198273293 917.88272683681 1039.54293184987 991.8947649246365 818.7024888339338 784.7993004864438 894.8481895334908 947.8159607068751 1014.038964220832 971.1773216393058 919.6647519247795 960.9770788002588 847.039257875645 998.5635750336655 782.6565543858469 767.1417006606434 1175.9207319187826 923.0185767105067 956.0553630210848 995.1226004360033 1090.1772556672895 935.8332581076843 825.4336070187101 866.8932669629512 962.2902474285138
720.9311712328026 873.600873444052 967.9033008886345 928.9864563452647 756.2583928515355 793.7420132666339 917.88272683681 792.8833148844542 855.6396847686824 818.7024888339338 606.5336919317483 579.9979148634129 877.7315669436971 930.6806514220734 881.0207607795965 751.8026223649649 960.9770788002588 506.0604214863274 953.106982339953 752.0647205571945 767.1417006606434 949.0897416979305 734.0454720608695 766.5086015185784 841.1295213057579 651.6667516762018 877.0475728833917 794.0217575017432 866.8932669629512 814.4985594002319
671.8307791384618 873.600873444052 808.8992356708391 874.7402350219604 622.1524762902795 793.7420132666339 714.3655772837137 724.5091003475163 855.6396847686824 674.5563932528548 606.5336919317483 579.9979148634129 877.7315669436971 526.1771956795033 819.0040951740516 751.8026223649649 863.8599387898985 506.0604214863274 733.3413116083202 752.0647205571945 627.5067187241066 922.202601038734 724.7462811065661 760.4981883559599 685.3546155577565 629.0805161913904 858.8110317856654 672.5243592478737 748.0539810128607 720.2868874963642
651.655913071233 503.96603504481664 808.8992356708391 772.3117899067333 608.2250212689678 765.2469018919078 610.0526061838641 590.0423167839913 819.0558339925351 653.9022014499074 551.8014137284013 525.1853534121915 780.9636292161158 526.1771956795033 791.4580484911303 646.2613486188293 688.4278287738334 482.8215506528072 733.3413116083202 721.8557189482408 624.4810642831271 803.9348092991709 496.67320059626536 752.0669177647114 629.5568850518785 601.3553798373737 641.0018855651601 672.5243592478737 748.0539810128607 638.8260206652635
527.9170140785491 487.6050675650422 674.7553210712908 610.5695293995568 541.9111949281069 563.5561721851122 434.5217260719987 570.3533521000663 653.1880549247289 612.542229204163 473.4982900835621 475.6446711973731 590.6821192618363 477.1060311321812 518.9395419388975 486.1296398251325 553.202112628971 473.1294358572304 544.0759867226266 607.350924380271 624.4810642831271 633.0749597923696 496.67320059626536 502.9646409949073 568.6208248265857 601.3553798373737 527.915403929383 533.7874209517731 593.1845836121342 598.366410056688
387.84522493218356 377.38718651854697 381.502015215392 434.9969518761409 393.261698409332 410.5516652481924 382.946836973942 380.4478743397394 439.2926883831551 402.00607420068945 388.0619762414749 365.06074308365623 456.71618179726966 395.97936076861924 440.75325554731444 388.42247266684944 405.92856745499284 391.66727032807694 390.7601606205435 459.9412109174709 398.7462078210051 409.500776726245 437.82422276844727 384.66286523063445 370.280025109098 407.00367976138614 394.3784869239712 420.7942300877503 323.8465661063492 453.9900371352642
312.27358462045186 331.1534847356397 333.4531371471976 308.92988885534487 324.06279298651543 322.39388173435873 320.3116647885395 304.96284014913954 338.2766641090875 322.87990752196674 321.85542140730877 320.04751790337286 345.12995906373635 296.695136063277 335.2332170836539 308.15400986912164 320.0713612528284 314.65596005713996 308.6944237428934 337.1936181987885 326.93596636169787 300.8767213683177 332.43714332262243 300.2126927889253 305.2178746586924 313.3005261498515 311.4523101358586 313.7935259061983 292.4621479267671 335.92412191825633
276.6520862614111 280.9430173020992 267.46916623467996 276.68883163297323 274.9995200599715 276.4061320991764 283.6870798964601 272.78633338062536 294.04942156847846 276.2904450266915 276.3695243408397 291.1046124780546 283.64839145685437 284.096025043179 279.3132738832883 275.63419936828586 286.067550171078 276.0291621184615 270.019146129358 283.0460382753481 289.58068873462616 268.54217019054704 283.44718816048 278.2313470870572 267.69337775046915 269.61349533251905 276.12996891140665 284.9552832890572 285.59839873402325 286.6703018900844
258.1326125176611 258.0476146748315 259.32297365622435 262.90472472131296 260.1018646084767 255.05126912995456 266.45449875415034 260.23382321462304 260.61842644116587 256.72038832496673 259.038108715798 262.8368327818512 266.0048427036104 257.9082643922634 261.09605967369134 256.07213169168335 271.0782850688497 251.1994370196544 255.04418590605292 260.58975662808916 267.09731022266806 259.8971787357186 262.11133370669495 259.6373095023123 254.50419648843763 259.42555099625224 262.02717537808803 268.26370094097456 260.2174534878359 270.3622728910059
249.38500754397546 248.78072040799861 249.6619892224203 250.02689897658684 253.44746122465767 248.24860696031465 249.18358315877822 252.47729905822644 250.1885265627161 247.8227313074267 246.0183660303519 246.3424129314426 254.20939865103765 244.755687526952 253.48461166903417 244.1400101169288 254.42705819626644 250.5679060874927 246.598753699167 254.1563579465892 254.6842361051904 251.76213719772886 252.98809400311256 249.74557309563443 249.862320415883 246.69475503046397 250.70749376127378 254.88864607343794 248.1916892823333 255.5457450242311
241.17294804245057 243.20135390493078 243.89485103568495 242.7754564560105 245.65766911890023 243.25622155905967 244.8586831539128 245.13478175359342 244.3242063447774 241.66485423931772 241.03841833906654 241.97134308347358 244.5797731106495 242.77012814382942 244.99507677230304 241.9421319431858 246.40514873642496 241.38913411733301 242.8545855212178 246.04811865903457 246.59544601840662 242.025218112527 241.7797547222226 241.59624434750276 245.4849239641835 243.14819504086972 244.89784893150227 244.75642299651327 244.03438806186796 247.95099671462413
238.36270268919588 236.03058067477878 239.83322826666426 239.19762061251322 238.38762485570942 238.5665147194759 239.2257717746088 240.99451081354437 238.57308474809042 236.2529377730284 237.31179814423012 238.21567967127157 240.48301155850413 239.16028682313254 239.81202909750118 238.30116370596488 242.62232686214384 237.6194999659292 238.98635222431312 240.11664363955833 240.83710297968491 235.63751990439323 239.59082158003002 239.31327245408647 238.97507315513394 236.68192998589757 239.03364810784433 238.9774072027899 235.92561210431177 240.9603597194441
235.96190369197166 235.0942188894942 236.44321763281914 235.97350240535206 236.75811477757043 236.47141353009465 234.6483672130612 235.21879189256742 234.97670261214853 234.16759657708326 235.2968732498921 235.78505819291195 237.34131077724078 234.8142539303676 237.88667890692386 234.64985386326362 236.91722397250396 235.22029356222856 234.85418070197193 237.29850093556252 237.47835929273015 234.37804997726744 235.94168836217614 234.91849320256506 234.74297462991854 234.2835950454364 233.96723110256653 236.45702432142207 234.38602246295113 238.24501607407046
233.97432314257912 231.86631404092532 232.63333680762753 232.68440718568172 231.68311270452477 232.2390680703852 231.9542993559662 233.07027409515058 233.9743009461895 233.9743009461895 233.12770527324847 232.9546785119237 233.38924476376633 233.15048311347027 233.97669535698515 233.97430094705214 233.82373808556258 233.2597220016455 232.98745170618258 232.1781198500862 235.65492041127527 233.97430094618903 232.08967644952236 232.90717170958442 232.00093990420328 233.97430094620267 232.04509304019257 232.667330049685 231.82915439181033 233.30206722269122
999999.0 999999.0 999999.0 999999.0 999999.0 999999.0 999999.0 999999.0 999999.0 999999.0 999999.0 999999.0 999999.0 999999.0 999999.0 999999.0 999999.0 999999.0 999999.0 999999.0 999999.0 999999.0 999999.0 999999.0 999999.0 999999.0 999999.0 999999.0 999999.0 999999.0
