533.1320122994553 560.4189077057426 571.6491299161735 687.9711501031375 528.7552224604033 412.9891483575675 518.8160756579555 474.5737595264518 538.5049619652991 472.44742870744903 476.4404576680363 415.2110455408474 622.5451052589333 555.523406304731 446.7851400512045 475.9486506111043 353.2127134572188 633.2636783293615 512.4721152819357 541.9214929754603 578.3305316949936 542.0853785056024 604.2358063398992 640.1053978010332 409.78663002382746 544.8580165814019 491.25001676531156 756.1388510039133 601.6279632673122 398.18976272772034
491.78612893957916 448.83820489255777 570.0307735732631 687.9711501031375 502.16978124821844 412.9891483575675 486.557091172132 440.5654245854889 504.3505490047078 463.89874695496974 406.1557989124062 415.2110455408474 423.3678558481856 555.523406304731 446.7851400512045 469.3245068757228 353.2127134572188 630.7357579580062 511.98917942838216 541.9214929754603 578.3305316949936 542.0853785056024 604.2358063398992 522.8245208478811 409.78663002382746 544.8580165814019 442.4221245381377 538.8611105755745 534.4712817353784 398.18976272772034
491.78612893957916 446.02481840496193 396.49763544833513 669.2330360269775 487.0844070646972 412.9891483575675 486.557091172132 440.5654245854889 491.61881546043423 459.92735837193595 406.1557989124062 415.2110455408474 423.3678558481856 510.5468987051977 446.7851400512045 469.3245068757228 353.2127134572188 620.0535410546222 511.98917942838216 511.36897110536756 398.2738996720309 491.65547041862646 499.419999969773 522.8245208478811 409.78663002382746 508.99237913344814 442.4221245381377 517.58989975242 534.4712817353784 398.18976272772034
491.78612893957916 446.02481840496193 396.49763544833513 553.89349371769 487.0844070646972 412.9891483575675 406.35298442465864 422.2821817361655 406.99542983225274 389.12248367048187 406.1557989124062 394.34987895135146 408.89456888222776 393.46468031233235 385.95369316170763 441.2656645245065 339.2672784671995 620.0535410546222 511.98917942838216 511.36897110536756 383.3882400854359 456.6048999607565 465.58684123880994 499.823804617703 409.78663002382746 452.6029323928774 367.7221669258961 517.58989975242 534.4712817353784 398.18976272772034
438.9864908902796 427.0738822308517 395.95072226175944 553.89349371769 438.58951677134655 412.9891483575675 406.35298442465864 414.3383064548743 399.28599308688536 389.12248367048187 391.24849717203824 394.34987895135146 408.89456888222776 393.46468031233235 385.95369316170763 441.2656645245065 339.2672784671995 495.08930709652486 511.98917942838216 436.3712551325161 383.3882400854359 451.7827953734768 465.58684123880994 450.8131765668968 409.78663002382746 452.6029323928774 363.8109295239824 517.58989975242 534.4712817353784 359.85985320629834
424.54521776824276 427.0738822308517 395.95072226175944 468.6319939798432 438.58951677134655 412.9891483575675 383.28144130652026 406.9032850039589 399.28599308688536 389.12248367048187 391.24849717203824 394.34987895135146 408.89456888222776 393.46468031233235 385.95369316170763 385.40726946186714 339.2672784671995 428.1753816359542 435.69126612350055 433.5303843066695 350.9845211488614 428.7174844025262 394.5987475374727 408.9575311332187 409.78663002382746 444.4308101060651 363.8109295239824 517.58989975242 501.8695848216121 359.85985320629834
399.7479019872071 416.826805716893 377.0875683256063 468.6319939798432 402.61962819017026 399.42136990427616 365.1412106118978 331.3532544832847 265.4275718257927 389.12248367048187 391.24849717203824 394.34987895135146 385.30042284990395 353.43953767711537 381.02153428048086 379.65758031631367 339.2672784671995 348.5177850784421 424.172437489603 409.61802085950285 334.88852036591516 401.28169785223736 394.5987475374727 403.541402680381 409.78663002382746 407.91071591500895 363.8109295239824 472.977635818831 421.42436286407246 359.85985320629834
338.57658184522916 367.7308184742683 354.53000157881706 417.5480833823176 390.31333916309086 353.7358349154647 311.2986513901469 267.98804537872275 265.4275718257927 362.0140834404292 360.78790319616564 298.97904014427513 325.36269296322325 346.23460762761533 368.56964678270697 346.33801219213274 289.8696499614093 335.9021390788953 361.7918289672989 384.6075735866407 311.1223388453582 374.69452554576446 341.65877301056935 389.16945477792615 402.195816377699 339.38009211345843 353.25284819230774 400.59308883240874 305.16344591558664 338.1980583235468
300.16978959676726 303.11706927080513 290.7026111963023 269.6371121790262 324.62781018248916 280.77239105941317 301.4565924411513 267.98804537872275 256.6078842138836 286.4404736094443 304.64532112952975 265.6744537309678 303.29681276429346 253.95081958618175 272.4002677614426 280.5887353238295 282.8280803112366 285.00085101453305 284.8322474627248 307.74019701706084 280.4510474665067 276.7641260511132 268.7908681883778 331.50603358117223 358.56342297717674 284.7788298210371 281.3764813210314 303.2701361301338 289.0782043519166 290.4550960184938
251.5883713840667 265.21463157821836 250.84379792992104 246.40499919021067 259.3568531470828 249.5743854959328 247.26067993269362 249.69355804703537 243.81078508890232 246.24614275373733 259.8495793378097 242.56783304555165 243.72412187588134 253.95081958618175 252.23194959403418 256.5521304889503 249.84871140483438 247.6374589100751 257.0059703107536 261.1437098503675 251.03991044248323 232.43085187680163 243.07242368191464 235.97744791960986 271.1312821461179 242.87570417331244 243.5612698769978 239.84765133058954 235.69909674895916 247.42101418294533
233.14478679757485 240.06658114625952 230.3178257480845 231.93582354230102 230.7257856668939 235.40616472218426 233.4661958905108 235.5805428927306 231.2906075571741 231.63671525772588 236.16182966538645 231.69023323367674 230.50434076270994 231.34854250520038 231.17686445107665 236.69140951881582 232.98556507823196 233.2327089633709 234.60761442819057 236.5147810729236 238.5215444307214 232.43085187680163 233.6709439184856 232.74501911752122 237.37964431348746 233.524935807367 234.2232069747579 236.42179243384862 231.8547166802391 233.23781973963878
230.052504273478 229.73308399232292 229.56910218578741 230.04551041330433 230.27307789375118 230.03870136392425 230.20448754179188 229.5270052908736 229.6260797485952 229.92278933124953 231.1268058265955 229.62504356421096 230.10874022780672 229.6759941756104 229.7293068936201 229.86433368520466 230.30951301614868 229.62624911020794 229.57983476496292 230.10006029368014 230.3336209943477 229.7652552827717 229.64287574901073 229.9711126918428 229.97105668219365 230.51539370250794 230.00191187272048 229.61144370648026 230.01135836400363 229.54318185607008
229.3133351905417 229.32131048604924 229.3226589388255 229.3129429714936 229.36556385168478 229.2993852311597 229.323919291749 229.3046956258022 229.32258896445637 229.31275194101727 229.3394207376209 229.3127428128837 229.30158676984593 229.30794478042299 229.3305648705723 229.3399341840477 229.32099447707515 229.3147465831912 229.31155317854473 229.3818205650823 229.31217993002156 229.3012300241844 229.34219013224265 229.31811574272342 229.38604819916964 229.35371822121806 229.3246598439805 229.34248310396788 229.3260607357115 229.31142127931525
229.28496603703297 229.2846982873416 229.28465845456049 229.2850403355751 229.28658348217868 229.28474595293983 229.28532467243622 229.28511510159478 229.28452778487735 229.2846950662224 229.28525754199336 229.2854225680744 229.28498288243145 229.284856751628 229.28465452630235 229.28508646117962 229.28479230833364 229.2848952358927 229.2849020721128 229.28615389292372 229.28482973668497 229.28480628095303 229.28502251665213 229.28509141228096 229.28647126813303 229.28554887916016 229.28563570547885 229.2849351980458 229.28537900549418 229.28499328042471
229.28438270891502 229.28438270864535 229.2843827085635 229.2843827085917 229.28438270944525 229.28438270852484 229.28438270855895 229.28438270852075 229.2843827084953 229.28438270858715 229.28438270851711 229.28438270856122 229.28438270849665 229.28438270855304 229.2843827087354 229.28438270858032 229.28438270848983 229.28438270849438 229.28438270850666 229.28438270897368 229.28438270851439 229.28438270850938 229.28438270859942 229.28438270858487 229.28438270891138 229.28438270859397 229.28438270858396 229.2843827085203 229.28438270860943 229.2843827086017
229.2843827084871 229.2843827084871 229.2843827084871 229.2843827084871 229.2843827084871 229.2843827084871 229.2843827084871 229.2843827084871 229.2843827084871 229.2843827084871 229.2843827084871 229.2843827084871 229.2843827084871 229.2843827084871 229.2843827084871 229.2843827084871 229.2843827084871 229.2843827084871 229.2843827084871 229.2843827084871 229.2843827084871 229.2843827084871 229.2843827084871 229.2843827084871 229.2843827084871 229.2843827084871 229.2843827084871 229.2843827084871 229.2843827084871 229.2843827084871
199999.0 199999.0 199999.0 199999.0 199999.0 199999.0 199999.0 199999.0 199999.0 199999.0 199999.0 199999.0 199999.0 199999.0 199999.0 199999.0 199999.0 199999.0 199999.0 199999.0 199999.0 199999.0 199999.0 199999.0 199999.0 199999.0 199999.0 199999.0 199999.0 199999.0
