111.60114256626309 120.22608158907747 101.5490972500379 105.82399555590553 110.78811016459451 110.26741926467935 87.816277523483 113.22203161333141 105.78199113401092 105.3872065613167 103.43503875921601 92.1500585805743 83.13459954301106 113.01138519690039 120.72209815779263 111.73458377895781 113.05503327665315 114.94225269053038 107.25279163850576 105.72769991880318 97.3836585656071 114.02257913694746 108.52973420183184 119.32243469586331 118.55105158399317 119.36747399589933 108.93019055234731 103.62644042242528 109.84767518527383 91.23076981581653
83.53928017981764 107.0943088525463 101.5490972500379 105.82399555590553 102.82348949973778 96.28681427520564 87.816277523483 94.60312629644238 103.52060779704618 100.12009785382725 94.65775108870685 90.02833656158862 80.80135432264979 110.68273939810786 116.62329868644838 111.73458377895781 95.52589754015844 91.54615941556222 107.25279163850576 105.72769991880318 97.3836585656071 105.92907163800874 101.58646735549235 119.01729942904683 104.82575389363092 94.54442882554838 100.2152428143985 86.48546445460636 97.71020948629325 91.23076981581653
82.94049805828138 103.64488813127832 94.60864006827569 98.71360806755399 102.82348949973778 95.19481754314666 87.816277523483 92.68813121440189 103.52060779704618 92.30475603947605 86.88051151312379 86.68129516251895 80.80135432264979 96.32121634679163 111.17251044419379 104.27897322106844 95.509525369426 83.04963504534885 81.54385019618246 86.30901710823298 82.02741174563062 104.7851890820017 93.77952736525776 103.66802261322971 104.82575389363092 89.65233840518397 97.91295413478997 86.48546445460636 90.04466078602013 91.23076981581653
70.4054437446573 89.09294880045229 88.7873203976236 95.93788593158683 97.1740593021359 91.38800613652143 87.816277523483 77.75916126443451 92.44668686613613 91.21712907176482 86.88051151312379 76.63161037248574 64.26565796061459 89.35938894114327 107.92661742758162 92.25808720931366 95.509525369426 81.77231613201775 81.54385019618246 83.34382329725793 78.51499124797942 88.78301276323418 92.37253520925651 103.66802261322971 99.05491756147387 89.65233840518397 81.96958687500819 86.48546445460636 82.56884583127885 89.9093923861999
70.4054437446573 88.6648230833481 81.76503125305658 95.93788593158683 97.1740593021359 74.82847842553701 87.816277523483 77.75916126443451 82.08134510821537 91.21712907176482 82.9433858715222 76.63161037248574 64.26565796061459 89.35938894114327 98.28948436137921 79.01928096778158 90.23766517137346 81.77231613201775 81.54385019618246 74.87469596993674 78.51499124797942 88.78301276323418 84.2635873680374 101.34905747131575 87.6189652989658 85.37897254706411 81.96958687500819 86.48546445460636 82.56884583127885 88.57643642997323
70.4054437446573 80.75425067117658 69.35301372399795 71.59763492796014 84.55796666871663 74.82847842553701 87.816277523483 77.75916126443451 82.08134510821537 83.78986328401754 78.16296011164604 76.63161037248574 64.26565796061459 89.35938894114327 87.69526983115838 79.01928096778158 81.67617280514185 79.27659839767705 81.54385019618246 63.52428158344276 78.06260567110326 78.20178446356397 80.37935118200005 92.19618085004538 87.6189652989658 85.37897254706411 75.05393239294335 77.69856298416767 82.56884583127885 88.57643642997323
69.55301028221152 77.14028580099387 69.35301372399795 71.59763492796014 76.91702754314156 72.09726376418439 83.29048455800216 70.09855260828874 78.53090171165127 58.10067045234541 78.16296011164604 70.62271194371021 64.26565796061459 80.77572301421492 72.49915869342146 71.53023624991943 81.67617280514185 67.51642036914404 70.65984037548674 63.52428158344276 76.01178380179749 71.16719028027364 75.71955448910774 69.9837428537628 87.6189652989658 67.3338044838132 68.08948079094387 77.69856298416767 73.49147012120272 79.80815252598472
58.26128858721904 58.37316517642762 62.58086009747558 58.28052831034336 59.03030103841422 40.51796357990031 60.73797257719389 61.90290944775131 50.81727064765869 56.284818376857515 58.555014004394934 50.525384442988866 54.05706818836131 57.23306461776656 63.60980536871284 54.60387059251207 56.22153746142783 58.481679897418644 51.99223655767139 57.00869223124607 54.651355854332564 58.48474478681692 59.21759241428799 59.74385416686846 60.72899077207978 53.98726462199795 60.713418365798475 60.53005639478249 60.13358636203998 63.34096110649227
43.5796722281608 45.60723678805016 49.39387315719807 43.44447190524443 43.897367819836745 38.3535407757704 49.09152322683133 45.70075232849945 37.834091551280494 43.350975453533465 49.86779359815171 41.21960036225232 36.99830020703109 37.72205240450137 39.747536832812216 42.05367285602699 44.292006244383856 43.55299894351765 48.31752195726301 40.48510418638898 43.23945241915078 42.60352210429801 38.052986019670925 48.52328870248641 50.9765095753545 35.6469361271902 37.694541369618264 43.88998630934998 46.48711153228601 47.881533557092894
27.869078369371437 30.01806249061974 29.0168477872661 29.784042962292574 25.98623473170153 23.226659951444844 27.961686868839593 29.824065441168955 25.615879745224788 22.27063113164843 30.51273767995849 28.637916123691753 27.711701552181694 27.345707004078236 30.456402027639342 22.753824081760058 23.167747458278654 26.43112774197016 28.67371310081137 24.83519668707868 27.916765154000586 29.122078976116768 29.037178186927804 31.210635972085697 29.24241073857911 25.65349781281452 29.324678946138647 28.192755150952394 26.2898941283745 25.57370933234472
11.933406330416915 11.879129867347501 13.816560527585693 14.9822006127049 13.443438750859286 11.248745540933214 14.908144890871768 15.169344373784952 12.353878013536473 13.600368661748917 14.201134475360618 12.600438980541412 13.431551180290853 13.836918372438618 13.894948438462052 13.270252812488707 17.05378732972474 15.532743774274081 15.247538619036732 13.987332245497441 12.559295725231891 13.09271340685791 14.206918406358227 15.014504436188986 15.579033289011363 13.702510978540317 14.938120099532512 14.30829421946305 15.286111345739755 14.415640475082341
3.985918809793361 3.7489639964010166 4.252702860598333 4.685761798234239 4.198202730185471 3.3422057186389793 4.935304694618026 3.911775076939989 4.18155968336896 4.402002380003978 4.131977272093309 4.821494843423238 3.6274726613435178 4.566281827793773 4.289596171016456 3.294828637037199 4.686524711164566 2.9992026455551013 4.508319743331413 3.6068455836898465 3.5837039926585703 4.442366176133078 4.414152763049515 4.457865872123989 4.156747550654927 3.840064792461476 4.28000783211985 4.309437721352538 3.5759637722459274 4.145494896316109
0.3368653263565875 0.4732166892483747 0.3846478646782998 0.37065526703565865 0.411686356445216 0.33277885825418707 0.5064615319665791 0.4635730471923125 0.34589957707351005 0.488147432893129 0.4580210461446086 0.47519950132129907 0.48671564704034154 0.3874743413834949 0.4263867645610162 0.36598700328841005 0.5358179330992243 0.38078098151117956 0.47312491090576714 0.48409450429255685 0.39544386676357135 0.49188005329801854 0.40957507540417737 0.5101102789361676 0.35600575615671914 0.36127563239506344 0.38529041112440154 0.36881382128945006 0.3697790821734088 0.38373331993500415
0.0031518431537733704 0.0034462693624845997 0.0033797441276419704 0.0027861357451683944 0.003410040999369812 0.002554991866986711 0.004251707144135253 0.004724419903482158 0.003489069081069829 0.0033530502693110975 0.004473575155202525 0.0036738839610279683 0.003807202073062399 0.0032139389079475222 0.002807179713045116 0.0032699063441441467 0.004539193380196593 0.0035457132240708233 0.0033416589070611735 0.0036908250546048293 0.003842046176828262 0.0038992476836483547 0.0023690595279504123 0.0033035112409152134 0.003207440577853049 0.002947040894696329 0.003988623063946761 0.003204690899792695 0.0026651034628457637 0.0032263084665373754
1e-08 1e-08 1e-08 1e-08 1e-08 1e-08 1e-08 1e-08 1e-08 1e-08 1e-08 1e-08 1e-08 1e-08 1e-08 1e-08 1e-08 1e-08 1e-08 1e-08 1e-08 1e-08 1e-08 1e-08 1e-08 1e-08 1e-08 1e-08 1e-08 1e-08
1e-08 1e-08 1e-08 1e-08 1e-08 1e-08 1e-08 1e-08 1e-08 1e-08 1e-08 1e-08 1e-08 1e-08 1e-08 1e-08 1e-08 1e-08 1e-08 1e-08 1e-08 1e-08 1e-08 1e-08 1e-08 1e-08 1e-08 1e-08 1e-08 1e-08
536613.0 544291.0 538416.0 534285.0 539187.0 541491.0 545811.0 548586.0 543021.0 540980.0 545558.0 540212.0 543529.0 540468.0 540212.0 539187.0 544037.0 539187.0 535839.0 543021.0 539187.0 540468.0 534285.0 546317.0 539700.0 536613.0 544545.0 535321.0 538416.0 542256.0
