217.0543873800002 198.01861331833197 126.52492822068007 125.99179321441125 208.64254668501144 154.5137525801165 165.57097765913932 177.14538083047228 173.95632320076083 131.80326117471122 146.2212425087473 179.59264084618235 150.5900522686061 192.4979508663837 148.0550166430544 154.13224640237468 134.84681860144292 137.07727409360268 156.30648543951156 106.34632405185494 132.71605000806267 155.85522631716503 142.86617563326308 176.23432690465006 188.83922033206773 178.05350297590576 178.275751736252 151.95637317917272 219.9990188312363 133.59962883817389
147.30255894804577 198.01861331833197 126.52492822068007 125.99179321441125 164.0528813487449 154.5137525801165 165.57097765913932 177.14538083047228 173.95632320076083 131.80326117471122 143.47058767622366 146.21156728460892 150.5900522686061 192.4979508663837 148.0550166430544 132.09500144002504 114.30174291360981 137.07727409360268 138.03515404526752 106.34632405185494 132.71605000806267 133.76368440966417 142.86617563326308 176.23432690465006 182.7799507720688 160.40948162680434 178.275751736252 122.6489404435356 219.9990188312363 133.59962883817389
130.27605134451096 198.01861331833197 100.49783834573918 125.99179321441125 157.83998113858206 154.5137525801165 165.57097765913932 152.633980603523 138.2858910148234 131.80326117471122 127.83065349234175 146.21156728460892 65.58666624962007 164.01999618502623 148.0550166430544 97.8033815326744 114.30174291360981 119.35431211919058 134.35444939775243 98.00881763906182 132.71605000806267 102.65842876640363 142.86617563326308 176.23432690465006 138.14452833457835 118.47327079353772 156.557396692378 96.7490471066817 140.45231576938704 133.59962883817389
130.27605134451096 121.13763961162977 82.61911348123112 125.99179321441125 150.70717121108737 154.5137525801165 158.66408685135775 152.633980603523 100.94503467995673 105.9557441961042 127.83065349234175 146.21156728460892 65.58666624962007 164.01999618502623 141.09082691737194 57.42774397332505 114.30174291360981 119.35431211919058 111.62350514628861 98.00881763906182 132.71605000806267 102.65842876640363 116.76659453178945 176.23432690465006 138.14452833457835 105.06159885951456 153.70280152691112 96.7490471066817 140.45231576938704 133.59962883817389
102.06567951213401 121.13763961162977 82.61911348123112 125.99179321441125 150.70717121108737 154.5137525801165 125.85362022037316 121.01015515277686 100.94503467995673 82.43090159245685 127.83065349234175 140.6913177929323 65.58666624962007 164.01999618502623 141.09082691737194 57.42774397332505 114.30174291360981 116.0535478329939 111.15942541123877 85.89482989689031 132.71605000806267 102.65842876640363 116.76659453178945 176.23432690465006 138.14452833457835 105.06159885951456 92.44346912068295 96.7490471066817 140.45231576938704 59.46871019430864
102.06567951213401 121.13763961162977 82.61911348123112 107.10064536333266 104.14801935578953 122.31252884659261 125.85362022037316 108.22629841553271 86.82538138447808 82.43090159245685 127.83065349234175 101.06652013394114 65.58666624962007 116.68924399973821 141.09082691737194 57.42774397332505 98.10443277085642 116.0535478329939 100.60013852028078 85.89482989689031 132.71605000806267 102.65842876640363 116.76659453178945 128.6299264584959 138.14452833457835 105.06159885951456 92.44346912068295 96.7490471066817 140.45231576938704 59.46871019430864
96.94721309276383 121.13763961162977 82.61911348123112 96.56873102646523 65.05663206657255 113.964996158345 94.85107855847309 108.22629841553271 86.82538138447808 82.43090159245685 98.75709009388629 101.06652013394114 65.58666624962007 116.68924399973821 141.09082691737194 57.42774397332505 94.90330183229707 108.61619002252473 89.21802699972022 85.89482989689031 91.34945352078648 92.84935854770674 69.46640215434763 128.6299264584959 103.47175872880916 105.06159885951456 92.44346912068295 84.48142617520443 112.92835095874125 59.46871019430864
84.52854196458611 103.29515712326474 60.39426496407168 61.091707243359906 65.05663206657255 94.1493198353478 72.28216420502031 87.00234623871211 77.14048934225275 79.84792721835174 82.69113128920071 77.7521683233208 65.58666624962007 92.99356522853941 106.02225216630768 57.07441417207565 85.21372266226263 102.37358795602859 89.21802699972022 58.140016595111774 70.34713344140937 78.54420163685745 58.86295170225958 116.33785916707302 97.49203657797807 94.51695852887178 92.44346912068295 84.48142617520443 67.92767263089127 54.11729661534355
60.97217133361937 64.06767529687022 48.80089645945054 51.64276126155619 52.251376718094434 79.28136924993214 66.20106476586989 68.60593891940835 52.58767549966933 46.49978262442119 77.94444132041417 57.37299166113144 65.58666624962007 51.10134102485108 63.6687940319498 57.07441417207565 70.17720874033284 69.27744060077293 65.28397360952977 48.9792132992834 51.430294007343946 65.97397983922474 58.72747590961853 69.40125957453438 73.67891350694572 74.46838775470496 90.5865764449868 72.50038477202952 63.10902764150342 54.11729661534355
54.712012247632174 61.08304744290672 48.80089645945054 49.63030798337013 39.75793775265697 58.74606424025069 58.16235282439493 56.39980741113368 44.781817083813166 40.12900675369019 38.01131365719789 52.791285836518 59.47406070366833 51.10134102485108 49.44280341197009 43.94258124165822 52.46383169501223 56.54046496550154 39.19811646687572 48.9792132992834 49.006831649373 49.21394065753475 51.74350553614022 60.55274491051068 55.31933281173815 61.946468403883046 47.790657627997916 53.38788566571657 47.30657433848501 52.463673786948675
44.80321773655146 42.60044159393806 41.629434810589146 36.167277525472855 38.55847329877042 32.67864897269874 43.53714049234418 42.42178523384655 28.22468668463489 38.82215244715508 37.30611547993681 45.14999063464893 35.82543973085899 47.95795569039751 41.01791139539819 30.177098796484415 42.00409755512919 42.92931962798866 39.19811646687572 37.82772329087538 34.645058916420794 26.95083503687374 29.941821599453988 35.28836614119518 39.45092601122451 38.260140512510816 41.8697863352063 39.208291854428126 45.61154212329507 37.04660047210564
33.5610575932717 35.839966026644106 28.65675783025017 28.718091785648994 29.046979493389927 31.726243431115336 36.16929538528166 29.012975003549855 28.22468668463489 27.77162165826644 13.312655003207738 28.288716459509942 31.199146002260022 32.41875071935351 31.084660718418718 27.22442662352455 33.61320168737893 30.953643319106277 30.344036546916413 27.817369725590424 24.217202928027746 26.793092846105537 29.06721307500311 29.925455818940463 33.06061928287727 33.079911720549035 32.68755884808729 31.887369084791317 31.45423856350203 30.08086071975754
25.79574311236047 18.39224750511903 24.478440248173683 19.691083187692584 21.381887943873153 20.394745647782884 20.14851033727814 20.319348234011386 25.830197543446502 18.732805143846463 11.608624095300684 25.12312203355191 24.12844702686266 25.62073880470257 19.717217658573418 21.751310529515195 25.485243743972205 17.429277008192457 24.90634625083453 22.592896228311247 22.944847140445745 26.397229683770092 12.959098085619644 27.334260482002946 26.587939933207963 22.145966958085864 20.428023143595738 26.71471367624008 12.700461147660008 19.36942412140138
14.654971524731309 8.643256117088868 11.767347536569105 8.297517892241785 10.16990282230222 12.341041559090854 12.176559953561082 8.963210377602536 13.880977235907494 11.454219933210197 9.630728277904836 13.443003157176463 13.486661109039233 12.008304480982815 14.780290755716578 9.903289470090385 14.219803521188624 6.91927486516056 14.994331335320112 13.621484484813209 15.024424209090284 7.768205436839025 8.8580517884252 10.821068912773626 10.978443311303863 9.589185029968576 9.756610659865146 14.114231402577161 9.773170485932951 10.159709193604385
5.659196925742208 2.736484787479185 4.838117550245215 4.2615523598353775 7.243940056694555 4.662508466354893 7.514591046808164 5.7094658703886125 6.04430189548134 3.582118032398512 4.394385945033946 4.623422623373926 7.680162079701631 5.488775523926506 4.995810360198675 3.882119110226313 5.946850785627703 0.7747802680487439 3.8712446199026544 4.605710928673716 2.327278061218749 3.3704238223474476 2.6869332356177438 7.563867216993458 4.03753094731951 3.9337408754508942 4.093036371839844 6.314692501661284 6.151702704491299 5.9247010989622595
0.0014132007615899056 1.919877377076773e-07 0.00038532704297722375 7.904704261818551e-06 0.00025944425078705535 0.010220377414498216 0.0028812123589432304 0.004874300900837625 0.13116905629362918 0.00764720820598086 9.935865364241181e-06 0.005677157215814077 1.9961558109571342e-05 0.0025888386023780185 0.001380245985046713 0.01662078138861034 0.01130423704671557 9.782236315913906e-05 0.00015037260527606122 0.04581539387140765 0.00010947318855869526 0.006141370714658478 0.00034740036312541633 0.0023600579418143752 0.00015484918276342796 0.00640367929850072 0.007858858270992641 0.0029429487942707055 1.2219911695865449e-06 0.027687567007433245
199999.0 199999.0 199999.0 199999.0 199999.0 199999.0 199999.0 199999.0 199999.0 199999.0 199999.0 199999.0 199999.0 199999.0 199999.0 199999.0 199999.0 199999.0 199999.0 199999.0 199999.0 199999.0 199999.0 199999.0 199999.0 199999.0 199999.0 199999.0 199999.0 199999.0
