292.20030307671414 57.15059028591122 328.0247778253315 222.9163337985574 229.5009137206498 121.99632662099248 160.41165576281492 86.39277910298597 86.20868185536801 300.27966670349133 77.07740537130121 79.88722660904978 227.04129109037785 59.017636398587 120.24631297380938 171.2341451033135 417.00227881803175 68.81408800926783 70.21992603684885 221.22791045736903 83.29947095073658 153.73515722062848 151.3299097557856 71.60950515068862 62.30680594377054 88.99774778185702 69.41520651403061 217.4587076310736 135.7194073778237 69.6917176109555
113.4343000880699 57.15059028591122 260.5747452297919 222.9163337985574 199.0298826766657 97.30249751435667 160.41165576281492 39.49764468793137 86.20868185536801 172.04370747611074 77.07740537130121 79.88722660904978 161.60232544562678 59.017636398587 100.40558694377023 171.2341451033135 42.71493516541841 68.81408800926783 70.21992603684885 118.44367339884138 83.29947095073658 128.67347378680188 151.3299097557856 71.60950515068862 62.30680594377054 88.99774778185702 68.97851335374344 186.9660695707862 135.7194073778237 69.6917176109555
113.4343000880699 57.15059028591122 260.5747452297919 171.79758846423556 199.0298826766657 97.30249751435667 57.32936226016636 39.49764468793137 86.20868185536801 69.58746155833433 66.4509333994256 50.101610700113724 50.99372130209986 48.48557623310444 80.92301517321312 107.75144809069207 42.71493516541841 68.81408800926783 70.21992603684885 118.44367339884138 59.35733796915565 109.31684029999724 92.61532086061243 71.60950515068862 59.45546920455081 59.42358720158154 68.97851335374344 186.9660695707862 129.04311126215862 69.6917176109555
89.11622921514709 57.15059028591122 76.93967131411728 100.45329273483185 199.0298826766657 97.30249751435667 55.79567736228955 39.49764468793137 80.99268345583914 69.58746155833433 52.100596929790754 50.101610700113724 36.30617033514409 47.53931965268612 80.45451025783086 107.75144809069207 42.71493516541841 46.86294761454428 57.788507328472406 118.44367339884138 59.35733796915565 109.31684029999724 92.61532086061243 71.60950515068862 59.45546920455081 57.97690289466527 68.97851335374344 107.82043266651226 129.04311126215862 58.23058192721783
79.62916032539579 57.15059028591122 76.93967131411728 100.45329273483185 69.80522998530614 97.30249751435667 43.08285312134876 39.49764468793137 80.99268345583914 69.58746155833433 52.100596929790754 50.101610700113724 36.30617033514409 47.53931965268612 80.45451025783086 107.75144809069207 41.64947257649783 46.86294761454428 57.788507328472406 118.44367339884138 59.35733796915565 109.31684029999724 79.54891243272778 71.60950515068862 32.320245558886654 57.97690289466527 48.615513026787085 106.0402685055492 121.65709238162799 58.23058192721783
79.62916032539579 45.7434917055989 67.79141695290673 58.59050307575717 69.80522998530614 97.30249751435667 43.08285312134876 39.49764468793137 80.99268345583914 69.58746155833433 52.100596929790754 50.101610700113724 36.30617033514409 43.18950217499514 67.90474670649519 90.06763736214316 41.64947257649783 35.57036961294216 57.788507328472406 47.46220952298472 59.35733796915565 88.91100844970333 79.54891243272778 71.60950515068862 32.320245558886654 39.38736253865818 48.615513026787085 106.0402685055492 64.53243187112867 48.00143553803946
71.59811914276224 45.34245668574431 52.64636090679551 38.45909833640235 42.265766343630276 81.8221440289476 43.08285312134876 39.49764468793137 57.647587752976506 49.39299578160899 52.100596929790754 50.101610700113724 36.30617033514409 43.18950217499514 67.90474670649519 59.673556207576894 41.64947257649783 35.57036961294216 41.54894491286677 47.46220952298472 59.35733796915565 57.29532645481595 54.216780472519076 39.60463816599986 31.835006084805627 39.27491159850433 48.615513026787085 80.62857612830612 55.7633056930963 46.10297547677146
57.23270544135721 45.193950933316955 52.64636090679551 38.45909833640235 42.265766343630276 39.11108504379945 38.373253589390515 39.49764468793137 54.018953755584334 43.09972547269308 42.809151936332455 38.03352751065768 36.30617033514409 40.67135365893819 31.620691311309656 51.08095676304447 41.64947257649783 35.57036961294216 41.54894491286677 45.21630310387263 52.32094341019774 51.00802031080957 45.99139543526417 36.502521318896925 31.565179278905816 39.25540447996809 39.205782299659404 45.51877885405884 49.76342879791446 46.10297547677146
38.26118327331142 30.794793875589676 38.81734643551863 32.535425705300895 37.46000247858774 37.788895211048384 36.15477328926772 34.877105248755925 37.62202674057744 36.033087746104684 33.30433677450992 31.013722712614253 33.06586443097558 40.16344967683699 29.850817504943734 33.48765156220543 41.64947257649783 35.57036961294216 36.16278427566158 37.03026777866398 30.370591303445053 40.71917837767569 39.24162103510207 36.502521318896925 31.565179278905816 32.203943130377866 31.152562671241412 35.59811725831878 35.237649109106314 41.13433221169453
30.57526021412741 29.958900503870154 31.77050896941364 32.535425705300895 30.39956797859213 32.66644537373577 33.25309178135922 32.21983673304385 32.17130695216929 29.670216055528726 29.60923314754882 31.013722712614253 32.183350668227376 30.57180971972184 29.850817504943734 32.58361533540301 34.30843564136103 34.020262749912945 29.99840390037116 30.523896360202343 30.370591303445053 23.601122251815013 33.09622523206508 34.12442957089797 31.440611293596703 29.022703280331825 29.37331033708415 29.9366023098637 31.18666990305246 27.69763810729637
28.580838921292525 26.363919802941837 28.594697381278365 27.62334579575645 20.741613221372972 28.582769196899335 29.618147806902925 26.33346589948087 22.00833905233685 27.590860504585635 25.231959320616625 26.89389121339582 27.69454296489539 26.368791316365332 26.476163989440465 28.142058572388578 27.52388483308414 28.919527567582918 28.137351447721812 26.78027719874899 29.83981638443538 23.601122251815013 27.93986799822096 29.511781049614 25.396188992803218 28.191261936567116 28.7371236969002 29.002600113313747 27.678496121820444 25.630024974990647
25.736755085927598 22.27547453022453 24.87495962143339 23.403085857756196 17.87013900004422 26.287720079623796 24.926070460258416 25.562391910229962 11.617244104683778 25.2112070396538 24.964996819497628 21.609900351169927 25.276385035241674 21.999739450405286 24.892684372565327 25.97257457921296 24.339088513353545 25.799225391559048 24.665573676174063 25.501200540636546 25.163120642884678 23.082507425407584 25.99953757415733 25.293330667217106 25.3946735001482 26.155858449437346 25.39276278393936 25.336759228918254 21.09301904054928 25.28465281815261
24.27829629509324 20.254105777986297 19.154557593998106 22.07028356876208 10.522282179118974 16.208414559150697 16.035799006214802 23.890656128950468 10.71246999620189 16.598816755734333 19.67473293045441 11.835880542507766 23.885639560780874 21.08184644518178 23.953297957816176 24.269578823339543 20.419505339760235 13.223391123009606 23.763734811930135 22.596745806326453 23.488285175496912 12.183868151131264 23.476328037992516 23.716512142961164 25.11164167013567 24.253027884221865 22.63286691362464 17.614450660398234 20.334233424348895 13.113889151883996
23.00142258199321 19.869577404474512 17.762606189505732 11.740766050060301 9.360981036262274 10.585496643726856 11.944702726385458 23.101029029236997 7.611480269097683 13.648062959918661 18.64016966728559 10.219900737824446 9.442111339187704 19.921793979243375 16.28982357427276 22.231913923760203 13.407357726609462 13.049937905012484 18.01952290992722 22.22259790622047 22.96547331945976 11.937034114833295 22.308868331534995 22.141264502883132 23.007470607454707 22.95434384600867 17.313072811514303 12.394819357939923 16.272881201082328 12.340651150401754
13.4508389354246 11.891404564615641 15.26742881334394 8.891848022747581 7.867829508051273 8.803071243384693 8.517631241902563 21.168275505598103 7.147536912790201 5.852147325909755 8.99542190765851 8.999886565049565 8.658081569084516 18.02457510179738 16.001847088969498 8.768141078975077 8.58926091113517 12.846833882380452 15.794843550668702 19.170593103928695 13.229415655046978 9.884323913460776 22.052608396397773 10.265529917904587 17.827715816361433 16.760063377928418 9.06475792437277 10.865900724117182 11.109016841649009 7.790864947106911
0.3376496994947047 0.5212415757509916 1.260634384455443 0.449725100501837 0.2604067518600459 0.4505698514622054 0.5467435848277091 1.0287053597990052 0.8782933135939857 0.9113034131173663 0.5049120371941171 0.6147884635761329 0.21039106566968258 0.5935455369231022 0.7875159564750902 1.2991549739526818 0.8753532724431352 0.3453466267465046 1.272991860888851 0.9935049286477806 0.5692812722600138 0.6019105065920485 20.73245504158467 0.4128238896619223 0.4212156313710693 5.0790898782734075 0.6660482806942127 0.8014914866903382 1.3488153326111387 0.875567251634493
199999.0 199999.0 199999.0 199999.0 199999.0 199999.0 199999.0 199999.0 199999.0 199999.0 199999.0 199999.0 199999.0 199999.0 199999.0 199999.0 199999.0 199999.0 199999.0 199999.0 199999.0 199999.0 199999.0 199999.0 199999.0 199999.0 199999.0 199999.0 199999.0 199999.0
