271.07534152969674 331.60242788753385 322.0092975560474 366.6084018144488 338.91097022144595 271.8053996564927 397.8907063779711 453.26519167668357 348.2821902793594 363.29214806734353 310.0105377875616 345.4541422534253 306.142624507218 227.92211867424794 268.73285821975287 405.90083480170597 342.86968896646067 396.96796129873064 258.1339268197148 407.65338257566145 279.26888327192955 411.355458792581 455.6282973862458 352.30035872640246 484.6148152149872 427.64518712639756 361.56418657323775 187.9139811062446 304.0724292327436 354.8829741014997
270.71775606004303 271.59842973493414 322.0092975560474 240.28012034936 338.91097022144595 271.8053996564927 341.5409097787083 198.91714572316687 342.9457814132511 363.29214806734353 214.31413158495798 288.16451187295115 306.142624507218 227.92211867424794 268.73285821975287 388.3043642220118 213.49251735919688 380.2908417773265 235.0858309083569 393.1253312548015 279.26888327192955 317.4635525432582 301.83478297225656 352.30035872640246 340.5239584152582 391.7951411172571 332.5645583132109 187.9139811062446 304.0724292327436 261.4978484555222
251.72974329190038 271.59842973493414 245.50507731724338 240.28012034936 330.7962026126015 271.8053996564927 341.07143862809835 198.91714572316687 290.4913478686226 320.8199753125732 214.31413158495798 271.7441051144906 306.142624507218 227.92211867424794 243.51683406438087 360.0324251897455 213.49251735919688 361.5311480134269 228.65380956439776 204.55490105086665 279.26888327192955 237.99831073711312 301.83478297225656 352.30035872640246 340.5239584152582 391.478588864391 286.4809639189061 184.75162433745436 294.26487764125204 261.4978484555222
251.72974329190038 271.59842973493414 245.50507731724338 240.28012034936 330.7962026126015 271.8053996564927 341.07143862809835 198.91714572316687 290.4913478686226 320.8199753125732 214.31413158495798 271.7441051144906 306.142624507218 227.92211867424794 217.55422724069285 316.909506140697 193.85552125502954 361.5311480134269 228.65380956439776 204.55490105086665 279.26888327192955 237.99831073711312 291.8295154094576 296.3679909778207 327.6941054556055 382.78173997849535 284.26315600163116 184.75162433745436 265.9257420400472 261.4978484555222
251.72974329190038 266.8278983831301 217.2182754740279 227.8815486040162 321.05623232779817 255.3339719626365 341.07143862809835 198.91714572316687 290.4913478686226 262.4874766989051 193.37217838278366 271.7441051144906 306.142624507218 227.92211867424794 217.55422724069285 316.909506140697 193.85552125502954 361.5311480134269 228.65380956439776 189.29360152106665 279.26888327192955 237.99831073711312 275.39294556084315 296.3679909778207 317.3671120999502 357.3676389172174 284.26315600163116 184.75162433745436 265.9257420400472 261.4978484555222
251.72974329190038 266.8278983831301 217.2182754740279 227.8815486040162 321.05623232779817 237.4602228900403 308.0475419534505 198.91714572316687 286.84097488451516 262.4874766989051 193.37217838278366 271.7441051144906 306.142624507218 179.65360222845402 208.17447039849594 252.93083387636352 193.85552125502954 323.4164055951014 228.65380956439776 189.29360152106665 231.23580844934213 162.40598316893647 275.39294556084315 263.8652167142909 181.2357086052125 357.3676389172174 248.4222499535358 184.75162433745436 265.9257420400472 261.4978484555222
237.73016883889022 237.34098457356777 190.71120430616247 227.8815486040162 297.68335847471826 237.4602228900403 291.91378213418557 198.91714572316687 230.03476794279277 167.96902962572403 193.37217838278366 254.50440491901963 259.8026887382871 179.65360222845402 208.17447039849594 252.93083387636352 187.73400842214141 323.4164055951014 228.65380956439776 178.34458015973314 231.23580844934213 162.40598316893647 247.67483240745423 235.23804598061042 181.2357086052125 271.1203975799008 248.4222499535358 184.75162433745436 265.9257420400472 261.4978484555222
207.59280005757 200.9474114325103 161.0283430255663 150.41979310116585 159.16068053117033 167.70365636741053 233.80284129095935 198.91714572316687 217.54552483334055 165.65998550937184 153.58234782183717 207.43780086005654 169.22944480472324 150.87057963773714 183.7854766079322 182.72284695358576 187.73400842214141 244.61347833046102 170.30239503049143 169.8857285156455 192.08810614057256 92.4343772529487 162.78104922606644 200.89136544206303 181.2357086052125 185.87387222006873 243.52390690466564 173.97887688677747 178.05640872665845 233.14478427760469
151.30843090784674 153.62074298116204 127.27338230412442 129.65819289760566 125.54887787317921 137.0176549809039 175.66430203448226 153.28006307142687 179.99006449869648 153.99078142866801 120.79671230221129 197.0240074979306 169.22944480472324 108.51848609842273 178.45911733765752 126.91058722809976 158.42324041918664 176.34120544264306 170.30239503049143 161.08716907336247 190.3060088157972 89.16771416463735 140.6239271444183 170.96299510230074 137.0006079159325 131.37446939898655 160.79513401740223 157.78489373742286 178.05640872665845 154.50746317168614
112.6099634805928 124.88621113910358 121.92031419873501 123.72580277021052 115.09973227332603 128.73094162580765 122.85471711245509 114.6997507075921 131.5402190640939 133.18392563202906 111.55962376491198 122.83627542114118 165.61217051838366 96.21975052164453 119.42986646193276 104.23977722576001 129.53235883734123 118.2619488080868 133.49442472270675 106.75608242293174 131.76107784285932 87.29385735176402 110.24688915590104 134.3037873654307 94.80835715015746 115.43067093820446 136.4804366037165 114.46492187258036 128.42346091219588 154.50746317168614
77.15331950109612 91.5702863950969 64.13185439055997 92.04107005743481 97.73031673045216 110.31915002345386 79.6385962554914 88.99509032954893 98.1745267395604 95.03504563832712 111.55962376491198 101.63259710686634 111.7837390248751 84.8800617608199 105.08661922743477 67.37315683125735 97.75956221240813 99.65713050171098 74.94237442038138 77.43051738203849 100.40844300718618 81.31277779273205 95.03453037340842 76.80330887325044 94.80835715015746 98.13991921870047 96.47457389245346 105.20486345813151 83.17404839135952 100.01198790516719
61.960500866360235 80.75633600916717 51.279598480638015 66.5441971141222 77.6800811611447 80.81424100865706 70.1987816664091 71.16893379850762 72.43480568507948 69.06758963829725 81.38058803380272 74.11701313432559 67.81152862599174 68.67169115542083 65.60163467732946 58.190087433623376 62.11595978389232 57.495404275794044 57.756399286346095 70.82394716338376 72.95708430806599 62.07334755453712 64.05687095553003 56.2508621653169 76.19988945600608 71.04766991225961 67.98083872740108 68.2958261025642 68.6759364726031 73.55513159876318
51.104989700560964 60.708506297864005 49.15644670232132 53.422307648164406 58.99555936829802 52.59613580618861 53.740419913838195 50.90779920149589 55.24297499979002 51.808962708627405 53.092266738099624 52.10091028004763 40.045160853703464 56.40736677661653 49.74675548079722 47.29979110421118 55.90861391373801 53.390898323972124 51.913873337784935 55.97300825337652 50.05839157622313 52.352718430907316 40.95782673021495 46.87147206924192 58.1871856624125 48.86413160486836 47.44154884519662 55.40948593732128 51.38798681599019 51.33436305436999
34.050891457809485 37.859726383911266 39.580111047795754 37.56752592787302 50.342418064858975 38.89364599053329 41.70914033543613 36.3117717683333 40.41102993847289 35.0473636798672 36.94731069112845 41.04041757833102 36.497642139866 38.19129390733019 36.40675610273183 41.094483897526516 37.41241396622877 41.400991042270334 33.283344623504945 37.359158072652235 33.96580392188798 38.85651308110505 36.379396411852895 40.36958240373042 36.34540831068762 40.149962738431896 36.27118475506654 42.597825195305404 37.78781885009289 44.9236559511221
27.992988557140052 28.335416723973594 28.396307356003717 28.781792722898672 28.750068324757194 30.66002542061665 32.53557292116761 28.74874041750718 29.4377746107682 25.179919892790167 28.87659339246693 29.657047556411953 30.98698495343001 27.830912306494156 26.538703570601 27.71384187312401 29.045503752390005 29.62413637434429 27.139254266143098 29.59456004335334 25.906439495042605 27.196506545414422 27.909423534960524 29.22132030327998 25.12583663472219 24.658047242681732 27.73791982890657 30.214961999915204 26.826534756984756 31.48052842029665
14.914178152446993 21.410824553880047 6.945357890124114 22.47627016899787 8.111934459808026 21.867806028895984 15.435043305007639 21.58068972631918 16.522414744010575 5.719331909248467 20.684293916879597 8.455330201242305 22.969281342357135 13.153240385137451 9.848731320463912 22.83929567306768 14.693781871305873 20.82261583958507 5.65150671765673 9.556354451180596 8.898113346807122 21.666098525474126 8.42091895472663 21.522296414649418 21.052041540032178 6.332867866163724 22.83814670677225 10.306886996551839 8.924781538267553 7.0952843206735
999999.0 999999.0 999999.0 999999.0 999999.0 999999.0 999999.0 999999.0 999999.0 999999.0 999999.0 999999.0 999999.0 999999.0 999999.0 999999.0 999999.0 999999.0 999999.0 999999.0 999999.0 999999.0 999999.0 999999.0 999999.0 999999.0 999999.0 999999.0 999999.0 999999.0
