281.100110088918 267.17388599045444 270.70335749457695 233.68762487964045 271.70130967233445 246.76329550235687 297.1491863427409 192.20908199319615 270.15259332773803 283.55151963626645 273.00112636615904 243.44965365745088 264.87237996606973 265.51506655378944 282.0214030468685 254.51330738363754 275.2920106261322 244.8420993724435 254.82617159521146 284.93078965266704 247.76977596848928 263.42261444752717 274.65017250877236 284.46751914165793 239.32990962811323 282.3159399571964 252.5694518633693 274.11966756299125 287.2522330316451 280.17118746489655
270.5576899225257 267.17388599045444 256.33682682137714 231.36454897027193 236.40775539732954 219.32041679651445 259.8530185135646 192.20908199319615 223.64988774326275 247.16570985375643 261.5089521714933 243.44965365745088 252.11898688235306 249.09194438015652 257.3013936871273 231.29452161188237 274.50278665561314 240.9408943738472 245.64935002706693 241.48548584319565 219.5026204486801 263.42261444752717 252.07186697627367 279.73825714166946 239.32990962811323 282.3159399571964 237.25358566774526 263.2227373128453 274.9830712295552 233.6198729378532
270.5576899225257 250.75983172399037 253.18970152187308 231.36454897027193 235.5920699014548 216.30760811061555 259.8530185135646 192.20908199319615 222.72322452851222 209.36594620266828 213.11837460212837 243.44965365745088 252.11898688235306 249.09194438015652 256.70414191695 185.29516000146498 250.20349088039416 240.9408943738472 231.74892720935895 232.7945338046295 209.03833991869078 219.95772133773676 233.28251326501663 277.30611939558685 207.79506750250061 242.6880022287869 237.25358566774526 255.58769788614518 262.18041633421035 233.6198729378532
270.4104358857983 250.75983172399037 250.59485873181052 231.36454897027193 232.57760279105446 206.25350475035157 241.87431952484644 192.20908199319615 215.15572063790864 209.36594620266828 213.11837460212837 226.64003092413986 233.5400718396104 238.67187505991978 256.70414191695 185.29516000146498 208.10421457694235 240.9408943738472 231.74892720935895 232.7945338046295 209.03833991869078 219.95772133773676 233.28251326501663 260.1525721614548 207.79506750250061 242.6880022287869 223.29416543746993 223.65414734275532 184.65722692218128 220.772441587412
255.74107044421294 250.75983172399037 233.81639700550932 228.14335940866135 230.99312281803714 206.25350475035157 225.04460526971639 192.20908199319615 215.15572063790864 209.36594620266828 211.09731278204174 194.09369593937652 227.99096928285462 238.67187505991978 210.05736800024386 185.29516000146498 208.10421457694235 235.37121869407747 226.59194105270126 232.7945338046295 209.03833991869078 209.8570576970901 220.59550613391661 239.4589210536501 207.79506750250061 229.03018014057284 223.29416543746993 223.65414734275532 184.65722692218128 214.18488443562273
229.19624334057903 225.55809498937424 233.81639700550932 228.14335940866135 230.99312281803714 206.25350475035157 225.04460526971639 192.20908199319615 215.15572063790864 207.11274242276045 211.09731278204174 194.09369593937652 220.4602157073482 238.67187505991978 206.34355292783653 185.29516000146498 208.10421457694235 225.9478113701723 224.7073726143767 232.14962710899272 209.03833991869078 209.8570576970901 217.45158621190558 224.27945207892526 207.79506750250061 229.03018014057284 223.29416543746993 223.65414734275532 184.65722692218128 214.18488443562273
229.19624334057903 217.69089705886472 208.1782934343821 201.92740019476196 179.70374421362249 206.25350475035157 193.79115187292734 192.20908199319615 215.15572063790864 207.11274242276045 211.09731278204174 190.31901757679498 220.4602157073482 238.67187505991978 203.79916516325102 185.29516000146498 208.10421457694235 225.9478113701723 224.7073726143767 232.14962710899272 209.03833991869078 207.86634246752158 196.5390433791946 218.13563162855644 207.79506750250061 208.64024600723178 223.29416543746993 215.06069650390418 184.65722692218128 203.65199400475876
178.90957372262483 201.45276124805866 192.18237001055832 172.4667101723752 179.70374421362249 184.28002766508473 193.79115187292734 173.02841440685575 195.65644353487733 188.43365008528122 191.227220637384 186.1915851580619 199.6437972330932 201.71088022303775 192.72820642472436 185.29516000146498 188.55299748149332 186.84746187228052 155.77692043027912 203.48174337557805 191.35550942348937 207.86634246752158 195.43484305202423 196.19596131275466 195.7940813737598 208.64024600723178 201.88917824384998 182.82195486170133 155.03345459890807 191.48530093021782
163.5678508091455 175.1066796256422 171.0493759622442 161.90082124732248 170.33261594116675 157.113472056604 155.96398270055943 173.02841440685575 194.17941988135135 147.1123552677227 161.6733687895861 165.74833709464565 164.72178850723662 169.89370447876388 167.55865344576273 155.56703054322384 182.07853119637105 186.7384854073955 155.77692043027912 169.44806234481246 175.69992529180467 181.787993118729 163.7408445349331 183.5716560834071 175.87288503465902 162.60560321021842 156.94683215907116 171.74314528557193 135.10601787912026 157.20092421134223
157.6163658368214 149.21194995222913 141.89781301130495 149.16014114539541 143.25546544541226 102.01555940236813 139.10379326620864 137.5006226830419 123.5609188579615 128.3602290710145 138.98949736405507 153.59688900224 158.64763339664466 159.48193535184407 144.50816486834435 149.13731345555664 152.53321091852547 174.10337933937853 135.68248664300518 158.2599786941837 143.39768362829386 156.7893003700152 139.2916143066018 162.59563924434678 147.49515489012458 114.49062400580578 156.94683215907116 148.8066180634587 131.04070662817446 142.5170865225532
147.40146104316682 128.33421802201724 131.62753594507444 138.91615026131478 112.83144416550863 93.29162693006231 138.50072390493722 121.20961687479053 123.5609188579615 116.8973093218882 138.98949736405507 131.43186526489671 130.27887209035396 144.24025991892165 136.79908444790203 128.49239497466488 127.94753966096778 134.0383874014209 134.33443820443688 147.6726352720774 115.9050693170783 145.22396766999975 125.21173187805084 138.3320348914517 134.59821286711735 113.96810849262545 141.19099550516466 121.4937352796727 130.96677106408947 130.38796233311064
106.94730252116415 118.67464721726446 113.00637225236153 118.78609745017638 112.83144416550863 86.53442042582003 89.92144353754884 93.54369643396319 94.61171244537968 111.9229513962166 120.02762839157265 122.01157395096288 93.32381393024787 127.72513279213229 102.31653475633868 122.32822806205047 116.52376929566003 112.76986275323623 102.170094175911 127.39761556999963 115.9050693170783 103.7536593008358 125.21173187805084 108.22533083023347 122.00170214018374 104.49209380034847 114.77778810134453 120.37248094627603 123.27735470293169 123.58560037943562
104.67113464217789 90.44097940798247 98.42090935377371 95.52214292222607 96.91731869949695 83.04014656322909 76.23061039690572 90.428278910274 90.61545099431976 104.2310116709275 93.47754024644212 105.18916625065344 89.22154256847125 103.17796361274827 95.7497410283072 86.30950794674266 112.82552498514701 105.69250737114726 89.16604552016804 105.83076798453908 95.54925184246781 102.54127367804222 100.20990427042636 90.52450918798411 89.89901596554432 92.67943712657575 98.64510226073321 111.5015010533208 102.27076072216778 103.51596568215041
81.70254025382542 71.79088302181492 86.90111888329295 74.17603616290796 76.8475171892378 67.97645276776291 68.11175150280383 80.96193736720181 74.13121295718145 69.02574284603736 81.65925613318052 83.64061271559137 77.64039307342546 89.97709611928099 83.94725347755195 80.16413102855665 72.52027689644831 75.84132595256483 70.25206399778119 91.02881814270359 81.75156768926865 87.49314661173094 85.21019675202706 80.35488123097991 65.96427367981892 64.87490792529945 75.15028623607486 86.70733001613837 78.76677176829185 84.42962125540907
56.97651476874876 55.70042412496332 54.20219644787335 56.62314479120687 52.04076424488699 46.8073309420829 36.356747601419784 53.10616679912823 53.94988092083486 46.781254848093795 55.16640593037448 44.20372007165088 55.12183459064272 49.35116212326227 49.81591819486778 57.80344401344587 50.44081389291159 49.25949991473021 51.022354581123636 41.37856818394198 47.59413339823948 61.81102430113185 59.07000711953424 55.0507475133212 44.385846047969494 44.10152188982238 45.73765435895223 55.83896189438178 35.47642174820919 58.04422513038219
25.07232451978132 19.064088498918863 15.133084182129778 16.976032673572945 20.969462546563477 19.977863217227423 17.15845324651832 23.542234513915446 16.033992776766013 20.45324407381031 22.682762432418826 19.01157296696556 27.95658374947095 22.02665497383748 16.02096764632381 24.37175024723058 19.978739571735332 14.36444622165834 17.888102760196716 13.16895064265509 17.998108710028532 20.11436430025867 15.98833684254123 15.14257345820397 18.00222828762287 17.096288585152934 19.98031622090957 21.948696576637644 23.744199855594616 21.175398855435787
999999.0 999999.0 999999.0 999999.0 999999.0 999999.0 999999.0 999999.0 999999.0 999999.0 999999.0 999999.0 999999.0 999999.0 999999.0 999999.0 999999.0 999999.0 999999.0 999999.0 999999.0 999999.0 999999.0 999999.0 999999.0 999999.0 999999.0 999999.0 999999.0 999999.0
