7174.632735068644 10457.527968873175 10667.785954650231 8078.149020999446 7825.107105698713 11602.3227916383 8126.149238325634 8772.387740203325 10782.628976951808 10316.979337992252 10854.654956820003 6054.081399878586 8446.723895189596 7948.03444804537 8205.94833173445 11130.006350674837 6169.237381726312 11337.32935389755 7674.357770436032 7108.082609597425 9838.067294593355 9624.715882890021 10736.702558059445 10119.480951626008 11012.166957016965 6735.238426854323 7235.219267248494 10798.68544589857 8490.04869821218 9855.088483370511
7008.178380957586 10337.407668416972 8341.234271676114 8078.149020999446 7825.107105698713 8005.19849589662 8126.149238325634 7566.231886792048 5878.204652492974 6734.105774964115 9380.434977611629 6012.2987981952565 8446.723895189596 7948.03444804537 8205.94833173445 9257.952671769284 6169.237381726312 9030.067254223299 7674.357770436032 7108.082609597425 6694.365960348932 9624.715882890021 6542.548802357258 6872.343188844323 8274.773609689704 6735.238426854323 7235.219267248494 7577.508430717353 7952.31033910481 8175.031293770284
7008.178380957586 7997.664391023074 8341.234271676114 7512.616288483783 7825.107105698713 8005.19849589662 7886.972215631766 7566.231886792048 5376.877396963826 5093.7738590689605 4952.958331767506 5812.432553072144 8446.723895189596 7660.371696771548 8205.94833173445 9257.952671769284 6169.237381726312 7328.427209958738 7674.357770436032 7108.082609597425 6694.365960348932 8637.571496197601 5071.080925369717 6872.343188844323 8274.773609689704 6735.238426854323 7049.135160821371 6966.284508302612 6553.438210439492 7908.52347994226
7008.178380957586 7997.664391023074 8341.234271676114 6763.750314364748 6941.6605169780305 6166.988574408586 4362.590694008516 4230.466927987692 5376.877396963826 3705.7272440708066 4952.958331767506 5812.432553072144 7029.13848583144 7614.91418876336 6510.993090468442 9257.952671769284 6169.237381726312 5656.9993739271 7674.357770436032 7108.082609597425 6694.365960348932 7930.420638438631 5071.080925369717 6872.343188844323 7793.561243056702 6735.238426854323 6014.3712502635 6966.284508302612 6553.438210439492 5083.818927724075
7008.178380957586 7104.084228608854 8341.234271676114 5954.792863625676 6236.426878985832 5799.453123018208 4362.590694008516 4230.466927987692 5376.877396963826 3705.7272440708066 4952.958331767506 5812.432553072144 7029.13848583144 7614.91418876336 4776.136195838479 9257.952671769284 5883.587902234844 5656.9993739271 5297.860724908447 7108.082609597425 6414.775229496536 6390.991901832704 5071.080925369717 5914.451362273426 7793.561243056702 6735.238426854323 6014.3712502635 5617.602771621909 6553.438210439492 5083.818927724075
4446.630893444293 3406.97398266079 6884.2615468118565 5954.792863625676 6236.426878985832 5799.453123018208 4362.590694008516 4230.466927987692 5376.877396963826 3705.7272440708066 4952.958331767506 4913.412803536354 7029.13848583144 7614.91418876336 4776.136195838479 7869.524402292402 5883.587902234844 5656.9993739271 5297.860724908447 6701.804686190952 4608.499222731807 5964.467120572347 5071.080925369717 5914.451362273426 5160.838466909317 6735.238426854323 6014.3712502635 5132.325789179545 6553.438210439492 5083.818927724075
4446.630893444293 3406.97398266079 5549.3883721530065 4218.424244345334 6236.426878985832 5799.453123018208 4362.590694008516 4230.466927987692 5376.877396963826 3705.7272440708066 4952.958331767506 4913.412803536354 6267.5137322042165 5700.997742228485 4776.136195838479 7869.524402292402 5445.202226290486 5656.9993739271 5297.860724908447 5279.039066149404 4608.499222731807 5964.467120572347 5071.080925369717 5750.691871190489 5160.838466909317 6735.238426854323 6014.3712502635 4886.777953677978 6553.438210439492 5083.818927724075
4446.630893444293 3406.97398266079 4326.638563689376 2952.816377136673 3553.2883779157764 4593.673094064614 4077.6049218108164 3659.1177936331333 3962.3352482113696 3705.7272440708066 2505.983203696079 3531.2547713115737 4052.9997028336074 3827.11937387178 3881.656409494084 5626.292596048941 3346.6661078651514 4726.70525005213 3775.9180274028913 3805.192441418357 3639.2671296961926 4600.336133439188 3408.006928143587 4738.5613068395405 5160.550840489234 5617.919704643674 2477.6143946927423 4691.7795735248155 4027.6629221098046 4904.843195613678
2827.966265191491 1877.342925716378 2806.2068004824273 2842.9528226840694 1986.3207336904643 3131.24323105533 3051.324505126218 2273.747804243554 3093.2506024807135 2829.5544069559123 2505.983203696079 2200.888324124918 2875.8658788219054 2628.679998727705 3567.3533319045127 3961.280770149675 3346.6661078651514 3032.8959968880254 3345.048373523383 2032.082673850221 3154.111699189612 3340.080012948716 2630.8705135369178 2179.056903686396 2878.8257700193685 3168.792486845453 2477.6143946927423 3173.892111702048 3296.5263882438985 3331.807938891983
2139.2576849251072 1103.2149040015013 1997.4576766998894 2209.47720719177 1492.4865266553688 1650.706829714879 1684.636199725508 1512.5541473619423 1679.4710291135007 1206.6513297890351 1904.539042733174 1679.3627999722653 2395.799377756184 1916.5874456535648 2163.2280998490583 2617.9212735511633 2058.987254167732 1841.731042314771 2341.54458478904 1527.6283513068665 1830.4575639520026 2098.8171781611923 2147.2173501322727 1456.777604638618 2556.2278300544695 2502.110791819542 2380.37896490262 1836.7109157299801 1948.8427927186563 2262.525544206212
1261.8578107393164 1101.6940191403287 1345.076637938791 1135.3569106826455 937.413251701113 996.0977675828242 949.0637118190937 983.8206512836286 955.8472278693639 953.8083222748514 1211.9870338097116 614.6096105707145 1276.2495649063785 902.233836497664 1530.2800268676701 1187.5923894979505 823.5042385390402 1135.5372568299451 1328.8673935381648 813.4147854772286 1339.3112807044208 1827.086348884215 1231.0730380447253 1086.780497172343 1238.055212719361 1109.162159423212 1634.6234956134722 1040.5504606094537 1070.756917764173 1497.7525649531253
431.75264626545436 429.55359267480753 455.76653278963454 648.3527402895843 564.436327659625 591.6885230140897 364.9905343025853 599.5659347841513 512.1690798476518 366.07184262200053 285.49570263016767 277.0990866413788 715.4611517744972 517.7639560205425 408.757306265966 785.6534557294151 436.55237948955164 572.1756372644554 586.5999633680126 435.1390909793563 606.1780153283805 452.9671842483465 421.22914273364563 471.3973412385146 686.2326127859994 527.3987269712165 913.9173747830555 205.77139091551317 463.49734437682014 438.7283744613608
137.03870614963512 195.19775930284436 154.2534345876004 182.9286537516955 178.3849235963271 88.99604058245609 77.63715546586093 148.18806544144036 140.19399071490488 99.68220171763573 164.9092468173094 164.14590922014872 149.2637074238878 143.05278356097597 196.81629672313193 259.1226894147694 135.78919079922366 153.32180890559448 192.26476665569044 152.4769572825162 181.91426411262 112.04173730254661 156.33059045621667 127.57335958678141 186.48247642612932 188.99336910377315 172.85827957556512 157.10559830472857 147.75304811854585 183.36708326892676
19.7450804334469 29.546019686740124 28.591443435971087 18.055938696608337 27.655885653980363 25.82302153426963 19.446448059302725 20.043395844403904 16.48762065934727 12.204853096694933 26.699184252568443 19.56787162418175 23.526768592303483 28.130137581531358 24.87841668900171 26.7874157153733 13.282771529509887 16.08859517832218 27.183438335075152 28.685561129166558 25.943058219969203 24.325155186658776 29.305592163110532 28.079290706037796 36.0323423840772 46.51466131504719 47.917287826369034 17.241404680034407 26.92320171633503 28.99421159062456
1.968460842264335 1.7285984445981057 2.5155172864363067 1.9068580116061185 1.6507140588837501 2.869850592607463 1.9941231683229717 1.9110084106831664 2.521804336978107 1.126081320716139 4.1510301552168585 2.0408453780778473 1.9281178407259176 1.1948812348266529 1.7064780630505538 2.7780381547163415 2.415166526652797 1.615307869655794 3.0220439618158252 2.1057732396375286 1.7351946955542417 2.4686815317559194 1.419213952849418 1.7837652095008707 2.1187121766267865 2.207883564312624 4.454570998514214 1.5559943540423546 1.3156231185073466 1.961422615652964
1e-08 1e-08 1e-08 1e-08 1e-08 1e-08 1e-08 1e-08 1e-08 1e-08 8.764368431002367e-08 1.9658409655676223e-07 1e-08 1e-08 1e-08 1e-08 1e-08 1.575929616137728e-05 1e-08 1.6504372979397886e-08 1e-08 1e-08 1.6586360516157583e-06 1e-08 1e-08 1e-08 1e-08 1e-08 1e-08 1e-08
975465.0 978063.0 959299.0 963398.0 982197.0 978543.0 982253.0 988753.0 972860.0 977063.0 999999.0 999999.0 988313.0 975236.0 968934.0 967039.0 965764.0 999999.0 965166.0 999999.0 958772.0 980793.0 999999.0 953148.0 955131.0 989663.0 962031.0 961806.0 955921.0 938683.0
