66.79821948335143 72.23963528896252 74.11111881923603 85.7487875388623 86.78004911642586 73.1115602602589 65.70419646749338 75.11868753163105 66.48520756372932 77.76641498692697 63.639419020619584 69.09585706172822 70.7967230466453 79.59699077749747 78.75205540861623 67.98791939732735 73.36008065211831 79.0406630300082 85.82988442321243 57.30975536077767 63.18176770761568 62.84046944683246 56.50712947194995 87.83770443527351 78.32035396202036 89.8994809947302 82.44484697523876 72.44040687668826 77.1339341894294 74.00138382322268
66.79821948335143 72.23963528896252 70.6180185686652 85.7487875388623 85.64194384548966 68.64713505381883 65.70419646749338 75.11868753163105 66.48520756372932 77.76641498692697 63.639419020619584 53.29970406096163 70.7967230466453 71.28782046115384 56.38778588916773 67.98791939732735 73.36008065211831 41.95111997662582 83.60696072996916 42.127093739939596 63.18176770761568 62.84046944683246 56.50712947194995 82.8806634074515 78.32035396202036 60.247814596279795 72.26705748470988 72.44040687668826 75.98480666387331 74.00138382322268
57.85714019959812 72.23963528896252 64.8711931134444 72.77937786221798 68.60536258206025 56.343185842433286 58.499178336415866 68.15342950049092 66.48520756372932 61.395990475138774 55.051774382505414 53.29970406096163 70.7967230466453 56.560015840517735 56.38778588916773 63.72976053745174 73.36008065211831 41.95111997662582 77.94688710795185 39.75485434461143 57.728610358397646 62.84046944683246 56.50712947194995 75.3569570521422 63.293268311118595 60.247814596279795 59.13892410614301 72.44040687668826 60.73757323380164 74.00138382322268
57.85714019959812 60.82997085671457 64.8711931134444 61.14620565300163 68.60536258206025 56.343185842433286 58.499178336415866 52.50064033519766 55.76390945686387 61.395990475138774 55.051774382505414 53.29970406096163 70.7967230466453 56.560015840517735 55.329444177095866 63.72976053745174 73.36008065211831 41.95111997662582 72.94123677809057 39.75485434461143 52.98537249460014 56.14116601810008 46.19006261899506 62.00867309858131 50.522710951288445 56.343605380251915 59.13892410614301 72.44040687668826 60.73757323380164 66.10105469942755
57.85714019959812 46.84216782173917 50.5186773797908 55.7754960328499 65.24491647056891 56.343185842433286 51.26359902364038 46.68062198906398 49.408044512495735 59.00916735321482 55.051774382505414 53.29970406096163 56.54920834929908 56.560015840517735 55.329444177095866 54.884537385617705 71.98738966517885 41.95111997662582 63.45428623678265 39.75485434461143 52.98537249460014 56.14116601810008 46.19006261899506 62.00867309858131 50.522710951288445 47.63898134156693 59.13892410614301 65.28881020921949 60.73757323380164 66.10105469942755
57.85714019959812 46.84216782173917 50.5186773797908 55.7754960328499 56.93566312177336 55.83481792997702 43.3360640369408 46.68062198906398 49.408044512495735 52.25712131828368 53.211878791974414 53.29970406096163 53.82340991326873 56.560015840517735 55.329444177095866 54.884537385617705 55.2870679108745 41.95111997662582 56.35186717845977 39.75485434461143 52.69028676446567 56.14116601810008 42.44047357478098 59.82171515036657 50.522710951288445 47.63898134156693 59.13892410614301 51.94347883403259 33.66181351880675 47.17810475487056
31.404816505582858 43.03871684911678 40.62777310014553 37.99460247171294 51.492290091066366 45.383711971341654 33.38586267564256 33.77852854683317 47.559070571152915 47.09415770588521 46.7381288554825 53.29970406096163 45.960176284319346 43.20629721835928 55.329444177095866 49.76454108333462 45.428955770537755 38.064713649986516 56.35186717845977 39.75485434461143 29.88052004205099 40.55344873198612 37.93992168449245 34.70083027184717 50.522710951288445 45.36015899615779 50.10829512067562 36.441078232449854 33.66181351880675 47.17810475487056
27.831123980496045 39.86569355204779 36.15113216416512 37.91234659416841 36.69434183440728 37.508156393441936 33.38586267564256 28.164293064335084 44.11519325743893 35.67435811327891 35.817965095408226 43.795986957584205 42.153883813301604 32.798407896732556 39.747948056771975 37.56106233622381 37.409007318208864 31.171186869377607 43.649478908217134 36.782583075107254 28.985333939639077 29.513448565313524 32.75374865691788 28.83168991548075 30.331198819832935 31.144252919136193 27.503730753265813 33.81821594716928 31.903160476760604 40.30392458202118
20.196145914494082 22.04091703949325 20.083484206211324 26.482979254877137 20.428850658317174 26.9757807666183 22.744321267111104 22.011611733406653 24.468761507983118 28.676707908693402 24.69011126846874 32.99346855231704 33.03297719791874 23.261463885247053 20.94695517882292 28.64026696516828 32.28788561151214 25.2781599408886 25.362566662577365 23.855285166489693 22.986338594715107 23.895913018296028 27.794627958339106 26.58727619970807 24.875425494736533 17.949788212378053 26.78564810552689 18.93451359649839 27.379862931119646 23.633946569025852
13.951604264813113 15.895831300641134 15.624733875166271 17.848616127775813 20.048958542095306 20.16817044560412 12.014424127514303 16.11528440111863 18.475618610776223 18.5360159537571 14.512347805837976 22.939119445800657 17.877441246151307 16.20731051599796 13.501756528371402 18.6374259451909 20.914752973176746 18.68837439714639 18.93560715218632 16.319787963609315 13.396837126251057 13.688278757082458 17.787670132818675 19.336108529247213 17.901071132129005 16.182171622043484 18.68040923382648 16.837607295801035 18.055923183782852 19.600592036225066
9.099952389343684 9.274234911537633 8.291356215578617 11.138725723311723 10.288545865732658 9.467650272108472 9.129691649576557 9.348017093889212 6.779112566848767 7.638517396554562 8.142817920925495 11.444007012132715 11.256425725568192 11.824854024680008 6.832622660716993 10.433212302003085 11.9109145264174 7.254466745332138 10.755377596123935 10.2301803463223 8.739453262183474 9.471813765973025 7.046210675917564 9.923048357510993 12.69272847627883 9.968221760315828 7.635543608654189 9.477297903934868 8.957413689285659 12.419838326802846
3.734624526936045 2.9548832351000556 3.762398184754602 3.7031606641995722 4.072733844073582 2.860461353439291 3.9184225704773326 2.4954700725959356 4.029521751668767 3.0670289290936807 4.041164025470152 4.379491811993148 3.225905463488857 3.6531170382165783 2.9012660656027265 3.2437688378490748 3.4973097526885795 3.077356789917303 3.1865077852947934 3.6160912043806093 3.145606538069387 3.169800413392636 3.6547474818821684 2.829145939512614 3.196894766748528 4.0974303286467375 3.5280012729909913 3.2327610919447807 2.9840701923183133 4.7523919706359266
0.6118940108640345 0.637432455051453 0.6749223557754931 0.5315709340171679 0.6429876118756965 0.6196480497239918 0.6531631083613547 0.5423609534573188 0.8110618234633193 0.5981527553398109 0.4395537501987974 0.8047270182154307 1.0144208876391758 0.761842996741052 0.8400987457856672 0.5839577582401034 0.7155960193612145 0.6648351461897164 0.5865317702189259 0.7154951149202589 0.6624117712863153 0.689083712022466 0.7199389746314182 0.6803280400253016 0.807575730836902 0.6484961212912594 0.4094327403374791 0.5914000234093919 0.46787817930658093 0.6527450377739115
0.02838097376081805 0.016794944583011784 0.028511516732237396 0.027480110866463292 0.02545216233170322 0.026080822335757148 0.03726773990251786 0.02589408448386621 0.041847561124086496 0.02300987616627026 0.027843060154964405 0.026195442881089548 0.03248573462701643 0.03423407806860723 0.03481563253365039 0.032559443660488796 0.025928945378495882 0.03212561170664685 0.030809579830361145 0.02794334066857118 0.026063688542876662 0.0282919826389616 0.02009379130254274 0.032287501723544665 0.033931636266402165 0.032475496822485184 0.02536791085412915 0.01774613122131541 0.021230678957181226 0.03516432462527064
3.1851839821683825e-05 2.7089057653029158e-05 2.7567429583541525e-05 2.697423224162776e-05 3.398664023279707e-05 2.28554415571125e-05 2.836958833540848e-05 2.1700094293919392e-05 3.36047982045784e-05 1.779344052010856e-05 2.7077327899860393e-05 3.7235627019072126e-05 3.3240363904951664e-05 2.9892504585404822e-05 3.067791840294376e-05 3.190587324297667e-05 3.6813331234952784e-05 2.61821321601019e-05 2.821277030307101e-05 2.694413126391737e-05 2.923557940448518e-05 2.9853804676349682e-05 3.045425410164171e-05 2.3874268322288117e-05 2.6155220098189602e-05 3.135700592338253e-05 2.843016454789904e-05 2.7754608936447767e-05 2.7508353355187865e-05 3.1141628937803034e-05
1e-08 1e-08 1e-08 1e-08 1e-08 1e-08 1e-08 1e-08 1e-08 1e-08 1e-08 1e-08 1e-08 1e-08 1e-08 1e-08 1e-08 1e-08 1e-08 1e-08 1e-08 1e-08 1e-08 1e-08 1e-08 1e-08 1e-08 1e-08 1e-08 1e-08
153262.0 152667.0 154348.0 153682.0 154431.0 152495.0 154265.0 152495.0 153933.0 152409.0 154265.0 153850.0 154513.0 153933.0 153430.0 154099.0 154513.0 153766.0 153514.0 153598.0 153598.0 153850.0 153766.0 154759.0 152065.0 153598.0 154841.0 153262.0 152323.0 154265.0
