28993.337987015282 26495.487042144865 28313.703433701212 26647.87142971086 10914.582829344414 36399.35617608208 23412.60632386389 35827.85472125451 27132.785157045928 54473.708789478274 38554.31822402123 41089.63633204912 16326.388665931649 18294.8798708434 31493.81056186038 26572.01207555061 19719.772617592847 28971.17336442924 37415.09753969409 34396.569004393874 44536.21304395006 39877.00478076946 40663.38985349948 43904.15523979012 45747.30427807639 27020.981637041074 22087.047626172214 15957.262002326952 30519.060624619142 32227.51163089659
28993.337987015282 26495.487042144865 15747.39229245124 19994.40283905105 9996.728057543718 20898.31443492623 13987.914662172452 35827.85472125451 27132.785157045928 22888.9750455018 35904.32281433811 18388.891468561884 16326.388665931649 18294.8798708434 31493.81056186038 26572.01207555061 19719.772617592847 28971.17336442924 32427.70087011459 21537.369009437312 23603.63208078121 37316.04952260851 19689.679424916107 7027.269076929405 19850.27202677637 27020.981637041074 20629.593991556063 15957.262002326952 30519.060624619142 14677.548528805044
28993.337987015282 26495.487042144865 15747.39229245124 19994.40283905105 9996.728057543718 20898.31443492623 13987.914662172452 30419.675474560267 22222.004563488408 22888.9750455018 35904.32281433811 18388.891468561884 16326.388665931649 18294.8798708434 16282.836311304105 26572.01207555061 19719.772617592847 11828.235135052493 31014.15751989629 21537.369009437312 23603.63208078121 19177.89467095837 19689.679424916107 7027.269076929405 19850.27202677637 26318.469692448245 20629.593991556063 11210.180513790763 30519.060624619142 14677.548528805044
9011.017221499573 26495.487042144865 14324.064954744441 19994.40283905105 9996.728057543718 20898.31443492623 13987.914662172452 21092.745144356137 22222.004563488408 17806.700703202947 19282.69362594039 18388.891468561884 16326.388665931649 18294.8798708434 10450.061429959074 14125.499954803177 4444.044145268942 11828.235135052493 31014.15751989629 21537.369009437312 23603.63208078121 19177.89467095837 19689.679424916107 7027.269076929405 14564.887407033402 22303.223655565285 20608.558321451535 11210.180513790763 28764.482915759643 14677.548528805044
9011.017221499573 14253.758093207467 14324.064954744441 19994.40283905105 9996.728057543718 20898.31443492623 13987.914662172452 21092.745144356137 22222.004563488408 17806.700703202947 19282.69362594039 18388.891468561884 16326.388665931649 16693.42963853145 10450.061429959074 14125.499954803177 4444.044145268942 11828.235135052493 28057.069411053526 15908.612063211112 16820.28621411679 19177.89467095837 19689.679424916107 7027.269076929405 14564.887407033402 22303.223655565285 19102.494993091026 11210.180513790763 14718.22120222784 14677.548528805044
9011.017221499573 14253.758093207467 14324.064954744441 19994.40283905105 9996.728057543718 7500.470746183713 13987.914662172452 12839.926710898246 16674.12928091833 17806.700703202947 19282.69362594039 10286.903687740665 16326.388665931649 13736.255345063744 10450.061429959074 14125.499954803177 4444.044145268942 11828.235135052493 28057.069411053526 15908.612063211112 16820.28621411679 19177.89467095837 18876.2648780713 7027.269076929405 14564.887407033402 22303.223655565285 19102.494993091026 11210.180513790763 14718.22120222784 14677.548528805044
9011.017221499573 14253.758093207467 14324.064954744441 15663.138127255716 9996.728057543718 7500.470746183713 10282.221985640173 12839.926710898246 11775.864048751437 17806.700703202947 19215.382168921977 10171.943899177746 12351.002832062013 13736.255345063744 8556.17151421406 13087.067912055838 4444.044145268942 11828.235135052493 15416.074135462855 10871.94294469145 14565.008739051673 19177.89467095837 16696.889215501724 7027.269076929405 10344.16927243823 22303.223655565285 10551.926934490495 9180.495635485531 14718.22120222784 8047.793436034819
9011.017221499573 8816.497806207408 9530.271869633307 14244.781026121702 9031.377256443859 5091.772161061128 10282.221985640173 12839.926710898246 11176.787502431502 7479.847390776028 11304.899957447027 10171.943899177746 12351.002832062013 13285.866231758011 6542.373949363227 13087.067912055838 4309.055106602894 11828.235135052493 7062.561954310408 10871.94294469145 11093.820389119968 13430.596898066908 7830.047270079554 5276.878484577918 10344.16927243823 18944.05568503655 10551.926934490495 7183.724608664017 8973.220294465533 4066.6031587318557
9011.017221499573 5750.8829361925855 6486.200542158184 11647.237497250086 9031.377256443859 5091.772161061128 6274.725849284965 12839.926710898246 8573.675797231908 7479.847390776028 7673.345723164943 10171.943899177746 9273.577949988938 13151.821397633437 6522.039960427529 6886.63338672781 4309.055106602894 7009.228961230097 7062.561954310408 10871.94294469145 5137.897695534575 12884.504211032536 7830.047270079554 5276.878484577918 8398.660920296596 13825.383019259729 10551.926934490495 7183.724608664017 8973.220294465533 4066.6031587318557
9011.017221499573 5750.8829361925855 6486.200542158184 11647.237497250086 5844.393093549642 5091.772161061128 6274.725849284965 7404.02849847328 7154.293882760673 5085.649223748901 7673.345723164943 10171.943899177746 4561.283072518176 6679.289382094599 6013.668799275152 6141.753393708423 4309.055106602894 7009.228961230097 6930.853187335981 7540.34968592863 5137.897695534575 8292.266947282149 7830.047270079554 4710.029784154219 6481.607140556442 5036.270468302191 10551.926934490495 6392.950102319853 6708.578614963877 4066.6031587318557
7510.6058322316 5093.43370884982 6486.200542158184 11016.574506208895 5844.393093549642 4323.183144918588 6274.725849284965 7404.02849847328 5521.601861857244 5085.649223748901 7673.345723164943 7305.40584088787 4561.283072518176 6323.399335108305 6013.668799275152 6141.753393708423 4309.055106602894 7009.228961230097 5302.946945377214 6889.939265625042 5137.897695534575 8292.266947282149 6129.188939070455 4710.029784154219 6481.607140556442 5036.270468302191 8921.028050613038 6392.950102319853 6337.2582162546205 4066.6031587318557
7510.6058322316 4036.6452212724107 4172.770679983002 7790.8487737486375 5844.393093549642 4323.183144918588 6274.725849284965 6387.14875314959 5069.940376116671 5085.649223748901 6853.762223609442 6479.370201912103 4561.283072518176 6176.859061281655 3977.124324660621 6141.753393708423 2293.7988059543454 6624.48864138506 5182.42858145617 6889.939265625042 5137.897695534575 3992.632435481032 6129.188939070455 4710.029784154219 6481.607140556442 5036.270468302191 6270.739818447591 6392.950102319853 5408.727237244277 4066.6031587318557
6321.06118733746 3522.143353633141 4172.770679983002 3528.4356920666396 4312.7382086679145 4323.183144918588 3703.7121202271624 3292.9626622814676 2692.6506354896255 5085.649223748901 5765.791884744142 4429.314138806854 4561.283072518176 5921.584402758263 3977.124324660621 3541.0309403220176 2152.5425573003768 4058.758550655062 1983.9566644669494 4699.3239077566295 4785.698457424482 3992.632435481032 5114.712216518759 4369.408943460869 3777.630152220403 4371.027520186911 3768.77520038496 5086.785062201066 4590.2718856683505 3197.652802435123
2039.6547646274544 2743.3957597424646 3361.4717080316227 2672.3011196429557 2068.844802546705 3001.868199107202 2265.5871930038134 3110.305836568108 1088.5644901885682 4351.941711574311 2167.4159102034205 3413.857614704793 1486.9129153788638 3870.502651043582 3655.5831561103996 3050.843518362517 2152.5425573003768 3487.3314731070814 1983.9566644669494 4105.603139668063 3547.327716405404 2999.810004950105 3782.817115944942 2596.9507931798266 3496.410936594195 3762.4989691651535 3300.16747028872 2808.9751039869598 2096.947540643054 1578.1860403142762
993.3654428224434 663.813717500495 929.7160062531607 897.6781754713666 1380.7753739658044 1070.062808955947 1196.344928194677 1975.2776538696285 610.461554050361 947.29499699085 861.6508907565049 1600.9523438613026 899.2244021006361 965.1060398290465 681.977529810279 1819.5558408763086 479.68838017159055 1419.831603424336 820.1835698755524 963.0519589457149 2121.235247600982 1319.2985477253396 1523.4946803561675 837.1274142614591 1631.197636462246 1697.2596308240675 1270.154127498903 1980.6297964858577 1051.1399195456204 714.8908136508229
2.1518366111195064e-07 2.5718193228385644e-06 1.066265440385905e-06 2.834595420608821e-07 1.0268968878790474e-05 8.577903088280436e-06 9.400014278071467e-08 0.00010069641723475797 0.0003455537193985947 0.00014787669005045245 1.462589864331676e-06 3.018747634087049e-07 7.784102990626707e-05 1.3404258424998261e-05 0.0001105516249140237 3.1453549809157266e-07 1.5118155261006905e-07 1.919243078418731e-05 0.00017052481899781924 5.475220632433775e-07 6.393386570380244e-06 0.0001072862191904278 4.305930929149326e-06 1.8548146158536838e-05 5.159959641787282e-07 5.780360083917913e-07 6.970914228077163e-07 1.36634088221399e-06 3.902656544596539e-06 1.0714456664118188e-05
199999.0 199999.0 199999.0 199999.0 199999.0 199999.0 199999.0 199999.0 199999.0 199999.0 199999.0 199999.0 199999.0 199999.0 199999.0 199999.0 199999.0 199999.0 199999.0 199999.0 199999.0 199999.0 199999.0 199999.0 199999.0 199999.0 199999.0 199999.0 199999.0 199999.0
