390692419.80799776 499791141.27732605 311073966.8045301 581893378.0378721 311109768.79251987 476267669.25261855 416839073.7465447 850688298.2961705 218538517.59107834 261396162.68961784 437080189.7082508 412745872.4436802 189851237.15683937 111820163.25368662 497669679.1438956 76640724.77236347 24077101.67367987 42275025.68838223 336788473.6961318 531480260.0046079 176901234.55814087 194413728.30489585 202906020.38651237 647427020.9692467 67374372.00466272 266691684.5510451 677855770.2395608 90131514.06775579 257174519.97862914 204213752.38900882
180560814.081813 463818567.70710754 311073966.8045301 110280740.0720983 311109768.79251987 387407636.1028533 154700006.86591288 394997712.9656534 218538517.59107834 133607452.1328124 269228568.3284337 412745872.4436802 189851237.15683937 111820163.25368662 437657819.2869874 44938774.9889589 24077101.67367987 42275025.68838223 336788473.6961318 378701216.6887191 176901234.55814087 194413728.30489585 202906013.93999425 221867043.5635015 17956436.16650129 266691684.5510451 471663953.1511864 32145115.43800947 104853616.00226405 187250100.34920758
152596720.4091995 40179893.9549376 172046929.78285366 110280740.0720983 99732842.13734667 324355921.73689514 154700006.86591288 73398467.90066761 59146803.62527229 133607452.1328124 255190829.73746857 412745872.4436802 189851237.15683937 111820163.25368662 437657819.2869874 44938774.9889589 24077101.67367987 42275025.68838223 221163120.85213 378701216.6887191 176901223.23082688 99653190.83530496 157952161.99672648 184070188.4871183 17956436.16650129 142494716.0246584 399920566.2683842 32145110.804145657 103101613.6488191 167338240.04962206
100799456.83860031 40179893.9549376 172046929.78285366 110280740.0720983 99732842.13734667 99024801.87821649 113744777.83566625 73398467.90066761 59146803.62527229 133607452.1328124 243581038.6539511 412745872.4436802 189851237.15683937 111820163.25368662 390048086.81015146 44938774.9889589 24077101.67367987 42275025.68838223 153457642.0834535 23570064.22474309 176901223.23082688 99653190.83530496 157952161.99672648 25615875.699191213 17956436.16650129 142494716.0246584 399920566.2683842 17991810.459492315 103101613.6488191 142964073.1486311
100799456.83860031 27400086.41917969 172046929.78285366 14264792.37677828 99732842.13734667 98431576.39246526 113744777.83566625 73398467.90066761 59146803.62527229 133591038.39225502 30305267.67539068 82487730.11654577 101404028.61135255 78241365.96714129 158156463.53037107 44938774.9889589 24077101.67367987 42275025.68838223 77973938.755777 23570064.22474309 50904373.22323402 99653190.83530496 49834283.669649504 25615875.699191213 17956436.16650129 142494679.65386036 30008743.9638827 17991810.459492315 103101613.6488191 126049944.79204077
100799456.83860031 27400085.4007786 95812855.80932957 14264792.37677828 99732842.13734667 98431576.39246526 63303446.55514283 44850560.88381579 59146803.62527229 133591038.39225502 30305267.67539068 82487730.11654577 17744036.08437302 78241365.96714129 158156463.53037107 44938774.9889589 24077101.67367987 42275025.68838223 77973938.755777 23570064.22474309 50904373.22323402 99653190.83530496 49834283.669649504 25615841.730459027 17956436.16650129 142494679.65386036 30008743.9638827 17991810.459492315 35537306.67677928 28344364.00371046
6676070.576930176 3702655.225734423 6546504.290180425 14264792.37677828 99732842.13734667 98431576.39246526 11494812.83737123 6706918.628614378 32580741.937759347 48713454.2014615 30305259.628232297 77641672.80296534 17744036.08437302 78241365.96714129 110437349.86498767 44938732.08272223 24077101.67367987 11188784.136362623 44583915.85548408 6176384.215376698 15993318.722915245 16332404.411602374 11563715.118683035 14040321.365217157 17956436.16650129 41327476.08625817 11118139.327682307 17991810.459492315 35537306.67677928 28344364.00371046
6676070.576930176 3702655.225734423 6546504.290180425 14264762.782058325 34876003.37764199 13285755.083638178 11494779.878278973 6706918.628614378 20887451.59790615 3372674.362631116 10547739.381456483 22249057.208228618 14273350.219592925 9843300.990360567 32332961.938722588 15238773.503822505 10329621.349916646 11188784.136362623 15629672.528018147 4273422.031547091 3267290.21460532 16332404.411602374 11563715.118683035 14040303.669774083 17956436.16650129 38848755.581357785 5124163.678742759 16013316.642324038 5111273.990384316 8516206.075023204
398761.05274222983 1355016.9580773204 3803331.394844759 6866593.980799826 15901812.504169848 2382974.2400709325 3881786.09449316 3353353.7639716757 3397304.000489472 2569900.084333216 2605172.4778303527 5695783.226374439 14273293.100369802 3212876.876782612 2074360.21445977 10011535.350041406 10071566.81131636 7995995.893145015 9856499.144972304 4273422.031547091 3267287.003392487 586181.0152035886 1069816.899780491 416790.8530272633 5472114.771375007 2003629.9247386937 2189514.2890127157 12828213.690678205 5111273.990384316 8516200.746940682
211708.386581662 1355016.9580773204 2311537.279510702 193715.42717488942 3402065.992122079 2382960.941585812 606006.1712896876 2967091.0739849145 1868205.4296450003 1480811.862340181 773942.2363093159 1603846.2074202313 2146767.5766978404 156151.45860095273 1050381.4644113907 265150.79406148155 2950599.0141729214 399280.23194137565 461581.7499554322 2200963.1812452707 2566723.7912404747 572640.4892959548 674950.9676508858 416790.8530272633 4261261.497162089 144809.19275417938 702104.2334206229 3234235.1869305745 1195857.9957384393 327698.70402362815
123754.4154370701 157043.1994622226 72767.31967675252 193687.2336519029 739812.272947468 25112.79744439232 393439.15036522236 250575.45185070878 45093.24492777175 55520.600492855185 407139.832088401 51586.60763274458 407121.8464252827 156092.52155910298 341244.58951958176 265150.79406148155 263708.87398882315 245096.66362712474 461529.1924792969 217495.59310565447 755544.843329349 335953.8333070266 207407.38195373752 416783.01278195897 423738.3047874452 144785.26946859527 327402.98588001775 618425.1440985241 425987.82591012475 327672.29502710473
11304.773828430021 31723.634425448603 50774.214944289175 21492.33663352588 57352.652761062076 25101.22279417344 158344.62884358075 128100.09199731519 40697.86252697152 48423.44101492698 31403.085487192613 39663.39049970173 153022.83287371197 77653.34881075622 134498.42866161306 9219.41379971092 50796.90534197443 101924.73011606086 142985.4122591833 55970.57357816249 15268.706735911066 117626.45545851735 97845.661958019 119918.57164846944 98637.176563067 100825.60428238442 44234.041018585725 35908.762500669676 32902.81657619632 163473.17955457536
11304.773828430021 29855.418672685937 34921.68296184414 15516.891350745813 20465.95770744857 25101.22279417344 39545.98381995823 22217.107548988468 28325.301252079276 20627.251656766315 23287.951333480436 23180.533031689763 11510.432212122216 31585.093794944652 9156.274290574784 736.9985994525814 27139.108416264822 4089.315866091718 6462.28872848446 11448.613797591732 15242.248031193114 9705.372110785589 4352.149424316533 11938.80506694647 41329.49064648174 7550.102170729775 29965.866137333207 24617.76591384167 6017.510993991024 24003.567124594698
4954.476919832366 7258.010487133688 7351.838037095156 10463.431782549771 914.4359542553707 10290.857278256648 15013.741351719742 3850.5706385426092 3789.232467302929 6072.558391723467 2316.9514980939502 3496.399739825886 3603.302093354763 3982.4025060453678 6393.919694394637 722.3228084319549 2937.678308375165 4074.0756634205472 2622.3954657683935 1979.3191023264199 3616.227101490238 9705.372110785589 769.2682800366415 10299.869507810257 81.50421734349129 516.8219520710527 4201.2146877190835 8832.776547797133 2533.7114040553297 2828.036495379496
650.6583122734269 1207.1803921547535 820.6362966748839 1278.1701782306718 181.34539471957623 850.3283713633809 1445.7790024843212 916.9981682912885 2101.4991114415593 919.2604512294201 932.6039096525947 615.5909621455867 1177.4949589237403 752.778077619309 256.3973224700694 720.9947742964323 1106.7166664823358 1446.880569285638 1783.4360613663407 883.146062147553 386.1336874786166 629.8903755029723 499.64522352413314 420.1355817302633 78.48191014727672 516.8219520710527 1712.9222602932032 235.70858425390475 972.4177003993009 759.3997715138594
2.489532088080068 10.186543884817866 13.494071111958192 9.626722134853708 1.920576909246165 4.224756084519868 3.4610692389974247 5.239860984020879 1.932573572214551 1.7870880468933592 8.966835500466004 5.323383043084505 2.6363792326683324 3.643376942891564 2.704810779883246 1.0546760787069616 3.025064885811389 4.408166395713579 1.9682041880002998 1.818972895613797 2.378335810747785 3.938795653582929 12.308979421012282 6.746402194885832 1.4264955845624172 4.524356133852734 5.285494828482342 2.7677202474219484 8.845767191891355 1.6845401092946304
199999.0 199999.0 199999.0 199999.0 199999.0 199999.0 199999.0 199999.0 199999.0 199999.0 199999.0 199999.0 199999.0 199999.0 199999.0 199999.0 199999.0 199999.0 199999.0 199999.0 199999.0 199999.0 199999.0 199999.0 199999.0 199999.0 199999.0 199999.0 199999.0 199999.0
