108.13845739363137 98.18877936032345 95.3971458959727 112.40763014102151 92.63905581052529 86.2036873107811 64.6138232018086 115.99898843075164 95.75341330707329 103.57856045147071 104.18176007066427 91.03827863300876 101.7065781846668 116.04277351167912 94.0052661134614 118.58554769348143 104.0172110092825 98.99363476919109 93.6765683962933 109.14675538771667 83.84521971691049 111.63934740335685 105.2795858547687 116.68123488080039 98.10277389252383 89.37387134486767 99.26579460942935 126.69948893264348 85.2705777511436 106.48154796857739
101.64499369470616 98.18877936032345 62.03231777799033 91.29125432601245 89.34094008222553 86.2036873107811 64.6138232018086 96.83993039806501 72.96308098788904 85.43854878566447 86.86462961735299 91.03827863300876 101.7065781846668 111.79725095276774 94.0052661134614 85.77971867776296 103.48919985630528 97.57774398271795 93.6765683962933 78.6051020539561 83.84521971691049 94.93424110700096 98.3758557016107 93.66972222872062 97.23286040524852 89.37387134486767 99.26579460942935 91.93166187921975 85.2705777511436 101.84995515857145
101.64499369470616 90.18511292831386 62.03231777799033 91.29125432601245 89.34094008222553 83.56075451866218 64.6138232018086 73.0860201492718 72.96308098788904 85.43854878566447 86.86462961735299 91.03827863300876 100.93058225841492 91.00233584173839 94.0052661134614 85.77971867776296 98.0943385019358 77.23277161786257 90.22965619792274 78.6051020539561 82.79087901313892 94.4588916835653 71.42932862345856 93.66972222872062 97.23286040524852 89.37387134486767 99.26579460942935 91.93166187921975 85.2705777511436 101.84995515857145
54.478854621207006 90.18511292831386 62.03231777799033 90.96982929175624 65.70430307739116 83.56075451866218 64.6138232018086 73.0860201492718 72.96308098788904 82.94945058463043 81.5069726314432 91.03827863300876 94.68765537785862 74.97160669475659 87.07546948543802 85.77971867776296 98.0943385019358 77.23277161786257 88.59075906209307 78.6051020539561 72.09511989161388 82.26955552372465 71.42932862345856 93.66972222872062 97.23286040524852 81.61834782797041 93.6311927709196 91.93166187921975 71.1109913800725 80.21763517521799
54.478854621207006 75.95207458489676 62.03231777799033 90.96982929175624 65.70430307739116 83.56075451866218 64.6138232018086 73.0860201492718 71.44751996103912 82.94945058463043 81.5069726314432 91.03827863300876 79.69126449901842 74.97160669475659 87.07546948543802 85.77971867776296 89.56317954010831 77.23277161786257 72.60798811919403 78.6051020539561 71.08483536859296 82.26955552372465 71.42932862345856 91.45585282412674 91.1003954527771 81.61834782797041 86.71897738439952 88.93520915530428 71.1109913800725 80.21763517521799
54.478854621207006 75.95207458489676 62.03231777799033 83.00643995100313 65.70430307739116 77.51821143505458 64.6138232018086 73.0860201492718 71.44751996103912 82.94945058463043 81.5069726314432 91.03827863300876 79.69126449901842 74.97160669475659 87.07546948543802 80.52185192067645 89.56317954010831 77.23277161786257 72.60798811919403 78.6051020539561 68.26975198898799 82.26955552372465 71.42932862345856 84.49153089146796 75.56737338081246 78.08387955531634 72.48689257286264 88.93520915530428 71.1109913800725 80.21763517521799
54.478854621207006 75.95207458489676 62.03231777799033 80.27582711048615 65.70430307739116 74.87485781797659 64.6138232018086 73.0860201492718 71.44751996103912 82.94945058463043 77.74021111129514 75.71223560542182 74.51506653242063 74.97160669475659 61.17803514744355 80.52185192067645 85.70871321616926 77.23277161786257 72.60798811919403 71.69301799585753 67.61444234950181 71.02687317052619 71.42932862345856 80.99384435871934 75.56737338081246 74.19531822157467 72.48689257286264 65.51644885739302 62.70809040509664 80.21763517521799
54.478854621207006 56.12708256835356 62.03231777799033 75.38105331657084 61.774136698422126 74.87485781797659 64.6138232018086 48.341189150008404 71.03679915950079 71.35744117362151 58.609195498229724 75.71223560542182 74.51506653242063 74.27117717985618 41.39171722622575 72.02715402501428 84.03072396085975 64.43617082826074 67.69162542758215 71.69301799585753 67.61444234950181 71.02687317052619 71.42932862345856 65.76154029699899 65.58950740262571 74.19531822157467 62.56810027527354 65.51644885739302 62.70809040509664 70.53558989764872
54.478854621207006 54.25183155930699 52.818328077583715 68.26140880099638 61.10301417997698 57.96616581532726 64.6138232018086 48.341189150008404 38.010727307728985 68.28908050027371 58.609195498229724 66.51471585583545 66.9412385604005 47.473129512053674 41.39171722622575 60.865647541384874 64.15394740080137 54.374522777193874 62.089288934039814 71.69301799585753 63.93018303352551 65.27811201448037 70.73215579275063 56.96803043638022 54.54757605372936 57.373345428920175 45.80043533680896 65.51644885739302 48.5481736024052 53.34495500690821
53.33207270812807 52.024152080637805 39.90382094899837 62.68281097362467 46.46957822904028 43.82613700714717 54.72429474753494 48.341189150008404 38.010727307728985 51.18875031611958 46.56185950732231 44.15935175894299 59.858222838902634 47.473129512053674 41.39171722622575 57.16260583436531 58.977640639155766 50.27671909782691 55.43638327888493 46.10382908602526 46.811910501828606 59.582886830692246 57.64068124027722 30.046920013199838 54.54757605372936 55.46239722103178 45.80043533680896 55.87914239067061 48.5481736024052 49.63375607862815
46.282000260750806 44.05259513587896 39.19614400863043 45.09146501130783 42.98337137985584 43.82613700714717 50.436083358626774 48.341189150008404 37.84322858898702 51.18875031611958 46.49690910330844 44.15935175894299 40.55613980288217 42.2467599778488 34.28535309412746 48.87819788722368 51.97448830667338 47.11293189234402 48.20623229484693 44.52000423621928 46.811910501828606 51.59131399497721 50.585390572695815 30.046920013199838 38.85549693354949 43.321644724622274 43.66259395274972 46.79137765804683 42.588789960532154 40.2883263270395
29.61929625443713 28.373485380286866 36.078709251502346 45.09146501130783 37.68332503806005 31.902187097498768 43.56311040916387 43.24261677872505 25.687987283375264 49.99913082154387 30.790749157644086 40.32149113260846 40.55613980288217 42.14918797987093 27.26209005990222 39.68242086706937 44.32965311645239 45.648822217450174 42.469389108234054 44.52000423621928 42.349881721554766 36.76332811702139 32.82722702992794 30.046920013199838 37.49152626377179 43.2507800120062 43.14499327114163 34.476388433552984 35.6141866229965 37.48771614925033
29.545858803247825 26.51085723280346 31.10219337540161 39.25415342672545 21.364811644366455 30.262221705126876 33.01995441344593 33.354409493508 20.066911069924345 31.602346017174227 30.790749157644086 35.87487786893905 33.2942307116831 33.11047636364208 26.540540273945 27.928531023288315 36.051486754285065 32.3679613156836 31.43685060552059 20.860098279700082 32.587458962337905 32.052196859351966 20.765828710484357 30.046920013199838 23.655144131745374 26.079823243138094 24.61900181039357 28.530245596466216 22.6763842219666 31.332868158771248
19.578670000342186 26.012082353449728 20.195475082490134 27.47839411697055 20.39842623307129 21.282538027977353 26.0129476660843 21.496431545194582 14.688824976935848 24.395119800491102 22.41748813214474 25.843378459649216 24.67148023278071 16.78694117132386 17.675561208838417 23.509819172934613 20.485760480011663 21.098038194323976 16.33183645798988 15.348386855697072 24.66760632452508 27.25685860134695 19.954934052733506 21.74326036690377 20.33185358995729 26.079823243138094 18.54342048217825 10.492534789531646 22.533897434205528 15.662099900128169
13.806799197386795 6.931200911283099 16.77345507060636 13.769673603445426 16.179454955628103 13.341239460927 15.746731106125253 16.58909719119754 13.994348059890285 8.474054758625925 19.070779736389454 13.444788273687664 11.419517201566805 16.256655727025077 10.943059540622926 17.22131844406988 11.246325263325048 11.858050859457535 10.786948316788425 10.978668118480073 12.638531010668999 11.378987779955764 10.348817046115755 10.51902440867184 13.673284240916473 16.447601606553576 13.833369590469374 10.453541520343492 12.82952568964879 11.402795406030009
4.072891877575898 4.054412735282654 3.0139669430317326 5.107244163820951 4.017350365844322 4.061562471178604 4.993422355234884 9.010531788625258 4.027139517689648 4.012681783726862 6.0056217723815735 5.068790698090993 5.327350682551355 4.011776171772226 4.1530010854028205 5.037096395324852 5.07479942386874 4.2461545524126905 3.0929260094234223 2.0295066641826907 5.020508597194066 5.1335950109207715 4.084181575241473 4.264808233497206 5.213530036421616 5.0420060312953865 3.037055581792515 5.04355887060251 7.054100388924326 4.084338045623554
199999.0 199999.0 199999.0 199999.0 199999.0 199999.0 199999.0 199999.0 199999.0 199999.0 199999.0 199999.0 199999.0 199999.0 199999.0 199999.0 199999.0 199999.0 199999.0 199999.0 199999.0 199999.0 199999.0 199999.0 199999.0 199999.0 199999.0 199999.0 199999.0 199999.0
