300.6895221520226 251.90967162698325 183.8843048246854 257.97701549226895 343.31692647612044 259.8622054649786 347.915086423468 301.23840196016863 257.6209114952849 168.07484369147778 208.51949481759402 253.90002377116343 144.6083329129865 220.49696771494473 338.5304647915027 222.13780249215733 319.3472853701469 172.4196046209472 173.55697107755805 265.372304371519 191.4389299633972 194.9780110035831 213.2256513871057 254.174124877552 225.6830410887219 285.3644088911342 189.70223464418268 291.64808602601624 145.97669125904213 294.17545031941927
300.6895221520226 251.10285935956972 183.8843048246854 257.97701549226895 272.1341518242207 259.8622054649786 259.20222628016836 301.23840196016863 257.6209114952849 168.07484369147778 208.51949481759402 253.90002377116343 144.6083329129865 220.49696771494473 338.5304647915027 222.13780249215733 284.23921515365555 172.4196046209472 173.55697107755805 265.372304371519 191.4389299633972 194.9780110035831 207.10878525999033 254.174124877552 225.6830410887219 285.3644088911342 189.70223464418268 178.9444388551865 145.97669125904213 294.17545031941927
276.64911071615325 251.10285935956972 183.8843048246854 216.37651298068295 272.1341518242207 259.8622054649786 244.61920837503976 170.25747126970464 257.6209114952849 168.07484369147778 208.51949481759402 253.90002377116343 144.6083329129865 220.49696771494473 201.10616460265828 222.13780249215733 260.6245011422616 172.4196046209472 173.55697107755805 265.372304371519 183.65786820722087 194.9780110035831 207.10878525999033 254.174124877552 225.6830410887219 285.3644088911342 189.70223464418268 178.9444388551865 145.97669125904213 294.17545031941927
126.27488248622285 251.10285935956972 182.6347976943539 174.7906817054909 272.1341518242207 214.81075280048117 163.04599824908246 119.69510043742048 257.6209114952849 168.07484369147778 208.51949481759402 253.90002377116343 144.6083329129865 220.49696771494473 201.10616460265828 222.13780249215733 252.15536091527565 172.4196046209472 173.55697107755805 265.372304371519 183.65786820722087 194.9780110035831 207.10878525999033 254.174124877552 225.6830410887219 285.3644088911342 189.70223464418268 178.9444388551865 145.97669125904213 289.37400520160963
126.27488248622285 195.34956598612962 182.6347976943539 174.7906817054909 156.89472825814755 214.81075280048117 160.1893645889554 119.69510043742048 257.6209114952849 168.07484369147778 208.51949481759402 253.90002377116343 144.6083329129865 220.49696771494473 201.10616460265828 222.13780249215733 166.97151941286893 172.4196046209472 173.55697107755805 265.372304371519 183.65786820722087 194.9780110035831 207.10878525999033 254.174124877552 225.6830410887219 266.7262700334418 189.70223464418268 178.9444388551865 145.97669125904213 289.37400520160963
126.27488248622285 120.11219761009716 144.38746005514668 112.20148815088623 129.9251237902813 162.82504866953877 94.21493559014016 104.61376064330534 194.8515801130261 136.48854732328527 86.78112367596941 202.62763277752947 95.54726599661626 220.49696771494473 167.88820379259232 157.3981092929398 143.5133269793546 154.7656197630422 173.55697107755805 111.3637629490936 135.39239261115154 110.82202995525859 88.14842041024258 116.2488620232657 158.9465031396894 101.06276204433834 97.27663201622181 162.59063624374494 138.40243687319798 131.58000277690098
97.33306145140477 100.06945731326778 126.02065335265479 102.42591395528143 99.31325614410525 83.0887106364844 60.363049049275105 87.57971333423984 67.50716363558968 96.7261990073157 86.78112367596941 99.41813467006659 94.16310919032503 95.56466241484304 61.993848758720105 104.92572831238749 95.9589805735709 90.5400315120578 84.43962320431729 69.63453401766537 96.57017467399737 80.08993490947705 67.89177564668034 116.2488620232657 71.83594439277113 101.06276204433834 97.27663201622181 87.13324751705659 69.78044179043354 70.68289614460446
62.578504708837045 72.09801638379804 72.93040214011535 63.404484898390365 65.77863586665035 60.81954092952401 41.185680466633585 37.33496814703608 58.4480133506936 60.78975567606949 61.519558823265015 67.89507548575239 47.819692766802746 62.25298192242917 49.47043040647259 38.765756118194304 43.69926344010901 77.7064932565545 57.98206710378645 56.789371313881475 49.727113997993456 57.33791396645165 58.03655203520657 69.58137418127399 48.074387708243194 62.131975039784265 48.002028357800555 64.51929281475986 53.86971015069594 67.14100657967447
30.279986215346753 40.77810202634578 39.72395486701657 32.00065327622747 41.259427145955215 41.46010470303008 34.77586261430338 34.460681122835695 33.025429258025724 30.467921357310388 41.85593867679245 41.61408157378378 35.284392836681945 41.30350074456737 38.61499669993418 38.34556035701053 43.24802448319315 45.304171609635205 43.564861494552815 42.18490820070792 41.07593131954832 34.11973602704393 43.08194168853356 44.95053138250046 36.822028525987434 41.34413264973841 34.94517884130323 34.36679736556289 45.23952052782647 45.64774019243782
29.458733182689684 30.645132349890446 31.004867244148727 26.407044127293148 31.05050399800689 27.84923073184882 28.607069393350685 26.756057103528065 27.696942629129808 26.80109809521764 27.616970277582368 28.63879216281589 26.026729372294767 28.045706578804356 27.296576406433587 28.70863626091227 32.16673568921874 28.001295832931874 29.22390276123633 32.78868934019033 29.474353362764987 26.25181972281507 23.946122193663086 27.284738311475166 27.70028461392303 32.71550032387108 25.11212054872567 28.74853149712635 32.50799702826362 26.813253824334424
24.199018686068257 21.18625379510604 26.151816460880127 22.686961866510728 24.28621341360963 23.662005608052823 23.791198638437436 23.29466678666381 25.503758957250284 23.8866875922497 24.439175761763636 25.980855564903095 23.528389070919275 24.060270887432353 23.53685982923571 24.51796534174855 19.194752176333623 24.636492492549223 22.678961086292702 12.566710652358324 22.59291029554265 21.2528079604067 23.946122193663086 23.655080642870644 22.60271714412829 24.971501403161483 21.191832865673632 25.5591572802457 25.545586642610942 22.25380942992456
20.817101148814572 13.918471515752572 12.64033379735406 16.763907144599216 9.92551006936651 21.035376108039827 15.145702968426122 7.0949023372654665 20.982302778357962 4.804822637268899 9.077744029399582 21.06336506422622 10.889818546502966 19.87558252707663 16.971094747900224 19.35387279776387 7.0883548253575555 20.986098330061395 14.949665428874368 5.122758005825517 5.96680950397058 10.360826182062965 15.75801902970079 10.841641023709144 7.237271666323977 19.225091357689507 6.929656904177591 14.730708722388044 16.104048541291377 20.479353600819877
20.119244426133264 8.927427747872798 0.3567322385463285 0.8729650607790518 3.029351166280321 20.052238742988948 0.9443670742327868 0.14874618223666403 18.03725822833735 0.31859263108276537 0.5307150895248469 20.13479661320889 1.5761705798029197 1.5609560410600807 0.42694804779966944 1.0795498940815378 1.106465084028514 3.3186452260797523 0.4476534657596858 0.7381109864556947 0.24567188846162935 0.47046552309757317 7.251625912566396 1.344263075922754 2.382332800103086 2.360059062787059 0.3398378488752769 2.3534660136326693 3.3746490085779897 20.11844331024031
0.5264177099238623 8.872418092851603 0.003444283670887671 0.0034532297404439305 0.016354623843426452 16.878062627872396 0.6265155626472279 0.0019906792149413377 17.60351516803121 0.0038120843319120468 0.007197842708592361 20.112512097486842 0.013437795635354632 0.006622033157782425 0.005252743353139522 0.004456532127733226 0.9954974042611866 0.013824129349359282 0.0070015309563586925 0.6269494626781125 0.0014796143541389029 0.003942349753287999 6.973303615491204 0.004430913243140822 1.928522890115346 0.012679482589192048 0.00450516565979342 0.017286614513295717 0.02062505544176929 20.112461520458055
0.0005424737353223463 8.863908184766387 8.637824294055463e-06 4.461305479708244e-06 2.2347570393321803e-05 16.87806256545059 0.6241042269887203 3.2103919238579692e-06 17.601462493094232 7.165463102865033e-06 1.2715671118712635e-05 20.112436587435923 2.2427096155297477e-05 1.0283124083798612e-05 9.752199048307375e-06 1.1406540352254524e-05 0.9949608451840959 3.33320606387133e-05 1.1998532727375277e-05 0.624104256334931 3.585621016100049e-06 1.2412026762831374e-05 3.986557816715731 2.0939126443408895e-05 1.0115117045302213 2.8686971745628398e-05 6.0956599554629065e-06 3.0218118808988947e-05 2.3027387669571908e-05 20.112436586148988
2.279671207361389e-08 8.863896448645392 1e-08 1e-08 1e-08 16.87806256545059 0.6240993205631185 1e-08 17.601462461990877 1e-08 1e-08 20.112436585798605 1e-08 1e-08 1e-08 1e-08 0.9949590570975033 1e-08 1e-08 0.6240993205278755 1e-08 1e-08 3.9798315318350888 1e-08 0.9949594262450319 1e-08 1e-08 1e-08 1e-08 20.112436585798832
200000.0 200000.0 175650.0 172150.0 178450.0 200000.0 200000.0 167050.0 200000.0 170050.0 182650.0 200000.0 179650.0 175650.0 172900.0 176000.0 200000.0 189650.0 179400.0 200000.0 163500.0 176650.0 200000.0 175550.0 200000.0 175200.0 167750.0 181600.0 178700.0 200000.0
