863735781.482795 1106228670.896529 415646686.43642765 173192438.38482106 177703012.08762783 1560438832.5517056 1891229442.648588 1521442449.8124697 1517862143.1097472 2100635482.9111364 1100495709.1789095 352892152.9260182 1501861674.5762577 946064582.1613748 343383846.2899116 1510480299.3831117 5366633317.18939 2744006084.1512322 3180310463.577432 1613411704.384932 905582891.4420499 1223605688.1854868 138669970.70065343 2229531709.7662616 1358805829.200123 485642308.43286896 1396807054.315347 407051259.1547947 2997284918.614358 1525122965.8667758
171309060.85800505 23734392.0714415 415646686.43642765 173192438.38482106 177703012.08762783 1025701428.0500977 1590053319.6323838 532786846.682843 1517862143.1097472 827357148.7707546 1100495709.1789095 345043714.4628433 60717645.405548245 946064582.1613748 343383846.2899116 1510480299.3831117 2395356010.9605107 2463250875.7018347 1548801522.7612014 1613411704.384932 905582891.4420499 1223605688.1854868 138669970.70065343 2229531709.7662616 1358805829.200123 485642308.43286896 1396807054.315347 407051259.1547947 2997284918.614358 1525122965.8667758
171309060.85800505 23734392.0714415 347504432.6267049 173192438.38482106 177703012.08762783 577742708.4000803 1590053319.6323838 532786846.682843 1517862143.1097472 827357148.7707546 1100495709.1789095 345043714.4628433 60717645.405548245 946064582.1613748 265605951.6814947 864681957.3883387 2395356010.9605107 2367673696.816003 481817946.6412878 1613411704.384932 634084863.2719003 1223605688.1854868 138669970.70065343 2229531709.7662616 1358805829.200123 485642308.43286896 1396807054.315347 407051259.1547947 2432630659.9704895 1525122965.8667758
171309060.85800505 23734392.0714415 347504432.6267049 173192438.38482106 177703012.08762783 577742708.4000803 1590053319.6323838 532786846.682843 1517862143.1097472 244826439.41361645 1100495709.1789095 345043714.4628433 48130899.857021846 17579180.908569116 265605951.6814947 123592998.09726003 1607116862.33389 1861201088.1148643 481817946.6412878 1613411704.384932 634084863.2719003 1223605688.1854868 138669970.70065343 2229531709.7662616 273522960.12565315 485642308.43286896 1014071301.3782089 407051259.1547947 1416236989.8479288 1308019441.8200467
171309060.85800505 23734392.0714415 347504432.6267049 173192438.38482106 177703012.08762783 577742708.4000803 1027064080.1675646 532786846.682843 1517862143.1097472 244826439.41361645 917056976.9989525 345043714.4628433 48130899.857021846 17579180.908569116 265605951.6814947 123592998.09726003 742396543.6142069 1861201088.1148643 481817946.6412878 1042568935.5535669 634084863.2719003 1223605688.1854868 138669970.70065343 2229531709.7662616 273522960.12565315 485642308.43286896 925098303.7056978 407051259.1547947 1416236989.8479288 225305718.81483564
26339192.179470576 18516991.132866792 17036169.534572005 173156218.0305739 24772659.176142074 65675263.153162494 109777774.22904843 151352445.40501246 80307271.20047176 44789547.416902915 18249362.901518527 15048061.42395315 48130899.857021846 17579180.908569116 88962574.59933728 94732880.50956634 185387546.6245065 32640240.620162714 185406329.87798962 16804058.209087346 69566824.3469559 63526012.169057176 32788140.852289148 36238558.09234903 39141711.17871994 61834724.32024439 14723616.709459877 127583451.84691755 118177243.04917575 158498643.81632435
7297317.175040923 7542125.310261064 17036169.534572005 18158426.178391226 11591744.19734068 9060684.794907797 9702489.495550409 5892499.275779896 9093448.864636451 44789547.416902915 18249362.901518527 1178378.8011539602 7232180.756004818 14537206.742539614 11330565.520209536 5765277.437884014 17416124.552594878 16669431.185953783 14160652.271833569 11291477.539762782 5707623.848089551 18371543.26952688 3458347.56735193 5000473.865958984 5885539.499592559 8265796.749407338 12520488.83649358 27388209.459517397 16718827.887410678 36198833.46275461
277448.3621107523 694211.4240601122 793862.0855159906 847381.8209168196 280402.13068329304 145377.63304304835 1652015.6032186416 2923953.7017715215 2204768.96530933 2954510.6503666122 2410315.109398108 1178378.8011539602 1133146.4571938184 1195437.036532584 899164.8239773631 5765277.437884014 687418.6282274759 2185081.291585578 1205099.0734349785 603388.2123823927 445421.1255771431 1287947.3983154113 179852.22295154972 1017487.5740810494 1061243.6677648753 1152966.3139270826 307245.48184615694 4119779.1074973266 3898970.3997010123 945991.045433994
113815.30560999624 102794.33426532711 149070.11919594667 35110.58761930426 171615.99760960514 135341.77086620795 53146.954418717076 72925.70176198972 227056.94595276262 251948.90903117287 185122.90283390685 205938.14899539817 148531.29600489317 166089.24001694418 45118.6780320035 339342.37010649196 115130.42379069919 291886.89395585674 196501.92680191752 206086.97645027007 7319.714906040746 183162.20699115563 22347.276473550257 214230.48023618458 112523.84998844563 137920.9098320786 209183.567780087 62438.79455193358 157827.94207687784 355108.9715515132
6146.049045344014 12059.51932695379 2390.632717063754 4152.8181974109575 3101.9452055601414 4903.434437217442 13475.355100271712 3661.099124989696 15525.530873197786 6077.456691576136 24778.797331111284 11679.743878868725 8162.818961250359 2356.325523405125 20353.597650536605 32904.30437315637 8291.323220737202 6325.08583811067 13530.437398833248 47782.227089963206 2334.15614034177 13734.362672212208 3633.3185604825867 23595.443057008808 8946.115858940231 23364.06111234784 2380.95275247907 2370.7026758623724 12128.216797131228 681.105316142085
119.3443749201474 551.0672385339426 551.6444944152481 335.87172883153244 431.49767180804474 677.6057952544347 2528.3927349916776 903.8138531127033 719.88075365541 310.4177310702862 3794.8952723165257 445.0412483511559 1085.2712459639915 732.5354064583908 1231.5515733817783 1523.7777830516025 536.5948433220738 362.1292353520057 878.473446987749 1717.617192374384 198.54556520796723 1489.339770155963 224.73502891176759 466.8459859371719 661.5814005194134 2201.10183232183 396.67448015565014 489.4253013325533 935.0064457230114 653.4149195781915
37.869853110663826 44.84886918779512 33.63523882768527 50.65630367299627 43.25120316175412 79.59569503252851 57.33749844275326 69.24086323362258 52.390142806403446 38.09825755469137 66.58034046968555 59.38386904043932 57.69860011646915 64.49619112420737 91.87538045064275 53.18398698607689 36.12992718806959 28.716780368288255 47.07833033656061 40.66998288035097 11.513621409212192 69.43385508424058 25.97299208844811 42.575655784325136 60.87246052621663 39.81284515706375 48.7841740839267 51.533572100242736 73.65726441245147 49.95766059357402
6.894202746755582 11.188399488190498 6.250250955996989 7.85836649837961 7.680788411645381 6.754469394757734 4.913884293523097 6.461182094745027 4.027395439109114 8.953231578445866 10.173657524516784 5.852960934054181 10.125184838717814 11.988241753036391 6.072639227001673 7.777559353572997 6.0614215721248 6.958728657288475 9.365375024294735 6.656492801463173 5.249335427768983 10.073863720340569 9.310835092770958 11.648203028612897 11.646543204610225 3.7759273981539536 4.1184333233695725 4.183873475968994 4.9625950099557485 5.90368345993511
3.6305199243961397 2.082628651289724 2.4820518233625535 1.8320248504644496 3.4152019723501326 3.0837255552266924 3.7050325384150256 2.9512094131330286 2.3070773739375454 1.7964557418745244 6.369865824910221 3.278778003214711 4.856544753047274 4.72737601365543 3.9275751264874543 2.6264865635491788 2.111077084017097 3.149623533852264 2.36089080693705 2.2685985357632035 4.200794883855224 3.97544465878309 3.426669762106485 3.591092410979172 3.1011496683595396 2.130850637639014 2.108972284269612 3.2309549899371177 1.6670388651725716 3.4910449232736482
2.097567119260475 1.763774817823787 0.9007005464845861 0.9593525857844725 1.878515983114994 1.9804854251292454 2.7497918533063057 1.7153466605138874 1.3038321856558923 1.5916312907861538 2.791840702931495 1.2509627300971715 1.48347599748854 1.8450146545787902 1.4922408227132564 1.63783743355566 0.9654256039855227 1.5635373497182172 1.8210549839359373 0.9552055680858302 1.6880835684805788 1.7770026482655794 0.9578785633525513 1.2776669880515783 2.2597722504060584 2.130850637639014 1.9016775519576186 1.9503440298590249 1.6670388651725716 2.3100179275345454
0.7716164433784343 0.8127309820931714 0.6323763193281593 0.5741379277085343 0.7355427492179842 0.8055402145412245 0.8900041639885785 0.6845668434721119 0.5862971827043566 0.6416708092297085 0.9951565694182136 0.5820204985072905 0.8984993089929958 1.1493596344880643 0.6834148704190284 0.7301752026589838 0.5501551210854814 0.6560766177967707 0.7525325658577913 0.553031989063129 0.575523493151195 0.6676977430843181 0.694061164120285 0.7469355217026532 0.8058394696188316 0.4132756572046219 0.7754299399125557 0.8072467899073672 0.6479008909579989 0.7487811699954818
200000.0 200000.0 200000.0 200000.0 200000.0 200000.0 200000.0 200000.0 200000.0 200000.0 200000.0 200000.0 200000.0 200000.0 200000.0 200000.0 200000.0 200000.0 200000.0 200000.0 200000.0 200000.0 200000.0 200000.0 200000.0 200000.0 200000.0 200000.0 200000.0 200000.0
