14086.118737746736 8551.562172602313 9475.609464454365 11386.466813307376 8862.285674352957 17223.12855827765 12246.280208065093 13249.689747327748 15626.811655090605 12763.54543221158 12037.58011815646 12150.794866014394 9825.075260720056 13249.313777309906 11934.34970650362 10509.552160485764 12622.89140789503 16272.0890243416 14471.82733402718 11291.685837130546 14809.643884357778 14470.851763942212 15610.646047047598 13500.800096399656 15237.482264220685 15128.577523158407 9383.286808559844 12421.626662517607 13889.05581222679 10072.290020598495
14086.118737746736 8551.562172602313 9475.609464454365 11386.466813307376 8862.285674352957 17223.12855827765 12246.280208065093 13249.689747327748 15626.811655090605 12459.153225613847 12037.58011815646 12150.794866014394 9825.075260720056 13249.313777309906 11934.34970650362 10509.552160485764 12622.89140789503 16272.0890243416 11622.507990463722 11291.685837130546 14809.643884357778 14470.851763942212 14157.46925227393 13500.800096399656 10540.00710747547 15128.577523158407 9383.286808559844 12421.626662517607 13889.05581222679 10072.290020598495
14086.118737746736 8551.562172602313 9475.609464454365 11386.466813307376 8862.285674352957 17223.12855827765 10277.30852220394 13249.689747327748 15626.811655090605 12459.153225613847 12037.58011815646 12150.794866014394 9825.075260720056 11190.374618176716 11934.34970650362 10509.552160485764 12622.89140789503 14463.778281323828 11622.507990463722 11291.685837130546 14282.873430080816 14470.851763942212 14157.46925227393 13500.800096399656 10540.00710747547 15128.577523158407 9383.286808559844 12421.626662517607 13889.05581222679 10072.290020598495
13769.88979827703 8551.562172602313 9475.609464454365 11386.466813307376 8862.285674352957 17223.12855827765 10277.30852220394 13249.689747327748 15626.811655090605 12459.153225613847 12037.58011815646 12150.794866014394 9825.075260720056 11190.374618176716 11934.34970650362 10509.552160485764 12622.89140789503 14463.778281323828 11622.507990463722 11291.685837130546 14282.873430080816 14470.851763942212 14157.46925227393 13500.800096399656 10540.00710747547 15128.577523158407 9383.286808559844 12421.626662517607 10343.99852875657 10072.290020598495
13769.88979827703 8551.562172602313 9475.609464454365 11386.466813307376 8862.285674352957 16665.559214284523 10277.30852220394 13249.689747327748 15626.811655090605 12459.153225613847 12037.58011815646 12150.794866014394 9825.075260720056 11190.374618176716 11031.25729277352 10509.552160485764 12622.89140789503 10981.33507760776 11622.507990463722 11291.685837130546 7774.153703249576 14470.851763942212 8705.247997698489 13500.800096399656 10540.00710747547 15066.740042212326 9383.286808559844 12421.626662517607 10343.99852875657 10072.290020598495
13490.519884577147 7415.813529965892 9475.609464454365 11386.466813307376 8862.285674352957 11624.3750458249 10277.30852220394 13249.689747327748 8891.732778957688 10584.4861448733 12037.58011815646 12150.794866014394 9825.075260720056 11190.374618176716 11031.25729277352 10084.118147999192 11827.581997061623 10981.33507760776 11622.507990463722 11291.685837130546 7774.153703249576 12628.77865680661 8705.247997698489 8359.862002151023 9471.315093772662 11778.047446045364 9383.286808559844 12421.626662517607 10214.072363673185 10072.290020598495
7443.694909642345 3183.2002365881267 3092.8248043472117 3927.1133428870053 7533.487745901104 3601.3743615110707 6336.12422875947 5849.0840202499985 4927.789912996978 4552.886127548663 5454.974688348988 5913.511252491166 5682.179757057521 4466.838019120505 7562.221543331994 5813.620542279015 4642.9341551527505 3481.5660464684843 5176.6621439812825 4744.6604010488645 7774.153703249576 4081.0856367832475 4578.649072158912 6149.597544010887 5468.477050142339 8980.818645904588 5181.6255176235645 4785.6456431335355 5815.147784560285 8970.118152417786
3157.7210079767156 2164.0703069315896 1762.1312104309436 2687.1541824686647 2522.6878335414835 2806.126745400683 2341.8291975911675 3049.1316526254295 2070.5030332780543 1164.0017004375131 2156.4590862020236 2559.0316863747594 2018.8575368963093 1911.9446861176575 2835.7787799043454 1494.284092780691 1955.5271779904306 1659.561180504903 2748.441123811353 1501.1520623864844 2879.553393029217 1742.2733974239018 2032.171865268695 2345.6614857959994 2180.5364769166667 3069.909630733213 2854.082813160026 2230.89243482179 2041.1524296484813 2267.022150074516
812.1253475477372 267.31208811267584 439.63934306420015 388.8384642875485 472.289607169977 377.7721997295564 343.46202738054103 1120.545085791711 401.93004762183455 335.9296907823532 446.22802739481904 427.07630574732775 442.6018590040021 456.8768844118649 627.4212799974373 585.4095027270696 523.5584436230815 397.84860874943615 759.4936653003549 260.0028776639008 491.9061939705239 806.6863116762136 613.3077966721469 551.608593893478 687.1247946433866 436.6555731258111 465.9557830772553 650.4397585741415 562.453064029703 569.0850995532262
98.05955482800175 13.483182262628247 67.28699446359224 39.994820107575265 20.25846323405335 24.94041309905242 26.609335573097724 68.93652293347111 46.610638662134534 35.018743151111494 23.079942824543423 27.309882917708137 35.335281859022075 18.52960519054659 44.946583839673735 71.50360457964746 26.190716005434638 29.52090321478738 54.41332330594628 13.3479829642082 81.8985145242375 39.77958174458547 26.90685756732364 33.149083833005534 49.27283620184653 32.166502958798446 31.947989506912336 54.16787593274114 33.37242565909867 70.19300931969588
0.6649815911343921 0.09952972673659133 0.6767858630024648 0.5403419232314945 0.14226953399770537 0.33318914877781936 0.050229501802050436 0.7488833053280359 0.29755972051509616 0.4061381859495441 0.5081375334576705 0.1846814517649591 0.41722816288745435 0.4084269837453576 0.47250834875183045 0.5567727014506545 0.41635725817104685 0.38016000756613266 0.86066567011801 0.13100500784571523 1.2603072340552899 0.30975988170325763 0.4026321141521976 0.3959290529384134 0.35442064132280393 0.30892730952894 0.414494166978443 0.6717826990375215 0.34371736788511953 0.44373390611303876
3.5798365161099355e-06 4.3783870751212817e-08 7.076192787280888e-07 1.2215474498589174e-06 1.3523401776183164e-07 6.287719997999375e-07 3.7704239730373956e-08 1.379311470373068e-06 6.048755949450424e-07 7.974070967975422e-07 2.410848992440151e-06 4.1946441342588514e-07 9.597157486496144e-07 1.0204796581092523e-06 2.771296294667991e-07 8.80293896443618e-07 1.97618942365807e-06 6.539362743751553e-06 4.633109824681014e-06 1.1017220913345227e-07 9.251971050616703e-06 4.4001967580697965e-07 2.0921493160130922e-07 8.507004167768173e-08 2.8289313149798545e-06 4.390432195577887e-07 1.1385043308109744e-07 5.388018394114624e-06 1.0922134379143245e-06 5.252378514342126e-07
1e-08 1e-08 1e-08 1e-08 1e-08 1e-08 1e-08 1e-08 1e-08 1e-08 1e-08 1e-08 1e-08 1e-08 1e-08 1e-08 1e-08 1e-08 1e-08 1e-08 1e-08 1e-08 1e-08 1e-08 1e-08 1e-08 1e-08 1e-08 1e-08 1e-08
1e-08 1e-08 1e-08 1e-08 1e-08 1e-08 1e-08 1e-08 1e-08 1e-08 1e-08 1e-08 1e-08 1e-08 1e-08 1e-08 1e-08 1e-08 1e-08 1e-08 1e-08 1e-08 1e-08 1e-08 1e-08 1e-08 1e-08 1e-08 1e-08 1e-08
1e-08 1e-08 1e-08 1e-08 1e-08 1e-08 1e-08 1e-08 1e-08 1e-08 1e-08 1e-08 1e-08 1e-08 1e-08 1e-08 1e-08 1e-08 1e-08 1e-08 1e-08 1e-08 1e-08 1e-08 1e-08 1e-08 1e-08 1e-08 1e-08 1e-08
1e-08 1e-08 1e-08 1e-08 1e-08 1e-08 1e-08 1e-08 1e-08 1e-08 1e-08 1e-08 1e-08 1e-08 1e-08 1e-08 1e-08 1e-08 1e-08 1e-08 1e-08 1e-08 1e-08 1e-08 1e-08 1e-08 1e-08 1e-08 1e-08 1e-08
110300.0 96750.0 105100.0 108650.0 98500.0 105150.0 95750.0 108700.0 102950.0 106900.0 108750.0 103200.0 104850.0 107900.0 100750.0 102500.0 107700.0 113150.0 112650.0 98050.0 110600.0 105350.0 99300.0 99200.0 113750.0 103700.0 98750.0 111400.0 108100.0 102250.0
