584.2319777526486 453.58799777670856 563.8986511240528 475.1070453374614 528.7626267749429 647.749436482226 556.8157254625103 635.4192470604157 545.6574367278663 596.8591350465035 540.8226661481676 503.3959060036086 568.7734390440578 506.3047130971263 666.4573197662689 291.7815388763943 662.2773202958224 775.0465303527671 684.0134688902162 482.1484020573216 539.0955583394634 714.4729950514238 588.3917539383456 681.418409365885 368.686820701515 572.3634544299039 538.1807544279573 472.1929822547477 630.0000994979964 676.9152960878159
584.2319777526486 400.2402227787006 563.8986511240528 475.1070453374614 528.7626267749429 647.749436482226 556.8157254625103 602.316642795025 469.014609056112 596.8591350465035 459.6527417335851 503.3959060036086 562.8877020573209 506.3047130971263 657.1030594912058 291.7815388763943 507.86571798306795 640.0566375811536 684.0134688902162 482.1484020573216 539.0955583394634 714.4729950514238 588.3917539383456 681.418409365885 368.686820701515 572.3634544299039 538.1807544279573 472.1929822547477 630.0000994979964 571.035158394051
584.2319777526486 400.2402227787006 563.8986511240528 475.1070453374614 528.7626267749429 647.749436482226 556.8157254625103 602.316642795025 469.014609056112 596.8591350465035 459.6527417335851 503.3959060036086 562.8877020573209 506.3047130971263 657.1030594912058 291.7815388763943 507.86571798306795 491.58910465421786 387.5928214953915 482.1484020573216 539.0955583394634 520.4125593741646 588.3917539383456 681.418409365885 368.686820701515 524.8686912307276 538.1807544279573 472.1929822547477 446.0483816163887 571.035158394051
584.2319777526486 400.2402227787006 494.94579759601675 475.1070453374614 479.71169180122934 642.6037217604144 439.8360381854691 602.316642795025 456.44874184945456 596.8591350465035 459.6527417335851 503.3959060036086 562.8877020573209 454.47942645083685 434.14418433003857 291.7815388763943 464.1725496581698 491.58910465421786 387.5928214953915 482.1484020573216 539.0955583394634 520.4125593741646 481.99176430215357 556.172647629236 368.686820701515 434.90068300001576 538.1807544279573 472.1929822547477 446.0483816163887 444.51865857173243
584.2319777526486 400.2402227787006 445.124054505608 475.1070453374614 479.71169180122934 558.7134591593326 439.8360381854691 569.0135637249982 456.44874184945456 596.8591350465035 459.6527417335851 503.3959060036086 559.8558364982928 454.47942645083685 363.43473501774315 291.7815388763943 464.1725496581698 491.58910465421786 387.5928214953915 482.1484020573216 523.3461363172041 520.4125593741646 411.50805527085913 556.172647629236 368.686820701515 434.90068300001576 538.1807544279573 472.1929822547477 446.0483816163887 379.8181534026721
481.5717928633503 357.5798581046097 363.66725161865406 475.1070453374614 479.71169180122934 357.02385276799896 439.8360381854691 421.66762099209745 456.44874184945456 507.2176468496941 459.6527417335851 494.48114858285635 294.0076471166026 388.2099043742737 363.43473501774315 278.1818659850428 464.1725496581698 491.58910465421786 387.5928214953915 470.36803491419914 523.3461363172041 460.4161501233607 411.50805527085913 493.79113507949614 368.686820701515 422.4950709541645 381.0083557225307 472.1929822547477 446.0483816163887 379.8181534026721
200.10712100360024 273.58026734960004 315.08445173339805 238.16879073956625 227.68789290676023 263.3931157521347 346.34488627800374 341.85416715917745 289.40861605920827 369.31022186973087 265.08415210433805 198.972518202826 277.9998344702244 240.72111337768456 291.62458633035067 248.50010100927784 307.2964721960602 254.6176264150813 372.7045548068686 233.58149722997496 346.75283109708244 144.4258626059659 279.8691849279926 294.0233006807998 332.733962925995 233.7871061732758 304.5463773590877 267.5166632408541 287.85628286156 344.47784105272876
164.8860094583738 159.94236701976297 232.69452046892275 163.69381968347807 219.3842235371344 151.7440779299027 213.4138154868774 191.7072492035959 154.70909693260546 253.48008167066473 214.56866986213709 174.27404835117795 186.696226134673 214.88961694260706 191.28419529764915 191.43450337233708 208.8011380979874 207.92377034780657 244.7892659537747 204.2371747376983 231.29278393001823 144.4258626059659 193.68352539520538 189.30967938124786 202.75110157996323 172.780489282693 164.90487777995804 237.22476977066253 147.4677244835607 178.44118040844933
118.88554586815235 103.8060017429143 148.80999609379478 104.75212385397435 123.48980061252678 109.22990069438583 116.66047135849522 99.39480313500826 99.21054845055733 139.56696763507216 111.16981142293935 149.24552461683243 143.32076382185278 101.08966093749905 102.35822164747515 126.25049762910567 154.9294724140077 120.06398164840357 165.83372661559815 75.2436823834928 129.70183905496742 100.61274437924749 113.01286615402387 112.93084623432424 131.33374041365505 104.0752550282482 119.68007612754764 166.69205805541833 142.83931209087677 119.11869703130606
73.60621892789277 60.22945598389606 64.55743882610795 55.24277467004913 61.46936138153387 63.3140991528885 60.47111962302142 59.226822523531155 55.376309577207394 55.22061938032675 73.76605633268036 80.32890154763845 81.43084596371546 50.060336858275605 44.46047196476934 67.06751037026788 69.0105693262467 83.83425306030404 87.34567940206762 55.30536868983745 80.0749133734289 65.40561320443521 75.57770348063605 57.38132361609905 103.3733865303052 87.92397057936569 67.30475647766525 89.7856032748341 77.3985503392446 67.3733226712693
40.521463272392566 45.02518594156754 34.020494611873346 34.74218627016717 40.2512531363102 42.66963315319663 49.36359103647692 45.57750134472121 35.804695100668596 38.87188385601985 38.04747437554033 44.303481235823256 38.80048901609712 36.224562490975586 26.90437369991355 41.66549938027333 43.68385967474319 41.34994531503821 46.93477781801312 33.74969186685735 42.496616881382124 39.669144363470195 41.3806638486401 35.46950165845715 52.01881183579644 48.76031338146595 36.08616905707731 54.5520089589977 44.722961429816905 38.29307470920685
25.586384848500074 24.5252887371455 25.27732444508615 20.10702783930583 27.52312610081367 23.889422477915787 46.05505825586556 24.592780638846534 25.276558174980437 27.517813700752413 23.386496301433226 25.542603950246075 28.21526712419427 23.30804947147385 25.11261195852535 28.23470684635845 26.21027207133625 24.13429021252091 24.525458865113933 24.437621241601846 29.848987557820237 23.205953693102856 23.083331910873767 20.782251207792115 26.537118074822274 27.36099090942116 24.302357933259145 25.325562585020407 29.210756235900362 22.886800184560116
22.602047173688106 22.680951527732987 24.946108729050138 20.076739939760955 23.248993018501096 21.92878080346145 38.631198139265734 24.379263841984084 23.403954743287386 27.027458680484415 22.59679018742213 21.997234492758025 25.60378561509765 23.083097828771088 25.096634891834128 25.370095296561203 23.033634087109704 23.80424298913863 22.522276979864046 24.3004500158695 26.53973113991924 21.644123619907077 22.47992154304643 20.218779620000987 23.35957769420429 21.817858876270975 24.128781358932656 21.750036297097722 26.54706325018742 20.641942551008015
22.330527223366744 22.680621902112307 24.9460917162271 20.076739935498153 23.24804927328296 21.797259748110946 38.631197823061484 24.377964842675055 23.099197728819036 27.0274586774417 22.596786095978132 21.990166470837266 25.599133097654203 23.034167598988688 25.096634891834128 25.36599843277918 22.729913342537202 23.79707151765615 22.522273999207073 24.2719117643951 26.520060227717295 21.63892852764525 22.324703010559233 20.13742917187551 23.351829014339273 21.735260112522838 24.127679303922605 21.672224183377466 25.853564140842764 20.641669373873583
22.33043364924947 22.557094913946912 24.946091716226874 20.076739935498153 23.24804927328273 21.797256983411444 38.631197823061484 24.377964840354025 23.099197728795843 27.0274586774417 22.596786095978132 21.990166469017822 25.599133088106782 23.034167596734505 25.096634891834128 25.365998432778724 22.729913342438294 23.797071510491378 22.522273999206845 24.27068463811861 26.520060227717295 21.63892852742856 22.324703010557414 20.137429165757794 23.35182726428866 21.73521374960501 24.12767906123281 21.672224148518126 25.853169376557616 20.64166937385835
22.330433649249244 22.557094908351928 24.946091716226874 20.076739935498153 23.24804927328273 21.797256983411444 38.631197823061484 24.377964840354025 23.099197728795616 27.0274586774417 22.596786095977905 21.990166469017822 25.599133088106555 23.034167596734505 25.096634891834128 25.365998432778724 22.729913342438294 23.797071510491378 22.522273999206845 24.270684638117928 26.520060227717295 21.63892852742856 22.324703010557414 20.137429165757794 23.35182726428866 21.73521374960501 24.12767906123281 21.6722241485179 25.85316937655739 20.64166937385835
1000000.0 1000000.0 1000000.0 1000000.0 1000000.0 1000000.0 1000000.0 1000000.0 1000000.0 1000000.0 1000000.0 1000000.0 1000000.0 1000000.0 1000000.0 1000000.0 1000000.0 1000000.0 1000000.0 1000000.0 1000000.0 1000000.0 1000000.0 1000000.0 1000000.0 1000000.0 1000000.0 1000000.0 1000000.0 1000000.0
