525.892150059514 1181.4784003872242 2944.05930523042 3178.8043376945297 4436.821832036251 2530.026785698362 1912.106317838617 3901.461384645563 2752.7858132208025 1682.131606971664 3326.3164643120576 1769.808439646291 3572.437194509077 2047.3604657093938 3851.799424277475 3058.0261463065926 6309.622802233781 3348.5539610161054 8329.421846971241 1672.5224541321377 696.6628234222128 4274.480813581817 3924.7098888811997 1597.2964564469055 3604.368591065364 1403.6939406764654 2466.7541628576937 1103.9033996985386 1400.575631062642 1874.7628866025902
525.892150059514 1181.4784003872242 2944.05930523042 1665.6926608995946 4436.821832036251 2530.026785698362 1912.106317838617 3901.461384645563 2752.7858132208025 1682.131606971664 3326.3164643120576 1769.808439646291 3178.360567981665 2047.3604657093938 3148.1111651460387 2903.3855419881647 3044.7456782464797 3348.5539610161054 8329.421846971241 1344.748301444236 696.6628234222128 4274.480813581817 3924.7098888811997 1597.2964564469055 3604.368591065364 1403.6939406764654 2466.7541628576937 1103.9033996985386 1400.575631062642 1874.7628866025902
525.892150059514 1181.4784003872242 2944.05930523042 1309.9050573845752 4436.821832036251 2530.026785698362 1912.106317838617 3901.461384645563 1735.4622179989515 1682.131606971664 1134.3621989891665 749.8240111239238 3178.360567981665 2047.3604657093938 649.2882552690869 1717.0429730623819 2058.4543269622786 3348.5539610161054 6993.427385669025 1344.748301444236 696.6628234222128 4274.480813581817 2736.8101223740114 1430.3907557984583 3139.367441131534 715.3942310787979 2466.7541628576937 1103.9033996985386 1400.575631062642 1874.7628866025902
525.892150059514 1181.4784003872242 2944.05930523042 1309.9050573845752 4436.821832036251 1390.9515714271927 1912.106317838617 1095.7966325638372 1146.1099481889598 1682.131606971664 1134.3621989891665 749.8240111239238 2764.110047714425 1833.5528734743766 649.2882552690869 1717.0429730623819 2058.4543269622786 3102.6719524040063 4825.2025416966735 1344.748301444236 696.6628234222128 3385.9478744006233 2736.8101223740114 1430.3907557984583 2151.0987561137213 467.55756053021014 2466.7541628576937 1103.9033996985386 1400.575631062642 1874.7628866025902
472.7783484471822 1181.4784003872242 2193.157547858354 1309.9050573845752 4436.821832036251 1390.9515714271927 1912.106317838617 1095.7966325638372 1146.1099481889598 1069.2964744795486 1134.3621989891665 749.8240111239238 2764.110047714425 1343.5275297408689 649.2882552690869 1666.8628929985866 1106.0649603929367 1035.5950374452352 2553.9761584780426 1344.748301444236 696.6628234222128 3175.167785582411 2736.8101223740114 1430.3907557984583 1110.0321918818456 467.55756053021014 2466.7541628576937 1103.9033996985386 1400.575631062642 1874.7628866025902
249.61835521957335 62.104708035334795 367.5250963173547 462.19665927980896 591.7623013234788 514.7067422746987 343.53735406485384 287.86612778637175 250.94204688609034 151.6107927691877 301.703455294813 549.0503614154966 261.54356328100175 399.20597416928763 485.80131438730643 278.35306098165677 370.1207877390573 247.51409113488228 140.7841266786371 726.275106037114 128.55153064123306 388.26523657800135 329.32496314336686 399.20961834539617 497.90086451433217 390.8607045263336 159.81387792041778 257.3623389051968 108.14888421621617 508.52245186743426
86.86095916553103 62.104708035334795 130.17923870619677 122.25921604933535 166.02017876089587 117.48733094509805 75.51696315691356 125.67350661710907 118.49613954579956 88.80077409912974 180.20905696537739 166.26620928747457 113.17376207222105 170.56528833281936 112.21004147064491 145.90613089678402 138.8787582710156 210.4118575279233 118.94717016326445 154.75456869345385 81.11372136577666 123.23080399695425 122.6801681228144 109.08406418940308 65.90263836172397 86.21722649793998 117.43143225382369 104.52887771928226 74.38436184982021 106.45748462426388
32.975087928782216 62.104708035334795 62.50097687559804 66.66686188725964 90.10036667722761 58.421267973887325 50.55684327464536 62.53093655373118 69.60154312043966 37.13780942221052 48.9877507788558 33.795987217761365 58.46807475739547 65.6927878558023 72.54487259820422 69.65924963444746 40.59772993419739 44.80254979782643 64.17537493712405 84.06932649576197 49.96583811883386 74.10367376112276 38.08839740361316 41.46578073741358 41.302151922100336 71.42365556591756 81.11449400000862 63.83474272481436 53.32086353907687 59.92571698787549
16.079967422964557 29.19440463731786 15.665714411727322 33.19443410402437 22.98864452962289 30.18979896680065 30.81004563070428 17.35493778481913 22.67076171209908 16.011832330498123 19.194256509086586 18.72804424447247 33.789346811280325 21.3427250026989 34.35283572573951 22.937155478617058 17.46888248338621 11.89507105642366 23.660348699928306 35.24502723154308 14.033176604220216 33.508886920553266 25.563882959271496 22.331155218558877 20.932200512061968 24.56022062105677 32.48489888681718 19.59600652449899 28.16314585606051 22.978755565644747
9.874577663501611 10.990442619160603 9.24792894376833 14.084396213356342 12.062847868825202 11.10295741895726 10.757206814093763 8.298855100980404 8.982100982101827 8.019429592381357 9.335037548878802 8.075906496801508 9.782636021823691 11.506104020853059 11.458510302668174 9.953547752477391 8.555198762770715 8.507378770392904 11.97044885975987 10.554633252680617 7.779064268488412 12.86368526803102 11.046507490456463 8.349532225835674 9.300998135699786 10.409585833877713 9.799863934319546 9.50003540505304 10.575495752618906 9.592159810029045
7.837155554314734 6.2080812693582175 8.91807408328151 9.018348490108224 7.517374990144958 8.805172281433897 8.94155020853168 6.999616400318644 6.143707560749419 6.0764022795997334 8.920364152142724 6.169575054654445 8.921383258925289 8.933464930607045 8.332819694583065 8.924822224780712 6.758945996814134 6.621463212056597 7.235123958956422 8.930712981495219 6.543535461036129 7.6868618716660535 4.594750189981767 6.417896537463548 8.918191962738604 7.20010522488144 8.922226440536576 8.918179501904888 8.923109168225267 8.923690924390485
6.35787769321098 5.518667287127641 8.916102357822183 8.916114431872415 5.699308172211147 5.807923037781393 8.916107621267884 5.365872059135256 5.014442248482965 5.073110929549671 8.916102638587574 4.919090953010084 8.9161022713389 8.916103531081887 6.102674075400557 8.91610281262325 5.353605568497812 5.154283950839272 5.626675381632026 8.916105630987545 5.222651636486432 5.8102645028149595 0.5522782066571494 4.948353045520889 8.916102474034233 5.089800954236011 8.916102255351575 8.916102322145775 8.916102945382022 8.916102813639895
4.613426757143088 4.316631063828311 8.91610192778137 8.916101927799502 4.25835004156977 4.58454798567999 8.916101927791829 4.2837461282566665 4.12874435185671 4.243385195917085 8.916101927781767 4.2687125572640525 8.916101927781597 8.916101927783131 4.512384866296998 8.916101927781881 4.370631588061769 4.27304048510598 4.380545263080592 8.916101927786485 4.246433380316546 4.454883138293269 0.13597071435822272 4.2641529843974695 8.916101927781654 4.219270080800186 8.916101927781426 8.916101927781426 8.91610192778154 8.916101927783984
4.116832356554312 4.018234000013365 8.916101927781312 8.916101927781312 4.009843036121367 4.049834736329899 8.916101927781312 4.004698314711277 4.004035713485052 4.006003850742047 8.916101927781312 3.998172630949682 8.916101927781312 8.916101927781312 4.036907698484413 8.916101927781312 4.010614747464842 4.00239974981173 4.017391773481677 8.916101927781312 3.9993161926200287 4.047782740443381 0.01097226114421801 4.005219538687811 8.916101927781312 3.993994027851386 8.916101927781312 8.916101927781312 8.916101927781312 8.916101927781312
3.9881183713426367 3.986937548250353 8.916101927781312 8.916101927781312 3.986826636637147 3.987952434939075 8.916101927781312 3.9868650280499196 3.986907754022525 3.9867104100592883 8.916101927781312 3.986631308596543 8.916101927781312 8.916101927781312 3.986994141870639 8.916101927781312 3.9872612362154314 3.9867492938433315 3.9869264854964968 8.916101927781312 3.986777342570747 3.9872269841462753 8.029697966094318e-05 3.986984604919485 8.916101927781312 3.986742665907684 8.916101927781312 8.916101927781312 8.916101927781312 8.916101927781312
3.986579806233806 3.98657931542283 8.916101927781312 8.916101927781312 3.9865792574116767 3.986579391325904 8.916101927781312 3.9865797018353533 3.98657936102029 3.9865791932472234 8.916101927781312 3.986579150588341 8.916101927781312 8.916101927781312 3.9865793086982535 8.916101927781312 3.986579430151096 3.9865793251366313 3.986579228882192 8.916101927781312 3.9865797446316833 3.9865799309669114 3.9419376207661116e-08 3.9865793778631655 8.916101927781312 3.986579317616247 8.916101927781312 8.916101927781312 8.916101927781312 8.916101927781312
200000.0 200000.0 200000.0 200000.0 200000.0 200000.0 200000.0 200000.0 200000.0 200000.0 200000.0 200000.0 200000.0 200000.0 200000.0 200000.0 200000.0 200000.0 200000.0 200000.0 200000.0 200000.0 200000.0 200000.0 200000.0 200000.0 200000.0 200000.0 200000.0 200000.0
