94.60378289651067 121.10342931460411 112.60624596071148 101.19189868081321 87.17592777961079 112.26335341438983 103.80131794507554 68.7310875960984 94.79996013249956 100.36489152617219 85.96026588512541 78.70814990057681 118.13103387477736 110.72048335546151 103.45084217146302 98.70072156037702 102.64629822864617 79.93382589141527 72.06726785401315 115.48039459924848 121.16247853219363 89.13884112834091 110.0219157417846 104.26274709194638 99.88189984282008 106.20783748076383 112.34868647613189 128.17743067044069 105.85268489993962 93.67588014384262
94.60378289651067 116.60975669665959 112.60624596071148 99.69387456860636 87.17592777961079 112.26335341438983 103.80131794507554 68.7310875960984 94.79996013249956 89.61378520142989 85.96026588512541 78.70814990057681 118.13103387477736 110.72048335546151 103.45084217146302 98.70072156037702 102.64629822864617 79.93382589141527 72.06726785401315 115.48039459924848 112.5090247833009 89.13884112834091 110.0219157417846 104.26274709194638 88.43834158207858 106.20783748076383 112.34868647613189 128.17743067044069 90.27756008977781 89.66797892240993
94.60378289651067 116.60975669665959 106.54032560348242 99.69387456860636 87.17592777961079 112.26335341438983 103.80131794507554 68.7310875960984 76.66776619270513 89.61378520142989 85.96026588512541 78.70814990057681 59.190358668079966 110.72048335546151 103.45084217146302 98.70072156037702 102.64629822864617 79.93382589141527 72.06726785401315 115.48039459924848 112.5090247833009 81.51652137888584 87.43221635179577 104.26274709194638 88.43834158207858 106.20783748076383 112.34868647613189 128.17743067044069 90.27756008977781 89.66797892240993
86.95910478201904 116.60975669665959 106.54032560348242 99.69387456860636 87.17592777961079 112.26335341438983 83.38762020562478 68.7310875960984 76.66776619270513 89.61378520142989 85.96026588512541 78.70814990057681 59.190358668079966 97.16142832506318 94.1041670880378 98.70072156037702 102.64629822864617 79.93382589141527 72.06726785401315 115.48039459924848 85.73782660046243 63.695743064341514 87.43221635179577 77.04173051282146 88.43834158207858 85.05584022477512 94.34677751414495 91.40511604580388 90.27756008977781 89.66797892240993
86.95910478201904 116.60975669665959 106.54032560348242 91.79012146086131 87.17592777961079 112.26335341438983 83.38762020562478 68.7310875960984 76.66776619270513 89.61378520142989 85.96026588512541 78.70814990057681 59.190358668079966 97.16142832506318 94.1041670880378 91.67336405414733 102.10513744469051 79.93382589141527 72.06726785401315 113.36425468042717 85.73782660046243 63.695743064341514 87.43221635179577 77.04173051282146 88.43834158207858 80.44987610518001 81.4032792549882 68.39952254621915 90.27756008977781 83.63417265248768
60.47892486576541 57.76926655343459 65.43256429289863 44.98215188525694 70.0797348542136 44.848729220554446 63.26266570678172 45.77055524199693 47.175297711205076 48.057147683108724 67.5963823012703 53.78264089370907 59.190358668079966 57.27797938469416 60.63798491781631 57.34770228731372 49.12654470552684 49.247452795119784 66.7230816057106 49.49192970237175 51.01240237363595 62.56084425667939 68.07607835830413 60.60571498777324 57.11419163377241 59.84942056643058 67.71391033226018 43.21606998749701 64.13369601759973 48.906557417405224
45.559281654137976 26.96726495210794 42.97093765848672 35.67062765750984 30.034110971183054 34.629239205079216 35.18516399648934 34.53736768196643 34.93009674067241 33.00764372989795 25.58355811688193 38.63330706306385 30.29734299433551 44.01494137819873 35.354123756903846 41.338268817586595 40.94599302798963 32.35608736481663 35.50396329219234 38.92165293660423 45.00979096406661 48.13790829117943 25.91982328744598 37.64529571473031 45.03389671255752 42.085296582045544 48.11325697513121 32.1628015773 44.65079520532288 22.393935171594194
18.125181382831784 16.886737410484102 20.9434594818772 19.94648234384863 16.78821370192088 10.733830398269333 20.42340127517639 21.9079775889561 19.509150231140552 19.72576731198751 14.003468020534342 20.53311793001194 17.52866935993245 21.958315020213035 18.855583501396723 22.54595162118244 24.433157400540836 25.22972078847738 21.625116096626925 23.45244366118436 26.443367970693885 23.770431534030536 20.148164425337427 18.573163442610735 26.495532068840816 23.03189150716571 16.197373544655306 23.09201307303431 23.62716284318026 17.059809139764525
10.29622763204236 10.13018653426468 6.722942620857225 10.501875704246345 12.529978065073351 4.964778041781187 12.065848862683538 8.786807931966905 9.26934098087986 7.790854292281438 5.804749761638277 9.212836325720673 7.573119809645391 11.862805658936054 8.464045656937515 10.362289709267543 6.502110750907605 8.131600904605307 9.766810080308233 12.265868587849013 7.306773394364541 8.878120579380948 7.243466671834426 9.102513623950244 10.54993460789865 9.854689848741486 6.970432867040699 9.035647259873372 12.007860463184898 6.216432711249354
3.1171971937752687 2.038968857499981 2.474298386839223 2.0588131024807126 2.9479779866711624 1.7199196124237233 3.2462364465726523 2.8061117939973883 1.9220773450520028 1.8967104431201278 1.5536630333537005 3.051268976664119 2.1652138689591993 3.139502387128232 3.1980248904038717 2.851925826585898 2.0327051559276015 1.3612496386401745 2.440426109230202 2.7986350813530407 2.410767694450101 2.3640284002605085 2.440062460540503 3.845779619271184 3.6214880558849245 2.0070344714928297 2.187855526563908 2.7821921140285895 2.41675784596589 2.3612401729914154
0.3578958090560036 0.4344333546677035 0.24991503667399684 0.34737523045623675 0.42954652755736333 0.24997765506884662 0.5199743896007476 0.3791639846633643 0.29456447769280203 0.2790350693582013 0.21624782430046707 0.5255231602151298 0.38971531259630865 0.24727814754999144 0.4702426390712162 0.411248965886557 0.34024115068359606 0.2921400207181932 0.36893243079714466 0.26125759509034197 0.2548139891664505 0.3349296855681132 0.278885964211554 0.26002489559925834 0.4792577700119409 0.33395179473905046 0.3045014780659585 0.2501832905205674 0.2615067065640915 0.10385396580670658
0.03120310307554064 0.01895552325549943 0.007366697826341806 0.015228303270191645 0.016469429684093484 0.010813063867431083 0.014827526702447358 0.01646699604634705 0.013958551999735391 0.014509991327940952 0.00886176324047483 0.03564072559959186 0.01906776258147147 0.011096822566400988 0.014714676541984772 0.012325035052981548 0.013024541042682358 0.01667028440760987 0.014362195270109623 0.018534395033952933 0.02869867641265955 0.014678062971825057 0.012152174584798558 0.016261430946542532 0.01921867776854924 0.034902463004300444 0.019794767011489967 0.012135409625670945 0.018692301024998415 0.010988538844117102
0.00021872034301395615 0.0001530584420379455 5.4877813795428665e-05 0.0001508079143377472 0.00011568130707928503 5.960907253665937e-05 0.0001546521968975867 0.00013913241832597123 0.0001504624570998203 0.00010097431959366077 7.876942777329532e-05 0.00022018430843218084 0.0001493737295277242 9.61425922696435e-05 0.00020427179924809025 0.00012128325522553496 0.00013752736288097367 9.02975637018244e-05 8.015245168735419e-05 0.000246177602662101 0.0002045491237367969 8.078060113803076e-05 0.00010533519900945976 0.00015556138646388717 0.00021804782306844572 0.00017814891998568783 7.997606110166089e-05 0.00013185614147914748 5.623673905574833e-05 0.00011129571510082314
6.200821189850103e-08 6.769266747141955e-08 1e-08 1.169727283922839e-07 1e-08 1e-08 8.045435606618412e-08 2.7100327315565664e-08 6.116351869422942e-08 1e-08 1.8708533389144577e-08 1.118669388233684e-07 2.914237029472133e-08 1.3698013390239794e-08 8.987910860014381e-08 1.2748159861075692e-08 2.0720335669466294e-08 1e-08 4.3219529288762715e-08 1.4870761333440896e-07 7.797416401444934e-08 1e-08 1.8905325305240694e-08 6.661616680503357e-08 8.585641353420215e-08 1.305429577769246e-07 3.163268047501333e-08 1e-08 1e-08 1.1489305506984238e-08
1e-08 1e-08 1e-08 1e-08 1e-08 1e-08 1e-08 1e-08 1e-08 1e-08 1e-08 1e-08 1e-08 1e-08 1e-08 1e-08 1e-08 1e-08 1e-08 1e-08 1e-08 1e-08 1e-08 1e-08 1e-08 1e-08 1e-08 1e-08 1e-08 1e-08
1e-08 1e-08 1e-08 1e-08 1e-08 1e-08 1e-08 1e-08 1e-08 1e-08 1e-08 1e-08 1e-08 1e-08 1e-08 1e-08 1e-08 1e-08 1e-08 1e-08 1e-08 1e-08 1e-08 1e-08 1e-08 1e-08 1e-08 1e-08 1e-08 1e-08
83250.0 83950.0 79000.0 84750.0 79150.0 77250.0 84800.0 81500.0 83250.0 79450.0 80950.0 86350.0 81500.0 80400.0 85200.0 80300.0 81000.0 78050.0 82200.0 86400.0 85200.0 77950.0 81050.0 83200.0 84900.0 86700.0 81750.0 79550.0 79050.0 80000.0
