127.86014690992545 133.08835432614956 101.2328085843368 140.93090178812793 118.92306764125976 114.49065098388803 97.36561820923225 123.0039937146895 93.19952821589936 144.8855241971106 78.0581920687464 121.1631271531653 130.46392757879755 123.96815643352602 97.6983290178382 114.93530331576926 101.04163096240416 138.22561032911153 115.53535170772398 120.43741066030395 119.21655597725567 122.5204397179366 117.47612978084555 116.91369616704947 138.91130647449518 131.51588722651263 141.91637486322065 148.66227116768368 132.14858845630647 111.96159860582202
127.86014690992545 133.08835432614956 101.2328085843368 140.93090178812793 118.92306764125976 114.49065098388803 97.36561820923225 111.0258775904324 93.19952821589936 140.50785180691992 78.0581920687464 121.1631271531653 96.013017308303 123.96815643352602 97.6983290178382 114.93530331576926 101.04163096240416 138.22561032911153 115.53535170772398 120.43741066030395 119.21655597725567 121.80484809135373 117.47612978084555 100.2253641503703 138.91130647449518 131.51588722651263 141.91637486322065 138.98616482280534 111.79037109742399 111.96159860582202
127.86014690992545 133.08835432614956 101.2328085843368 123.83030128299549 103.1915453466188 114.49065098388803 97.36561820923225 111.0258775904324 93.19952821589936 122.23045904157402 78.0581920687464 115.25717707802585 96.013017308303 123.96815643352602 97.6983290178382 114.93530331576926 101.04163096240416 138.22561032911153 115.53535170772398 120.43741066030395 119.21655597725567 121.80484809135373 117.47612978084555 100.2253641503703 96.08767822247592 129.51829605181456 141.91637486322065 128.27898509249826 111.79037109742399 111.96159860582202
127.86014690992545 133.08835432614956 101.2328085843368 123.83030128299549 103.1915453466188 98.6054475548691 97.36561820923225 111.0258775904324 93.19952821589936 122.23045904157402 78.0581920687464 115.25717707802585 96.013017308303 123.96815643352602 97.6983290178382 114.93530331576926 92.29433148211399 138.22561032911153 115.53535170772398 120.43741066030395 119.21655597725567 121.80484809135373 117.47612978084555 100.2253641503703 96.08767822247592 129.51829605181456 141.91637486322065 121.87423256588727 111.79037109742399 111.96159860582202
127.86014690992545 122.2101889449774 101.2328085843368 123.83030128299549 103.1915453466188 98.6054475548691 97.36561820923225 111.0258775904324 93.19952821589936 104.26077992055957 78.0581920687464 115.25717707802585 96.013017308303 97.23060956587358 97.6983290178382 114.93530331576926 92.29433148211399 138.22561032911153 115.53535170772398 120.43741066030395 119.21655597725567 121.80484809135373 117.47612978084555 89.27407279542626 96.08767822247592 129.51829605181456 124.62325315004978 105.74791174662641 110.40269422350286 111.96159860582202
94.45667359862182 67.56400985427263 101.2328085843368 94.28652633360184 93.90983867277623 83.33057430952886 94.89256564921834 101.83697477507053 89.60668239178801 90.1428609477714 74.3154983472183 84.42396370028257 95.51516037953195 75.94475304031369 94.46202009655156 93.192911566676 88.1711301854117 56.492998026197256 105.37054843643352 96.95043754051324 93.22429147405546 81.11942011470592 77.40444179008637 89.27407279542626 96.08767822247592 66.89405582179359 83.4943469144855 72.48284462490892 84.77092592362271 93.27763358340462
64.95228644885958 67.56400985427263 75.3260473610436 73.41846360266379 87.52257091779222 73.77332838968277 88.72532923089693 59.76718390089866 65.91632158363552 76.737406048455 70.856165546282 68.43187371164049 76.15124033993652 75.94475304031369 81.70927722307238 83.92747310523134 88.1711301854117 56.492998026197256 72.13128630630797 70.93434141626153 59.45033251228517 66.54932591871238 56.50527959886574 72.69719672132692 86.60353202747967 66.89405582179359 74.87719572663502 72.48284462490892 84.77092592362271 84.77510952089119
64.95228644885958 57.19046793732025 68.26915597445532 60.12381481016962 58.47189189314565 64.46639630658149 62.229641653403746 44.88074658582377 31.556610027865077 62.8654937546396 63.782420673058255 67.99819437531107 66.87578782839466 65.1134472288104 64.67213774102902 71.52562808946016 58.23528998292534 56.492998026197256 67.54472771671976 62.39248339128562 59.45033251228517 43.20527910781425 42.269994646898795 72.69719672132692 45.71149695536985 66.89405582179359 69.10128776872955 70.85853890240435 66.56511393752658 64.24256100229275
60.20173749238302 47.89159226864899 52.50797391703588 56.02453383997886 58.47189189314565 57.621754006763354 60.2821747750927 44.50821706198144 31.556610027865077 50.256285679914185 57.67809513322413 38.8851364258212 64.6153982531257 56.534558652058536 43.981392265170825 59.635711950776 57.53611700581553 56.492998026197256 51.829134270497434 47.7240410863501 50.17815330339715 43.20527910781425 42.269994646898795 49.70267694110248 45.71149695536985 52.08059087167601 64.28353869685861 54.41371995643999 59.137614508526326 64.24256100229275
57.64040418227239 47.89159226864899 52.50797391703588 52.254888150901365 47.580870628586695 57.621754006763354 48.10457986254073 44.50821706198144 30.095735641825513 47.59578501327178 52.04470991974938 38.8851364258212 48.24863790063341 51.77781603874655 43.981392265170825 59.635711950776 57.53611700581553 49.650759940240846 51.829134270497434 47.7240410863501 50.17815330339715 43.20527910781425 42.269994646898795 49.70267694110248 45.71149695536985 51.899298519804006 55.68973898844604 37.98252905720665 55.00156948044173 35.393141409458735
40.818432721186355 45.49339992044884 52.50797391703588 43.91894533556513 43.690445771863324 47.43801177679347 46.82668131768514 35.87931124996669 29.37249046080217 43.80793907590123 46.99936513488399 38.8851364258212 48.24863790063341 46.58621075022211 30.713017801245655 57.889815452952575 57.53611700581553 46.163574420923624 51.829134270497434 47.7240410863501 14.906517053531275 43.20527910781425 42.269994646898795 39.332210560091426 45.71149695536985 51.899298519804006 49.139408999592774 37.42997357039735 44.728742129818556 35.393141409458735
40.03146303300002 33.80709489616402 45.96651731562133 42.22420190809282 38.68346715069515 41.94763746878698 28.97060617960892 35.87931124996669 29.37249046080217 43.80793907590123 27.729875574354878 38.8851364258212 26.292075419758135 32.64800396615192 29.138049314172235 53.91683182504278 43.59169387875579 29.23824633608558 51.829134270497434 30.158528126848296 14.906517053531275 40.14499259127547 42.269994646898795 39.332210560091426 32.71162799411195 51.899298519804006 40.08418821492751 34.77719327655802 39.3324024584997 35.393141409458735
32.976786465904524 32.88038710903197 38.75329323087021 40.55550638726868 37.82034627792757 34.76019164543436 25.262488286682583 31.87965332419003 27.981247216182624 33.78529199761772 21.316851864556384 38.8851364258212 26.292075419758135 32.64800396615192 28.367593808629977 34.15864161721436 41.965679583690076 29.23824633608558 29.407630256923426 30.158528126848296 14.906517053531275 38.261232250267426 33.06682303370519 39.332210560091426 23.873573392382582 40.14595334540036 28.120833232755444 24.392296846465115 38.66142874550019 31.87828784717442
16.901331222133877 29.03514580039098 27.407895537698437 19.403187041308115 29.348626370834154 23.95856100954188 12.388586613038456 29.990777644177683 18.187167448218247 17.797925437940762 21.316851864556384 34.27507299649926 26.292075419758135 26.50965739440028 10.888429788081794 32.69490467716935 29.361985611506043 19.42372639244502 18.807226958741694 17.50209891555403 14.906517053531275 17.2370608372255 29.562646921693727 32.01769265649398 18.783561611933237 28.554237476616663 18.16851708176557 24.392296846465115 22.378204882911177 31.057561930086308
7.447762352801078 6.03501516957806 14.572908615288611 5.9697543425942285 13.87624911426542 5.969801202111853 5.969754342706324 6.982777850796992 9.394004877167845 3.9798362283873985 7.65590228868632 10.379558071861993 8.368717253755904 3.9798364377244297 6.618296121258595 20.68134097695986 11.670615359618523 8.548451703998694 8.95570709734136 6.964708361877797 5.019219477493834 5.969754351892448 13.93744077405961 12.136126734697541 7.960516368334197 14.154342710731157 9.262688990939182 2.9849601787118445 17.148450460126128 3.9798362365850153
7.4477623524931005 4.9747952854664845 14.57290855414817 5.969754342559781 7.959672877818548 5.969754342559781 5.969754342559781 6.964708361833914 7.959667418927211 3.9798362283731876 6.964708719984742 8.954626476020508 7.959667418927324 3.9798362283731876 6.618296121258595 4.974795348055409 10.120266755180182 8.547674857570655 8.954626476021417 6.964708361833914 4.9747952854664845 5.969754342559781 13.92941168584889 2.9848783165790564 7.959667418927438 5.969754342559781 9.057397604141102 2.9848771712798907 9.987598373745755 3.9798362283731876
200000.0 200000.0 200000.0 200000.0 200000.0 200000.0 200000.0 200000.0 200000.0 200000.0 200000.0 200000.0 200000.0 200000.0 200000.0 200000.0 200000.0 200000.0 200000.0 200000.0 200000.0 200000.0 200000.0 200000.0 200000.0 200000.0 200000.0 200000.0 200000.0 200000.0
