4767.649838056748 2775.1423703484206 4522.154414119742 3842.311081298033 3973.371989297131 2930.2164357915553 2910.530419236061 1678.3186126947503 4041.5808705601885 1711.8954504653775 5477.939174725408 3291.5527909423445 4226.136969974416 4089.5384132177815 3551.9983470507705 5430.848451567495 5827.728413912395 3883.8667917912417 4341.138679773762 5591.262754623717 3725.866507584814 3160.468368908461 4660.4096559048385 4923.391399430567 4701.882513800563 3680.33952497859 3843.3337264264665 1793.758509630531 4740.564321043501 3615.470332390223
4192.854318122751 2775.1423703484206 4522.154414119742 3842.311081298033 3973.371989297131 2930.2164357915553 2910.530419236061 1678.3186126947503 4041.5808705601885 1711.8954504653775 4109.773166369606 3291.5527909423445 2497.326146634373 2068.118544251865 3551.9983470507705 3279.323087081769 5827.728413912395 3883.8667917912417 4341.138679773762 4371.981421986657 2732.0972934620004 3160.468368908461 2872.458411205359 4923.391399430567 4701.882513800563 3680.33952497859 3843.3337264264665 1793.758509630531 3464.7521875023085 3615.470332390223
4192.854318122751 2078.6349417972924 4522.154414119742 3842.311081298033 3973.371989297131 2930.2164357915553 2910.530419236061 1678.3186126947503 4034.4271048327773 1711.8954504653775 4109.773166369606 3291.5527909423445 2497.326146634373 2068.118544251865 3551.9983470507705 2977.7436575790834 5827.728413912395 3598.6897003794493 4341.138679773762 4371.981421986657 2732.0972934620004 3160.468368908461 2872.458411205359 4923.391399430567 4701.882513800563 2542.5427826937803 3843.3337264264665 1793.758509630531 3332.70782479276 3615.470332390223
4192.854318122751 2078.6349417972924 3298.488335451275 3027.98839535231 3973.371989297131 2930.2164357915553 2910.530419236061 1678.3186126947503 3498.409293033794 1711.8954504653775 4109.773166369606 3291.5527909423445 2497.326146634373 2068.118544251865 3551.9983470507705 2977.7436575790834 5827.728413912395 2197.3502393304557 4341.138679773762 4371.981421986657 2732.0972934620004 2338.4251718379605 2872.458411205359 4923.391399430567 4701.882513800563 2542.5427826937803 3843.3337264264665 1793.758509630531 3332.70782479276 3615.470332390223
4192.854318122751 2078.6349417972924 1999.3398319106564 3027.98839535231 3973.371989297131 2930.2164357915553 2113.3377419709304 1678.3186126947503 3498.409293033794 1711.8954504653775 4109.773166369606 3291.5527909423445 2497.326146634373 2068.118544251865 3551.9983470507705 2977.7436575790834 4154.287510347428 2197.3502393304557 4341.138679773762 3866.676532063495 1971.219029493931 2338.4251718379605 2872.458411205359 4558.039781279565 4128.511719362096 2542.5427826937803 3843.3337264264665 1793.758509630531 3332.70782479276 3615.470332390223
1355.3787940584048 2078.6349417972924 1653.2654976445801 1840.2460348234354 2443.4918751579826 1347.0762039736965 2113.3377419709304 1678.3186126947503 2442.945840566504 1630.2236523997954 1691.5025531950582 3291.5527909423445 1786.7094159735007 949.3659213192923 2499.4326967306038 2298.8512154624295 2032.028360303444 1437.7636036843196 1756.952183451809 1864.9432614912093 1971.219029493931 1950.5416789446317 1537.2259716715635 2785.748657131516 2020.9575807355582 2416.0435005204035 2435.9800315670377 1793.758509630531 1407.4216404165 2740.3287064520864
963.6714105551837 1013.8233546979263 1494.8985557766982 1462.6401493722378 1274.1847554929 745.3392406098601 1004.7579641756276 1152.688027208966 1434.879405861111 1237.697752356251 1084.1231857681523 1622.356712539507 1494.2073946738046 897.0068066787992 873.6944788052042 1009.071548409639 1135.1307259741102 1085.9354740017404 1361.2110065542065 1030.0709484321278 1168.3095678074906 825.866047976305 589.8180277496749 1360.089750517992 1460.9249178389769 1341.0135194242048 1005.183084166134 903.4675109977934 1407.4216404165 1016.5594295548199
830.9279167636398 761.3785229540556 574.5881500748399 549.9944915288979 432.9894445344853 546.5367233895513 847.4104069464838 750.317001917766 916.6722271637807 508.4002648756218 586.7867827996809 869.7178515412018 635.851573983904 305.92905026653784 597.5781695950743 737.2330150515766 477.54625846312774 910.1069833642621 493.4292454872525 564.5660750186667 604.802724736471 483.12577848863134 589.8180277496749 352.4976033065989 838.8185391655998 390.56219246314004 737.5011096885601 262.6500522344659 658.057477767999 235.98125642834975
115.40110142267429 240.7289598314337 184.49226494917366 239.6094818523627 209.99911313755524 139.60694621268044 308.16091568529964 177.33006370033286 217.34470077060473 93.94546967288147 137.64300459375 300.81967917261886 186.8880965449257 267.0073357902054 158.417409161043 238.21309795550724 98.6279763729242 364.39713855883724 220.63045048640902 205.93832753962602 154.14586738761886 241.97938876035937 221.9947023847426 224.176314620805 242.87648224957684 133.09283326000673 170.93256714005202 84.26492448306863 248.4261254799078 202.5724633638922
16.560481677654707 13.954009530099938 15.70202476742179 39.01640627356937 23.350890517618495 18.867881567647487 22.52477246004321 34.09640493184065 31.014299463187513 15.810872707180124 29.906515374577566 21.016947503098322 29.909017593988096 40.93949482284427 24.5160795064304 41.322867028612905 23.824216467255155 63.26489136527721 17.773828751837755 26.447810533571214 65.9840472224007 35.24394691933401 32.31944896705818 28.072234886429783 35.38556529485459 10.327652418111143 58.77388611321226 14.032424080385113 55.206286338460814 33.54171733693272
0.6191292913691768 0.6425012789449056 2.0236976294785336 2.4851349339213584 1.6221329573614867 0.7943990264252534 1.4339151192319832 2.7269876083329336 5.207909426819356 1.2021040502654614 1.2632907434306162 2.1462976481607257 1.9819037833564153 2.7354731368362764 2.2092750525085876 1.2405000996493527 3.114064973753557 2.49295899659478 0.8540190077474108 1.151074804879272 3.4845306056038226 1.5324844496296919 0.8840812992648353 1.2120212560024584 2.0931784455041225 1.034987055448596 1.3142373761029376 0.5757173092430321 2.0267270352114792 3.0010498032515898
0.0028421254139630037 0.0015506190459291247 0.009870797363305428 0.012297126539124292 0.007441029762389917 0.004252256527138343 0.02048015280513482 0.04992680630880386 0.06475783450980543 0.0017268265960410645 0.0038276151647096412 0.0056808375370565045 0.023173017274416452 0.0991034384089744 0.025687374777930927 0.04837061876048665 0.11825011155417542 0.03435825752001165 0.004884584131900738 0.0011941163961637358 0.012830422477463799 0.003988276419022441 0.002762599348329786 0.006535519205613127 0.05204646352513009 0.0034216828316857573 0.035002103960437125 0.0007483930565967967 0.015323637522556055 0.022684177436872233
1.7939555618795566e-08 2.7191276785742957e-08 1.9321225863677682e-07 1.9850824628520058e-07 2.5415715754206758e-08 5.1168967729608994e-08 1.2198927379358793e-07 4.747706725538592e-07 5.969449148324202e-07 1e-08 1.6684907677699812e-08 6.383697837009095e-08 1.436130787624279e-07 4.823061772185611e-07 1.5683031051594298e-07 2.388777602391201e-07 4.23285860051692e-06 1.9728099687199574e-07 3.4026356843241956e-08 8.995982625492616e-08 1.314980409006239e-07 3.4260438042110763e-08 6.695256615785183e-08 7.219489361887099e-08 1.5121837577680708e-06 3.058175934711471e-08 8.00106590759242e-07 1e-08 8.91858462637174e-08 7.734423661531764e-07
1e-08 1e-08 1e-08 1e-08 1e-08 1e-08 1e-08 1e-08 1e-08 1e-08 1e-08 1e-08 1e-08 1e-08 1e-08 1e-08 1e-08 1e-08 1e-08 1e-08 1e-08 1e-08 1e-08 1e-08 1e-08 1e-08 1e-08 1e-08 1e-08 1e-08
1e-08 1e-08 1e-08 1e-08 1e-08 1e-08 1e-08 1e-08 1e-08 1e-08 1e-08 1e-08 1e-08 1e-08 1e-08 1e-08 1e-08 1e-08 1e-08 1e-08 1e-08 1e-08 1e-08 1e-08 1e-08 1e-08 1e-08 1e-08 1e-08 1e-08
1e-08 1e-08 1e-08 1e-08 1e-08 1e-08 1e-08 1e-08 1e-08 1e-08 1e-08 1e-08 1e-08 1e-08 1e-08 1e-08 1e-08 1e-08 1e-08 1e-08 1e-08 1e-08 1e-08 1e-08 1e-08 1e-08 1e-08 1e-08 1e-08 1e-08
51100.0 51550.0 54900.0 55550.0 50850.0 52800.0 54800.0 57250.0 57150.0 49150.0 50250.0 52300.0 53700.0 54350.0 54750.0 56000.0 60500.0 56650.0 52650.0 53950.0 55450.0 51900.0 53250.0 56050.0 59100.0 51950.0 56750.0 49900.0 54350.0 57200.0
