736.2286692767184 777.7006573174763 151.74549700145326 1200.574737895633 944.0512871814099 165.31183118711579 2674.2107098949327 1086.5818621128974 2442.0723863231087 840.1471058265338 339.2870686751985 1865.3845586159941 2528.386994821074 2592.4720149591612 1064.2405598240798 425.7371391695033 1040.3282400230564 2029.9536094868135 121.71201901771065 937.4816530770031 176.63575857047545 2628.774772586119 1626.5305016253888 2114.2162766112233 1469.9698188318462 2022.5713493884396 387.86352778969695 833.838180912664 1057.4331932627256 1754.3139673579863
601.5211782865813 777.7006573174763 151.74549700145326 1200.574737895633 944.0512871814099 165.31183118711579 2674.2107098949327 385.2779449667946 2442.0723863231087 840.1471058265338 339.2870686751985 1865.3845586159941 1178.483703194238 2592.4720149591612 1064.2405598240798 425.7371391695033 670.1462790672804 1519.9607206151368 121.71201901771065 937.4816530770031 176.63575857047545 1654.0549499544104 1626.5305016253888 2114.2162766112233 836.9020077583673 2022.5713493884396 387.86352778969695 833.838180912664 659.8176836032117 1754.3139673579863
601.5211782865813 777.7006573174763 151.74549700145326 1200.574737895633 330.43474677782433 165.31183118711579 2674.2107098949327 385.2779449667946 1126.3916168040605 840.1471058265338 339.2870686751985 1865.3845586159941 1178.483703194238 1491.031944584488 1064.2405598240798 425.7371391695033 243.7113165612459 256.3976912986727 121.71201901771065 937.4816530770031 176.63575857047545 1186.579203636018 450.17047504367656 335.92872670807446 836.9020077583673 2022.5713493884396 387.86352778969695 330.9918415738839 659.8176836032117 459.4861163733349
601.5211782865813 777.7006573174763 151.74549700145326 1200.574737895633 330.43474677782433 165.31183118711579 2674.2107098949327 385.2779449667946 1126.3916168040605 840.1471058265338 339.2870686751985 1865.3845586159941 1178.483703194238 1491.031944584488 1064.2405598240798 425.7371391695033 243.7113165612459 256.3976912986727 121.71201901771065 937.4816530770031 176.63575857047545 1051.4438201190324 450.17047504367656 335.92872670807446 836.9020077583673 2022.5713493884396 387.86352778969695 330.9918415738839 659.8176836032117 459.4861163733349
601.5211782865813 777.7006573174763 151.74549700145326 1200.574737895633 330.43474677782433 165.31183118711579 2058.315647626093 385.2779449667946 1126.3916168040605 840.1471058265338 339.2870686751985 1238.8300854771278 1178.483703194238 1491.031944584488 259.07561759718374 425.7371391695033 243.7113165612459 256.3976912986727 121.71201901771065 937.4816530770031 176.63575857047545 1051.4438201190324 450.17047504367656 335.92872670807446 836.9020077583673 1120.5531155073868 387.86352778969695 330.9918415738839 659.8176836032117 459.4861163733349
217.18995803824237 319.7478664759101 127.18088470013572 1200.574737895633 132.65322600181344 165.31183118711579 244.55902121279587 193.86330904424176 1126.3916168040605 423.28985830216106 156.14759912742147 182.39542030137181 186.09213411959718 215.2626949205851 181.92313132461004 286.93952246756817 216.15695237443833 256.3976912986727 121.71201901771065 293.9022612028948 110.14734866776189 186.40065981852968 148.1748378805296 135.6287606992778 153.6012786067963 327.9857397652663 173.93655249594804 119.81477891430359 155.27417016596155 272.2275542024072
129.4711660604171 185.4091321222836 126.78387806358796 139.80531397347931 129.5987532950321 125.36477620625192 244.1140691137648 115.93146624262499 326.46201511851905 232.18839223381883 144.4126404570634 123.69598136566174 162.80023749670818 113.74213316634905 122.13457540411036 139.24106563425312 118.85176094625695 256.3976912986727 120.3344083566758 145.74915666959123 110.14734866776189 119.91002254386012 106.91642456026648 130.1201913595437 121.24666008130225 137.18149583044942 132.87167745153693 108.44898580493191 131.71026437228738 130.89632743745915
106.2531921655177 114.93435875496152 104.13829538905384 122.0648502620561 105.46061430542704 109.99032272534077 116.57264359875899 103.26077709417314 140.74494294192755 207.55304469301018 105.56593588658279 107.56523922540737 107.29227681840848 103.93488611073826 107.8530246499231 112.466170147713 103.93168906589835 153.91466968429722 102.7760464657922 124.81540550374348 103.53287697052065 104.94938819126946 106.8330340845614 105.6421956639474 105.21857340706856 114.9218961936981 116.06817119586958 106.38116587248624 114.54931357676696 111.45026090245847
101.32845403726424 101.95308095360951 101.09198650529515 101.12172288420152 101.13369074042839 101.37097687828873 101.81535446888711 101.14974548647024 101.89049551617791 202.30071590869375 101.03022279731749 101.19505320085318 100.70932062362635 101.04896874140695 101.24291712038212 101.6334757369068 101.03244035602438 110.34151949322177 100.83595089024129 102.20976180353091 100.76121070318868 100.64254014742028 100.99049606570952 101.02492584446372 100.86748803682349 101.4648711873283 102.53005112220717 101.29748187673431 100.99689763445213 100.81990525419042
100.85198596183 100.80856767516752 100.93943712864711 100.8165515376104 100.89279811264487 100.70784278547399 100.80930699603641 100.74515429787698 100.58006561973298 201.4836235000721 100.91946239925892 100.62946677436457 100.52643817817443 100.61792536400753 100.77920384084155 100.59671511765873 100.91825784081084 100.90299744276945 100.79849484621627 100.83302602020785 100.64893363249803 100.64254014742028 100.71503116846361 100.7566440831497 100.60993026224924 100.6300785828007 100.6781366475343 100.74451785709334 100.51564551489082 100.783488146134
100.69695348569485 100.32599170122239 100.57759798328925 100.59841731067218 100.68922277193042 100.45959152055502 100.73684234918801 100.64489148948769 100.58006561973298 200.0920334430266 100.73616169070192 100.62946677436457 100.52643817817443 100.53311876004318 100.74418604874245 100.54187584450256 100.71784056051365 100.76248770765687 100.62660950657755 100.54930838372229 100.58866033798495 100.64254014742028 100.43238769124855 100.6705342447367 100.59252574750462 100.57071592403645 100.63445248621701 100.69965655906299 100.51564551489082 100.77136185055724
100.5180642994469 100.32599170122239 100.57759798328925 100.52135695190645 100.6274066710248 100.45959152055502 100.52649008644312 100.55205883052213 100.58006561973298 200.0009982623692 100.66792846146564 100.62946677436457 100.379269469262 100.46805108059198 100.54015889186576 100.46208626261432 100.47646766319485 100.5573549912433 100.50330162233195 100.52335847292215 100.52626995529818 100.61791308475904 100.43238769124855 100.43963198486563 100.56409749160412 100.5456609459593 100.32100661151799 100.49641727138714 100.48923505583207 100.64526834836443
100.5180642994469 100.32599170122239 100.57083446357365 100.36559721943559 100.47923022688701 100.44380766550603 100.5205895196982 100.39499307599635 100.47147379284934 200.00000039069573 100.580826276072 100.50297202595311 100.28589590849924 100.46805108059198 100.46656169669586 100.44953349216348 100.41152455483325 100.40338993314981 100.4377792693922 100.38227060604504 100.4467807497781 100.58811851869405 100.41215798118856 100.42342641351934 100.35139102686207 100.46649664907955 100.32100661151799 100.41449430613739 100.42117039055529 100.49753906242722
100.49994038025488 100.32599170122239 100.38521470640944 100.36559721943559 100.3978514858286 100.35851992868447 100.42070466671794 100.3818935623749 100.4635763648821 200.0000000000041 100.44511980044717 100.50297202595311 100.28589590849924 100.28031190728962 100.35662594839005 100.35414872744923 100.351641552003 100.37519562628495 100.4377792693922 100.38227060604504 100.34025584545725 100.40705009944259 100.37511501207246 100.36132909642856 100.35139102686207 100.46481744281527 100.32100661151799 100.38059228955126 100.37061249675071 100.30979231208448
100.34314590654321 100.32186725372776 100.29918903074895 100.28610458599633 100.35013930570813 100.35851992868447 100.32183958290261 100.3818935623749 100.33220597121726 200.0 100.34978210996314 100.41881405034655 100.28589590849924 100.28031190728962 100.35096478236392 100.33613902050638 100.29645282044567 100.33366551982772 100.335627486264 100.30459618021268 100.30244146321957 100.40705009944259 100.35262696792824 100.36132909642856 100.32756805648069 100.38268425722617 100.28815981502794 100.288799329835 100.33141121048538 100.27167511906191
100.23176525186818 100.27793851112165 100.29918903074895 100.25801888933529 100.30652878002866 100.24877356386514 100.25924239753112 100.28212681217337 100.25809286953199 200.0 100.28833601448378 100.39722416912582 100.28298873268295 100.28031190728962 100.25618026163875 100.30829849617294 100.22224922014266 100.2797359112642 100.29851676222552 100.30459618021268 100.30244146321957 100.34311007758106 100.32791727959102 100.33025583441531 100.32756805648069 100.30930781827647 100.28815981502794 100.27700368809974 100.33141121048538 100.27167511906191
200000.0 200000.0 200000.0 200000.0 200000.0 200000.0 200000.0 200000.0 200000.0 200000.0 200000.0 200000.0 200000.0 200000.0 200000.0 200000.0 200000.0 200000.0 200000.0 200000.0 200000.0 200000.0 200000.0 200000.0 200000.0 200000.0 200000.0 200000.0 200000.0 200000.0
