991.3764805556116 1851.1196572349936 1043.9231861698636 2445.5273229755385 1480.803410525938 2445.43721056932 1660.960454148918 1400.377210172389 1592.8544398407903 2639.7113869124423 2096.789720279703 2141.61027917502 1341.0144109399516 2019.3036565840212 1633.5461301220657 2353.587318794731 1037.9461109314989 1199.9468958285297 2129.108734275902 3342.897818679896 1516.9044365747186 1921.859537368664 841.7805127863376 1836.446226687929 3078.5401308128385 2127.1871932801478 1312.1302434401332 2725.424736369573 1166.72328410521 1331.914762144093
991.3764805556116 1851.1196572349936 1043.9231861698636 2384.666192734642 1480.803410525938 2211.0399803348164 1660.960454148918 1388.2122706326127 1592.8544398407903 2639.7113869124423 1979.0289979993222 951.8853067952782 1341.0144109399516 1984.0459301619294 1633.5461301220657 1495.0237690788817 1037.9461109314989 1199.9468958285297 2129.108734275902 1565.507786329053 1516.9044365747186 1844.359317917726 841.7805127863376 1439.459564674216 2793.4218191315485 2127.1871932801478 1312.1302434401332 1869.5353683732656 1166.72328410521 1077.355102915837
991.3764805556116 1851.1196572349936 1043.9231861698636 1022.6700356246224 1480.803410525938 2211.0399803348164 1660.960454148918 1388.2122706326127 1592.8544398407903 2639.7113869124423 1979.0289979993222 951.8853067952782 1341.0144109399516 970.2325474098811 1409.1217827268206 1495.0237690788817 1037.9461109314989 1199.9468958285297 2129.108734275902 1565.507786329053 1516.9044365747186 1347.5602974741832 841.7805127863376 1098.2147838420606 2793.4218191315485 2127.1871932801478 1312.1302434401332 1869.5353683732656 1166.72328410521 1077.355102915837
991.3764805556116 1851.1196572349936 1043.9231861698636 1022.6700356246224 1480.803410525938 2211.0399803348164 1310.7608764134584 1388.2122706326127 1592.8544398407903 1891.1990450914209 1979.0289979993222 951.8853067952782 1341.0144109399516 970.2325474098811 1409.1217827268206 1495.0237690788817 1037.9461109314989 1199.9468958285297 1171.2993409496953 1565.507786329053 1516.9044365747186 1347.5602974741832 841.7805127863376 1098.2147838420606 884.7702279788223 2062.2339479256343 1312.1302434401332 1869.5353683732656 1166.72328410521 1077.355102915837
991.3764805556116 1851.1196572349936 1043.9231861698636 1022.6700356246224 1480.803410525938 1504.6810201089556 1310.7608764134584 1388.2122706326127 1494.7029881746812 1887.6478528571024 1979.0289979993222 951.8853067952782 1341.0144109399516 970.2325474098811 1409.1217827268206 1462.570145944168 1037.9461109314989 1199.9468958285297 1171.2993409496953 1565.507786329053 1516.9044365747186 1347.5602974741832 841.7805127863376 1018.8457541054181 884.7702279788223 2062.2339479256343 1312.1302434401332 1755.4647741141453 1166.72328410521 700.749984024028
770.0557282504046 1294.6422758330455 864.4008203738376 1022.6700356246224 940.387927031104 1073.2731267790914 1251.9073015582635 733.6684737404703 851.3359255696696 1506.9646173278106 1391.9210735688007 951.8853067952782 1136.3133394947163 970.2325474098811 950.4989301908108 1402.2583522363943 676.6365161985209 1114.052599330269 1053.6842035333007 1255.1175509790687 1294.6598635708824 1017.4553562465162 841.7805127863376 788.4988846872488 884.7702279788223 878.0952594059086 1312.1302434401332 1204.2851763294748 1166.72328410521 700.749984024028
453.7509223465918 370.521308123386 404.47792995995223 393.2490669773324 342.96703213117553 344.2489998184915 412.7269442999973 342.2541934702126 233.74929681716048 426.1497871154279 459.4531157946849 409.463445781671 387.32565297194196 377.3187569534862 366.46023903917194 403.66751932555235 388.55952855933174 410.962277189406 413.92133166841495 473.8282064759487 404.70072048866996 363.6679881221239 306.09476551263833 304.3365446108646 481.51636644185874 371.78952338754925 477.63419756024587 347.17742815494694 447.9751061324896 325.92613926979766
232.05396938298782 207.57554762752216 211.49110632075144 235.36771240121516 208.00290043029236 224.9315573971062 208.63012685168223 210.9052904377927 200.80627690550864 233.29929561233575 216.7174978167959 256.5087587252401 204.1712655548513 233.87425809737078 228.08784591978747 222.57781595166534 228.44068502307755 218.43754839026815 240.91853449249857 216.55109327942682 218.2135050762704 208.96906908484607 217.09532751381175 215.27639701628232 249.64826276402755 230.93870996259238 228.57789397136958 228.37881823602856 228.9429318485877 216.73947553199378
191.1757646085848 185.37011269941786 183.48655743124482 186.4990081292026 186.70558999552122 186.46880059856085 187.02887106901198 184.54083348551603 183.3793490222015 187.29221695790966 188.47078339640166 190.341085519055 186.07809234388242 186.43816433856637 184.4669512370656 185.6048563139816 184.56505643011633 184.35572548239497 190.41696915806506 188.63416948489566 187.16101229883498 184.67415020835324 185.77771078650176 185.97212263850952 188.25707524710106 185.0156943373695 183.47867959797668 185.57800934458965 187.940308149849 186.42460130895188
181.2705831922708 180.89787668783583 180.9184253944204 180.99294736844968 181.07022869568027 181.09300614056247 181.06491653777357 180.93086775795564 180.91319082198015 181.22444592907368 181.0718043810998 181.13618793055002 180.8552386655483 180.89588075154597 181.00307953495167 180.9906530341891 180.93751114623456 180.9858208163173 181.58189614648336 181.15522953459276 181.06738445759083 181.01591235067644 181.03159558220932 180.92128248200152 181.00648267971155 180.9366768255927 180.90893673153687 181.05188462538217 181.16874757105097 180.9402736788279
180.78336998880104 180.78152559233058 180.78157631343402 180.78189201167515 180.78220719347883 180.7824499098624 180.781935929268 180.78172921815803 180.7816092707012 180.78189009792368 180.78190963521638 180.78271392745683 180.781457212056 180.7815513351875 180.78192906450658 180.78162987766882 180.78180594535843 180.7818775845749 180.78262744473386 180.78365991215924 180.78159028565778 180.78232070718195 180.7818592965923 180.78150195324406 180.78191301996276 180.7816349520317 180.78153700836265 180.78144900934876 180.78240111728837 180.7819689803964
180.7812717124507 180.7812716833796 180.78127169967956 180.7812717012307 180.78127170310745 180.7812716938347 180.78127169101208 180.78127169619756 180.78127168621904 180.78127168845276 180.78127169313757 180.78127170225434 180.781271681838 180.78127168530546 180.78127169278923 180.78127169728396 180.78127169042045 180.78127168812352 180.78127170816833 180.78127170108064 180.7812716882636 180.78127171017104 180.7812716915023 180.78127168342326 180.7812716843673 180.78127168625588 180.78127168706942 180.78127168173296 180.78127171840515 180.78127168854644
180.78127167774664 180.78127167774664 180.78127167774664 180.78127167774664 180.78127167774664 180.78127167774664 180.78127167774664 180.78127167774664 180.78127167774664 180.78127167774664 180.78127167774664 180.78127167774664 180.78127167774664 180.78127167774664 180.78127167774664 180.78127167774664 180.78127167774664 180.78127167774664 180.78127167774664 180.78127167774664 180.78127167774664 180.78127167774664 180.78127167774664 180.78127167774664 180.78127167774664 180.78127167774664 180.78127167774664 180.78127167774664 180.78127167774664 180.78127167774664
180.78127167774664 180.78127167774664 180.78127167774664 180.78127167774664 180.78127167774664 180.78127167774664 180.78127167774664 180.78127167774664 180.78127167774664 180.78127167774664 180.78127167774664 180.78127167774664 180.78127167774664 180.78127167774664 180.78127167774664 180.78127167774664 180.78127167774664 180.78127167774664 180.78127167774664 180.78127167774664 180.78127167774664 180.78127167774664 180.78127167774664 180.78127167774664 180.78127167774664 180.78127167774664 180.78127167774664 180.78127167774664 180.78127167774664 180.78127167774664
180.78127167774664 180.78127167774664 180.78127167774664 180.78127167774664 180.78127167774664 180.78127167774664 180.78127167774664 180.78127167774664 180.78127167774664 180.78127167774664 180.78127167774664 180.78127167774664 180.78127167774664 180.78127167774664 180.78127167774664 180.78127167774664 180.78127167774664 180.78127167774664 180.78127167774664 180.78127167774664 180.78127167774664 180.78127167774664 180.78127167774664 180.78127167774664 180.78127167774664 180.78127167774664 180.78127167774664 180.78127167774664 180.78127167774664 180.78127167774664
180.78127167774664 180.78127167774664 180.78127167774664 180.78127167774664 180.78127167774664 180.78127167774664 180.78127167774664 180.78127167774664 180.78127167774664 180.78127167774664 180.78127167774664 180.78127167774664 180.78127167774664 180.78127167774664 180.78127167774664 180.78127167774664 180.78127167774664 180.78127167774664 180.78127167774664 180.78127167774664 180.78127167774664 180.78127167774664 180.78127167774664 180.78127167774664 180.78127167774664 180.78127167774664 180.78127167774664 180.78127167774664 180.78127167774664 180.78127167774664
1000000.0 1000000.0 1000000.0 1000000.0 1000000.0 1000000.0 1000000.0 1000000.0 1000000.0 1000000.0 1000000.0 1000000.0 1000000.0 1000000.0 1000000.0 1000000.0 1000000.0 1000000.0 1000000.0 1000000.0 1000000.0 1000000.0 1000000.0 1000000.0 1000000.0 1000000.0 1000000.0 1000000.0 1000000.0 1000000.0
