1276.5811232161923 21522.770474143512 5128.345339958267 1831.9283365097576 1911.9107032989177 5677.1938673851855 2325.997714150176 487.8272586197877 7005.997278883417 7236.4288402906495 9810.547683307575 5824.547897142942 1115.769763122219 32395.25532051272 5912.34158673622 1742.6305721450335 790.7943054335169 14461.165803821503 18090.604493974384 717.2474576817508 3498.7837122389556 8715.08294884525 7510.93831127993 769.3056132816846 32629.969364747085 4146.687300194101 8471.640909472952 1678.2164983056991 1846.7284737481395 6614.6622596588895
404.10604281442056 19156.81116320946 5128.345339958267 1831.9283365097576 1911.9107032989177 5677.1938673851855 2325.997714150176 487.8272586197877 7005.997278883417 5612.190606773479 7333.864364732315 1615.732275437549 1115.769763122219 4738.041879156541 5912.34158673622 1742.6305721450335 790.7943054335169 11054.957818834604 6046.901751556146 717.2474576817508 3498.7837122389556 8715.08294884525 7510.93831127993 769.3056132816846 32629.969364747085 4146.687300194101 4893.152156260466 1678.2164983056991 1846.7284737481395 3917.806312599296
404.10604281442056 19156.81116320946 5128.345339958267 1831.9283365097576 766.9501174496759 2770.5841523369245 741.1132038841924 487.0976171606667 7005.997278883417 5612.190606773479 7333.864364732315 1615.732275437549 992.8614897180273 2688.724855826653 5912.34158673622 1742.6305721450335 719.5555272009897 11054.957818834604 6046.901751556146 459.08896885661215 3498.7837122389556 1605.038739059176 7510.93831127993 769.3056132816846 28653.71319266144 2251.599429848641 4893.152156260466 1678.2164983056991 1846.7284737481395 3917.806312599296
404.10604281442056 19156.81116320946 5128.345339958267 791.2034313643999 766.9501174496759 2770.5841523369245 741.1132038841924 487.0976171606667 7005.997278883417 2022.4717498786422 4838.837599951328 1615.732275437549 846.3427985980188 2688.724855826653 1811.710611612375 1742.6305721450335 719.5555272009897 11054.957818834604 6046.901751556146 459.08896885661215 3498.7837122389556 1605.038739059176 1612.6939549789513 769.3056132816846 28653.71319266144 2251.599429848641 4893.152156260466 1678.2164983056991 1188.9994921102943 3917.806312599296
404.10604281442056 19156.81116320946 1143.796124854507 373.9768832270652 766.9501174496759 2770.5841523369245 741.1132038841924 487.0976171606667 7005.997278883417 2022.4717498786422 775.0749722656665 1615.732275437549 846.3427985980188 2173.506006442748 1811.710611612375 735.3480447655948 719.5555272009897 11054.957818834604 6046.901751556146 459.08896885661215 1555.6239056983413 1605.038739059176 1612.6939549789513 769.3056132816846 19652.614461455687 2251.599429848641 4893.152156260466 1678.2164983056991 1188.9994921102943 3917.806312599296
404.10604281442056 565.3808263655237 623.7194383196638 373.9768832270652 355.22545912122814 1400.3002831689973 378.3709723992838 487.0976171606667 1351.81493906377 391.1163496903837 624.910787033723 515.3588941962516 846.3427985980188 2173.506006442748 886.0380807291813 520.0063454022288 432.489476585406 11054.957818834604 444.26444375741903 459.08896885661215 390.1255628635008 1195.7175689292635 527.4249851997847 769.3056132816846 850.2378413082733 2251.599429848641 1183.7470308773936 1430.7126701014254 1188.9994921102943 277.58106067488416
128.5786275435412 122.3531111373618 153.86401124705617 138.45547661738556 93.61682286583346 189.96600893132518 91.56987298125114 125.46835808562673 261.1678527587692 120.25281591219255 78.73722909885782 123.22361095544102 269.11160875074347 272.54061360499736 115.156891102175 227.21426794137642 255.93428155206857 156.320851137506 159.95011564505057 114.70271704773177 199.69578937478582 91.35994492020973 204.78380217448785 161.36606599436163 107.43196671136548 88.83316538625468 175.6213106278633 108.05870742078196 235.6242723667583 116.98602913932064
67.66611740387134 102.14228025175271 58.470052741699874 75.51233722879988 80.65790229871482 80.58755072315535 75.22183286328118 69.71157160023631 75.2831852665363 62.95654192424581 73.53355386554131 103.84854496655589 85.94352962046969 75.55213684113687 70.28030692606262 65.84255856757727 66.94014427120646 70.82759653468156 74.77315152228766 105.24743956379007 93.37515044743668 83.71500070258799 67.77290755807326 63.347005603468006 51.62172906129854 71.949096406448 94.43463672897406 85.79321207837256 64.15867278342148 80.48948759179893
49.342651806915455 47.64863545316166 37.65025458172795 49.58562567033596 57.51967618881099 58.14004398788438 43.77927254800579 59.23953188730593 48.59869601405535 52.05432914269568 47.98751303713061 46.90519349715987 62.542864141424616 50.078943697270915 63.70134992851081 44.82319238286709 55.40796636418236 57.870965290866934 71.28227212357706 63.456143386652 63.894060107365476 58.14846211266149 51.60404429383743 44.02189374684849 49.060734362930816 56.6728622126202 60.34547469443214 60.04239302987935 54.128703559745645 53.351917569299985
33.13675266007294 31.947516158592407 32.454914630188796 39.25211521425217 36.42770191152431 41.02537136462615 33.18285159630341 35.05008372034945 34.908956633178605 36.11607347019981 25.5891079115695 35.50350826559452 33.89412854183047 30.646468300252764 42.163193648673314 35.74014217048307 37.88633674831726 41.668506136503765 35.63538245312793 34.29221743434891 38.49219194818079 31.973197346590496 42.644981162532986 37.17673525654982 33.83197022768627 33.906528028691355 35.6091629995517 38.51397621273509 32.97919372972774 42.01186079008039
25.658776810904328 26.714744412186974 27.461148530144783 32.06117817777886 30.9339440714557 30.724539033054498 29.260904355818184 29.43131543465097 28.152379005088733 31.220359802194253 24.23190114589306 28.948760424278134 27.513372646207245 27.716196465267785 30.685577602938793 26.331643615616485 29.525624277063343 31.190289976110762 31.534514779594247 31.16691821924269 33.51629301578669 30.406482381193655 32.65028757149594 31.841626595206435 27.237507186285256 26.15609558952383 29.552492687980703 29.231179718656676 28.96223687279098 30.151165144478
23.235827678118767 18.782098972988024 22.119691302626507 25.506895605440604 23.890978097899733 25.062336830075765 23.499495496571853 22.329742351275854 24.242874376730924 26.32762037201428 22.82688163176499 21.71742968403896 22.443588599216582 24.493270918644157 25.2301518533136 22.255193082115056 25.340696021621625 24.723749569192023 24.945252275585517 25.879693882023275 26.165867917236028 23.413183275090432 24.283039901768916 26.674438666261267 24.346332081288892 23.99500476205594 24.079270663999978 24.88458382203862 23.857875309924566 25.647131284024454
21.966348873439983 17.994422903649593 20.00905498502334 22.200228369537854 21.75500887716362 23.189978630789938 21.135472642189598 21.796488243377553 22.57092655591532 23.01987365975083 22.512123439371862 21.39940038998884 21.110746842341996 22.492523471837103 20.96876243309225 21.119075619854357 24.284520257949225 21.37269797889894 22.694567657888 22.523638003035558 23.22027915693434 22.556658949909888 21.6784315160412 21.704933783827073 23.65573724871956 21.45191064515575 23.810816304719083 21.418396878356816 21.878979874757988 23.679584552644428
21.96535226153219 17.637055703521582 19.923822999145614 21.32243444011965 21.07495331130258 21.037955675737066 21.135450941003455 21.464169080484226 22.570926555914866 22.01404441916202 22.512123439371862 21.399343751296783 20.85146253994708 22.311724309186502 20.721849989437032 20.951176652902177 24.014777917340325 21.372694516880074 22.251797313228053 22.523638003035558 21.11669969085824 21.95527483216938 21.64447757256312 21.60986930739 23.534859446086102 21.45191064515575 22.660024254058044 21.187888456018754 21.332058197329843 23.36693283016666
21.965352184129188 17.637055703521582 19.92382143908526 21.32243444011965 21.07495331130258 21.037955675737066 21.135450941003455 21.464169080484226 22.570926555914866 22.012334272025782 22.512123439371862 21.399343751296783 20.85146253994708 21.3723577162491 20.72184998812736 20.951176652902177 24.014777714769934 21.372694516880074 22.251797313228053 22.523638003035558 21.11669969085824 21.955274643616576 21.60537754155075 21.209501350742357 23.534859446086102 21.45191064515575 22.66002334517134 20.787353987261213 21.332058197329843 23.365647447958963
21.96535204281372 17.637055703521582 19.92382143908526 21.32243444011965 21.07495331130258 21.037955675737066 21.135450941003455 21.464169080484226 22.570926555914866 22.012334093868503 22.512123439371862 21.399343751296783 20.85146253994708 21.3723577162491 20.72184998812736 20.951176652902177 24.01477739378015 21.372694516880074 22.251797313228053 22.523638003035558 21.11669969085824 21.955274643616576 21.605377265849256 21.209501175160767 23.534859446086102 21.45191064515575 22.660022720117922 20.787292233101198 21.332058197329843 23.365647123976487
1000000.0 1000000.0 1000000.0 1000000.0 1000000.0 1000000.0 1000000.0 1000000.0 1000000.0 1000000.0 1000000.0 1000000.0 1000000.0 1000000.0 1000000.0 1000000.0 1000000.0 1000000.0 1000000.0 1000000.0 1000000.0 1000000.0 1000000.0 1000000.0 1000000.0 1000000.0 1000000.0 1000000.0 1000000.0 1000000.0
