1539.8271759415557 1996.4452176643053 1511.3750616609932 2060.1316608279485 1722.971803845946 1424.148617044155 1417.853192240298 1458.9353116546336 1264.2941494447964 1578.7417106345783 1680.341407811873 1690.1053367555214 1368.971705268098 1807.9695551405393 1722.6801526334111 1719.929468588737 1270.7247318069444 1292.526271654663 1542.8648529830189 1996.3820412335026 2151.3914932179177 1591.7642787377245 2390.737903688494 1305.6189469595129 2441.8084655800885 1194.2848171376127 1732.120021077766 1579.3616194703964 1452.7484189969873 1819.2870355237274
818.968202157655 1770.478728343278 1511.3750616609932 1281.3832999181313 1499.1748274413567 1424.148617044155 1417.853192240298 1218.9482376378273 1159.2475995094792 1578.7417106345783 1680.341407811873 1690.1053367555214 1368.971705268098 1557.3919533486005 1088.2153729144256 1719.929468588737 1270.7247318069444 1292.526271654663 1542.8648529830189 1318.9734666371864 1588.6165785976118 1348.7967747466555 1793.1592389495127 1223.877550863945 1633.1334569515338 1194.2848171376127 1527.9082151618313 1579.3616194703964 1443.6905111179894 1819.2870355237274
732.7279882797475 1770.478728343278 1511.3750616609932 1281.3832999181313 1412.280168066336 1230.988357244281 658.0162604124089 1218.9482376378273 1159.2475995094792 1578.7417106345783 1680.341407811873 1146.8642322239089 972.9964270078726 1445.6339881162276 1088.2153729144256 1719.929468588737 1172.0738038585769 1233.8772789833438 1542.8648529830189 908.808453287535 1588.6165785976118 1348.7967747466555 1622.6894832249945 1223.877550863945 1633.1334569515338 1124.8557282421616 1527.9082151618313 1579.3616194703964 854.917560844955 1421.1683345737047
732.7279882797475 1751.9269081076263 1511.3750616609932 1281.3832999181313 1412.280168066336 1087.985392197931 658.0162604124089 1218.9482376378273 1159.2475995094792 1578.7417106345783 1032.8282565731397 1146.8642322239089 972.9964270078726 1442.8682472462724 1088.2153729144256 1582.9845874859275 829.5410269204217 640.1129478878838 1542.8648529830189 908.808453287535 1289.4144773040634 1041.9713312039235 1507.967534491696 841.3718067097507 826.918662161856 1044.7915085043878 1527.9082151618313 1579.3616194703964 854.917560844955 1421.1683345737047
516.6898798186985 1006.4045440152709 1511.3750616609932 1281.3832999181313 1156.0984586928862 917.8067189387571 658.0162604124089 1199.5287746194517 1004.5672992296604 1578.7417106345783 911.9255559404291 1146.8642322239089 972.9964270078726 922.971137441753 1088.2153729144256 1287.6973119119457 829.5410269204217 640.1129478878838 1493.7040591019522 908.808453287535 1289.4144773040634 1041.9713312039235 1175.0433384132475 841.3718067097507 826.918662161856 1044.7915085043878 1300.6443353828354 1342.7187393083086 854.917560844955 1421.1683345737047
516.6898798186985 916.3808356222407 970.910533334149 762.1999118241283 801.8917089669194 702.9402630078866 658.0162604124089 558.3811198324424 922.2917434865585 1170.1950712808493 624.9430760766336 1017.3748459525268 812.1520288756083 883.6103625602914 732.0188697053445 1085.9384244802823 647.2939413311783 640.1129478878838 909.706906724447 716.1657921450696 1175.2862157475765 919.8657973017739 1086.8981501586304 841.3718067097507 826.918662161856 871.4307950047323 661.0606612109978 1053.944712999757 648.490526274576 1060.7607087476335
346.8075447323149 448.4799496313267 333.44223745070667 388.0024722938756 370.18855377810405 343.9737097260804 382.7236257919044 401.5402806309289 362.26877096384214 393.150006159452 369.8513749048193 371.7919755154526 357.3145531311393 370.4823581004025 351.84976728826723 393.3057850108221 325.4610338762732 361.6629530259729 370.6035024450239 298.8226658961753 412.6843821962957 383.734974997325 463.04340441743216 388.0485346881096 368.49403282914227 398.0875977892506 353.01030873466834 446.797495797809 379.8803813315885 348.8141639378614
269.6408217873345 279.6191145395942 269.39663622139506 274.9949704024666 299.3233692059166 282.61036413443935 300.03430070653803 302.0696012696367 275.1868859114047 304.73776047097226 292.0699803940456 280.1143617977168 286.876536119265 282.85712928001794 277.2065214121412 289.8426489952117 268.90080619958235 267.59354654490016 262.89109783797676 273.8365584820076 300.904839887834 290.0119414106953 304.4877021876873 278.4007093617802 272.08180050183455 296.08229413177287 283.30221534593056 275.47100387015416 275.5493565190418 286.57321729603655
245.86596586156747 251.17568878208613 245.89159023314505 252.7901466019316 259.1749857715481 255.58016012805274 253.0924764524857 253.90912303467394 246.2769979482532 246.16121548214915 258.4766732315238 250.93013659227108 261.9376819818608 258.597111290821 258.5187479184656 260.0394666525599 252.26521000903676 254.63947240175366 246.18575888522355 247.76717367833862 257.6201141198385 246.07202208312538 261.52690932002724 252.17459931821122 252.1777806945911 253.1628586143006 253.61481797610713 253.77193766736355 254.26653019849346 257.7195317537853
238.68828420145746 241.97977003779397 239.92480223989196 244.21868226201423 245.93498620987975 243.81874311333922 244.11992721142587 238.5589866517912 240.98960676732622 240.96267412468114 247.30899366859376 241.08905453523084 249.86207440276485 242.76360245865862 241.9821915591765 243.0415202776312 242.95089795712875 242.8684774004987 240.08728831741337 242.35402628085512 245.75319529824492 235.36710275158975 243.93150297120428 240.9467175306513 238.68453754317034 240.68905568821629 242.93207558432732 244.5111841663429 245.13244664418198 247.95763936915228
236.66032400938502 241.93169616609885 239.44181796486373 235.70004413626384 243.25093225271166 242.11533767078254 242.37784440450423 237.71929469485076 237.09101651442916 240.8301425030786 239.56277533484035 235.65637020205168 239.43552448067112 240.83032568215458 235.65674230005288 235.7741258608662 236.18840181475207 237.3862770371211 239.5357558784258 240.35907230284784 234.24341407324255 234.7360380756054 235.65573740859327 240.35514761646664 235.65509058002635 235.8088403982033 238.15439282074612 244.43299595214057 241.29164097633884 237.1005176279764
236.65666472420617 241.9316961504892 239.44179589730402 235.69640807454016 243.25034889301423 242.11459302832463 242.35630706896927 237.7192027824085 237.07978479763233 240.83013882695013 239.44179590090926 235.6549204113012 238.8385055940762 240.8301388269556 235.65492041129482 234.73599142780813 236.18298385867047 237.3862113587852 239.53573248015437 240.34955270996124 233.974300957595 234.73599127032185 235.65492041129437 240.3495434134884 235.6549204112789 235.8084064902082 238.14660873752382 244.43298018086716 241.2705081822255 237.07480044464683
236.65666002096032 241.9316961504892 239.44179589730084 235.6964080742605 243.2503488921284 242.1145930282437 242.35629280702688 237.71920278240623 237.0797733531267 240.83013882695013 239.44179589730084 235.65492041127527 238.8383846314291 240.83013882695013 235.65492041127527 234.73599127031775 236.18298385865273 237.3862113587852 239.535732480153 240.34953639581 233.97430094618903 234.73599127031775 235.65492041127527 240.34953639570313 235.65492041127527 235.80840649020774 238.14659995808233 244.43298018086534 241.2704832443319 237.07480044460772
236.6566600209335 241.9316961504892 239.44179589730084 235.6964080742605 243.2503488921284 242.1145930282437 242.3562928068086 237.71920278240623 237.07977335295755 240.83013882695013 239.44179589730084 235.65492041127527 238.83838463139546 240.83013882695013 235.65492041127527 234.73599127031775 236.18298385865273 237.3862113587852 239.535732480153 240.34953639553896 233.97430094618903 234.73599127031775 235.65492041127527 240.34953639553896 235.65492041127527 235.80840649020774 238.14659995794045 244.43298018086534 241.27048323681356 237.07480044460772
236.6566600209335 241.9316961504892 239.44179589730084 235.6964080742605 243.2503488921284 242.1145930282437 242.3562928068086 237.71920278240623 237.07977335295755 240.83013882695013 239.44179589730084 235.65492041127527 238.83838463139546 240.83013882695013 235.65492041127527 234.73599127031775 236.18298385865273 237.3862113587852 239.535732480153 240.34953639553896 233.97430094618903 234.73599127031775 235.65492041127527 240.34953639553896 235.65492041127527 235.80840649020774 238.14659995794045 244.43298018086534 241.27048323681356 237.07480044460726
236.65666002093303 241.9316961504892 239.44179589730084 235.6964080742605 243.2503488921284 242.1145930282437 242.3562928068086 237.71920278240623 237.07977335295755 240.83013882695013 239.44179589730084 235.65492041127527 238.83838463139546 240.83013882695013 235.65492041127527 234.73599127031775 236.18298385865273 237.3862113587852 239.535732480153 240.34953639553896 233.97430094618903 234.73599127031775 235.65492041127527 240.34953639553896 235.65492041127527 235.80840649020774 238.14659995794045 244.43298018086534 241.27048323681356 237.07480044460726
1000000.0 1000000.0 1000000.0 1000000.0 1000000.0 1000000.0 1000000.0 1000000.0 1000000.0 1000000.0 1000000.0 1000000.0 1000000.0 1000000.0 1000000.0 1000000.0 1000000.0 1000000.0 1000000.0 1000000.0 1000000.0 1000000.0 1000000.0 1000000.0 1000000.0 1000000.0 1000000.0 1000000.0 1000000.0 1000000.0
