329.1540771075788 103.79471118289848 494.6248963142316 376.47483681167887 972.2538244225484 376.4576231855958 148.5956200275782 554.8515232576619 5496.30615811832 117.66898501301011 812.228802474388 288.5326669065903 315.08316591683524 87.06054721703322 555.9984181702075 695.838240442069 168.11030410218063 271.6747912070041 290.86005832839146 257.43486636171474 351.2114045614712 652.5524304575574 411.01030524860516 394.9369309735407 699.1790696658172 97.77392658310691 601.4357644678935 429.1923601660965 319.185230209971 1756.9674365842739
329.1540771075788 103.79471118289848 494.6248963142316 200.8741403932827 253.50007924475403 376.4576231855958 148.5956200275782 554.8515232576619 647.465620734064 117.66898501301011 812.228802474388 288.5326669065903 315.08316591683524 87.06054721703322 103.80368693615583 695.838240442069 168.11030410218063 271.6747912070041 290.86005832839146 257.43486636171474 351.2114045614712 652.5524304575574 374.8540532556485 342.0468689462059 699.1790696658172 97.77392658310691 601.4357644678935 429.1923601660965 319.185230209971 1756.9674365842739
285.3161443464328 103.79471118289848 492.52786580346174 200.8741403932827 253.50007924475403 284.92007674614933 148.5956200275782 514.485846347859 647.465620734064 117.66898501301011 812.228802474388 288.5326669065903 315.08316591683524 87.06054721703322 103.80368693615583 513.8364619566064 168.11030410218063 271.6747912070041 290.86005832839146 257.43486636171474 351.2114045614712 652.5524304575574 368.8622677082308 342.0468689462059 699.1790696658172 97.77392658310691 601.4357644678935 422.98129570065976 319.185230209971 728.703814836294
285.3161443464328 103.79471118289848 492.52786580346174 200.8741403932827 253.50007924475403 284.92007674614933 148.5956200275782 514.485846347859 647.465620734064 117.66898501301011 403.74204816199426 288.5326669065903 315.08316591683524 87.06054721703322 103.80368693615583 195.7182531017861 168.11030410218063 271.6747912070041 290.86005832839146 257.43486636171474 351.2114045614712 450.7181233094843 368.8622677082308 294.0069330149922 458.735492298556 97.77392658310691 280.10281894757327 422.98129570065976 319.185230209971 728.703814836294
285.3161443464328 103.79471118289848 489.9618180012503 200.8741403932827 253.50007924475403 284.92007674614933 148.5956200275782 514.485846347859 555.8009274785131 117.66898501301011 211.76974555756078 157.10542149863159 226.9909773456975 54.070704170426325 103.80368693615583 195.7182531017861 168.11030410218063 271.6747912070041 290.86005832839146 257.43486636171474 351.2114045614712 203.04856443591325 81.77692293351993 294.0069330149922 458.735492298556 97.77392658310691 280.10281894757327 117.92358462390712 319.185230209971 728.703814836294
76.76946058789736 87.39107686092802 48.240457422853524 56.078285798666 49.68137476319998 107.73057241848801 66.1187740860164 63.709631123484996 65.18560828927775 89.32932988288258 39.677326440716115 53.77670473529088 69.54551621559949 54.070704170426325 103.80368693615583 48.217464904894314 67.4838224264654 56.50978321067032 108.02277501655635 51.12263107216177 55.88848669682193 50.50720535886785 49.37084209900058 51.82017412090772 42.69568270339005 37.378866753188504 50.9886669866637 42.73363586293408 178.69585023974787 87.09372730624182
42.46563084848367 46.9020636068135 38.15490635160177 45.693983669742465 47.82918669138371 46.153098173596845 62.78404039510269 50.0728966865986 40.530467597239294 51.76623907671001 39.677326440716115 44.83318758193809 41.23740337800382 43.157700318296975 39.33806555561341 37.49846481491886 36.857074283154816 42.468067263395824 41.842178673632134 41.824929436819275 55.88848669682193 36.10493779125318 40.36763604229736 35.06656460253407 42.135583223141566 37.378866753188504 50.9886669866637 42.73363586293408 47.28718742341425 42.83292084481718
37.011830517321414 37.818968490948464 37.82765037719764 33.24141086792906 41.223393642372685 34.37563958205601 38.19341824110461 37.63088932435676 33.71527894446308 42.611545417363686 38.300241714567164 43.61909803111439 36.761093722368514 42.46777256067071 38.06515021661971 35.80596197854402 36.857074283154816 30.168855880323918 38.90932488431872 41.00812982388834 34.41516677950358 31.522313622821002 34.91864964017714 35.06656460253407 34.80493355094768 32.09036171536127 35.83669169786435 34.00984404035671 35.15289980959642 38.114666510461575
30.506351298763548 28.221670439144418 32.489957195447914 31.065877919799732 34.124810205898484 33.77303166142383 30.433372616733777 35.735948194235334 30.935670721654787 29.83367389109162 32.77136904661165 30.747355388102733 27.371921384645248 32.796844627928294 33.19593890326132 27.464952148750854 34.59602231914823 29.325127002032787 28.48827821319628 31.55413890385944 33.42837918605392 30.41012528866895 30.07920412136218 33.44062153499635 30.489542788568997 30.726796362382174 31.484284926618784 31.405746465070024 30.7118495063487 31.792590424282025
27.547383105834342 26.811227575303292 29.23083647487374 27.616682631330605 19.60560317102818 25.074876079479054 28.19915036191287 27.47128173956844 29.028317509361386 28.261228022809973 25.132251690105477 27.461805955313594 27.371921384645248 26.06688337439482 29.37577174405442 27.464952148750854 31.555175956591484 26.60130589784194 27.736649818637943 27.92082936609677 26.079832904099476 26.338747023409724 28.531102378296055 26.153000370370137 28.962285676458123 25.83275553299427 28.762057684716638 29.19962381923733 30.7118495063487 28.646804072926898
24.487206700779552 25.882373779846148 20.61332158861933 22.920662487552363 15.994508817018868 15.73769973436174 24.298252573275477 25.633834067517455 25.849878637967777 25.216841431180455 22.952383938977164 20.112584799105207 14.217961546029528 24.8818328795428 24.630595043948688 23.417502557041644 27.773426416446455 26.585112623928126 23.270552587347083 19.116279187324835 20.815443640038666 20.721999062077884 24.469729738440492 17.829491572443658 26.80351027910274 23.706665683175743 26.24747206264601 24.20423707507507 29.04770391158445 26.772147878899887
24.04450201233749 19.76588533242648 18.526980594987435 18.01269477751657 9.743963281848664 11.547791954085824 20.108344271237456 22.828930636153473 14.043465169478168 22.489339599012965 12.886206050211968 12.716736627066439 2.3094901362928795 20.880450364104945 21.073867126849564 11.493674641715188 14.775006657761423 23.62102954900638 12.644801394566457 4.413539584750197 9.854332888213321 8.452103453257223 10.00815558453587 7.5693732026948055 18.85198567923362 6.744889435914956 23.186072896339283 12.60696582386845 15.340100155351593 23.407493380919732
21.259241608480806 12.664315731918123 2.655838868326555 3.824852237338746 2.954924305078748 2.5356974143473963 1.9252205966022302 11.310955072427987 1.8031504548880548 4.480044483230813 1.8864091270984318 2.4504888254427897 0.7194298677673032 2.301110285256982 6.452030436831592 1.727242489112541 2.732327964522483 15.770591404539118 4.405511483389091 1.1412119471710866 7.422785194768494 1.4679428881231615 2.276332848829952 1.0230361660028393 3.578743641953679 0.8603760390938078 4.21757238640248 4.176045439207883 8.510564649319349 4.664505601549536
20.475195362624618 12.392731218385052 0.3684876112074562 1.1526538609209638 0.5715902444230778 0.6954813002544142 0.1800494998187787 1.2812910644902331 0.7336124181642845 0.8393834106332179 0.9753593984241888 0.8021597761030534 0.35478807704521387 0.26083103961263987 0.8321679801770188 0.18277724178187782 0.8119203450664827 2.4067604729198138 0.9301282809351505 0.38745236783961445 7.160910292668177 0.4468743420497958 0.9180631358963183 0.5201481411418172 0.869724089342526 0.5003602079500524 0.7828940932749902 1.162108232009814 1.5435965553592723 0.4351678712282592
20.23776655917709 12.25643860504897 0.018730276794030942 0.9348405656387513 0.06147854759637994 0.13826545394886125 0.05179591026444541 0.8654579721342088 0.6837230403334615 0.11140508010839767 0.7681312954255191 0.23465525491019434 0.34580788087669134 0.15995442798475779 0.43669688048248645 0.16126402101781423 0.05820591607835013 0.2721109434169193 0.18027839387559652 0.3177687372381115 7.146912729939231 0.11374565978439932 0.22696518574502988 0.4414644457488066 0.640794939724401 0.4682341498173628 0.6581451307265525 0.7857931673547682 0.2545968380818522 0.03062973946907732
20.236831488258304 10.695658804087088 0.0004487792289182835 0.9345322235431013 0.019024305200218805 0.1281520180896223 0.048362600271047995 0.8653729396232848 0.6828188943832174 0.07626361472512144 0.7681126433485588 0.02750972088188064 0.02692455463920851 0.15979184209891173 0.4206144491831765 0.03388050604826276 0.04525822040386629 0.11572090146410119 0.03546600198160377 0.31776765539143526 6.06747098499136 0.04665407128231891 0.2269233213728512 0.44142365695961416 0.6252653640594872 0.46788151288956215 0.6544929687656804 0.78435715840169 0.1271312053136171 0.006771019029201852
200000.0 200000.0 200000.0 200000.0 200000.0 200000.0 200000.0 200000.0 200000.0 200000.0 200000.0 200000.0 200000.0 200000.0 200000.0 200000.0 200000.0 200000.0 200000.0 200000.0 200000.0 200000.0 200000.0 200000.0 200000.0 200000.0 200000.0 200000.0 200000.0 200000.0
