2182.2428179674907 1305.4015551398425 2667.6984933936765 2273.11002411942 2120.358714369351 3570.260470388468 1735.043690285297 3220.30196024833 2495.5536093252394 3020.9490610329995 2460.5816335863456 2386.597031173864 2572.0429976877494 3203.91181938714 2428.428832097352 2562.018630793179 1351.6803181353835 1470.499913563026 2230.476495622952 2094.8610466323717 1115.6993905444397 2139.1756943950068 1598.4323408800292 2689.859494690243 1792.2275213750827 1307.915068562912 2021.9680844661816 974.0902880350195 2797.944577255922 2896.0789446178123
2182.2428179674907 1305.4015551398425 2070.5405105955024 2273.11002411942 2120.358714369351 2209.682231396986 1735.043690285297 722.0658457260411 2495.5536093252394 1208.1996741959106 2460.5816335863456 2039.6326182448838 2572.0429976877494 3203.91181938714 1531.541981479313 2562.018630793179 1351.6803181353835 1470.499913563026 2230.476495622952 2094.8610466323717 1115.6993905444397 2139.1756943950068 1598.4323408800292 2689.859494690243 1792.2275213750827 1307.915068562912 2021.9680844661816 974.0902880350195 2797.944577255922 2896.0789446178123
2182.2428179674907 1305.4015551398425 2070.5405105955024 2273.11002411942 2120.358714369351 2209.682231396986 1735.043690285297 722.0658457260411 1885.5375141538743 1208.1996741959106 2460.5816335863456 2039.6326182448838 2572.0429976877494 3203.91181938714 1531.541981479313 2476.813703396723 1351.6803181353835 1470.499913563026 1225.4262459233905 2094.8610466323717 1115.6993905444397 2139.1756943950068 1598.4323408800292 2689.859494690243 1792.2275213750827 1307.915068562912 2021.9680844661816 974.0902880350195 2797.944577255922 2754.790706740743
2182.2428179674907 1305.4015551398425 2070.5405105955024 2273.11002411942 2120.358714369351 2209.682231396986 1735.043690285297 722.0658457260411 1885.5375141538743 987.3510464603833 2460.5816335863456 2039.6326182448838 2572.0429976877494 2042.7150551001541 1531.541981479313 2476.813703396723 1351.6803181353835 1470.499913563026 1225.4262459233905 2094.8610466323717 1115.6993905444397 2139.1756943950068 1598.4323408800292 2689.859494690243 1582.6627740218319 1307.915068562912 2021.9680844661816 974.0902880350195 2654.446760877816 2754.790706740743
2182.2428179674907 1305.4015551398425 2070.5405105955024 2266.100565370105 1622.1797645358556 1869.8980704570358 1735.043690285297 722.0658457260411 1885.5375141538743 987.3510464603833 2460.5816335863456 2039.6326182448838 2194.8126046207317 2042.7150551001541 1531.541981479313 2476.813703396723 1351.6803181353835 1470.499913563026 1225.4262459233905 1650.979155885614 1115.6993905444397 2139.1756943950068 1598.4323408800292 2689.859494690243 1582.6627740218319 1307.915068562912 2021.9680844661816 974.0902880350195 2305.4948179202074 2754.790706740743
701.0512846185743 545.4641533200465 1044.6946538665502 773.2127585899325 849.1062912737489 475.5337262972157 762.9799251093095 497.89797134241235 363.84164113843553 969.2139644883305 654.9805181275078 638.62497213304 802.6593107730596 384.193804308738 635.5359406315802 786.9494892835464 621.5608425156734 539.9946714088023 422.39462572172806 829.0931552586981 623.7893425979282 361.1063968402468 429.30511010778855 967.9200866943747 503.95980377260094 826.4662491186018 1002.7898640533876 725.1797744237901 897.5102224067032 1700.0562961167789
407.37130494772464 207.04899918169122 325.09105001282796 773.2127585899325 305.2869770798511 258.02915065067464 293.68505772956587 249.32173989282728 250.9171346190633 488.59755144183873 348.9004322793403 330.8624418749928 376.1028303600815 249.02663083855896 401.33330369696114 326.0472545944199 236.99228849989822 488.4639339626342 240.60892659185174 296.4166383483589 281.810786181989 268.9331832350449 218.4298995811987 294.7211703353428 189.4723143170886 369.3252547659522 308.5262988233858 280.659684286863 476.26238866763197 360.3816874440404
197.77659873141238 186.4832374790103 194.52451998458264 246.46429332417074 176.64305447574634 188.28828989816975 207.53510176873215 181.69618303361267 194.41206481121617 301.90476639955114 182.39061574761672 177.07336763177773 209.71657621485974 183.22808525083428 210.56239051601096 203.66586692333885 180.1668117712993 255.5178257071243 184.4430075117075 176.43555709903603 183.0477804236798 182.975674701529 176.13724939251824 181.14784215449754 187.3837774961662 189.8658094763423 179.02253789326778 187.18190584610284 214.05850057580346 204.9777060073452
158.02175907316632 155.1171855827165 158.56489262901187 173.26094150098606 157.22475507812487 154.84480132598173 154.67490838640742 154.70988925671054 160.0079800411304 167.60673975640657 158.89937449924446 151.8360297471345 155.4810589731237 155.713840548397 160.87436876728452 157.65737810091878 155.00063720672824 166.82515713902012 155.88455890792557 157.72404047852478 152.40214736790676 154.87231163588876 153.9171458916535 147.82743483961303 156.7047570775244 157.83612026096898 154.5098421492885 155.6418567825699 166.22979137888888 161.05972268972846
92.088942075874 91.35085882290969 68.10411632407386 113.64991509153515 69.3366679794135 62.139990634595506 74.92500330216353 34.83225045224981 84.36627263743776 82.92776095469299 63.20912171663167 43.73717917317663 94.26552722955603 132.85442393279118 109.58867305429521 137.65708777294822 53.88368629708748 107.58842789808978 95.38845160987239 134.04600646956987 27.539824660282648 61.00343399284202 79.8356394444213 64.65234639614391 81.29804548355787 64.39814308297446 72.72341178016495 76.7396209999356 103.57150601126659 143.7490508484525
4.259801230015455 3.1479226503897735 4.450842641319014 9.611568650986555 3.395218484752604 4.663840662032726 6.713088060668724 2.5333346105608143 4.698248868858627 8.357992157962599 3.82305205219609 3.472795686579957 5.120610595126891 11.736246303600183 8.053175172218289 10.138609816937333 2.6536886005796987 5.93350738070103 3.8734565259605915 8.988161932950788 1.97967486878224 3.270913681343245 2.9316296918800617 4.933620013870041 3.853543420297683 3.5125236349713305 2.9073617379835923 4.727748987336781 5.443154004736243 18.177354394227677
0.05536786625543755 0.021810081444527896 0.03382145335081077 0.07907889378839172 0.04434233291658529 0.044735365122505755 0.08128244305544285 0.02021087281855216 0.04016461764786072 0.09126888209584649 0.03858365075302572 0.03437567730588853 0.047777568862329645 0.09179455104003864 0.08217435313463284 0.11267648231887506 0.02333571620829389 0.0528762019766873 0.027866321858255105 0.08235265872053787 0.013894589685151004 0.018408102683679317 0.027033966098315432 0.05601770058865441 0.047761897717919055 0.039373910595713824 0.03641341812681276 0.029629456243583263 0.077449174576941 0.16378106564707196
3.056222021768917e-05 1.6842125205585035e-05 1.962812120837043e-05 5.143969474374899e-05 2.013482708207448e-05 3.332530786792631e-05 3.577817551558837e-05 9.011244401335716e-06 2.1087097138661193e-05 4.106176038476406e-05 2.501268591004191e-05 2.475865812812117e-05 3.770245757550583e-05 8.322357598444796e-05 3.5168057365808636e-05 5.417088141257409e-05 2.1995213955960935e-05 3.677499944387819e-05 1.7959165234060492e-05 6.183607138154912e-05 7.022465979389381e-06 1.8095550331054255e-05 2.6043901470984565e-05 3.1235304959409405e-05 1.6894886812224286e-05 3.181216152370325e-05 1.0219540399702964e-05 2.1162240955163725e-05 4.930405611958122e-05 0.00010136713081010384
1e-08 1e-08 1e-08 1e-08 1e-08 1e-08 1e-08 1e-08 1e-08 1e-08 1e-08 1e-08 1e-08 1e-08 1e-08 1e-08 1e-08 1e-08 1e-08 1e-08 1e-08 1e-08 1e-08 1e-08 1e-08 1e-08 1e-08 1e-08 1e-08 1e-08
1e-08 1e-08 1e-08 1e-08 1e-08 1e-08 1e-08 1e-08 1e-08 1e-08 1e-08 1e-08 1e-08 1e-08 1e-08 1e-08 1e-08 1e-08 1e-08 1e-08 1e-08 1e-08 1e-08 1e-08 1e-08 1e-08 1e-08 1e-08 1e-08 1e-08
1e-08 1e-08 1e-08 1e-08 1e-08 1e-08 1e-08 1e-08 1e-08 1e-08 1e-08 1e-08 1e-08 1e-08 1e-08 1e-08 1e-08 1e-08 1e-08 1e-08 1e-08 1e-08 1e-08 1e-08 1e-08 1e-08 1e-08 1e-08 1e-08 1e-08
70100.0 68600.0 70050.0 70750.0 69200.0 69050.0 71050.0 66900.0 70050.0 72650.0 69700.0 69650.0 71000.0 71600.0 69900.0 72400.0 69950.0 70250.0 69800.0 71700.0 66950.0 69550.0 70400.0 71200.0 69800.0 72200.0 67350.0 69800.0 69950.0 72100.0
