9404123385.681479 8935457930.086464 7534728510.053742 9075649526.137886 9611851063.23859 13218818527.906284 7510962472.1607065 9101626145.340347 8128747994.023023 13180089996.449997 6690473222.950649 7986793486.219789 8513704149.666292 3966591924.5884895 7559201844.805603 7828894260.940901 15209483254.387081 7568306696.799086 6411836286.900956 13522618439.05813 5320009191.342305 9095255196.611504 10336479248.046644 8351418928.931862 4035154996.617327 9922488524.900171 10232960740.751957 8148779915.28777 5099946685.256671 9881692627.585709
5616866487.566415 8009795149.252837 6537284005.681554 4670439813.210865 7428831026.778262 12951496426.649004 7510962472.1607065 9101626145.340347 8128747994.023023 13180089996.449997 6690473222.950649 7986793486.219789 8513704149.666292 3966591924.5884895 7559201844.805603 6334176199.912455 13402417407.63057 7568306696.799086 6411836286.900956 13522618439.05813 5320009191.342305 6980983151.172339 10336479248.046644 8351418928.931862 4035154996.617327 9922488524.900171 10232960740.751957 8148779915.28777 5099946685.256671 9881692627.585709
5616866487.566415 7734454555.908446 6537284005.681554 4670439813.210865 7428831026.778262 5412342698.744203 7510962472.1607065 8342902377.990198 7032624440.495285 13180089996.449997 6690473222.950649 7986793486.219789 8169730690.959124 3966591924.5884895 7559201844.805603 6334176199.912455 8944837041.527617 7568306696.799086 6411836286.900956 12896151342.266653 5320009191.342305 6980983151.172339 10336479248.046644 8022893806.204596 4035154996.617327 9922488524.900171 10232960740.751957 8148779915.28777 5099946685.256671 6588930346.547469
5616866487.566415 4797267050.496697 6537284005.681554 4670439813.210865 7428831026.778262 5412342698.744203 7510962472.1607065 8342902377.990198 4364814220.97098 12256049946.712086 3990981255.581224 7986793486.219789 7961084588.149231 3966591924.5884895 7559201844.805603 6334176199.912455 8944837041.527617 7568306696.799086 6411836286.900956 10298119147.58703 5320009191.342305 6980983151.172339 10336479248.046644 8022893806.204596 4035154996.617327 9922488524.900171 10232960740.751957 8148779915.28777 5099946685.256671 6588930346.547469
5616866487.566415 4797267050.496697 3413881779.946574 4670439813.210865 5740540122.914341 5412342698.744203 7510962472.1607065 8342902377.990198 4364814220.97098 10130036010.752949 3865376288.13203 7986793486.219789 7961084588.149231 3966591924.5884895 2580077345.2997994 6334176199.912455 8944837041.527617 7568306696.799086 4306360813.572206 10298119147.58703 5320009191.342305 6943001396.942396 7115422811.841228 8022893806.204596 3459834240.233425 9922488524.900171 10232960740.751957 8148779915.28777 5099946685.256671 6222285994.126364
4164583551.1936407 4797267050.496697 2467557265.2118835 4670439813.210865 5740540122.914341 1384303412.4142683 847701645.2411294 6086093985.805431 2172024753.4438267 7207204965.387736 3075584458.063802 5997491639.261112 6544053504.268937 3966591924.5884895 2580077345.2997994 3577406104.870393 5720316135.301281 5655812215.001257 4306360813.572206 4046188758.6409564 2885184559.811521 6496436039.32574 6695829526.883446 6545749968.708823 2785503447.016082 4056861420.231495 2583906496.3768497 8148779915.28777 2747290522.786961 4259717849.963242
216500557.68607265 273608182.52310604 217630085.89779657 678565136.0519929 856408117.6701567 776019749.958523 183149990.85245258 211555839.42371163 198912634.0617335 717573154.1890769 145816380.4129246 309260807.07647276 658535901.3086399 448394930.8941227 195562633.38165504 650017353.1343958 641129895.0749053 531946139.4724219 628294129.4404505 545117138.488811 1263342769.3254154 601367142.1056397 187602090.09964338 265577443.333159 527155172.0390365 426337869.9949219 484182923.3154509 297819177.18386334 263759455.53622788 444568030.5586691
48044069.52250127 35293027.18553765 38770632.06280755 108109401.30356771 73103104.816792 50637304.84984293 39329557.57460104 144122924.77752241 12669186.215811668 28946799.909847938 48223927.93675818 135846262.43156636 109273360.09787644 80481656.40112247 79535115.15109767 93996389.42960744 44698237.95791863 38821538.07853294 49476705.41017236 137740337.43577737 34434341.79570257 54326114.377957866 50795712.9630928 17887341.10362195 13294117.866003064 53886335.46364228 25189381.303051833 126781472.40045418 85020280.59655441 48438446.598296426
6355137.223402596 2569832.950099869 9310491.661092505 18483198.5840743 7116129.576171468 4020645.017728468 9668179.2677383 8949348.134269148 2089296.2602120643 4512141.019521054 9560390.74292363 8997811.374269068 11595489.739056552 3721392.6137375785 11764445.012162311 12659584.915053843 9613336.859688276 6064980.930853155 15510237.054366663 11850058.361165464 11067809.783817284 12520062.179674827 6398908.032546577 3789638.658355081 1459489.3218369312 10545230.660782333 10207535.981206985 14974254.634145668 15759467.83376152 3452282.09349915
321781.73508180724 59086.29826776901 553397.360402362 822443.570733699 542119.184639913 351230.89380080294 365393.6566620383 258689.8675643481 116445.43955814427 180302.63542302448 852655.7586550912 489356.94503473764 59857.27519895704 294697.323152191 389352.45532512374 829714.8485766974 673737.6563819194 1254991.3263256468 653603.6290093756 493584.7059209811 217741.68693119334 274948.7091564531 242376.96228527607 135104.38652168954 132212.38111258732 307539.7493016602 730315.5425596987 181821.94132002574 368286.904793251 218448.9942538398
15190.557763236407 22364.469147866657 19498.574624801207 10442.965322362612 8326.164389312335 16440.64549757854 11700.286887105694 7441.783292787681 11730.586830282155 19625.90732405274 10329.985787224086 5470.7981148673825 3037.717091917294 14377.708452712948 2947.4667190765504 4889.937319195168 4883.414495702916 12923.825974969337 10329.785079390691 9372.882854592928 3698.7761173887875 7324.344341043186 4166.319581198231 19678.014140569587 22330.62313112769 20798.68477817151 2843.3630796617254 13483.369633196871 1467.8593081018953 5452.273423231793
4192.446646190595 16222.561825867851 238.67415089025758 52.66614158239713 133.39137593356918 867.2281414057534 4753.834468481682 168.69919169841137 1134.4653197480702 14081.886559503844 249.2942211492723 61.98346711924273 75.23940548052292 5825.129510026456 60.991146703383265 76.71293635452753 87.0251141632823 56.82424266469502 111.5611779567264 100.6143732809578 264.5147516528946 98.2794367310953 33.906510740795966 11864.179405599127 21505.878620505977 562.2502675107821 32.16298794703857 56.47883751835889 90.72750866888873 84.04832662219951
1352.368460337354 77.1451509377357 55.2300519612902 26.330665217736623 88.4894682144843 126.29082622555461 2645.9537823407827 79.45929455080886 166.66970613052536 706.7184295581783 50.9120845156001 28.944741644721944 33.764155686280446 189.08155323590722 29.263953467234842 30.242626794588205 20.101705725325246 30.18376266748851 30.993548002086754 35.70116243383018 59.41430817945661 35.335302874327226 24.707584263160697 1025.6501520742759 9817.187494858039 23.653342410878622 15.379451193533896 21.871225487498123 66.28401401148608 49.2303579478712
110.42053474492627 36.4721298044426 40.11172236907055 17.004018881443017 69.04403838075837 64.85782757026664 40.675479779326 68.29305759832232 137.7797485525948 115.89460317627982 30.986920401111547 20.406798555780597 26.422007344649728 122.56312623449867 15.27584352003646 24.867200012279454 10.928461479895077 17.876979103508802 21.677647853831104 29.399125525440468 27.24952843444612 24.845650976069237 11.453838032484782 115.32388891696223 75.82499124631977 14.644591569848671 5.2557097055096165 11.888323855038834 53.12898141490041 39.57873796972058
93.69106193468792 22.68601911540918 39.95537166287136 10.320873373773338 65.62337915427725 54.73472525750094 19.38193770931639 65.62109386857537 133.31317800385432 34.72535994875898 22.889786141241075 14.828633617353034 22.792571629190206 111.6780753479486 12.437487804605325 1.1110564469897781 9.896115516654618 13.360466503728048 14.299425891305646 24.710269162520717 16.664702965050992 21.156423956936806 8.296671453424324 109.23149898255656 53.35808308828996 5.805018121777948 2.289302607071704 7.005893593031942 10.536145317048977 28.819174686788983
90.16387654594882 20.891016804168885 39.95537166287113 1.311679550393137 57.635821626307234 49.98482508808115 8.766192435482026 65.62109386857537 105.6043068390752 26.153096351747763 11.896711645217465 9.073558773706509 16.31381899048938 109.09644997217129 1.7726554215507804 0.8351139514199986 8.107623207635697 1.2530112276278942 7.3623573136112554 21.301540056075737 15.689610661054758 19.114575508669077 8.290228031693232 109.04074145992149 38.67286309640349 1.6093232065857137 2.169671856533796 6.563105348089948 7.106198898834236 26.689494366490635
1000000.0 1000000.0 1000000.0 1000000.0 1000000.0 1000000.0 1000000.0 1000000.0 1000000.0 1000000.0 1000000.0 1000000.0 1000000.0 1000000.0 1000000.0 1000000.0 1000000.0 1000000.0 1000000.0 1000000.0 1000000.0 1000000.0 1000000.0 1000000.0 1000000.0 1000000.0 1000000.0 1000000.0 1000000.0 1000000.0
