7887.950317333403 12103.000209869919 10996.943732566013 10466.336016614194 9333.935548111403 13384.619813668829 12203.466282146635 13368.902340165481 10493.035917052677 9501.559088755017 14677.478708304974 14779.539651375664 8635.798988173305 11574.251487571903 9693.102478160074 14082.24381487372 10348.2727149514 10739.269713639422 12714.282382950289 13076.473926122755 10052.933861039055 10703.283182200908 7967.176697805713 11904.900684269684 13379.39870979606 11456.95243112605 10541.377444647069 14404.911164756617 13323.659378775348 11175.223349228618
7887.950317333403 12103.000209869919 10905.07538525057 10466.336016614194 9333.935548111403 13384.619813668829 11936.394526380758 13368.902340165481 10493.035917052677 9501.559088755017 10648.194379240973 12377.656764314175 8635.798988173305 11574.251487571903 9693.102478160074 14082.24381487372 10348.2727149514 10739.269713639422 12714.282382950289 13076.473926122755 10052.933861039055 10703.283182200908 7967.176697805713 11904.900684269684 13379.39870979606 11456.95243112605 10541.377444647069 9665.223858458303 11149.402533088753 11175.223349228618
7887.950317333403 12103.000209869919 10905.07538525057 10466.336016614194 9333.935548111403 11786.04469084933 11927.63165129786 13368.902340165481 10295.46376582561 9501.559088755017 10648.194379240973 12377.656764314175 8635.798988173305 11574.251487571903 9693.102478160074 14082.24381487372 10348.2727149514 10739.269713639422 12714.282382950289 10313.245312040895 10052.933861039055 10703.283182200908 7967.176697805713 11904.900684269684 13379.39870979606 11456.95243112605 10541.377444647069 9665.223858458303 11149.402533088753 11175.223349228618
7887.950317333403 11528.343900589925 10905.07538525057 10466.336016614194 9333.935548111403 11786.04469084933 11927.63165129786 13368.902340165481 10295.46376582561 9501.559088755017 10648.194379240973 11767.7351796751 8635.798988173305 4469.443580308378 9693.102478160074 14082.24381487372 10348.2727149514 10739.269713639422 12714.282382950289 10313.245312040895 10052.933861039055 10703.283182200908 7967.176697805713 11619.575923681257 13379.39870979606 11456.95243112605 10541.377444647069 9665.223858458303 8203.091277332807 11175.223349228618
7887.950317333403 11528.343900589925 10661.502509276239 7599.084779067871 9333.935548111403 11786.04469084933 11927.63165129786 13368.902340165481 10295.46376582561 9501.559088755017 10648.194379240973 9198.03999122048 8635.798988173305 4469.443580308378 9693.102478160074 12689.405995481806 6455.98767437565 10739.269713639422 11120.428751960095 9127.145873128515 10052.933861039055 10703.283182200908 7967.176697805713 11619.575923681257 13324.22459365862 11456.95243112605 10541.377444647069 9665.223858458303 8203.091277332807 11175.223349228618
7887.950317333403 10812.757452618434 7150.201678834212 7599.084779067871 9333.935548111403 11646.512798313695 8395.10908445398 11459.52438384086 8243.740277111654 8241.747756953888 3659.222401276753 9198.03999122048 8635.798988173305 4469.443580308378 9024.005983616524 7850.149961273371 6455.98767437565 7318.092352241387 8205.15314730579 9127.145873128515 8268.17990320577 9819.43823017131 7167.6234240152335 9775.184611455014 9298.258587260441 10520.515744969738 8233.802081428115 8400.869256649967 8203.091277332807 10197.199379956863
3906.2403620933073 4158.442254156341 4243.713004854988 2832.036879091501 4198.121539528644 3837.5414364241615 3633.8239817287104 4050.827836176588 4279.2545979807 3495.0494899396726 3432.2217832138467 3283.1382590958747 3489.5026986549074 3455.8431205278794 4099.666982688135 4956.799881109769 3467.1362192013585 3753.2425166452986 3151.8016773034324 2621.7052176970365 3093.9890450677176 3753.014481995484 4435.114365000048 3682.8419694567665 3814.38602741043 3643.1295989795854 3702.4419736962864 4318.803640971674 2549.8272168829626 2680.4860881963305
1818.4024030438868 2022.5846874164154 2015.6017749390176 1236.7578846068927 1885.9056605213755 2132.0674794868855 2488.6384123064563 1843.585143965247 1945.4492186922407 1693.1587438355964 1604.716673404664 1180.5331033697826 1787.8800158279955 1668.495314333245 2043.573880246514 2048.0674474477983 2134.771555603118 1662.0354547686766 1394.945191821345 1210.3984030526444 1105.102054126659 2110.804835076382 2137.3521779516104 1706.4105790195063 1782.7985544758394 1995.9259357636056 2021.5732058849353 2181.945780033233 1058.7640293149288 1698.288722189206
827.0797190377343 832.5779465974965 830.8798120442984 759.0313713862147 764.1063656782703 926.8066871479423 926.1570123232782 826.8382915958177 943.1408924703569 783.3214574919671 819.3221627210878 730.6601200886707 704.3642856641586 803.0432619210324 858.3044127231196 975.2353826577555 748.5072032609032 709.7292396543535 771.4317056099553 749.5885544133339 772.4114836798326 834.3326764434869 822.9667755956152 839.1727333676977 761.0971581252543 820.8729865969731 570.9332020482893 885.2213198040386 731.4264953672055 729.0556708319064
355.94117130878703 348.76631892608157 360.0479034949917 701.1546977678972 350.18954666052105 358.96278190898965 363.1705531636271 359.50572308863684 375.3496704619547 352.48813545383973 566.1745221892161 661.5114533870692 353.1122748435441 341.69426356474696 676.0177078268871 390.9579060841861 351.77249958844095 344.4142186296049 688.5844127289333 565.71614667415 673.8023045983318 343.0853788561053 356.23594993507004 616.6908347155922 346.4822025068288 367.8482507639992 342.63245878730913 370.81369144601285 575.9133835006432 348.5319673286858
300.6638007797983 300.7905462442359 300.70653146324094 429.14819699890677 300.4874348266999 300.7567513862173 300.48507911177694 300.401847308538 300.6533104220962 300.7013649053215 402.55960244570406 404.3681510815222 300.60960719474315 300.5581450082482 403.25992176833233 300.89966150715827 300.5970248014537 300.45991464988356 418.7799808618347 401.7721133197083 406.42408687719853 300.27518690948955 301.0306067067936 403.8083971559786 300.3755744523537 300.60692945089295 300.3291718797973 301.1390091588364 401.69052680096775 300.6093132963201
300.0002351487542 300.0002477060807 300.00018286211343 400.00411662724355 300.0001416209461 300.0002977364675 300.0001616752684 300.0001280054189 300.0001417394651 300.00035302001106 400.0009973291312 400.0010588916507 300.0001234176925 300.0000959302588 400.0012968655092 300.0002649972771 300.0002203437816 300.0001345068508 400.00493529497953 400.00037531507905 400.00222042219593 300.00011727014135 300.00043152023954 400.00107146232585 300.00015630619146 300.000197752277 300.0000764364245 300.0002184947434 400.0004066281658 300.0002666755072
300.00000000008004 300.00000000007867 300.00000000005 400.0000000025648 300.00000000004184 300.00000000013006 300.0000000000514 300.0000000000241 300.00000000011687 300.0000000001328 400.00000000029104 400.0000000004766 300.0000000000209 300.00000000002956 400.00000000080445 300.0000000001187 300.0000000000746 300.0000000000441 400.00000000203045 400.00000000019645 400.0000000007576 300.0000000000182 300.0000000001228 400.0000000004893 300.0000000000682 300.0000000001037 300.00000000001864 300.0000000001032 400.0000000001032 300.00000000006276
300.00000000000045 300.00000000000045 300.0 400.00000000000045 300.0 300.0 300.0 300.00000000000045 300.0 300.00000000000045 400.00000000000045 400.00000000000045 300.00000000000045 300.0 400.00000000000045 300.00000000000045 300.00000000000045 300.0 400.00000000000045 400.00000000000045 400.00000000000045 300.0 300.0 400.00000000000045 300.00000000000045 300.00000000000045 300.00000000000045 300.00000000000045 400.00000000000045 300.00000000000045
300.0 300.0 300.0 400.0 300.0 300.0 300.0 300.00000000000045 300.0 300.0 400.00000000000045 400.00000000000045 300.0 300.0 400.0 300.0 300.00000000000045 300.0 400.00000000000045 400.00000000000045 400.00000000000045 300.0 300.0 400.00000000000045 300.0 300.0 300.0 300.00000000000045 400.00000000000045 300.0
300.0 300.0 300.0 400.0 300.0 300.0 300.0 300.0 300.0 300.0 400.0 400.00000000000045 300.0 300.0 400.0 300.0 300.00000000000045 300.0 400.00000000000045 400.00000000000045 400.0 300.0 300.0 400.00000000000045 300.0 300.0 300.0 300.0 400.0 300.0
1000000.0 1000000.0 1000000.0 1000000.0 1000000.0 1000000.0 1000000.0 1000000.0 1000000.0 1000000.0 1000000.0 1000000.0 1000000.0 1000000.0 1000000.0 1000000.0 1000000.0 1000000.0 1000000.0 1000000.0 1000000.0 1000000.0 1000000.0 1000000.0 1000000.0 1000000.0 1000000.0 1000000.0 1000000.0 1000000.0
