147.57515078816277 131.12816716960072 143.83746568467063 115.74811327893008 143.18067436663114 130.3014224394683 144.4908092737703 130.5287203260565 115.62474862763986 123.34304422210016 133.13957775044912 107.35785933428906 114.54723933306752 97.53763798307193 120.32002527670011 121.98490829291791 157.97404163340389 141.6619030349591 140.312924595882 151.33836461724025 132.62777242443212 159.0855825087075 148.08416020120467 129.77120977255038 128.9044498105652 128.01099925718574 135.02810003966283 130.92605409067164 109.03069366731495 127.54202788677605
147.57515078816277 131.12816716960072 143.83746568467063 115.74811327893008 143.18067436663114 130.3014224394683 132.40920917309404 130.5287203260565 115.62474862763986 123.34304422210016 133.0195677054195 107.35785933428906 114.54723933306752 97.53763798307193 120.32002527670011 121.98490829291791 132.8252363100181 141.6619030349591 140.312924595882 146.85847586220484 132.62777242443212 158.67044529532882 134.10498537339572 129.77120977255038 128.9044498105652 128.01099925718574 135.02810003966283 128.64667262203818 109.03069366731495 101.26427558802163
116.68751169154484 131.12816716960072 141.26693237984193 115.74811327893008 128.31743538510295 130.3014224394683 132.40920917309404 130.5287203260565 115.62474862763986 123.34304422210016 133.0195677054195 107.35785933428906 114.54723933306752 97.53763798307193 120.32002527670011 121.98490829291791 132.8252363100181 130.2550487613213 140.312924595882 146.85847586220484 132.62777242443212 158.67044529532882 95.0215832892867 120.9741840228204 124.8276855578165 128.01099925718574 103.21894059685997 128.64667262203818 109.03069366731495 101.26427558802163
116.68751169154484 131.12816716960072 141.26693237984193 115.74811327893008 128.31743538510295 130.3014224394683 132.40920917309404 130.5287203260565 115.62474862763986 123.34304422210016 124.98190857530653 107.35785933428906 114.54723933306752 97.53763798307193 120.32002527670011 121.98490829291791 132.8252363100181 130.2550487613213 128.21829717751893 146.85847586220484 92.69758120902418 158.67044529532882 95.0215832892867 120.9741840228204 124.8276855578165 128.01099925718574 103.21894059685997 128.64667262203818 109.03069366731495 101.26427558802163
116.68751169154484 119.59654795767153 128.07783474051678 115.74811327893008 128.31743538510295 130.3014224394683 120.13034490146879 130.5287203260565 115.62474862763986 123.34304422210016 124.98190857530653 107.35785933428906 114.54723933306752 97.53763798307193 113.1276255615735 121.98490829291791 132.8252363100181 130.2550487613213 113.21396753919794 146.85847586220484 92.69758120902418 156.70068587817332 95.0215832892867 120.9741840228204 124.8276855578165 124.25308455815218 103.21894059685997 128.64667262203818 109.03069366731495 101.26427558802163
116.68751169154484 103.62253002805107 104.09673885290874 110.15937658763823 106.4406425379376 122.69210383864674 120.13034490146879 130.5287203260565 115.62474862763986 117.60040677481618 124.98190857530653 107.35785933428906 114.54723933306752 97.53763798307193 113.1276255615735 107.24497214187136 121.7637979061069 120.0489154120678 98.63315800531063 134.07645975451044 92.69758120902418 126.37411258942348 95.0215832892867 116.87600021128992 108.33947027776799 123.58931515421011 103.21894059685997 121.13068034970763 94.1550139064883 101.26427558802163
63.206109049407814 58.2960446086455 56.72428702112711 59.64219080335636 71.4184646798052 63.76180123159497 61.278474871823505 53.20439355726967 63.82201442237988 74.58758534582228 62.709487912522945 66.26761359247769 66.00166843751117 59.84905485933905 64.26863213902266 70.30004893172054 62.05376085678756 53.50035385945523 49.575436345984485 74.131107454833 57.16864553453081 59.60085726068428 63.268492940342526 57.86730299313592 56.798978547456386 67.2455389922078 63.59056629452584 76.1855054624209 44.86579690566498 62.33880488233888
30.302940346705213 34.049092604057364 32.40500775002647 36.45840237590812 35.31084579566084 30.874016980326246 37.56558503987026 40.07834041673209 37.91354535325809 32.09679098856509 27.601504082445217 29.517108837868477 35.671667903840785 23.476265072418983 31.914090134539038 36.66538012964202 31.59288640843306 31.50046953752701 37.53458573982971 39.64428159725435 37.02446681782283 33.886951545799434 37.69369916725793 30.61134047029782 35.957661709693866 33.578643787072224 32.60786464482851 45.014146565610304 33.63009898225164 34.73480768080924
10.69139368968979 16.171187171431143 11.260005715152943 13.912374886630005 9.125134850970653 10.867389007177394 14.422227154170628 11.1882739179797 12.965579893345875 10.473674216022118 10.35101497619678 10.849915727054963 13.945184852084594 11.200039594940563 12.204588145009097 11.950164564050283 13.196920137995107 11.038295057720802 11.93109304494908 16.39942769334766 14.600724948216566 14.113407284812297 14.48128457170651 13.621864723052795 14.574433356801933 12.800474847806981 11.411658231822003 14.675380851496925 14.291671851300066 10.596719921595877
1.2310453536578052 2.766472627099688 2.3191979421263795 2.080037773540653 2.097248488110381 2.7365569306931548 2.802821999829689 1.3686289902526596 2.3970417300361078 1.7707191794977462 2.381311652340173 2.091989568508211 2.113551416528594 1.840608948922977 2.1579949228544137 2.7461954200840637 3.0050430984076684 2.612695044454199 1.9109137084308259 2.273849144702581 2.307355615658821 2.5532988648777746 2.7945437107591715 2.697913888503649 2.9105224233627496 2.236003612592981 2.3848530352332773 2.87897399505448 2.769074832828096 2.0936975878101975
0.05112495473110812 0.11328900172816248 0.08998252983496968 0.1251260597482542 0.09272681539528094 0.1425626178336188 0.16905059759767482 0.057500084874504864 0.10896405179869362 0.1246342762273116 0.09794519149897951 0.17489108990093882 0.15452193174223794 0.06585115315454004 0.11566027809976731 0.10543480480259859 0.13761086478643847 0.1269514703412824 0.15654565136173915 0.09216908954954306 0.188196391256497 0.1708961522027721 0.1426197336295445 0.13115497134526777 0.12147329713400268 0.11207007748475917 0.12782334668418116 0.13300999764203425 0.1291791574724357 0.08187052936966666
0.00025031192512869893 0.0006525037709934622 0.00043387965422425623 0.0007026965106433636 0.0005900986814140197 0.0009398837412391003 0.0007578007039228396 0.00028660644659339596 0.0009568000782564923 0.0008977501107665375 0.0004291791426567215 0.0009472892139683609 0.0011466131743418373 0.00034171610229805083 0.0005407971418662783 0.0004429298182913044 0.0009619318258273779 0.0008438215178330211 0.00035292803192987776 0.0005693329324003571 0.001452981884995097 0.00040794358596940583 0.00103651091546908 0.0005323303424802361 0.0004498364148730616 0.0008209757269241891 0.0006081815895413456 0.0012667418372984685 0.0004007559997489807 0.00038282689718016627
1e-08 5.5323994274658617e-08 1e-08 3.855575414490886e-08 2.904516804846935e-08 5.159381544217467e-08 5.748029252572451e-08 1e-08 3.9394763007294387e-08 2.5755070964805782e-08 4.923560936731519e-08 3.3744186112016905e-08 7.383175670838682e-08 1e-08 1.1457473192422185e-08 1e-08 3.612024102039868e-08 6.058985491108615e-08 1.0687358553695958e-08 2.001149823627202e-08 1.2023690487694694e-07 1e-08 8.041206456255168e-08 1.17526042231475e-08 1e-08 7.14202315066359e-08 1.1594124771363568e-08 1.3877524907002226e-07 1.0991016097250395e-08 1.3813746591040399e-08
1e-08 1e-08 1e-08 1e-08 1e-08 1e-08 1e-08 1e-08 1e-08 1e-08 1e-08 1e-08 1e-08 1e-08 1e-08 1e-08 1e-08 1e-08 1e-08 1e-08 1e-08 1e-08 1e-08 1e-08 1e-08 1e-08 1e-08 1e-08 1e-08 1e-08
1e-08 1e-08 1e-08 1e-08 1e-08 1e-08 1e-08 1e-08 1e-08 1e-08 1e-08 1e-08 1e-08 1e-08 1e-08 1e-08 1e-08 1e-08 1e-08 1e-08 1e-08 1e-08 1e-08 1e-08 1e-08 1e-08 1e-08 1e-08 1e-08 1e-08
1e-08 1e-08 1e-08 1e-08 1e-08 1e-08 1e-08 1e-08 1e-08 1e-08 1e-08 1e-08 1e-08 1e-08 1e-08 1e-08 1e-08 1e-08 1e-08 1e-08 1e-08 1e-08 1e-08 1e-08 1e-08 1e-08 1e-08 1e-08 1e-08 1e-08
164050.0 174650.0 162150.0 171400.0 169550.0 173650.0 172700.0 162600.0 170850.0 170750.0 172800.0 170900.0 173750.0 163650.0 166300.0 164650.0 171550.0 172450.0 166500.0 168000.0 176700.0 165600.0 174650.0 167400.0 165600.0 173200.0 166050.0 177400.0 166650.0 166000.0
