293.5296995719632 267.4805259658831 314.86292655693137 305.6259960489647 325.73532704620357 290.94030921762624 340.998954154667 285.9867718053938 311.9113395373615 296.8968337769527 316.62522785544206 326.81398016883895 292.46847059543165 312.36342621667427 285.97361072386366 313.172823077467 309.4294614865655 281.00677365931483 291.8332393266878 324.2077575844746 285.0095472231976 295.5003072027637 320.74868599433285 324.92582487130403 340.88881842355704 280.91505458284814 308.0497151084687 331.72575718191206 311.80257276051134 298.49169345233236
293.5296995719632 267.4805259658831 302.1734893794728 305.6259960489647 325.73532704620357 290.94030921762624 331.85367068812775 285.9867718053938 273.30489517025626 296.8968337769527 316.62522785544206 326.81398016883895 292.46847059543165 280.7447935199507 285.97361072386366 302.22986857340425 309.4294614865655 281.00677365931483 291.8332393266878 324.2077575844746 285.0095472231976 295.5003072027637 320.74868599433285 324.92582487130403 340.88881842355704 280.91505458284814 308.0497151084687 316.14966268370904 311.80257276051134 298.49169345233236
293.5296995719632 267.4805259658831 302.1734893794728 305.6259960489647 325.73532704620357 290.94030921762624 331.85367068812775 285.9867718053938 273.30489517025626 296.8968337769527 316.62522785544206 326.1947040483499 292.46847059543165 280.7447935199507 285.97361072386366 302.22986857340425 309.4294614865655 281.00677365931483 291.8332393266878 321.11524739793913 285.0095472231976 295.5003072027637 320.74868599433285 266.7120656432953 340.88881842355704 280.91505458284814 308.0497151084687 306.32078494402845 311.80257276051134 298.49169345233236
293.5296995719632 267.4805259658831 302.1734893794728 305.6259960489647 325.73532704620357 290.94030921762624 306.6818754570786 285.9867718053938 273.30489517025626 296.8968337769527 316.62522785544206 320.72814007184047 292.46847059543165 280.7447935199507 285.97361072386366 302.22986857340425 309.4294614865655 281.00677365931483 291.8332393266878 321.11524739793913 285.0095472231976 295.5003072027637 320.74868599433285 266.7120656432953 340.88881842355704 280.91505458284814 301.2730558435037 306.32078494402845 311.80257276051134 298.49169345233236
271.69188201112297 267.4805259658831 297.9913625524439 305.6259960489647 325.73532704620357 290.94030921762624 306.6818754570786 285.9867718053938 273.30489517025626 296.8968337769527 316.62522785544206 320.72814007184047 292.46847059543165 280.7447935199507 285.97361072386366 301.4872678361928 309.4294614865655 281.00677365931483 291.8332393266878 321.11524739793913 285.0095472231976 295.5003072027637 320.74868599433285 266.7120656432953 307.63427219966957 275.99451109345387 301.2730558435037 265.99269800365755 311.80257276051134 298.49169345233236
269.1572657455206 267.4805259658831 294.61155551560205 283.7914107471888 300.4085958295691 290.94030921762624 300.37282597265994 285.9867718053938 273.30489517025626 296.8968337769527 292.040306740362 255.96597300111057 292.46847059543165 280.7447935199507 285.97361072386366 301.4872678361928 258.79387908695753 281.00677365931483 251.5693169026697 308.3475608683766 285.0095472231976 295.5003072027637 258.2995826148649 266.7120656432953 271.7601340747419 275.99451109345387 261.4542516154147 265.99269800365755 309.4515225420405 274.74108941208146
216.12976267507997 181.7055516748237 217.2332606925304 198.39971305139818 211.1916488714313 219.5588752346706 224.4162368497898 190.0627667472354 202.0672372027385 234.9731353526272 189.09601939359186 189.67101139324643 228.11805410756983 203.84226122141956 212.9373969849412 220.9439116330292 206.98432454311956 214.60060773705277 232.60674915319169 223.09548183795596 207.22603211728278 226.53642891914797 214.0194043667866 209.0067953703225 213.55150251412306 199.53514377383203 210.3790728670525 197.09944904357314 212.72914339016802 233.2003706842861
162.81203314847176 161.37155651948854 174.5618418691672 144.3651504513216 171.29894404859124 166.1667886019968 157.4940021103589 148.5980146814975 162.88885159646634 153.39531508921277 165.72866098863187 179.93593098657504 178.9258278845798 157.0464848206832 171.24846494901897 181.09058364754037 165.766494753159 159.4787110652387 160.23676798823908 171.1949953670237 182.55979604296294 191.0389744606132 168.53578853576016 192.71248870701538 179.59396601494984 135.58963557696404 173.09955360341826 165.08026026830385 179.45350253716992 167.959691226823
124.14249373691928 142.59883900240243 147.87829562699744 124.86129607480666 157.34471529484813 143.14955891297643 137.0253235108297 125.4985520865306 155.08210896595085 147.43502622401286 149.25716414507383 147.43369347194414 147.93303521455073 157.0464848206832 150.8975196100281 163.63764332245125 152.05235834819769 144.90146777551888 155.66440208483152 126.1384408611109 138.7636495751201 156.78826358934987 143.04820233138696 160.05630427216454 135.526777661001 106.66230273678684 151.03086956870675 152.6234335246819 141.97136700932344 124.18971751464744
122.33290714178099 140.8305548245653 137.35370775284355 110.44917441453401 127.89134443765806 130.0304585131014 137.0253235108297 125.4985520865306 124.62299126389678 120.31609300759249 116.46591180573819 136.38619921845566 137.54742667984033 129.48612281970338 139.95900803501854 148.61925976005227 103.11554192509675 142.17908772505768 110.48571874317497 126.1384408611109 138.7636495751201 130.78557718195873 143.04820233138696 129.85561790125428 130.46567030436108 106.66230273678684 131.51022739261032 109.11507422380464 122.32428074306097 120.18203404950054
98.0006443567678 112.0012247709094 120.61485425121691 98.24112651399514 127.89134443765806 101.0584829147906 112.62247907209212 112.36602320047064 116.81564109129488 112.55033723890779 116.46591180573819 134.605862891147 118.38819858854902 118.90463852219875 105.00217090650676 129.16030973119723 99.11452983385948 123.27122070779478 89.0217174669965 98.95590871129536 110.46219601736573 116.39850402825391 115.02437897333084 111.27808972395599 95.69828326651054 102.25601851704266 105.04279434956663 84.8977604437373 98.49119505442752 104.44448230208684
44.78715333196806 24.103013408061884 92.67341625426354 28.445429927339546 47.675876823852946 14.93646369185683 10.533304122202821 78.45608760353946 48.338012998854765 64.38710131597486 60.455536155265236 69.15949993171864 104.26426238583667 34.4542258217881 18.907093691946443 63.78740671169271 30.178570535737208 92.07191416353669 43.57226988090213 23.971654285448608 82.55232214151056 15.469494067089727 17.693948171194734 49.29041585461073 25.886025261227246 41.81896068475385 41.749895194869396 52.88731422382523 53.10199092791379 30.218141249662494
38.011762547369926 23.88616226699662 8.95463151403112 17.31206480516653 47.535393577728996 14.924375780761238 9.949590570932969 31.659611098243204 48.32508347263422 38.980408125093504 57.79904161192076 49.03693456295048 24.605844832271032 30.698003528210165 18.90419181241998 32.53422722674429 28.027438229318477 37.53928745128212 35.58781283051121 23.968124303042373 33.65756976194848 13.929421761487674 17.22714785197104 30.918249460812604 25.880006394179986 40.9983080591378 41.74985648897689 52.88731413271171 24.26748601237273 25.381365543318452
38.01176209633786 23.886160739801653 8.954631513839672 17.312064805166074 47.535393545157945 14.924375780761238 9.949590570932855 15.417316280388604 48.325083472634105 38.980408002167906 57.79904151398273 49.03687715115393 22.88404319968845 30.697970503305328 18.90419181241998 28.85376726989557 28.027420748360214 36.13504162609968 35.587812830509165 23.968124303042373 33.657569761948366 13.929421761486992 17.22714785197104 30.915201564980975 25.880006394179986 40.99830774671568 41.74985648897689 52.88731413271171 24.26748601237273 25.376033383088156
38.01176209633786 23.886160739801653 8.954631513839672 17.312064805166074 47.535393545157945 14.924375780761238 9.949590570932855 15.417316280388604 48.325083472634105 38.980408002167906 57.79904151398273 49.03687715115393 22.88404319968845 30.697970503305328 18.90419181241998 28.85376726989557 28.027420748360214 36.13504162609968 35.587812830509165 23.968124303042373 33.657569761948366 13.929421761486992 17.22714785197104 30.915201564980975 25.880006394179986 40.99830774671568 41.74985648897689 52.88731413271171 24.26748601237273 25.376033383088156
38.01176209633786 23.886160739801653 8.954631513839672 17.31206480516596 47.535393545157945 14.924375780761238 9.949590570932855 15.417316280388604 48.325083472634105 38.980408002167906 57.79904151398273 49.03687715115393 22.88404319968845 30.697970503305328 18.904191812419867 28.85376726989557 28.027420748360214 36.13504162609968 35.587812830509165 23.968124303042373 33.657569761948366 13.929421761486992 17.22714785197104 30.915201564980975 25.880006394179986 40.99830774671568 41.74985648897689 52.88731413271171 24.26748601237273 25.376033383088156
1000000.0 1000000.0 1000000.0 1000000.0 1000000.0 1000000.0 1000000.0 1000000.0 1000000.0 1000000.0 1000000.0 1000000.0 1000000.0 1000000.0 1000000.0 1000000.0 1000000.0 1000000.0 1000000.0 1000000.0 1000000.0 1000000.0 1000000.0 1000000.0 1000000.0 1000000.0 1000000.0 1000000.0 1000000.0 1000000.0
