4916920674.657659 3260628563.0255594 4789704478.639201 1989638301.2774649 2833669285.4264226 6060565254.398043 1733816288.3209794 4425939942.512176 5291456768.780101 4356932650.582402 1829233589.5798194 2187616348.5977497 2614663208.185338 1973187759.1291509 4022628567.8736258 2061318162.147236 3231869306.5013013 3518064814.857577 5173589594.296579 3446868276.4033737 4189524033.7596903 4562899065.426227 6738976987.708114 5137544743.011773 4179445764.747035 3576863972.168384 4187544930.1844378 3837786698.2556763 3763990896.8090835 3005786021.8689704
3848953327.8812623 3260628563.0255594 4789704478.639201 1989638301.2774649 2833669285.4264226 5491491100.822673 1733816288.3209794 2636645132.075183 5291456768.780101 2609613276.675039 1829233589.5798194 2187616348.5977497 2355361590.93497 1973187759.1291509 2155541761.6703243 2061318162.147236 3231869283.6362305 2961650210.9574084 2482770945.268993 2001198283.2752488 3381839472.9135156 4562899065.426227 2040915444.7725236 2846200932.305073 3502647307.0015593 3030613832.855355 4187544930.1844378 3706403978.3723435 3168559453.0124044 2438540799.186503
3148772996.6235857 3260628563.0255594 3804937070.6676035 1989638301.2774649 2584151211.594726 2329088959.750909 1733816288.3209794 2636645132.075183 4174952008.1405907 2609613276.675039 1829233589.5798194 2187616348.5977497 2355361590.93497 1973187759.1291509 1294757667.2765887 1977659757.5400155 2304889970.479604 2509429396.7027407 633746175.6730337 2001198283.2752488 3381839472.9135156 4238850705.3914623 2040915444.7725236 2672080461.0134015 1944641608.0325296 3030613832.855355 2607918218.883596 2933674097.939789 1212634683.5760174 2111402759.0718873
2945636233.269043 3260628563.0255594 1949697330.3147686 1989638301.2774649 2220199207.1284494 2329088959.750909 1372910742.242554 2367074116.172714 2761877354.7102537 2609613276.675039 1829233589.5798194 2187616348.5977497 2064297796.1206725 1838770012.7145293 1294757667.2765887 1977659757.5400155 1404958197.0951667 1436388336.2109613 633746175.6730337 2001198283.2752488 2383827939.591982 3458345943.816453 2040915444.7725236 1938756946.707723 1332758799.342425 1492188747.7506618 2607918218.883596 2933674097.939789 1212634683.5760174 2111402759.0718873
2126473058.4908211 3260628563.0255594 1949697330.3147686 1910849506.332131 1436775657.2961442 2261956817.57665 1166753696.9624357 2367074116.172714 2154431980.039589 2609613276.675039 1829233589.5798194 2187616348.5977497 958780317.8687139 1790974950.8387556 1294757667.2765887 238824424.99818504 1404958197.0951667 1436388336.2109613 633746175.6730337 2001198283.2752488 1646460586.5684512 1826667096.0729725 2040915444.7725236 1938756946.707723 1332758799.342425 1161968934.647139 1914216878.8022025 1438994269.1482894 1212634683.5760174 2111402759.0718873
1472132315.8406217 2551259566.6056046 1949697330.3147686 1685827992.2248933 1436775657.2961442 2261956817.57665 1027817825.4473413 1744307933.0165985 1168951714.966743 1400290794.1813715 1485788623.9208283 1929578328.8837104 958780317.8687139 1790974932.3490746 1294757667.2765887 238824424.99818504 1404958197.0951667 1324446005.7801259 633746175.6730337 2001198283.2752488 1646460586.5684512 1826667078.0982704 2040915444.7725236 1938756946.707723 980347614.5846305 1161968934.647139 621903163.7572211 1438994269.1482894 1212634683.5760174 1645285362.3792934
1472132315.8406217 1453885818.650037 1137622530.2209044 1224422803.9014719 989385232.4596624 1463777921.0512996 1027817825.4473413 890085966.8561403 883907078.6533102 1335283869.5256586 1224388155.6672177 208485206.4221928 958780317.8687139 973436482.2500945 941087647.8216156 238824424.99818504 1334538177.7214832 958528255.7305648 633746175.6730337 667834425.1445526 987573596.0056169 1593402226.5981221 1945998519.0338387 1138535119.7443182 980347614.5846305 1161968934.647139 621903163.7572211 934558241.9988319 1212634683.5760174 1185698391.2507813
912962954.3711501 929470914.7552063 958757159.2770658 765742729.7523831 539118917.4990509 386968074.3280991 310566243.04956657 691724630.639458 408576030.95199543 582643065.2984321 383723087.1113436 125620529.82243678 664448783.3212739 860527250.7425017 446299295.8455217 238824424.99818504 541637161.2110374 165897041.49249676 496499354.84697586 530539656.708103 591276268.7176502 799913379.329454 1169604035.7930102 618480640.8978479 705696003.3550905 542798528.7659185 416129737.4627434 765806805.2528318 449347567.7823645 604650538.5944161
305197467.9725389 363891907.1946615 474350917.2777288 273922590.2677925 250748708.0968902 270821367.89754635 166074874.6173551 180801768.06780848 221965733.1171059 227350464.83320296 208618758.71961525 125620529.82243678 160130542.21603695 310482204.7294148 273950590.9590767 153915310.44680336 116303400.0862236 136766491.16792026 290924616.0308698 130273181.5092068 318396715.3605844 139628039.5590146 157841275.3654889 76970581.5779872 245522317.13393882 279511341.9362063 310682358.38307714 106620945.37763005 183400049.6194056 147118582.8668562
84617228.83274245 90012865.92079467 44120728.9482192 43783835.291547865 80493359.46981789 35582036.56817346 68138371.3869899 75279912.08077528 61402344.593453825 104773587.23350213 68754411.11498593 75907391.6212741 128967940.36383352 18287747.901974622 58146038.94536796 71040127.46024396 89541672.40717675 74128400.17858683 60378855.12500044 47063522.245659806 59844237.335052855 111994662.60151567 63152493.0095476 45352408.10248554 50073449.31791665 92762120.23841654 108683915.68759431 40364396.28783848 45842787.28673114 39173520.83187341
22252939.327100947 18078543.667635094 15323278.065768827 34468526.02357948 21636982.719203852 28728129.290902246 25040957.88472178 7045212.386447796 27540044.881308503 25318820.831676565 26356541.91291669 11167142.66082409 9729492.24745668 18272102.727018796 27416044.145885803 20638056.84898086 26775511.119470697 12816471.167870281 25503007.36484562 11489893.199357364 41019741.05117213 16837085.989471637 20742407.045850568 22081280.71818807 26813290.2160095 30247836.938647553 26476521.355851 27560468.705066506 17028571.49702042 20846737.849766437
2617698.6326205274 7725746.122048155 6094433.480189503 7502639.757462942 13166945.303233657 6159141.996385998 7825660.65611155 1843013.6108290586 1976681.1338205098 7056446.559443896 6378938.211970145 7174498.330144913 4493718.9780058935 4389406.284420424 9845934.82413719 5764479.406369344 3544965.7478659847 3152458.0073507787 6746115.479813009 8699593.319519097 14812519.632685142 8954542.28007926 5002760.530924164 6156149.10803716 5697404.973603949 9382858.46243958 9402268.121403879 3538049.4808605197 5929745.978674849 2326577.2651792755
2452316.9455607967 2030814.3625238773 1007199.8712071517 1457727.2046166186 2304235.4969353927 2255109.770517048 1769194.3323585093 1641766.5167531811 1894595.4211667313 2097067.8289383994 2107358.4868212296 1441635.895377701 1778323.5228692007 1163398.9488104559 1648905.7088774894 1479178.7479536617 2377477.4543397366 960030.5378982758 2291489.664167561 1141600.4069708881 4258809.729653757 1281454.4056699031 1044954.7780788147 1667129.0281243834 1650666.0842307704 1401579.28082662 2108084.154143989 1670539.9020844162 1236513.0248989037 1236982.9089090973
393190.3202988991 789546.3651342286 698658.35038427 438741.42905773385 283463.88112938317 363295.39233967394 192053.50204300816 365709.2101287178 681398.4771068909 367169.8241004328 129736.44663355727 323932.21806925355 511354.0640797219 279154.68991451897 578526.7641811213 269437.8379898488 159168.48750302455 410507.93602700153 183870.1046100073 430044.5373160822 518380.62964036374 391803.6971330314 261373.75354460598 338143.49708902766 553699.8037680296 193044.72237378848 488538.1037790789 287775.45262168895 650116.1499550799 266850.0365145444
154825.26650594934 123950.46483275149 51464.31527834722 90101.90418262516 28165.249418867865 51322.72297505249 52555.48005760118 60231.11183609929 88793.66503104058 104298.73780036361 39379.13727991159 34097.17599487421 132851.98364227795 97834.96580133408 129974.62371517468 55774.640989649415 84355.80954302721 100717.12231746026 56991.60642072268 99320.48087941791 245092.7116842974 24860.98206363869 44036.66239509054 87772.39562373009 105855.55340415033 61850.64585761242 135959.26587549632 141883.79863010548 110741.35213958255 51289.831298978
532.6916169721817 592.0468110035217 786.7333957373835 551.0763560988848 2545.2593616000104 141.31272440406838 4191.975496040404 1051.9437013077231 1217.6082330472045 318.99411753949107 985.985214651776 638.0689004332771 608.8613841889542 4508.101821622446 993.9779911804194 384.2726236207377 856.3195283630257 2336.4935955567753 617.9534141025038 1189.0557528213335 822.287828346316 2659.58874936101 1295.5983905005169 6686.807848829638 328.34874775302796 881.4784467534255 1478.8288922028605 891.4553865501452 788.3642572604886 740.9013273179739
999999.0 999999.0 999999.0 999999.0 999999.0 999999.0 999999.0 999999.0 999999.0 999999.0 999999.0 999999.0 999999.0 999999.0 999999.0 999999.0 999999.0 999999.0 999999.0 999999.0 999999.0 999999.0 999999.0 999999.0 999999.0 999999.0 999999.0 999999.0 999999.0 999999.0
