390692419.80799776 499791141.27732605 311073966.8045301 581893378.0378721 311109768.79251987 476267669.25261855 416839073.7465447 850688298.2961705 218538517.59107834 261396162.68961784 437080189.7082508 412745872.4436802 189851237.15683937 111820163.25368662 497669679.1438956 76640724.77236347 24077101.67367987 42275025.68838223 336788473.6961318 531480260.0046079 176901234.55814087 194413728.30489585 202906020.38651237 647427020.9692467 67374372.00466272 266691684.5510451 677855770.2395608 90131514.06775579 257174519.97862914 204213752.38900882
180560814.081813 463818567.70710754 311073966.8045301 110280740.0720983 311109768.79251987 387407636.1028533 154700006.86591288 394997712.9656534 218538517.59107834 133607452.1328124 269228568.3284337 412745872.4436802 189851237.15683937 111820163.25368662 437657819.2869874 44938774.9889589 24077101.67367987 42275025.68838223 336788473.6961318 378701216.6887191 176901234.55814087 194413728.30489585 202906013.93999425 221867043.5635015 17956436.16650129 266691684.5510451 471663953.1511864 32145115.43800947 104853616.00226405 187250100.34920758
152596720.4091995 40179893.9549376 172046929.78285366 110280740.0720983 99732842.13734667 324355921.73689514 154700006.86591288 73398467.90066761 59146803.62527229 133607452.1328124 255190829.73746857 412745872.4436802 189851237.15683937 111820163.25368662 437657819.2869874 44938774.9889589 24077101.67367987 42275025.68838223 221163120.85213 378701216.6887191 176901223.23082688 99653190.83530496 157952161.99672648 184070188.4871183 17956436.16650129 142494716.0246584 399920566.2683842 32145110.804145657 103101613.6488191 167338240.04962206
100799456.83860031 40179893.9549376 172046929.78285366 110280740.0720983 99732842.13734667 99024801.87821649 113744777.83566625 73398467.90066761 59146803.62527229 133607452.1328124 243581038.6539511 412745872.4436802 189851237.15683937 111820163.25368662 390048086.81015146 44938774.9889589 24077101.67367987 42275025.68838223 153457642.0834535 23570064.22474309 176901223.23082688 99653190.83530496 157952161.99672648 25615875.699191213 17956436.16650129 142494716.0246584 399920566.2683842 17991810.459492315 103101613.6488191 142964073.1486311
100799456.83860031 27400086.41917969 172046929.78285366 14264792.37677828 99732842.13734667 98431576.39246526 113744777.83566625 73398467.90066761 59146803.62527229 133591038.39225502 30305267.67539068 82487730.11654577 101404028.61135255 78241365.96714129 158156463.53037107 44938774.9889589 24077101.67367987 42275025.68838223 77973938.755777 23570064.22474309 50904373.22323402 99653190.83530496 49834283.669649504 25615875.699191213 17956436.16650129 142494679.65386036 30008743.9638827 17991810.459492315 103101613.6488191 126049944.79204077
100799456.83860031 27400085.4007786 95812855.80932957 14264792.37677828 99732842.13734667 98431576.39246526 63303446.55514283 44850560.88381579 59146803.62527229 133591038.39225502 30305267.67539068 82487730.11654577 17744036.08437302 78241365.96714129 158156463.53037107 44938774.9889589 24077101.67367987 42275025.68838223 77973938.755777 23570064.22474309 50904373.22323402 99653190.83530496 49834283.669649504 25615841.730459027 17956436.16650129 142494679.65386036 30008743.9638827 17991810.459492315 35537306.67677928 28344364.00371046
6676070.576930176 3702655.225734423 6546504.290180425 14264792.37677828 99732842.13734667 98431576.39246526 11494812.83737123 6706918.628614378 32580741.937759347 48713454.2014615 30305259.628232297 77641672.80296534 17744036.08437302 78241365.96714129 110437349.86498767 44938732.08272223 24077101.67367987 11188784.136362623 44583915.85548408 6176384.215376698 15993318.722915245 16332404.411602374 11563715.118683035 14040321.365217157 17956436.16650129 41327476.08625817 11118139.327682307 17991810.459492315 35537306.67677928 28344364.00371046
6676070.576930176 3702655.225734423 6546504.290180425 14264762.782058325 34876003.37764199 13285755.083638178 11494779.878278973 6706918.628614378 20887451.59790615 3372674.362631116 10547739.381456483 22249057.208228618 14273350.219592925 9843300.990360567 32332961.938722588 15238773.503822505 10329621.349916646 11188784.136362623 15629672.528018147 4273422.031547091 3267290.21460532 16332404.411602374 11563715.118683035 14040303.669774083 17956436.16650129 38848755.581357785 5124163.678742759 16013316.642324038 5111273.990384316 8516206.075023204
398761.05274222983 1355016.9580773204 3803331.394844759 6866593.980799826 15901812.504169848 2382974.2400709325 3881786.09449316 3353353.7639716757 3397304.000489472 2569900.084333216 2605172.4778303527 5695783.226374439 14273293.100369802 3212876.876782612 2074360.21445977 10011535.350041406 10071566.81131636 7995995.893145015 9856499.144972304 4273422.031547091 3267287.003392487 586181.0152035886 1069816.899780491 416790.8530272633 5472114.771375007 2003629.9247386937 2189514.2890127157 12828213.690678205 5111273.990384316 8516200.746940682
211708.386581662 1355016.9580773204 2311537.279510702 193715.42717488942 3402065.992122079 2382960.941585812 606006.1712896876 2967091.0739849145 1868205.4296450003 1480811.862340181 773942.2363093159 1603846.2074202313 2146767.5766978404 156151.45860095273 1050381.4644113907 265150.79406148155 2950599.0141729214 399280.23194137565 461581.7499554322 2200963.1812452707 2566723.7912404747 572640.4892959548 674950.9676508858 416790.8530272633 4261261.497162089 144809.19275417938 702104.2334206229 3234235.1869305745 1195857.9957384393 327698.70402362815
123754.4154370701 157043.1994622226 72767.31967675252 193687.2336519029 739812.272947468 25112.79744439232 393439.15036522236 250575.45185070878 45093.24492777175 55520.600492855185 407139.832088401 51586.60763274458 407121.8464252827 156092.52155910298 341244.58951958176 265150.79406148155 263708.87398882315 245096.66362712474 461529.1924792969 217495.59310565447 755544.843329349 335953.8333070266 207407.38195373752 416783.01278195897 423738.3047874452 144785.26946859527 327402.98588001775 618425.1440985241 425987.82591012475 327672.29502710473
11304.773828430021 31723.634425448603 50774.214944289175 21492.33663352588 57352.652761062076 25101.22279417344 158344.62884358075 128100.09199731519 40697.86252697152 48423.44101492698 31403.085487192613 39663.39049970173 153022.83287371197 77653.34881075622 134498.42866161306 9219.41379971092 50796.90534197443 101924.73011606086 142985.4122591833 55970.57357816249 15268.706735911066 117626.45545851735 97845.661958019 119918.57164846944 98637.176563067 100825.60428238442 44234.041018585725 35908.762500669676 32902.81657619632 163473.17955457536
11304.773828430021 24172.06098546757 28643.165687923818 10449.531808321295 19396.202791068874 5178.464227624111 27087.310041943616 50212.93265188394 28650.174417708535 15095.453822793625 6148.585701203629 39645.801584490255 14850.30087605027 16137.12020378025 5998.789198133601 9199.903699359313 5511.614613554875 4093.9172580674785 29170.610384648808 11448.056166126154 15069.23380881767 11742.561159747283 44422.475265100446 11910.673874872584 24460.913078802852 5826.781307049968 19706.24709744007 4578.054296901452 24487.530421207433 22674.494692194716
6750.174525508362 1520.0614206596947 6499.750596886337 3977.492243672228 1244.079346482601 5178.464227624111 5649.414572256715 8226.747939061823 8346.618489174372 6587.183006202791 2805.1721992280836 4488.91446237542 4381.49856569652 7475.155571845051 1564.44009589516 643.4960945882749 3865.2644438387797 992.8802587401246 5671.3837538028565 4508.11422538409 7948.079715544893 4363.26043050055 4283.114481414677 3614.1452484094025 13960.806984230898 5063.5157358085835 7443.483017629253 169.1305862145773 4812.755748845288 6475.545864878226
236.03505911222123 482.2728814898064 1144.8575994532007 1672.8303131114608 385.7853298403893 584.9077222663209 2019.211482246982 782.4145597954712 1143.032087167402 656.1648347402106 1365.9030673108723 1007.250586510936 984.9477039600401 924.3719733824996 457.34543253595666 176.99532995492382 684.6905614128191 297.59585049634006 826.382651721512 532.3925514830717 747.7429805237189 910.9506639740916 701.7517291332247 1601.7109629045162 408.10299815325925 249.98157555293574 1294.5590602603147 168.7522171868336 1795.6395477474525 869.6411916499906
3.707994337684113 2.084785183301392 2.2789304474547407 3.5561002604586065 7.382670417346162 6.447144514193042 3.1629774885270763 2.6370127063826203 3.011332125861145 5.872238185158494 3.235888966057928 3.88385097066066 6.633367513957637 7.892048271180784 5.524064909758863 2.7371377346448753 4.3258341726645995 9.223230931202352 2.524366505671196 3.2801516137835733 7.400788759132183 5.947873106310681 11.53411356574702 4.401703155471068 3.8308054322403677 1.536867992817406 6.494155442714828 7.019458109918787 15.073793293913923 0.781657556799928
199999.0 199999.0 199999.0 199999.0 199999.0 199999.0 199999.0 199999.0 199999.0 199999.0 199999.0 199999.0 199999.0 199999.0 199999.0 199999.0 199999.0 199999.0 199999.0 199999.0 199999.0 199999.0 199999.0 199999.0 199999.0 199999.0 199999.0 199999.0 199999.0 199999.0
