79269.68182221305 84539.75609748569 114573.7939223533 126285.26620738808 76902.41441942878 91188.59805736302 71034.40271447664 54580.869304233376 76035.99586206235 380376.774735515 69220.86617861161 94999.64542521264 214987.45707878633 79092.91513304433 74439.98212138518 82730.51290679642 141402.35429093047 101313.7422396069 70753.69738531097 88243.90039887125 86653.95630215305 95400.82453972157 82734.10410310753 62809.02393110478 94281.02950880973 137313.98542990486 72734.84098736408 374095.0229121176 61175.458550977564 114046.71780411035
63237.094107449106 34259.976534324 79119.66117356 57314.53994273393 70544.00019308866 91188.59805736302 71034.40271447664 54580.869304233376 65150.938716920085 58724.807472944056 52416.85097221376 79030.68304200812 98333.72602017593 52959.10909869816 74439.98212138518 82730.51290679642 141402.35429093047 93546.89581000089 70753.69738531097 88243.90039887125 81286.71222268642 95400.82453972157 82734.10410310753 62809.02393110478 94281.02950880973 51653.869769224795 72734.84098736408 93981.61908649547 61175.458550977564 97151.12040412873
63237.094107449106 34259.976534324 52987.94716591331 57314.53994273393 70544.00019308866 75457.05314344254 70208.5278843616 54580.869304233376 51410.3239252448 58724.807472944056 52416.85097221376 79030.68304200812 59589.5954696834 52959.10909869816 74439.98212138518 82730.51290679642 66944.39796780054 93546.89581000089 70753.69738531097 88243.90039887125 69382.38758248973 80235.14374136538 72100.30626799093 62809.02393110478 56737.39557444908 51653.869769224795 72734.84098736408 93981.61908649547 61175.458550977564 85945.46695503713
63237.094107449106 34259.976534324 52987.94716591331 57314.53994273393 59597.65749257777 75457.05314344254 70208.5278843616 54580.869304233376 51410.3239252448 41854.59232476615 52416.85097221376 79030.68304200812 59589.5954696834 52959.10909869816 60742.756892184414 76177.45898969322 66944.39796780054 77980.33252885156 66072.56539338014 59951.395296837494 62358.31665211713 73759.77147148039 72100.30626799093 62809.02393110478 56737.39557444908 51653.869769224795 64224.5631538466 57659.71410456206 61175.458550977564 69748.57924263696
63237.094107449106 34259.976534324 44068.34239774943 56245.06140644709 59597.65749257777 75457.05314344254 43428.88601643664 54580.869304233376 51410.3239252448 41854.59232476615 52416.85097221376 79030.68304200812 59589.5954696834 52959.10909869816 60742.756892184414 76177.45898969322 45777.23973151775 72898.44209972 56495.177244893704 59951.395296837494 62358.31665211713 73759.77147148039 60069.918263169966 62809.02393110478 56737.39557444908 51653.869769224795 64224.5631538466 57659.71410456206 53885.60630004437 69748.57924263696
60066.52133519576 34259.976534324 44068.34239774943 56245.06140644709 51101.96106715249 66122.26760201227 37660.44714960877 54580.869304233376 51410.3239252448 41854.59232476615 52416.85097221376 72680.95605647058 53802.68255811726 52489.092635953275 60742.756892184414 69848.6881068911 45777.23973151775 72898.44209972 54962.8420522888 59951.395296837494 62358.31665211713 73759.77147148039 60069.918263169966 62809.02393110478 56737.39557444908 51653.869769224795 64224.5631538466 57659.71410456206 53885.60630004437 66870.9054114904
59336.703405168686 34259.976534324 44068.34239774943 54067.60438725249 51101.96106715249 47655.621580679704 37660.44714960877 54580.869304233376 51410.3239252448 41854.59232476615 52416.85097221376 61854.99703136892 53802.68255811726 49943.39922837308 60742.756892184414 43400.762675803104 45777.23973151775 43389.36818284473 53488.76254432534 59951.395296837494 26079.950644809905 65168.06668002858 27369.20018650545 42914.971586606494 53154.607725124806 45208.05502589856 64224.5631538466 57659.71410456206 53885.60630004437 43252.49944483434
51370.30752276181 34259.976534324 35882.33906422564 54067.60438725249 35068.690236618495 42806.307936922254 37660.44714960877 46071.55793446488 51410.3239252448 30228.680012166682 50275.91854849893 42518.01873894457 36631.06717810867 44418.265778927045 49054.280420571704 31711.01383372121 45777.23973151775 42901.747860801435 38431.474369415766 48122.022836907534 26079.950644809905 42852.97731022885 27369.20018650545 42914.971586606494 53154.607725124806 45208.05502589856 38244.24750044344 46756.46193593659 43979.287848201944 43212.127985805586
30561.619979451767 34259.976534324 25212.913415128005 34651.59601052437 34330.30118541572 37759.949998724594 34055.91029640015 44716.28628801955 27319.16607839839 30228.680012166682 30926.507326427418 42518.01873894457 36631.06717810867 37790.45592917877 34555.8641873342 31711.01383372121 45777.23973151775 25438.67061353685 38431.474369415766 34787.837140697644 22437.02092532926 42852.97731022885 27369.20018650545 42914.971586606494 46989.03461458255 38137.369478177316 33652.55098286621 32093.074920092928 42514.52103250111 37008.01590475469
30561.619979451767 31073.688586046963 25212.913415128005 34335.71858035486 34104.63800270311 33441.40641430237 34055.91029640015 35171.39637518591 26791.767134938367 27781.83923720418 25827.423227099625 36996.532286585025 31916.51810237715 24834.69499733388 34357.29460356623 29120.978407216913 38583.21227312327 25438.67061353685 31228.169733796083 23555.606632187955 21027.699914253524 42642.77960556267 27369.20018650545 32935.4924677708 34716.48284738623 35956.41456563917 33652.55098286621 32093.074920092928 42514.52103250111 36791.424030024085
22032.421622660884 29511.78677144808 21725.15365431115 28002.359536859753 31658.58391751203 31804.221709359248 25815.07410110666 34073.8316686843 20335.87146585973 27781.83923720418 25827.423227099625 31872.934799296356 31608.749917855454 24834.69499733388 31780.862757834613 29120.978407216913 32823.879801082025 25438.67061353685 31228.169733796083 21888.292258874637 21027.699914253524 33037.27444828846 27369.20018650545 32935.4924677708 31149.226245371716 26572.325032861805 30205.51714060976 32093.074920092928 28354.199973968356 33204.38657502592
22032.421622660884 24325.120530450866 21609.94129268536 23872.826354200843 26683.52724135549 21098.27867875972 21557.285694560363 34073.8316686843 16279.310724272651 18630.535169684583 24899.19628068927 31176.437408058067 25966.317626727025 23981.396781940344 31276.982914822245 28145.67115457042 30924.654330719837 24766.12453108355 29527.409739767554 21888.292258874637 20722.302218836132 29836.582873078565 24227.690831592194 32935.4924677708 30616.723170293346 26361.330287398647 28298.15926418024 27240.918619661716 28354.199973968356 31371.745809017735
22032.421622660884 21061.839395794967 18710.16504276228 20201.67877578784 18733.120080185934 14436.458657540807 21557.285694560363 28396.669178139513 16279.310724272651 18630.535169684583 16570.156017515932 27663.296590334627 20622.488114845244 23981.396781940344 19895.837033056305 23634.83388656195 30651.925573967448 20748.921009730915 26925.574900588574 21019.01646168526 16969.23967489122 27050.04745229541 20637.88930656527 24161.312216182454 26899.27188943918 21987.672149275597 23982.441073740294 23397.251092664505 28354.199973968356 25087.577248504425
15578.841570642431 15595.901341706147 16241.496496684573 15607.759145053247 13395.08741765902 10778.895716168447 14647.787227697205 16266.85443985062 9889.416933887522 7698.8750828210395 11792.837919852169 17217.349893413477 13603.486866042267 16510.6175250589 18640.468856855718 18210.173999009432 18533.308435930205 19632.42932367517 22866.698074560896 16769.76959175102 15039.249338108484 23306.98346158276 16213.242509760916 19911.87266449463 11770.519184615456 15539.056354602588 18412.82458148955 17486.25414075446 13653.09433333062 14463.771617190305
4723.568773498952 6756.733518676989 5495.950376275554 4820.769408145322 5179.37420297315 4742.417324526877 7198.057176944344 6537.642677053699 6290.40613757443 5813.649694078587 6326.721451248236 8279.234903955194 5655.7103892394425 6789.118724901219 6486.124698781512 6141.40706861618 6671.724631886135 7350.363826139292 6520.23665795004 7762.6621836080285 5430.909465873215 7470.32032711812 5204.203705467686 8374.387747122664 6477.875627100322 6436.315248824888 5835.244574503893 7537.877070221834 4854.779694946183 6574.693644367916
0.0008932283792546514 3.548709770484493e-05 0.0006845125449785883 0.00018721507905183898 8.396128515641976e-05 0.00020911055219130503 1.9805944589279534e-05 0.0030099700043138 4.760711300377807e-05 1.1784940909365105e-05 0.0005885207115170488 0.006801401589427769 1.8042621945824067e-05 0.00018870129974857264 0.0001252821912203217 0.00044725871021000785 4.237073500235056e-05 0.0009381197772313499 0.00012929652137927405 0.00038251821285939513 9.37331668637853e-06 0.0014548757191050754 0.0002425678551389865 9.733836128589246e-05 2.431530378999014e-05 0.00025085795249424336 8.277276521084787e-05 5.165682921415282e-05 0.000560304363943942 8.12729240351473e-07
999999.0 999999.0 999999.0 999999.0 999999.0 999999.0 999999.0 999999.0 999999.0 999999.0 999999.0 999999.0 999999.0 999999.0 999999.0 999999.0 999999.0 999999.0 999999.0 999999.0 999999.0 999999.0 999999.0 999999.0 999999.0 999999.0 999999.0 999999.0 999999.0 999999.0
