108.13845739363137 98.18877936032345 95.3971458959727 112.40763014102151 92.63905581052529 86.2036873107811 64.6138232018086 115.99898843075164 95.75341330707329 103.57856045147071 104.18176007066427 91.03827863300876 101.7065781846668 116.04277351167912 94.0052661134614 118.58554769348143 104.0172110092825 98.99363476919109 93.6765683962933 109.14675538771667 83.84521971691049 111.63934740335685 105.2795858547687 116.68123488080039 98.10277389252383 89.37387134486767 99.26579460942935 126.69948893264348 85.2705777511436 106.48154796857739
101.64499369470616 98.18877936032345 62.03231777799033 91.29125432601245 89.34094008222553 86.2036873107811 64.6138232018086 96.83993039806501 72.96308098788904 85.43854878566447 86.86462961735299 91.03827863300876 101.7065781846668 111.79725095276774 94.0052661134614 85.77971867776296 103.48919985630528 97.57774398271795 93.6765683962933 78.6051020539561 83.84521971691049 94.93424110700096 98.3758557016107 93.66972222872062 97.23286040524852 89.37387134486767 99.26579460942935 91.93166187921975 85.2705777511436 101.84995515857145
101.64499369470616 90.18511292831386 62.03231777799033 91.29125432601245 89.34094008222553 83.56075451866218 64.6138232018086 73.0860201492718 72.96308098788904 85.43854878566447 86.86462961735299 91.03827863300876 100.93058225841492 91.00233584173839 94.0052661134614 85.77971867776296 98.0943385019358 77.23277161786257 90.22965619792274 78.6051020539561 82.79087901313892 94.4588916835653 71.42932862345856 93.66972222872062 97.23286040524852 89.37387134486767 99.26579460942935 91.93166187921975 85.2705777511436 101.84995515857145
54.478854621207006 90.18511292831386 62.03231777799033 90.96982929175624 65.70430307739116 83.56075451866218 64.6138232018086 73.0860201492718 72.96308098788904 82.94945058463043 81.5069726314432 91.03827863300876 94.68765537785862 74.97160669475659 87.07546948543802 85.77971867776296 98.0943385019358 77.23277161786257 88.59075906209307 78.6051020539561 72.09511989161388 82.26955552372465 71.42932862345856 93.66972222872062 97.23286040524852 81.61834782797041 93.6311927709196 91.93166187921975 71.1109913800725 80.21763517521799
54.478854621207006 75.95207458489676 62.03231777799033 90.96982929175624 65.70430307739116 83.56075451866218 64.6138232018086 73.0860201492718 71.44751996103912 82.94945058463043 81.5069726314432 91.03827863300876 79.69126449901842 74.97160669475659 87.07546948543802 85.77971867776296 89.56317954010831 77.23277161786257 72.60798811919403 78.6051020539561 71.08483536859296 82.26955552372465 71.42932862345856 91.45585282412674 91.1003954527771 81.61834782797041 86.71897738439952 88.93520915530428 71.1109913800725 80.21763517521799
54.478854621207006 75.95207458489676 62.03231777799033 83.00643995100313 65.70430307739116 77.51821143505458 64.6138232018086 73.0860201492718 71.44751996103912 82.94945058463043 81.5069726314432 91.03827863300876 79.69126449901842 74.97160669475659 87.07546948543802 80.52185192067645 89.56317954010831 77.23277161786257 72.60798811919403 78.6051020539561 68.26975198898799 82.26955552372465 71.42932862345856 84.49153089146796 75.56737338081246 78.08387955531634 72.48689257286264 88.93520915530428 71.1109913800725 80.21763517521799
54.478854621207006 75.95207458489676 62.03231777799033 80.27582711048615 65.70430307739116 74.87485781797659 64.6138232018086 73.0860201492718 71.44751996103912 82.94945058463043 77.74021111129514 75.71223560542182 74.51506653242063 74.97160669475659 61.17803514744355 80.52185192067645 85.70871321616926 77.23277161786257 72.60798811919403 71.69301799585753 67.61444234950181 71.02687317052619 71.42932862345856 80.99384435871934 75.56737338081246 74.19531822157467 72.48689257286264 65.51644885739302 62.70809040509664 80.21763517521799
54.478854621207006 56.12708256835356 62.03231777799033 75.38105331657084 61.774136698422126 74.87485781797659 64.6138232018086 48.341189150008404 71.03679915950079 71.35744117362151 58.609195498229724 75.71223560542182 74.51506653242063 74.27117717985618 41.39171722622575 72.02715402501428 84.03072396085975 64.43617082826074 67.69162542758215 71.69301799585753 67.61444234950181 71.02687317052619 71.42932862345856 65.76154029699899 65.58950740262571 74.19531822157467 62.56810027527354 65.51644885739302 62.70809040509664 70.53558989764872
54.478854621207006 54.25183155930699 52.818328077583715 68.26140880099638 61.10301417997698 57.96616581532726 64.6138232018086 48.341189150008404 38.010727307728985 68.28908050027371 58.609195498229724 66.51471585583545 66.9412385604005 47.473129512053674 41.39171722622575 60.865647541384874 64.15394740080137 54.374522777193874 62.089288934039814 71.69301799585753 63.93018303352551 65.27811201448037 70.73215579275063 56.96803043638022 54.54757605372936 57.373345428920175 45.80043533680896 65.51644885739302 48.5481736024052 53.34495500690821
53.33207270812807 52.024152080637805 39.90382094899837 62.68281097362467 46.46957822904028 43.82613700714717 54.72429474753494 48.341189150008404 38.010727307728985 51.18875031611958 46.56185950732231 44.15935175894299 59.858222838902634 47.473129512053674 41.39171722622575 57.16260583436531 58.977640639155766 50.27671909782691 55.43638327888493 46.10382908602526 46.811910501828606 59.582886830692246 57.64068124027722 30.046920013199838 54.54757605372936 55.46239722103178 45.80043533680896 55.87914239067061 48.5481736024052 49.63375607862815
46.282000260750806 44.05259513587896 39.19614400863043 45.09146501130783 42.98337137985584 43.82613700714717 50.436083358626774 48.341189150008404 37.84322858898702 51.18875031611958 46.49690910330844 44.15935175894299 40.55613980288217 42.2467599778488 34.28535309412746 48.87819788722368 51.97448830667338 47.11293189234402 48.20623229484693 44.52000423621928 46.811910501828606 51.59131399497721 50.585390572695815 30.046920013199838 38.85549693354949 43.321644724622274 43.66259395274972 46.79137765804683 42.588789960532154 40.2883263270395
29.61929625443713 28.373485380286866 36.078709251502346 45.09146501130783 37.68332503806005 31.902187097498768 43.56311040916387 43.24261677872505 25.687987283375264 49.99913082154387 30.790749157644086 40.32149113260846 40.55613980288217 42.14918797987093 27.26209005990222 39.68242086706937 44.32965311645239 45.648822217450174 42.469389108234054 44.52000423621928 42.349881721554766 36.76332811702139 32.82722702992794 30.046920013199838 37.49152626377179 43.2507800120062 43.14499327114163 34.476388433552984 35.6141866229965 37.48771614925033
29.61929625443713 28.373485380286866 23.937013124257533 35.700212973885186 21.364811644366455 31.596161246759493 33.20491469515537 33.78337226777683 25.687987283375264 33.609027164037684 30.790749157644086 33.54015115435584 33.2942307116831 20.099834354665518 23.976584231079755 34.87006462698298 36.051486754285065 28.892471231168315 34.19362571046895 28.424351779149333 32.131585646106146 34.82683090938906 20.765828710484357 30.046920013199838 27.48092265322032 26.079823243138094 28.36749929807513 32.342455050172134 22.6763842219666 31.157392831786524
22.202547541900344 26.82043374106911 20.91149978123542 18.783928706030565 19.85104797712063 26.5287980099871 24.67617456863627 23.300327879082147 21.70328510153263 19.57725586222216 24.831743168830258 21.24910535018728 25.66138683749716 20.099834354665518 18.81917413517499 26.064113230670614 30.609560643401664 14.239784274119074 25.26622754832033 25.772476504659494 16.410762952671575 23.998217530394072 18.340542182282547 19.2374103974048 20.96311172715525 21.368223634816786 22.86572672338434 18.514982930630026 13.304499903293163 19.155782939212486
12.804235932632878 7.9668186396783085 10.734574444289137 14.254530414437227 15.663818790800292 16.00970282901858 18.19403502482328 15.747165660452197 13.87328747324716 10.028290364172221 11.484864360549182 9.506814681201718 14.872149467157556 12.993348491159395 14.315947371320703 18.31691861221418 13.658483735953155 12.758874493406893 13.291594566358413 14.310528113841428 15.01158563075171 18.012414197965086 15.601170563881396 6.877285117935912 10.721769724621709 16.378807554979403 11.173703423678262 14.136110331369423 11.742429822283498 13.05571578290619
5.151144219892785 5.0804105537851 6.2287170223618205 6.023918265473185 4.079458940144264 6.028902040769935 6.062280120160153 3.210901763401239 3.3402353282849617 5.031161529928795 6.9833364173829295 3.2794805773877442 6.144472565298997 4.998278719494124 5.079363976974491 4.015978405725377 5.333641276960407 4.01645471316499 4.09565730482575 4.078465025951573 6.024789982266839 4.1201270115292346 5.212784178652214 4.2354241843345335 3.0279451179533226 5.170655435694016 3.0095687168198992 4.045510121980556 3.04786089370657 7.024674377086399
199999.0 199999.0 199999.0 199999.0 199999.0 199999.0 199999.0 199999.0 199999.0 199999.0 199999.0 199999.0 199999.0 199999.0 199999.0 199999.0 199999.0 199999.0 199999.0 199999.0 199999.0 199999.0 199999.0 199999.0 199999.0 199999.0 199999.0 199999.0 199999.0 199999.0
