276.22849420382 315.580697900155 498.25016681475336 356.926403691592 350.52040306413255 421.377011951864 445.80770384996913 227.7475602649838 372.4072681591206 378.2590108908971 355.0899933349374 353.11093943441165 269.5619428999594 271.0206675490326 393.8137728664292 272.7819926375223 356.33604914701664 291.73453763161024 375.7248929469688 325.4352892430561 321.60753339378743 357.00222495719163 387.5489757713185 483.09255846939413 314.4288467391816 284.2614869622266 326.9200390705719 362.6872801713771 281.81326531346303 311.02281417015547
276.22849420382 315.580697900155 363.74671711153906 351.7414765968615 296.2293506390879 323.59009246450705 413.5538099458422 227.7475602649838 272.15602408868926 347.6437424302694 215.8000835758212 265.9905213478537 269.5619428999594 271.0206675490326 393.8137728664292 272.7819926375223 356.33604914701664 278.6794533714842 218.1249921495587 252.8398270353482 289.89971096589215 322.0213833100943 338.0745613206054 302.4528370107296 313.49301367961016 284.2614869622266 326.9200390705719 338.1824108950309 234.66451474507903 253.07174837099137
276.22849420382 290.614773239663 296.8503245292409 338.3473523274779 290.52719949856373 255.5316145338138 361.36467474482333 222.23995947834692 220.802946199673 298.3390075597549 209.25237603125652 265.9905213478537 268.08558708002283 271.0206675490326 324.27777046487154 272.7819926375223 327.6393285021454 278.6794533714842 218.1249921495587 248.68001432649635 289.82474663515404 322.0213833100943 338.0745613206054 279.16611502473324 307.5208988766776 284.2614869622266 289.5589544617642 248.54959564207502 223.7001924986107 253.07174837099137
267.4716472614018 256.96551271200997 271.83062072744315 219.95351350765804 221.57440627173173 237.67538935260472 275.1357945764985 222.23995947834692 220.802946199673 249.08642729394614 209.25237603125652 224.09698825281112 241.08461945844465 247.20782795967943 323.28866213036054 266.20788428982587 288.26278299276237 258.56083841478494 218.1249921495587 222.2617490126877 277.19643919929877 268.35558200756986 285.64300189258074 279.16611502473324 263.09432766511964 281.7010299363428 253.78685683763888 248.54959564207502 195.24413656696015 253.07174837099137
267.4716472614018 255.59523170543343 271.83062072744315 219.95351350765804 213.30603703150882 237.67538935260472 199.9763233208996 217.5405213910417 220.802946199673 249.08642729394614 198.35802604380024 224.09698825281112 230.58068916467982 206.4079109702343 295.28058324716267 245.87686665661658 287.9372408451568 258.56083841478494 218.1249921495587 222.2617490126877 259.830374124419 268.35558200756986 263.8583391028742 236.5275303772096 260.81481520511215 268.7924416921146 235.0531076785246 248.54959564207502 195.11950361886693 253.07174837099137
229.0818873292037 250.88284701903422 271.83062072744315 219.95351350765804 213.30603703150882 237.67538935260472 199.9763233208996 213.9525548309325 207.15439595846055 240.29600544714867 194.89411846191524 185.41418595757568 230.58068916467982 206.4079109702343 251.5299078868129 218.7875798792179 243.75223129964706 201.7642604292805 208.542147479503 181.73505187262754 259.830374124419 268.35558200756986 234.9288342542809 225.73297286935258 241.22242338246497 212.13891204692254 235.0531076785246 248.2185582673451 175.28636360172095 223.00625335200175
203.66710812084102 210.43136656445586 240.26279095789005 185.11570612904143 204.20682999009978 188.52729399808004 195.99348098585824 205.35482878299263 188.46839236369942 191.63992936061686 181.220049412741 185.41418595757568 196.33308943345037 205.63147260876576 209.00221110808616 196.49299409164632 227.94485328099563 195.0712288532559 189.74291376562223 181.73505187262754 185.3203033514519 220.97133671672555 223.07115996117182 195.89718455253478 204.11706137580813 212.13891204692254 191.80758003203255 206.15523926709193 175.21544144670906 194.23369236963208
174.69975966514903 176.77412016894232 196.84330109625353 172.36800467772355 173.90132457097798 178.46566627104767 189.7621644783094 172.21866046610194 178.64881981485405 183.4115553859492 180.07393030325238 174.62198814838166 176.31321527995988 180.75251145173615 175.60507196755088 178.3649907834356 175.75484410059198 175.16162328594328 182.446639982772 175.4817608218391 183.98399627983645 182.3276950785944 189.83110426218082 190.6874554873234 187.8204388504946 177.71440551695696 179.09504443829064 188.6108016817143 174.8129019345197 181.14957246489166
172.14857745455947 172.6398941708626 172.76778016346088 170.5542504707273 173.90132457097798 171.2701950595556 171.4310623749634 169.81773429654322 171.22400377431404 170.49425250845934 169.59674100493703 171.16411402300082 169.62122425998587 170.29716467292383 172.08746868986645 171.89305831827824 172.57595262814903 170.31580525848267 172.37728776344647 171.69289197750413 169.1111130103568 172.14028202785266 167.04686426662283 171.25969358974044 169.4743882539001 170.28725157288136 167.51923099039186 172.2633917848034 171.8411187523634 171.54282456911506
165.8850009257344 167.50746757915476 167.12491437561994 164.90852943254413 168.81242820466468 169.62636477021624 166.3213319020474 168.8207186583877 167.5497065223044 166.5884112695585 166.67818595933204 167.4756950981573 166.8444486764938 169.61506656466554 168.3556548894153 167.69010735759502 169.10649899586815 168.08484187315935 168.86263924937157 166.73244972165548 168.02057928017348 167.92751857475105 166.97787570439505 166.27355104823846 167.39368881842802 167.21673132840624 165.1649536607979 167.22139865978534 166.24997117080738 168.8520212724129
165.3153731038342 165.21267300320096 166.2260100588901 163.87401348457024 165.69501760533603 164.98958379668193 164.3410050930388 166.16459806990042 164.63608720655475 165.16111472109878 164.8782524991375 165.77835452311547 165.0224642142125 165.07287570641802 166.20193980138265 166.1919484343739 167.41658277666056 165.00831183011223 165.438863101469 165.82271059105278 164.90616094107645 166.9232138446714 165.1352875225043 166.17058387265297 165.82811218367533 166.34799885106395 162.42383330103985 166.07947994264896 164.86841857553327 165.14886172934166
163.8401122018554 163.45627308176654 164.7032287625425 161.60190856881854 163.64710392357802 163.357818788626 164.10490088089682 165.1001264741858 162.60583003066358 163.51745764968018 162.49709214596805 163.5383237262222 163.52824727596817 163.82278210070626 164.75207049308165 164.31592629815623 163.6830030282672 164.32738793909857 164.5794725656101 161.82544306925502 164.031268911368 164.14123437255603 162.08311799622516 162.69578273785737 164.41359893640265 162.14141004489693 162.22004880667646 162.4519612080203 163.22273936752254 163.2964669408043
162.00254035910802 161.71808842065093 163.2491116019737 159.59884409020742 162.27950439510914 162.88619463472514 160.11729938902317 162.0113347532524 162.37540437136204 162.06537571286162 161.62050960989745 160.75196291817701 162.48785714110136 161.10180920557923 162.1049766348956 162.2823260511841 161.28978498663537 162.1105729687397 161.89023546354247 160.02402116767462 161.61629713196453 160.80151173720878 161.5272133443459 160.2853472607576 162.43634852475543 161.73278636580244 161.72053256417803 161.0358338923802 161.90685323284833 161.83137905043804
159.87752489994227 161.4152924236505 161.32600076492508 159.12716902324019 159.7342224355225 161.4375634309299 159.7204135189554 161.46971032010015 161.43154960354468 161.4221281373375 160.67715371357917 158.92848980047847 161.43243906854377 158.99911927962057 158.8445704153428 159.7509852271346 160.39210233880067 159.68684151306115 159.85540539104704 159.11262210656514 161.4408541051671 159.6082907591499 159.41704267139085 159.43568505558642 159.79389628651734 159.5795793437951 161.46075804884094 159.72705387932865 159.42548302888054 160.35980281267348
159.42765591546276 161.40505362013346 159.3723293850735 158.66316792392854 158.6810439858782 161.40567510112533 158.7589702017067 160.81898793130813 161.40577705685473 161.40516471456658 159.58024847833713 158.66366063412715 159.05065392125425 158.7248001448811 158.67432112017423 158.81704635293727 159.35256081884336 159.4190446423836 159.38186258439373 158.70948902468672 161.40677679859255 158.7375457638259 159.34998119028796 158.6901411958802 158.8880366836902 159.3495318039918 161.40608719183274 158.74362415667292 158.70416286422733 159.3834266949939
159.36873363703808 161.4048807587492 159.28374078671231 158.6183591613676 158.61836291469626 161.4048807587492 158.6183638559155 159.36877055712694 159.09025796045535 161.4048807587492 158.62499500706235 158.618371086744 158.6209063214601 158.61835585271047 158.6183669338725 158.61837351133636 158.61835497063748 159.00050735262357 158.61836222655256 158.61835807702164 161.4048807587492 158.6184338717435 158.62746679399288 158.6183589787538 158.62595765531523 158.61891468147587 159.39342063749018 158.6184226932346 158.61837868370276 158.61837249154541
199999.0 199999.0 199999.0 199999.0 199999.0 199999.0 199999.0 199999.0 199999.0 199999.0 199999.0 199999.0 199999.0 199999.0 199999.0 199999.0 199999.0 199999.0 199999.0 199999.0 199999.0 199999.0 199999.0 199999.0 199999.0 199999.0 199999.0 199999.0 199999.0 199999.0
