533.1320122994553 560.4189077057426 571.6491299161735 687.9711501031375 528.7552224604033 412.9891483575675 518.8160756579555 474.5737595264518 538.5049619652991 472.44742870744903 476.4404576680363 415.2110455408474 622.5451052589333 555.523406304731 446.7851400512045 475.9486506111043 353.2127134572188 633.2636783293615 512.4721152819357 541.9214929754603 578.3305316949936 542.0853785056024 604.2358063398992 640.1053978010332 409.78663002382746 544.8580165814019 491.25001676531156 756.1388510039133 601.6279632673122 398.18976272772034
491.78612893957916 448.83820489255777 570.0307735732631 687.9711501031375 502.16978124821844 412.9891483575675 486.557091172132 440.5654245854889 504.3505490047078 463.89874695496974 406.1557989124062 415.2110455408474 423.3678558481856 555.523406304731 446.7851400512045 469.3245068757228 353.2127134572188 630.7357579580062 511.98917942838216 541.9214929754603 578.3305316949936 542.0853785056024 604.2358063398992 522.8245208478811 409.78663002382746 544.8580165814019 442.4221245381377 538.8611105755745 534.4712817353784 398.18976272772034
491.78612893957916 446.02481840496193 396.49763544833513 669.2330360269775 487.0844070646972 412.9891483575675 486.557091172132 440.5654245854889 491.61881546043423 459.92735837193595 406.1557989124062 415.2110455408474 423.3678558481856 510.5468987051977 446.7851400512045 469.3245068757228 353.2127134572188 620.0535410546222 511.98917942838216 511.36897110536756 398.2738996720309 491.65547041862646 499.419999969773 522.8245208478811 409.78663002382746 508.99237913344814 442.4221245381377 517.58989975242 534.4712817353784 398.18976272772034
491.78612893957916 446.02481840496193 396.49763544833513 553.89349371769 487.0844070646972 412.9891483575675 406.35298442465864 422.2821817361655 406.99542983225274 389.12248367048187 406.1557989124062 394.34987895135146 408.89456888222776 393.46468031233235 385.95369316170763 441.2656645245065 339.2672784671995 620.0535410546222 511.98917942838216 511.36897110536756 383.3882400854359 456.6048999607565 465.58684123880994 499.823804617703 409.78663002382746 452.6029323928774 367.7221669258961 517.58989975242 534.4712817353784 398.18976272772034
438.9864908902796 427.0738822308517 395.95072226175944 553.89349371769 438.58951677134655 412.9891483575675 406.35298442465864 414.3383064548743 399.28599308688536 389.12248367048187 391.24849717203824 394.34987895135146 408.89456888222776 393.46468031233235 385.95369316170763 441.2656645245065 339.2672784671995 495.08930709652486 511.98917942838216 436.3712551325161 383.3882400854359 451.7827953734768 465.58684123880994 450.8131765668968 409.78663002382746 452.6029323928774 363.8109295239824 517.58989975242 534.4712817353784 359.85985320629834
424.54521776824276 427.0738822308517 395.95072226175944 468.6319939798432 438.58951677134655 412.9891483575675 383.28144130652026 406.9032850039589 399.28599308688536 389.12248367048187 391.24849717203824 394.34987895135146 408.89456888222776 393.46468031233235 385.95369316170763 385.40726946186714 339.2672784671995 428.1753816359542 435.69126612350055 433.5303843066695 350.9845211488614 428.7174844025262 394.5987475374727 408.9575311332187 409.78663002382746 444.4308101060651 363.8109295239824 517.58989975242 501.8695848216121 359.85985320629834
399.7479019872071 416.826805716893 377.0875683256063 468.6319939798432 402.61962819017026 399.42136990427616 365.1412106118978 331.3532544832847 265.4275718257927 389.12248367048187 391.24849717203824 394.34987895135146 385.30042284990395 353.43953767711537 381.02153428048086 379.65758031631367 339.2672784671995 348.5177850784421 424.172437489603 409.61802085950285 334.88852036591516 401.28169785223736 394.5987475374727 403.541402680381 409.78663002382746 407.91071591500895 363.8109295239824 472.977635818831 421.42436286407246 359.85985320629834
338.57658184522916 367.7308184742683 354.53000157881706 417.5480833823176 390.31333916309086 353.7358349154647 311.2986513901469 267.98804537872275 265.4275718257927 362.0140834404292 360.78790319616564 298.97904014427513 325.36269296322325 346.23460762761533 368.56964678270697 346.33801219213274 289.8696499614093 335.9021390788953 361.7918289672989 384.6075735866407 311.1223388453582 374.69452554576446 341.65877301056935 389.16945477792615 402.195816377699 339.38009211345843 353.25284819230774 400.59308883240874 305.16344591558664 338.1980583235468
300.16978959676726 303.11706927080513 290.7026111963023 269.6371121790262 324.62781018248916 280.77239105941317 301.4565924411513 267.98804537872275 256.6078842138836 286.4404736094443 304.64532112952975 265.6744537309678 303.29681276429346 253.95081958618175 272.4002677614426 280.5887353238295 282.8280803112366 285.00085101453305 284.8322474627248 307.74019701706084 280.4510474665067 276.7641260511132 268.7908681883778 331.50603358117223 358.56342297717674 284.7788298210371 281.3764813210314 303.2701361301338 289.0782043519166 290.4550960184938
251.5883713840667 265.21463157821836 250.84379792992104 246.40499919021067 259.3568531470828 249.5743854959328 247.26067993269362 249.69355804703537 243.81078508890232 246.24614275373733 259.8495793378097 242.56783304555165 243.72412187588134 253.95081958618175 252.23194959403418 256.5521304889503 249.84871140483438 247.6374589100751 257.0059703107536 261.1437098503675 251.03991044248323 232.43085187680163 243.07242368191464 235.97744791960986 271.1312821461179 242.87570417331244 243.5612698769978 239.84765133058954 235.69909674895916 247.42101418294533
233.14478679757485 240.06658114625952 230.3178257480845 231.93582354230102 230.7257856668939 235.40616472218426 233.4661958905108 235.5805428927306 231.2906075571741 231.63671525772588 236.16182966538645 231.69023323367674 230.50434076270994 231.34854250520038 231.17686445107665 236.69140951881582 232.98556507823196 233.2327089633709 234.60761442819057 236.5147810729236 238.5215444307214 232.43085187680163 233.6709439184856 232.74501911752122 237.37964431348746 233.524935807367 234.2232069747579 236.42179243384862 231.8547166802391 233.23781973963878
230.052504273478 229.73308399232292 229.56910218578741 230.04551041330433 230.27307789375118 230.03870136392425 230.20448754179188 229.5270052908736 229.6260797485952 229.92278933124953 231.1268058265955 229.62504356421096 230.10874022780672 229.6759941756104 229.7293068936201 229.86433368520466 230.30951301614868 229.62624911020794 229.57983476496292 230.10006029368014 230.3336209943477 229.7652552827717 229.64287574901073 229.9711126918428 229.97105668219365 230.51539370250794 230.00191187272048 229.61144370648026 230.01135836400363 229.54318185607008
229.34530419049725 229.33128621796322 229.2929552206142 229.34274453593116 229.38236837049635 229.2977484591529 229.36125004000132 229.30106807720995 229.32230185868548 229.33456899581643 229.35250945275402 229.32107858435074 229.3153599911957 229.29878641533605 229.31138362421325 229.34252065732107 229.33790290725437 229.3121636204828 229.303718980927 229.3438853975872 229.32176759109552 229.33412653126197 229.37947424459662 229.30350926217898 229.39219707045459 229.3265006395859 229.29677159565563 229.30679460663896 229.38337198195904 229.3203804672321
229.2859923394867 229.2856188352839 229.28444511727457 229.28542720574978 229.28594224481049 229.28502331912568 229.28506561953554 229.28519469351795 229.2850227430622 229.28483563577947 229.28635936901674 229.28473355443748 229.28471491261053 229.2846649901776 229.28519254340972 229.2863673864681 229.28447651100214 229.28480654429086 229.2848002519836 229.2853920759876 229.28473631493034 229.28446734286763 229.28535018208458 229.2857773356177 229.28625616724867 229.2847173045634 229.28473272448127 229.28516317446702 229.2848491579275 229.28473572097482
229.28438270914967 229.28438270900324 229.28438270856077 229.28438270857532 229.28438270914376 229.2843827085203 229.28438270856623 229.28438270852757 229.28438270855168 229.2843827085212 229.2843827086922 229.2843827085121 229.28438270849801 229.28438270852575 229.28438270861534 229.28438270878223 229.28438270851575 229.28438270849256 229.28438270852894 229.28438270933157 229.28438270850393 229.28438270849074 229.2843827086299 229.28438270867764 229.2843827090178 229.28438270854758 229.28438270875085 229.28438270854986 229.28438270852666 229.28438270855577
229.2843827084871 229.2843827084871 229.2843827084871 229.2843827084871 229.2843827084871 229.2843827084871 229.2843827084871 229.2843827084871 229.2843827084871 229.2843827084871 229.2843827084871 229.2843827084871 229.2843827084871 229.2843827084871 229.2843827084871 229.2843827084871 229.2843827084871 229.2843827084871 229.2843827084871 229.2843827084871 229.2843827084871 229.2843827084871 229.2843827084871 229.2843827084871 229.2843827084871 229.2843827084871 229.2843827084871 229.2843827084871 229.2843827084871 229.2843827084871
199999.0 199999.0 199999.0 199999.0 199999.0 199999.0 199999.0 199999.0 199999.0 199999.0 199999.0 199999.0 199999.0 199999.0 199999.0 199999.0 199999.0 199999.0 199999.0 199999.0 199999.0 199999.0 199999.0 199999.0 199999.0 199999.0 199999.0 199999.0 199999.0 199999.0
