2348.977879222648 5138.598895829807 3012.690542959831 5548.964340171283 2465.5012870274513 5575.545019245688 5246.220070011751 1752.635513467977 3980.9428856039867 4348.074399936059 5375.547631842879 1481.8979572351486 1332.3633805583727 4222.666921475939 4951.275340857194 5611.932156395098 1009.675934833966 4239.1123110723165 728.4313074801516 5323.0458647320265 996.3671861586072 5268.512961405141 3267.0352651177836 5131.06000898783 5517.411884620229 3415.030198671626 1344.4928963734774 4617.2777479917295 4638.199591031273 1543.3971667103178
2348.977879222648 5138.598895829807 3012.690542959831 5423.738574784605 2465.5012870274513 5281.409228717514 1029.6395591013843 1752.635513467977 3440.795831881631 4348.074399936059 5339.9179311968555 605.38617448169 467.52408652737995 1429.4486017649792 3489.2359347450383 5239.606095692524 1009.675934833966 4239.1123110723165 728.4313074801516 5323.0458647320265 996.3671861586072 4939.644461802649 3267.0352651177836 4382.393767152888 4663.574967240498 2344.565514574313 1305.6203253145045 388.7505361312237 4638.199591031273 688.9528288547554
2348.977879222648 3022.800548252295 3012.690542959831 5284.016934985552 1320.6261012322861 5245.486900104886 1029.6395591013843 1573.3585396190088 3440.795831881631 3179.636890584048 4106.987471442653 605.38617448169 273.43527698807884 1101.4854855717654 2522.7018060670835 5239.606095692524 670.0901972224874 4239.1123110723165 728.4313074801516 5054.324388279788 996.3671861586072 4939.644461802649 222.59388117169965 3110.9004360835443 4663.574967240498 2344.565514574313 354.71292309709725 374.8332648224741 4638.199591031273 348.5079244067106
1937.2464666020433 1053.8380406220895 2969.4972225176098 3451.8297082952295 318.50415295754783 5081.38988032977 1029.6395591013843 437.8852620870348 3375.886937133846 1098.587650211156 3447.3739216016174 381.2571926702376 220.81347083756918 295.31270767186015 390.93618253312343 3439.0436153171213 328.7001183889329 1018.1490283788148 660.5172848969196 1309.7529556907448 996.3671861586072 4939.644461802649 222.59388117169965 3025.5344742952802 1894.680397796108 2344.565514574313 316.1645205431905 329.79968433898875 4042.2273998195406 348.5079244067106
356.90723472019454 916.1295555783263 2969.4972225176098 3440.373505629921 318.50415295754783 2725.532495711369 314.77688089398225 437.8852620870348 3375.886937133846 1098.587650211156 580.5336523199371 381.2571926702376 220.81347083756918 295.31270767186015 390.93618253312343 2792.0975468960296 320.2403961118989 1018.1490283788148 562.4223054117238 1309.7529556907448 996.3671861586072 4601.752260999517 222.59388117169965 1244.359321655179 584.5672614026171 729.9836843803369 194.10147704922974 239.3938756745656 452.8945714801421 257.09736473557496
241.92411246695792 515.4159881500464 2944.541748257976 804.2766208032644 318.50415295754783 2725.532495711369 274.17668492511984 347.43441675455597 2214.0002987978496 662.3167916834154 499.7986904506565 381.2571926702376 185.2691504580971 211.45174044043188 390.93618253312343 1551.826653168449 320.2403961118989 1018.1490283788148 540.1577190364451 1309.7529556907448 856.6672444141345 4414.766443688563 213.01177801751146 727.9552380022569 584.5672614026171 529.4394159910462 194.10147704922974 239.3938756745656 452.8945714801421 257.09736473557496
235.82736883012922 209.40996857245955 2052.8203657074637 443.72978380866107 174.45151768275764 2725.532495711369 245.08808010543362 217.78682783039721 2214.0002987978496 362.81882731858786 370.74915842115297 240.8227962127935 185.2691504580971 163.4442120063909 337.3883550285059 1551.826653168449 264.00968234249694 494.2673460336496 219.8391313107577 901.5231686279549 856.6672444141345 4414.766443688563 166.82221954847864 212.0676347035428 568.0506588019152 251.9663251362772 194.10147704922974 222.27797926975336 452.8945714801421 213.19986745107371
172.88668543240283 184.48656986977903 391.01058888886564 176.2676669757857 155.59463146158578 489.1986941765663 208.53163354390836 178.97294608071206 344.3766574682936 183.9634583844313 208.98331883548144 181.27632347294912 183.72942582953056 159.3040625581375 158.33835463204514 406.08448772898464 154.38957375321752 163.3209821096516 141.392343756856 206.40695333582107 442.01832491640835 4103.300596442839 161.61520630035648 197.3448067915292 239.42759315064768 176.6249217365853 164.53757320638033 180.9277056738738 162.9054377476964 152.92191323873476
151.96055989911065 146.7086171445667 176.61586453406426 146.4055999448069 141.4123081418311 294.66951771083905 137.69882866354328 164.69311923569285 307.0115248183647 157.03895396063854 155.5326395092061 142.35448261817874 146.71304481602147 126.35124439892843 155.8507708381344 250.8856157934947 142.1442357381984 148.59842208625787 140.38809846408412 146.01208518163503 325.74146732815734 397.5973523811499 131.85397531983062 163.65044393399785 145.0296367512783 151.40699528471896 134.6813075647883 133.40905363006823 162.9054377476964 145.67385155443935
124.45357062661878 127.09385004053092 137.81360261185273 127.35999858075775 118.98256522801375 149.7642505933677 121.83370823540054 118.64327844450418 232.77093084457556 131.843170846887 129.72302063887537 114.70722327324847 119.3320533739925 118.85708456701695 123.8507830731196 142.19568084502134 127.89403139676324 132.43461499899604 121.6825671165152 126.42808377676238 241.2320682328873 296.0749222890822 128.247865753533 130.25125779553036 128.82026284537096 122.21117697031286 116.1945820437586 123.15519842873164 126.82172043782748 125.04686036822523
102.58183825745255 104.30729430965812 118.54419789081794 108.15529169876254 102.41201153825295 120.15215342704141 108.82433314512582 106.2918575483709 140.21379680175596 107.69263863736023 107.27911688298991 101.81708168374189 105.48196634408805 103.79736453519536 104.69528272148091 130.29013763470493 104.48372332673443 105.53900995626464 104.4298007411835 107.14963798240524 223.93820150381453 224.83756721283453 103.17820935866985 108.82190825480257 111.64320985490895 107.84322045057934 107.28312955957608 107.67466238219095 113.8765434259285 102.6556710398113
100.5899947065127 100.72547371259134 101.6068950637864 100.90114046447297 100.7494637643349 101.76217816451208 100.87309033587462 100.8937051728617 112.46216864188273 100.8410491651789 100.74250920311351 100.7862764490178 100.67754811429495 100.7936892715411 100.77247203255729 105.1110714426618 100.70777872698773 100.62433486992268 100.66521936819754 100.7349310191662 207.52261721690093 143.79949845625424 100.68439569285147 100.71786086524753 100.7381283628456 100.77039087671437 100.69545370470541 100.56722403714639 100.77946606483238 100.68758288379695
100.5899947065127 100.44713372039541 100.62802515287558 100.5709770090707 100.63935655676823 100.655709910126 100.59745454364065 100.54786265954863 101.15729986977021 100.55499600595385 100.64518228908355 100.49716642494013 100.41397241091454 100.51011428312995 100.53318072569209 100.8293902764076 100.6650557900175 100.59436196455226 100.48972861708307 100.52600717542691 200.97199103778667 107.74793962305148 100.56588898993095 100.57202203290308 100.5691832864336 100.55692462511706 100.61973642454222 100.52864709560845 100.50749483055688 100.52404882796782
100.4977232785086 100.44713372039541 100.53004294852417 100.43001506648898 100.44173536334438 100.45275176556743 100.54033425936404 100.49526683574459 100.71068793357244 100.45310180344586 100.3655042788123 100.49276209235904 100.41397241091454 100.43532705043435 100.4585073903736 100.62157331924573 100.51419179927734 100.51635352328958 100.45098172978032 100.50134750075904 200.00028219411342 101.01331336962949 100.40227287030666 100.32746302772239 100.47685860277534 100.48410003076378 100.42204016506776 100.49683225770013 100.3796106993268 100.46401476169285
100.39235493198566 100.39026766963207 100.41381308324662 100.43001506648898 100.43935164333288 100.31958954603806 100.36550439526218 100.40952081979594 100.5070888109235 100.36331351049785 100.3655042788123 100.45721586386253 100.38545952828554 100.38509988747046 100.39972926571636 100.37416015483223 100.36366201466899 100.31703752298972 100.33770651869463 100.41527600641712 200.0000000000009 100.64253858630536 100.32450703355971 100.31062117184956 100.32777930117982 100.43682602718218 100.38835926920638 100.33702194269517 100.3796106993268 100.36266625109829
100.29256092689639 100.27632828982587 100.30081571117125 100.24971398370235 100.31025788956276 100.28488152402679 100.25127913111737 100.31512594763171 100.24585799051056 100.27234472102418 100.27597844633328 100.28054305022943 100.27412330213701 100.29503049187451 100.28001678141482 100.31500983546584 100.26161699191425 100.19219762503235 100.26685447518821 100.28819847314708 200.0 100.36583614558594 100.2703747608939 100.27866007387411 100.25882236055486 100.29024715215792 100.27785012668937 100.29970482315366 100.2763317600552 100.26996045320038
999999.0 999999.0 999999.0 999999.0 999999.0 999999.0 999999.0 999999.0 999999.0 999999.0 999999.0 999999.0 999999.0 999999.0 999999.0 999999.0 999999.0 999999.0 999999.0 999999.0 999999.0 999999.0 999999.0 999999.0 999999.0 999999.0 999999.0 999999.0 999999.0 999999.0
