94.98053935042526 81.5025662357856 100.59362338568303 85.7487875388623 97.64562592310199 84.90785427883816 124.54046139687648 75.11868753163105 69.07247089215775 84.56386741800111 56.69875871479064 93.35654249480388 89.5969169431088 91.46938146374669 95.19083447389562 90.86386196951162 83.72686534477543 87.97952915005305 90.41693896726508 88.7572754662142 85.893429008559 100.04435684456394 81.51778722397569 95.81668014603031 73.11685552855386 105.50027894038215 93.47236617759881 95.22032983703014 103.15531123508936 94.78204485950289
66.31870607570318 81.5025662357856 100.59362338568303 85.7487875388623 97.64562592310199 84.90785427883816 102.26717408284514 75.11868753163105 69.07247089215775 84.56386741800111 56.69875871479064 88.10617973651256 89.5969169431088 79.90357174789153 95.19083447389562 90.86386196951162 83.72686534477543 87.97952915005305 90.41693896726508 86.51674751403914 65.87257375676381 100.04435684456394 77.86820687817146 86.49031366620989 73.11685552855386 105.33493971616724 93.47236617759881 76.14223478200734 91.41508785131407 64.54787311080122
66.31870607570318 60.89131553900609 81.97645199849671 85.7487875388623 97.64562592310199 80.01511354440936 92.83727433900197 64.27548925695669 57.57352473374044 84.56386741800111 45.15532297844027 82.81240707339657 74.57870605406697 79.90357174789153 95.19083447389562 86.8396966112283 80.31470608533687 80.5744276403309 88.27885902468938 86.51674751403914 65.87257375676381 49.00904380663371 77.86820687817146 86.25490373955984 73.11685552855386 80.50426923808982 73.20658917214394 76.14223478200734 91.0645650374372 64.54787311080122
58.56954355229391 59.590907954834165 75.63968951723189 58.14162715975499 52.52319397988856 75.76306397991709 75.22508901751507 63.99970736734076 57.57352473374044 67.74313801486994 45.15532297844027 74.8303127262011 65.80681918323535 72.16229646476677 64.05151347422793 70.55363725062011 57.586170037895386 76.81275940791613 76.23413630258096 61.06843813508431 65.87257375676381 49.00904380663371 70.59078898981625 67.50683223912984 69.50528514646294 80.50426923808982 73.20658917214394 45.90906430141047 46.05905624754223 64.54787311080122
55.70884571726344 55.39298374830105 46.306557009278094 58.14162715975499 46.064279263908475 59.94257706603025 56.198169993281454 58.716781355806916 41.355669540405756 43.110739591750985 45.15532297844027 45.022927067939236 64.81317948051696 55.200017944981596 44.35244632024103 47.82598182742515 48.913391907323785 44.316666052752794 56.55509308577416 37.409378885629735 64.00336599425646 49.00904380663371 54.97171145731181 52.620403206898914 47.732041057489596 56.355393932938796 65.29778149019808 45.90906430141047 46.05905624754223 48.69864071340646
33.55227271271383 37.15447850018609 38.74237439173021 46.847986409029204 39.52982082744336 40.40784086883468 40.99379602808585 41.84727930700524 25.588362750471447 38.05497554677038 30.530040018465343 40.30031340568132 46.50940177509813 36.919999209942716 40.668529918037734 30.009266077994766 43.10590277461097 32.14481635042205 40.4024326757509 32.16368139714211 52.04781456574176 36.97589372999471 45.299922664686164 52.620403206898914 32.90457671724471 39.48306433798973 62.57545779252041 43.120803804687284 38.157886611009644 39.49708480669051
21.29527310519984 29.135071326192474 30.839601949298867 25.822137586922736 27.056439138477913 33.47794797154711 29.02956498316371 27.470009326313857 19.479128581588043 18.53811037229059 30.528395257138868 26.592100268053287 33.616902228887966 25.45733769392109 33.7715569346866 30.009266077994766 30.66204200177515 31.533041270245576 22.683953824242053 25.68079906829621 28.14736908587622 25.119669525335553 26.84778748219128 35.804490779010166 24.317832128042937 27.970978157006584 38.043621549824024 31.947610144060604 24.18619565368499 30.13593551166059
14.938376078057445 18.463895712665476 17.137296393477527 15.706791729481324 18.31964724954696 18.388267760790086 20.817181871811044 15.026874701728843 19.479128581588043 13.272952536195817 21.9176730330164 13.743228056931002 15.012613707198398 9.636952955225752 11.04237590250284 16.56566519406954 15.146923274145479 18.196907492510036 15.300931137158614 17.832285554955206 21.93753421162728 15.950497987128188 12.618598986013694 21.294139064415162 12.273779647687661 17.08936608885176 18.628949929691203 14.306695659371826 18.066434654303407 17.07845125165477
6.563227337197645 9.4032489477961 6.537985510198382 7.305483061418045 7.313230251653749 11.35848085260966 10.832405485526237 4.084161840215074 6.820230153023658 5.536885429062295 8.560591243712793 8.692929844988953 7.840582063694683 6.968349312385612 6.292030335042909 6.666842148037631 6.7891676726529795 7.88724222436565 9.572266584218255 6.466129626187126 8.623722790194165 5.674426360802045 6.826966004245492 10.192624424359792 6.144550523105295 7.27801104071591 6.240403611507645 8.95281344472096 9.278307071167887 5.47020480641163
1.6862235076854404 2.1899386770577394 1.9286356599757255 2.3556054256728203 1.26384410489311 2.5752864104463242 2.8798671616790443 1.7996508979481405 1.7340252952246828 1.6570473625589557 1.726994345960179 1.2368525001695616 1.9297412400284202 1.5156754071208525 1.9178192828148894 1.7667194403376243 2.206162584507865 1.914962312685816 2.484062629322125 2.7858750160791033 2.274786866642444 0.8212553544586854 1.297202119370354 2.3570057648335023 1.9931127419475843 1.9339332816822434 2.0519595148721237 3.0607245841727035 2.152966206554197 1.3145506023530515
0.18592506086292815 0.4373630113956324 0.3337536944503654 0.36646189385874095 0.2533627240227361 0.35669667319677956 0.571067982150339 0.27484042548405796 0.27248543854125273 0.23522895321536907 0.17812578042241967 0.2811364172912363 0.38319707064067643 0.35426440981234464 0.22429257428598248 0.21906251665564014 0.3439813646602943 0.4132923232260737 0.33067358502853494 0.3000982835000059 0.250745997612853 0.13156776808466475 0.10141685853011495 0.2733284112836145 0.2437534685185483 0.32438686661714655 0.3518458646693716 0.4198362971357028 0.3535246368667231 0.21031761075175837
0.013766339866833732 0.025028719562101287 0.021451551651807677 0.025860853167841924 0.012654939765525341 0.009749643437430677 0.031010865812845623 0.008865140865054855 0.011698985537464068 0.007955371348202789 0.008176179868314648 0.01955636969034913 0.020983433704714116 0.014849912334511828 0.008441939858130354 0.012823944132151155 0.01162837378308268 0.025676884271774725 0.01175598987902049 0.008716629219634342 0.006855860585574192 0.009510322714163522 0.01057856169813931 0.012847920045942374 0.012421321032093147 0.009412848644956284 0.01555951355248908 0.029446272390714512 0.01630049564357705 0.008500756494072448
6.983206912991591e-05 0.00029347950101055176 0.00020383273363222543 0.0001839791716520267 7.887650417615077e-05 5.4063909260548826e-05 0.00021811021292705846 8.798463261427969e-05 8.63499528804823e-05 0.0001395060614868271 0.0001202585715418536 0.00019351312448634417 0.00026164140740547737 9.881013795620675e-05 6.28763827990042e-05 0.00016175792677586287 4.939098243994522e-05 0.00017362916582897014 0.000111250572786048 0.00012504409335178934 5.6577198051854793e-05 4.677672006891953e-05 5.7474348864161584e-05 9.641455881137517e-05 0.00011127383675102465 7.53792958221311e-05 0.0001478381718698074 0.0005886644091788185 0.00010917574650193274 8.619731909220718e-05
1.4211764209903777e-08 1.0147675766347675e-07 1.535238425276475e-07 8.961535513662966e-08 1e-08 1.0319240573153365e-08 6.691641374345636e-08 1.212049483001465e-08 2.3869802134868223e-08 1.197633991978364e-08 1.8074047147820238e-08 5.1572214943007566e-08 6.576453870366095e-08 1.3635030882142019e-08 1e-08 3.245293100917479e-08 1e-08 6.733569080097368e-08 1.7999468582274858e-08 1.2730765774904285e-08 1e-08 1e-08 1e-08 1.0689859664125834e-08 4.886180704488652e-08 1.3078533811494708e-08 3.398110948182875e-08 1.0096243840962416e-07 9.279028745368123e-08 2.3995312403712887e-08
1e-08 1e-08 1e-08 1e-08 1e-08 1e-08 1e-08 1e-08 1e-08 1e-08 1e-08 1e-08 1e-08 1e-08 1e-08 1e-08 1e-08 1e-08 1e-08 1e-08 1e-08 1e-08 1e-08 1e-08 1e-08 1e-08 1e-08 1e-08 1e-08 1e-08
1e-08 1e-08 1e-08 1e-08 1e-08 1e-08 1e-08 1e-08 1e-08 1e-08 1e-08 1e-08 1e-08 1e-08 1e-08 1e-08 1e-08 1e-08 1e-08 1e-08 1e-08 1e-08 1e-08 1e-08 1e-08 1e-08 1e-08 1e-08 1e-08 1e-08
80850.0 85500.0 86700.0 85600.0 78000.0 79800.0 83900.0 79700.0 81900.0 80150.0 80850.0 82850.0 83350.0 80600.0 77200.0 81800.0 79350.0 84000.0 80300.0 80650.0 78400.0 77450.0 78900.0 79650.0 83100.0 79900.0 81500.0 84750.0 84500.0 81300.0
