19425.97475246681 64578.722662093176 28871.885766850057 51334.86194355115 10914.582829344414 57832.80633883052 65666.5704117501 71526.66402127265 54917.9563918304 72946.77783685469 76064.31289859269 53250.30549021488 50340.720952359356 64166.75535367713 61259.590904662844 24377.23815592059 59494.15214846659 48986.676799443936 76120.35019640358 35486.25213224266 395108.93694023136 44911.43741465178 34092.96194615729 35250.59742463535 255118.86010491778 30902.65018401006 87474.15216662409 37650.55655347737 52889.8493316902 39869.84382484682
19425.97475246681 64578.722662093176 28871.885766850057 34338.78706215528 10914.582829344414 55404.05735150134 65666.5704117501 71526.66402127265 43729.46888342993 72946.77783685469 66587.58379722477 53250.30549021488 27400.892430257954 64166.75535367713 61259.590904662844 24377.23815592059 58807.21439049446 48986.676799443936 43993.098046206935 35486.25213224266 395108.93694023136 44911.43741465178 34092.96194615729 35250.59742463535 39863.02828830898 30902.65018401006 87474.15216662409 37650.55655347737 52889.8493316902 39869.84382484682
19425.97475246681 64578.722662093176 28871.885766850057 34338.78706215528 10914.582829344414 55404.05735150134 59133.62314216733 45624.81399908166 43729.46888342993 63963.09676363227 26619.992603730396 51176.708049489214 27400.892430257954 64166.75535367713 29771.94034898966 24377.23815592059 38744.79941151521 45518.6020016623 43993.098046206935 35486.25213224266 54296.31138124786 44911.43741465178 34092.96194615729 35250.59742463535 39863.02828830898 30902.65018401006 51627.44544062329 37650.55655347737 45519.24419180045 39869.84382484682
19425.97475246681 43750.374098623935 27831.622413899342 33964.09871764552 10914.582829344414 46256.991494498085 59133.62314216733 45624.81399908166 41598.43961165556 45655.8975576172 26619.992603730396 38507.83426358969 27400.892430257954 49989.204400026945 29771.94034898966 24377.23815592059 38744.79941151521 45518.6020016623 30029.413021549477 35486.25213224266 54296.31138124786 40521.95132589193 34092.96194615729 35250.59742463535 39863.02828830898 30902.65018401006 39295.8551687832 37650.55655347737 45519.24419180045 32020.179289311996
19425.97475246681 43750.374098623935 27831.622413899342 33964.09871764552 10914.582829344414 46256.991494498085 40036.902152120885 45624.81399908166 22198.06503149871 37074.19406688642 26619.992603730396 29626.23519486288 27400.892430257954 49989.204400026945 29771.94034898966 24377.23815592059 38744.79941151521 39493.14031668984 30029.413021549477 30652.621907379278 40205.33038324523 39240.298720952174 30672.05168062703 28211.841107284523 39863.02828830898 30902.65018401006 39295.8551687832 30223.539535693697 36589.74846019293 31606.568046274693
17410.326775796715 43750.374098623935 23709.123849480664 33964.09871764552 10914.582829344414 33835.87363046598 40036.902152120885 21143.47738634724 22198.06503149871 37074.19406688642 19568.570132052813 29626.23519486288 27400.892430257954 39474.65879951058 23739.588302164146 17906.67213642116 27421.645131482925 32100.976645586372 21451.970487427483 30652.621907379278 30904.797203450682 39240.298720952174 20419.60217424277 28211.841107284523 39863.02828830898 30902.65018401006 35868.98716382508 30223.539535693697 32795.03310655191 27949.225603138482
17410.326775796715 24640.94180264334 23709.123849480664 28771.282958812364 10914.582829344414 33835.87363046598 32613.45378468679 21143.47738634724 22198.06503149871 28031.331559682458 19568.570132052813 21373.43616375515 24522.9178410345 33328.60293202735 22609.352373229787 17906.67213642116 21928.754094872154 32100.976645586372 21451.970487427483 30652.621907379278 30904.797203450682 38797.640419919946 20419.60217424277 21543.512432691707 22957.99624578688 30902.65018401006 35868.98716382508 16769.429846156367 32795.03310655191 27949.225603138482
17208.015625526805 24640.94180264334 19525.529922316317 17729.75351105253 10914.582829344414 33835.87363046598 23873.323460164764 21143.47738634724 8268.034978381504 28031.331559682458 19568.570132052813 21373.43616375515 24522.9178410345 21557.348110397128 22609.352373229787 17906.67213642116 21928.754094872154 32100.976645586372 21451.970487427483 30652.621907379278 25229.801308360955 38797.640419919946 20419.60217424277 21543.512432691707 22957.99624578688 30902.65018401006 35868.98716382508 16769.429846156367 20923.759660416512 27949.225603138482
11977.568555145474 24640.94180264334 18266.688334193565 17729.75351105253 10914.582829344414 17442.91549224047 23873.323460164764 16042.641921703682 3127.2367515493243 12524.122954519285 19568.570132052813 8330.085097096337 20684.573925446537 21557.348110397128 22609.352373229787 17906.67213642116 21844.83215183411 31557.095905291815 17499.232575350285 23161.49691623022 16744.811170680816 20567.540880924516 18880.63832694968 21543.512432691707 13160.834040928645 15377.066827665476 4630.017812015735 16769.429846156367 20923.759660416512 24018.799880951192
11977.568555145474 24640.94180264334 11592.8898522408 17154.27806664122 10914.582829344414 15516.517516095097 18245.079594028073 16042.641921703682 3127.2367515493243 12524.122954519285 15286.832453380948 8330.085097096337 16093.434617747542 21557.348110397128 14673.048478847879 12440.322533822698 10454.872903971513 15311.366437184386 15938.412781368792 16329.770346597405 8719.349611744185 20567.540880924516 15843.109609617255 13940.58606141343 13160.834040928645 15377.066827665476 4630.017812015735 11592.453237274747 19504.986827626642 18920.310176175586
8886.762027064797 18154.657725573972 10107.48640443886 11983.402887003454 10914.582829344414 11248.025051264493 18245.079594028073 8974.343985058113 3032.1731585116295 5906.450567696234 9105.68743071867 6619.0653588218 8615.714267849291 14413.279997416388 6962.728259578856 12440.322533822698 8454.761722671967 9707.21934426674 9445.07432145525 8881.06277488411 8719.349611744185 15503.39215611879 5426.120329838858 12187.430267431722 11474.960728029553 6965.466325414317 4630.017812015735 9665.677640379483 6077.812455708978 9032.492061344856
2527.4918492246775 7017.722746450094 4469.532603944943 6211.969581002334 3806.6081603999774 5233.942860801374 9631.684743413665 2485.344118534435 2996.1980522046115 5906.450567696234 6331.493791698376 3017.121051465886 3299.812357655108 5570.734374454752 3074.043225912372 3063.5369658649756 3150.2826737193072 6823.826575040692 4795.555299201637 3383.8294334830216 4094.082539499159 6380.6229333744195 5426.120329838858 5624.5410340289345 4615.4238141964925 5638.813082518166 2332.457142635639 5026.551556048473 5855.453062238333 5697.766420633086
337.09497920247304 3979.7822032505846 1699.5917638599828 1911.2174383980364 1193.4754502578614 1444.64869063687 2467.369362579 2485.344118534435 1113.2526404012024 1331.3352312556358 1494.0810143262206 991.8258031567805 874.1140328930824 3065.6790857989745 1686.6173548457764 1194.182651062023 1075.1954192017786 1275.1595621491922 1927.7415412998184 811.7384107959792 811.7032385451689 1655.3938825674968 1127.0060706301242 2619.9107520412635 2097.2824290314798 1896.6323883283667 2332.457142635639 1030.1802225612673 4856.900795734446 2104.7849736944204
24.321740485371492 408.43049748298154 393.52579410318367 93.39020181797906 127.9343181815592 83.76960428396626 652.903153376475 93.39247978664338 122.54994807422486 275.44217894093936 83.19267825037798 117.12829085262149 30.502618243380027 203.84433213374808 166.65940406996054 59.793803371962554 141.49444022500228 178.04804019082462 246.15196761077527 28.91338391991144 205.4982173901227 205.77747433316955 93.01899861114595 271.3824262169709 121.89459283706492 352.1607642544917 110.00737147771224 195.80786487751232 1222.4459851605698 317.91850029842317
2.4206042382957094e-05 1.3952747996900143 0.16302051181929755 0.0057350825647404235 0.003902942294701006 0.00035861530921010853 0.33557433796147507 0.0023873961812341804 0.0018414241661730557 0.006260478080037046 0.0016487775999394216 0.0002525374527522217 0.0004340887056741849 0.092962799885413 0.0023905447999368334 0.0001250595581154812 0.0004215027469172128 0.03376471556367733 0.049598010939121195 0.0018821713939018991 0.0022175491928919655 0.005540863456189982 0.0002683360987703054 0.008308561769354128 0.008199534019240673 0.02086735794557626 0.007660694284027159 0.00402423980972344 0.35629765799785673 0.03185942371641204
1e-08 1e-08 1e-08 1e-08 1e-08 1e-08 1e-08 1e-08 1e-08 1e-08 1e-08 1e-08 1e-08 1e-08 1e-08 1e-08 1e-08 1e-08 1e-08 1e-08 1e-08 1e-08 1e-08 1e-08 1e-08 1e-08 1e-08 1e-08 1e-08 1e-08
149100.0 183950.0 177000.0 167900.0 166650.0 157750.0 180000.0 161900.0 166150.0 171150.0 166200.0 154700.0 159150.0 176700.0 165500.0 156600.0 156450.0 171900.0 174300.0 165350.0 164250.0 166850.0 156750.0 165950.0 167550.0 171300.0 171800.0 165650.0 174750.0 170850.0
