6182.50286812278 5939.362235743829 6196.081198785032 4896.422624914965 5668.9567506834555 5586.278441162682 5399.444603849176 5345.847543156011 5169.645236283054 5344.06788951383 6404.913371907845 5848.481615387873 5382.23222883475 4222.666921475939 5469.027523836812 5907.402785473068 5894.264666278483 3073.415312357244 728.4313074801516 5519.728544315314 6080.533184281285 5788.076608205177 5660.531158548875 5695.091882162333 6181.893851002658 5734.065361632007 5275.278517335887 5975.528179512283 5741.350619889136 5139.529301653475
5013.757286736977 5336.319670863689 6196.081198785032 4896.422624914965 5668.9567506834555 5586.278441162682 5399.444603849176 5345.847543156011 5169.645236283054 5344.06788951383 5707.205414359881 4825.135933477335 5382.23222883475 4222.666921475939 5469.027523836812 5848.112757011888 5894.264666278483 3073.415312357244 280.6002488496638 5493.804979241675 2035.1809413368355 5692.263033799274 5660.531158548875 4368.419886993753 5504.897965686697 5734.065361632007 5275.278517335887 5835.530478433833 5535.919267206607 5139.529301653475
5013.757286736977 5336.319670863689 5249.855244638162 4896.422624914965 5086.563627581607 5042.220195626647 5271.94445713059 4946.206635250574 5163.755671015906 4834.985585351584 1747.3039647362684 4825.135933477335 5293.031753416886 4222.666921475939 5469.027523836812 4960.447029950595 5297.212064107299 3073.415312357244 280.6002488496638 5001.450812040806 2035.1809413368355 5510.309466611542 5265.508521537187 4368.419886993753 5498.636487152623 5734.065361632007 5275.278517335887 4794.193546986182 5174.186016888485 5139.529301653475
4944.2932061482215 5206.4610101117705 4509.589839697867 4680.107131007679 5086.563627581607 4994.053264217726 4946.303391416197 4946.206635250574 4919.667855098869 4811.226077253647 1161.3156500930327 813.3009189138083 4848.445839413579 4222.666921475939 4839.282304786474 4706.532546212817 4903.898859001721 3073.415312357244 280.6002488496638 3463.7944872488706 2035.1809413368355 5004.6254126548265 5054.627031263013 4368.419886993753 5240.179990981518 4660.062964024433 4464.460613802975 4584.594467358581 4767.572833433583 4915.270037062832
1988.005936956838 4336.399476973382 4494.867226301977 4007.8661806617256 4867.147600794491 1342.6111418751707 4702.176858027562 3008.889066306295 4571.552395109518 4257.3841005122395 1161.3156500930327 813.3009189138083 4569.6106887661235 4222.666921475939 4832.760441499005 4425.519028893482 4519.948812290014 2968.003526616476 280.6002488496638 592.9568435194496 2035.1809413368355 4290.248449459309 4737.190235634026 4368.419886993753 4893.317153878378 3947.3071838732503 4464.460613802975 4504.2405633185335 4541.961747188918 4506.13189612793
797.1459062913409 4064.8557185691952 4187.806678077049 619.3418069751974 4357.4976942851845 1342.6111418751707 4055.249623342055 331.1524991571355 4106.750643246184 482.9185873524284 498.8281368917392 488.04307421728754 3506.6613008120567 4222.666921475939 4164.350725778849 3771.0033358666515 3020.4930127406224 2968.003526616476 206.76802346841214 240.31305761142448 266.0693005385856 3752.8229681406838 3592.225231997214 3920.315756374848 4392.141149847308 3947.3071838732503 4068.3262797491698 326.59585994974896 305.6432694492855 3857.5000376016815
237.8510467626361 3918.178972539542 1363.5734208749368 619.3418069751974 810.8252972011142 255.58773557523136 3496.1631740091816 162.1757059461188 3581.6332105594975 482.0459042089651 181.3761604885758 169.04757546982 3103.9481989985543 2944.2337179267324 673.4453257894152 2618.997200861084 2828.1334676258457 1018.67407464905 130.94456666212545 158.69091239401678 151.25888092747482 3238.8947446662196 3194.5990886708487 1276.0677806885951 3730.7389819443297 2929.1235191478027 2162.072155211463 202.6510058193321 249.75597050021133 3164.594414898599
121.29106767236999 2868.1379339088708 171.0195722148128 145.18217291952442 422.9414409490887 128.131024682124 2865.343704404111 119.34802347478035 2683.860598959205 220.68704410171222 124.10128772910457 117.81726351489806 2773.0920428789505 2488.98621019241 220.0146192347156 2435.2087557514405 169.4170774159702 139.79938812883665 108.97100203832588 111.42147543999636 114.45519378014387 2622.260690278068 218.02128858595051 1048.9523992186541 3290.3214201859973 1150.109400412357 2162.072155211463 127.72366237402139 119.80172400601805 2717.0407295431814
101.61151278124589 1901.2556453421203 101.21233173151404 101.71429485750832 113.37413224039847 101.31153838489763 2359.8941006840105 101.57787666667264 128.57739439792203 107.46466960487578 101.38884503066765 101.49554991634295 1810.0354850869062 1696.4515990899745 110.87419365803635 116.49992931177349 111.4078746110622 101.80184220494175 101.00506700144888 101.57907002064485 101.2402069817681 1788.6268575281301 102.21984018629428 269.7748939087478 2473.053694897034 115.53945180428354 578.9193648151704 101.7575791578729 100.93636822029885 186.82014320860253
101.14095767108029 1004.9364960451276 100.88304855919478 101.0565472495241 100.93246040584836 100.91676378120928 1404.2294530456838 101.13697482586485 101.12206666513111 100.73311661802018 100.86229194200178 100.93501886402282 995.5052577909164 864.2075660193141 100.9874576687962 101.17761240476648 109.42014232711745 101.17975001940431 100.63817659530514 101.09342082872172 101.0052552874904 855.0069485887511 100.98362949047805 205.09636191802883 1449.5868203856962 100.94811317853373 208.36506053581388 100.79395531185992 100.93636822029885 101.2057645896889
100.73788093695521 235.1729747776767 100.72762956092356 100.75691022527235 100.8606374185083 100.7450057303613 367.2751123519256 100.86924703922614 100.69397947197285 100.73311661802018 100.68332849124045 100.65709056773676 314.60079464454066 264.0452872421474 100.88196427643607 100.93612718771828 109.40065398055276 101.10218577505839 100.63817659530514 100.87574471620701 100.76341272995114 253.43995814089476 100.94552253366282 200.13801147641743 358.71920205230026 100.82741709812171 200.34989558349343 100.79395531185992 100.89003365922235 100.89448267096986
100.69362776101207 149.0150716414919 100.59510415940667 100.65213424232843 100.58746391204613 100.53904096475708 212.91048164466838 100.7644608092146 100.63698950542084 100.61965091462253 100.5187717508743 100.65709056773676 231.3080139916915 188.52787955959866 100.62864094668839 100.65097727262764 109.40065152923307 100.68569247547339 100.63817659530514 100.70107306662294 100.64261800208897 59.230263550367 100.34074110191204 200.00002832070504 218.02893489460348 100.53980776333037 200.00020932694406 100.71421324209814 100.47494024380921 100.56268082442239
100.48043859783184 137.2706304927715 100.51085038821202 100.6436565912386 100.383610957369 100.50678994891223 172.91728976414743 100.66241464867471 100.60751603810695 100.52790081510784 100.49130539136968 100.54554520583179 207.4541402273253 188.49052294550984 100.53156257672617 100.49012791877021 109.40065152923307 100.51813584261254 100.44684159599092 100.50770518598665 100.5607760804528 44.93121579135641 100.34074110191204 200.0000000000059 217.12380766870683 100.53980776333037 200.00000000008322 100.6130629538693 100.46430547240197 100.54447031808468
100.48043859783184 137.27063049274238 100.33292218685256 100.4122080306538 100.35440715053073 100.41466907108043 172.91719683694828 100.61105862162322 100.47199443260115 100.32027181670082 100.3706459903583 100.38418831945182 207.45414022731802 188.49052294550802 100.48143690927054 100.49012791877021 109.40065152923307 100.3501127213276 100.44684159599092 100.49852692593731 100.50658656080213 43.89865851049808 100.34074110191204 200.00000000000045 217.12380766870592 100.43597260936212 200.00000000000045 100.50154056364545 100.28322616913374 100.31954261345982
100.33300399538575 137.27063049274238 100.2751224042745 100.26173572820244 100.3544066313516 100.3440804988968 172.91719683694828 100.47019685450232 100.38190805692693 100.29013505262992 100.32568598965281 100.28595318262342 207.45414022731802 188.4905229455071 100.33878128194692 100.29874009014702 109.40065152923307 100.33301131445978 100.38812739744526 100.35432145207096 100.33601367659912 43.89865851049808 100.26033026599816 200.0 217.12380766870592 100.37234547562593 200.00000000000045 100.38566703670176 100.25929674758663 100.29529614503599
100.33300276791351 137.27063049274238 100.21227358300484 100.26173572820244 100.35440557877018 100.3440804988968 172.91719683694828 100.28459990627971 100.38190782621905 100.29013467816594 100.28941795735363 100.24997830532584 207.45414022731802 188.4905229455071 100.33544896815465 100.21475923765365 109.40065152923307 100.2811479216889 100.33539668182948 100.34143615230278 100.31292979541149 43.89865851049626 100.26032055752376 200.0 217.12380766870592 100.34066689271276 200.0 100.35747732523805 100.20775867335487 100.29529611485941
1000000.0 1000000.0 1000000.0 1000000.0 1000000.0 1000000.0 1000000.0 1000000.0 1000000.0 1000000.0 1000000.0 1000000.0 1000000.0 1000000.0 1000000.0 1000000.0 1000000.0 1000000.0 1000000.0 1000000.0 1000000.0 1000000.0 1000000.0 1000000.0 1000000.0 1000000.0 1000000.0 1000000.0 1000000.0 1000000.0
