454.4392207028618 243.61246533418944 397.3388805059258 319.63932195043117 300.829349781985 321.37892092389666 345.6014123624873 253.90107583228064 323.3083938942723 301.08293230591516 260.53187186312834 207.897543352271 269.5619428999594 293.4502600744863 557.9994793830979 379.3150669565389 322.06965700749197 440.845547698862 451.43565935590595 375.1684834510329 437.298026764483 345.0640792718991 286.21316966071436 282.00769138503074 366.06412779771654 254.1243765557897 415.04388820083386 536.6844718279908 244.18009645201437 339.073743084582
341.93987429025174 176.07933531776462 300.41287672079534 264.8147576508718 221.0086729072591 289.1914338279994 345.6014123624873 253.90107583228064 295.3013218767019 301.08293230591516 244.37524142369466 207.897543352271 269.5619428999594 252.2289929061053 209.34703157395052 373.3143285647684 282.13969212135316 262.1126902722053 259.9852070172942 211.1979146737085 294.6874268610254 345.0640792718991 231.33092432770536 282.00769138503074 250.28895754564383 254.1243765557897 398.0732360722309 407.12170481593466 244.18009645201437 339.073743084582
297.65380309525517 176.07933531776462 232.4438400793215 214.0413971740477 221.0086729072591 214.5328565835316 326.4059106853374 253.6914285302537 257.7087212024917 237.64332418714457 200.91675896238166 207.897543352271 260.03452920663403 208.1178914188613 179.54946302196186 237.05034928138002 237.27703412215715 214.51880578055489 244.68179359882333 170.22729020747192 240.19874491119754 222.5645654619766 231.33092432770536 239.8668776707923 191.46724179996954 243.00020701534822 245.18921026109 212.46001232772187 244.18009645201437 262.69606394063067
233.21787014433676 176.07933531776462 232.4438400793215 202.30288122407546 210.76790850132602 193.43132181335295 213.89787499188242 251.2421070966284 191.623203295836 212.20700154278984 193.22625651264252 189.21943724825815 206.97395632444614 188.48379559338355 179.54946302196186 183.6500415477658 185.44085749177202 176.22535805334383 179.81317594654 170.22729020747192 240.19874491119754 185.85439638527123 188.38269776258858 239.8668776707923 176.43126503180656 231.80925188201445 205.7454950689953 212.46001232772187 209.56354628566078 200.37979551296212
184.82358257717988 174.628263093256 207.51607218003028 189.59015638741175 177.9163832833001 186.49023328165003 172.14719857002683 199.6243577133123 186.235204657738 189.94548174188822 176.01613061741546 172.15894077097073 194.93944411488928 181.7759113568677 174.78916877018992 183.6500415477658 173.93692489620162 172.15235212068728 179.06565420396782 170.22729020747192 190.58686632870513 180.4587888501892 175.27415807804846 180.48409403092728 175.3281413362074 200.18585372434836 181.49333002531148 181.64480805006133 192.82553935646638 191.84930771501195
174.77815720056788 169.2179056216287 176.86862089345232 176.67293267674359 171.64984656202705 169.66345205617836 172.14719857002683 172.09307839431813 170.60243127944432 172.96958725610057 170.63631773667203 171.40354216707692 172.99279381855467 181.35849288572217 171.78151188922493 176.45990906163024 168.48208880812354 169.3163528931409 172.03343220509123 170.22729020747192 172.90531265044865 173.55471595320887 171.02338189696047 178.53560415056654 173.8247682095216 176.05588516083208 173.9982667120894 173.8839525590265 174.32716434306667 175.90043918904757
168.66570668007807 166.99632683155505 169.97792437448334 168.65281351948215 168.51452472674418 167.10257603837908 168.8540332352468 169.77720676077115 166.40952457715912 170.17468309968308 168.61822577230078 167.25146301559062 167.09303965720937 168.888947426306 167.35932007168503 168.5655740317029 166.522241769851 166.52032954861397 168.28207772393444 168.21115748836155 168.96906758308978 169.05540188282248 167.68860967706678 169.78722475421955 165.9737630619038 168.60039595377066 167.58142216386204 169.784085876659 167.86745880009903 169.53384696239755
165.02407098467802 165.1879907634675 166.04022071687723 167.7117824961574 166.5158018309421 164.04777742516399 167.13913474601304 166.12578605720364 164.4530005249312 166.3578496202249 165.96428386828893 163.99562020131407 164.537702027867 165.483181564618 165.40550801945756 165.69392874005644 164.06006903852267 164.81961299271234 165.09674021547926 165.78426099006492 165.7032710832941 165.07061534572676 164.1408445679017 164.83459752050476 165.4192820302119 165.0877964262072 164.85102317731707 164.98973307180586 164.85239381657084 165.90537889131065
163.99668725291576 164.291243914211 164.77844861662606 165.27738074162698 164.05827681062465 163.81554934691212 164.12022312768477 163.91212314491077 163.12901593085826 164.79813288065952 162.41395086335297 163.99562020131407 163.0676610587043 162.91354614987495 163.6794167098069 164.93981649096258 163.96609704069806 162.80626350127204 164.1191511196971 164.2935598361887 163.72035101773736 164.0155315818438 163.74341745056654 163.55730172347467 161.93903432266188 164.48578636140155 163.7786025765149 163.9342857073957 163.68017855618746 164.782055729866
161.73142571219705 162.18310313331904 163.96825528002046 163.72497337270624 161.81876946788498 161.79123179143244 160.6897699476135 163.06078387752086 161.59757376221205 164.03016449872302 161.67980230854755 162.3466894274834 161.61021079356442 162.2348612550436 161.73696425789285 163.8020211959306 162.15771198378752 161.56950647141866 163.49916019292004 162.33614940989992 161.19444817515478 162.62026070011098 161.99944860935102 161.98269889183075 160.12609493051195 161.96360741862327 161.8604244248645 162.38352784132667 162.85467541210346 162.78862440779812
161.40503206689664 161.40746530565366 160.57482544519098 162.568424329364 161.4053757396655 161.40567337206676 160.59308823566107 161.41959580419189 161.53050889084398 163.61313947246526 161.40490324645907 161.42335206856524 161.40496699455616 161.4057929771684 161.40494421877293 162.02351506104287 161.53061222496854 161.40490674800685 163.49483561865554 161.44318801315967 159.00101131348765 161.40876507474104 161.40531762746377 161.4055091279938 159.40423482776987 159.85913947108338 161.4050514279029 160.40916795679505 162.5682890785465 161.4143883641609
161.40488075961593 161.40488076172596 159.54537571232595 162.56737635891568 161.4048807646186 161.40488076058818 158.62320571444752 161.40488081393323 161.5305057296291 163.4948352178003 161.40488075875282 161.40488098080777 161.40488075882877 161.4048807594354 161.40488075891835 159.37196735192038 161.5305057296291 161.4048807587642 163.49483520288004 161.43527899897617 158.61981385905028 161.4048807598283 161.40488075882558 161.40488076859128 159.36873682135683 158.62212345060152 161.40488076166457 159.36958334935343 162.56737635810578 159.4117333872996
161.4048807587492 161.4048807587492 159.54377635339733 162.56737635795616 161.4048807587492 161.4048807587492 158.61835895794957 161.4048807587492 161.5305057296291 163.49483520287959 161.4048807587492 161.4048807587492 161.4048807587492 161.4048807587492 161.4048807587492 159.3687336726066 161.5305057296291 161.4048807587492 163.49483520287959 161.43526771389315 158.6183773116818 161.4048807587492 161.4048807587492 161.4048807587492 159.36873363704126 158.6183969738754 161.4048807587492 159.36873364189296 162.56737635795616 159.36873382823887
161.4048807587492 161.4048807587492 159.54377628679686 162.56737635795616 161.4048807587492 161.4048807587492 158.6183545576905 161.4048807587492 161.5305057296291 163.49483520287959 161.4048807587492 161.4048807587492 161.4048807587492 161.4048807587492 161.4048807587492 159.36873363703762 161.5305057296291 161.4048807587492 163.49483520287959 161.43526767741696 158.61835464672458 161.4048807587492 161.4048807587492 161.4048807587492 159.36873363703762 158.61835458903533 161.4048807587492 159.36873363703762 162.56737635795616 159.36873363703762
161.4048807587492 161.4048807587492 159.54377628679686 162.56737635795616 161.4048807587492 161.4048807587492 158.61835455766823 161.4048807587492 161.5305057296291 163.49483520287959 161.4048807587492 161.4048807587492 161.4048807587492 161.4048807587492 161.4048807587492 159.36873363703762 161.5305057296291 161.4048807587492 163.49483520287959 161.4352676774106 158.6183545576705 161.4048807587492 161.4048807587492 161.4048807587492 159.36873363703762 158.6183545576696 161.4048807587492 159.36873363703762 162.56737635795616 159.36873363703762
161.4048807587492 161.4048807587492 159.54377628679686 162.56737635795616 161.4048807587492 161.4048807587492 158.61835455766823 161.4048807587492 161.5305057296291 163.49483520287959 161.4048807587492 161.4048807587492 161.4048807587492 161.4048807587492 161.4048807587492 159.36873363703762 161.5305057296291 161.4048807587492 163.49483520287959 161.4352676774106 158.61835455766823 161.4048807587492 161.4048807587492 161.4048807587492 159.36873363703762 158.61835455766823 161.4048807587492 159.36873363703762 162.56737635795616 159.36873363703762
200000.0 200000.0 200000.0 200000.0 200000.0 200000.0 200000.0 200000.0 200000.0 200000.0 200000.0 200000.0 200000.0 200000.0 200000.0 200000.0 200000.0 200000.0 200000.0 200000.0 200000.0 200000.0 200000.0 200000.0 200000.0 200000.0 200000.0 200000.0 200000.0 200000.0
