2474.2132480057007 1199.172524825225 1637.187984531687 1763.914703104137 1205.1602935092815 1737.3790279803015 1888.6956662380599 2640.8128437419336 1197.1533203464987 2600.091197871082 2669.5883513629988 1392.3788553955983 1764.0965809098898 2332.604925021892 2677.863638307458 951.1259445008004 1640.153586077704 1688.742621961061 1258.8655909720892 2058.882862972978 1281.693735240845 1478.3100761384444 1887.5470745382363 1666.4311645347912 1706.5623902514226 2271.563148306267 1552.8974794016794 1410.8847975645817 1449.5652670717009 1557.089433724458
1655.5329708386344 820.3116141199234 1637.187984531687 1703.6086538120894 1205.1602935092815 1674.4353629902707 1189.053116158198 997.4587909457796 1197.1533203464987 923.3601430658837 1016.7499438683371 1392.3788553955983 1764.0965809098898 2332.604925021892 2415.1910037163098 923.0248115894892 1260.8423790738098 1182.4741221308395 1258.8655909720892 1562.1024077410775 1281.693735240845 1478.3100761384444 1887.5470745382363 1387.6431485578987 1706.5623902514226 1088.0429825432807 1552.8974794016794 1107.8016415752472 1449.5652670717009 1557.089433724458
1106.0954639479414 820.3116141199234 1637.187984531687 1672.6833537655511 1205.1602935092815 1461.7429013192932 1189.053116158198 997.4587909457796 1118.17269925243 923.3601430658837 1016.7499438683371 1065.574887998583 1320.93083319904 1128.4685321498682 2076.1081076630035 681.8405242312692 1260.8423790738098 952.4444546570198 1130.6921561420495 924.6150380622057 1138.977797550086 1323.2562352254345 1887.5470745382363 1387.6431485578987 1562.2600385356059 1088.0429825432807 1552.8974794016794 1107.8016415752472 1449.5652670717009 1557.089433724458
1106.0954639479414 679.0281083294058 1273.8431564032871 1180.4762485330402 962.5935809986013 957.0679276854476 890.308630379619 997.4587909457796 624.5251890340369 923.3601430658837 871.309590467416 870.3212137950673 945.3212613682381 1095.1729625858452 1031.5611519902068 681.8405242312692 709.7040865383374 829.3578955026551 886.3764089511706 622.8719647816388 1008.570834750858 967.4998681569878 948.8846383566529 1125.4036972640815 496.18428110756577 769.3660153010414 987.4760463871253 915.255492492428 849.8963828164933 715.0629231338776
705.2891083843328 556.341389577412 610.4654128588518 778.7735045034665 606.9404720816146 696.9046716358412 604.6663578298949 764.7526726978795 518.5129306786689 318.5696468157066 496.73944907108125 573.643694364584 681.6139499383398 660.7939012478942 511.06802703423 402.722878379951 648.6884302776248 582.835332153621 559.0907611728617 505.11477880133 574.3182063497525 529.0371041746075 604.9319054558505 631.2894733735948 429.8225051214026 524.9092955067053 800.364865468372 802.1800737349981 656.4380147266279 480.09047092919764
457.529509781687 338.24879619067406 407.2683601539784 385.5270138941037 369.90458094286396 430.5355723251605 380.74466309675836 392.4471528299091 355.20753732376807 318.5696468157066 372.7030055418277 361.6757151773386 483.8582857530064 450.3321017002527 287.28310510172014 269.8828285234649 356.01964014455734 382.474312738992 333.4747074169827 342.21719263365867 367.44290096132545 429.1220619284254 436.64955171199745 410.5804966254659 406.8315663058079 391.83435847988585 366.9264859842647 470.65033423216664 530.7759799062951 363.2315186667429
283.8971110811676 248.51305568804628 254.4759495485423 316.6829334506001 235.6800792894037 261.14160141935827 252.81765413137282 237.12897813132213 235.62306210338147 218.47928852220093 265.54234180129424 260.35252052813667 271.90631635735053 240.38415562384125 256.8343813548868 232.7390819594293 293.0758063554167 237.49814816757862 268.51454609528446 238.77941517141107 263.4506286731885 235.67552593290702 259.9696348657217 253.83445535825012 293.93987362997495 261.45658946397634 270.0365516460679 245.09360176853215 274.8582319434772 235.14632500875086
206.7554666623887 198.95901274312746 210.495816100733 205.86632085931342 201.1316475541944 201.15499534678383 201.42605509804798 199.71165423273396 192.5655101058419 192.48177062650666 200.6697232105853 202.52819712556084 209.76792713161922 198.0191482379323 193.53390091129177 199.7753043965331 203.16719948872333 192.51667321813238 199.2648971485628 200.01958039031797 211.3583553047015 198.83666240207913 201.611923272264 206.0568752324284 216.92968392006833 204.093467103095 204.6331166960499 213.37126820819594 199.8558418436951 202.94039497850144
184.10719347478016 186.65204117343137 183.98811300411262 184.41334505028271 183.7562475097584 184.02347136199478 185.32887362810834 184.3060603485128 182.61103298352236 183.21470866893742 184.96993098218718 183.02490017447735 185.88790260246924 183.40126716075247 184.41108738086814 184.60204060820342 185.2094031745446 183.30864778566865 184.58908487382269 183.9020684347861 186.3460485337514 185.56220897370122 183.9737652264862 183.9279486776195 185.70810557558707 182.6595869128505 183.01072345178954 184.12376969650632 183.86364864738061 184.38759120595296
180.92210765983418 180.97146164381593 180.9337464015639 181.08682834539604 180.9187084650339 180.9126190831421 180.8927432942878 180.90835609633177 180.84693785950185 180.91163553072602 180.90963517536875 180.85731962787077 180.97971393694615 180.88801017853393 180.97867774281985 181.01267124087371 181.0041757588183 180.8532350317132 180.96352621173673 180.9348546507431 181.01150975296605 181.0103631977886 180.92461373969763 181.06338501239907 180.99336758339996 180.83683374945213 180.95170383001505 180.94420717314324 180.91477640038056 181.04139474574913
180.78175582161566 180.7815949298856 180.78229695366872 180.78212529015764 180.78165128488035 180.78153486755582 180.78147910022835 180.78151895060182 180.781718191844 180.7816198227638 180.78174503959644 180.7813857836286 180.78196896761574 180.7815631741605 180.78163005402394 180.78163133995395 180.78174747167532 180.78152880932385 180.7820909392458 180.78187248341465 180.78247199068892 180.78192487649858 180.78151689975175 180.78185343606492 180.78172247910834 180.7814178257363 180.78166284027384 180.78157584103974 180.78189917282543 180.78220084200166
180.78127168459923 180.7812716831827 180.78127171816277 180.781271702509 180.7812716870576 180.78127168462606 180.78127168559013 180.78127168558103 180.78127169451636 180.78127168103993 180.78127168782203 180.7812716818662 180.78127171725828 180.78127168254332 180.7812716932499 180.78127168379297 180.78127169768368 180.78127168561014 180.78127169282652 180.78127168766014 180.781271761663 180.7812716835856 180.7812716816784 180.78127168625815 180.78127168992796 180.78127168030232 180.78127169536765 180.78127168212814 180.78127169541358 180.78127172286986
180.78127167774664 180.78127167774664 180.78127167774664 180.78127167774664 180.78127167774664 180.78127167774664 180.78127167774664 180.78127167774664 180.78127167774664 180.78127167774664 180.78127167774664 180.78127167774664 180.78127167774664 180.78127167774664 180.78127167774664 180.78127167774664 180.78127167774664 180.78127167774664 180.78127167774664 180.78127167774664 180.78127167774664 180.78127167774664 180.78127167774664 180.78127167774664 180.78127167774664 180.78127167774664 180.78127167774664 180.78127167774664 180.78127167774664 180.78127167774664
180.78127167774664 180.78127167774664 180.78127167774664 180.78127167774664 180.78127167774664 180.78127167774664 180.78127167774664 180.78127167774664 180.78127167774664 180.78127167774664 180.78127167774664 180.78127167774664 180.78127167774664 180.78127167774664 180.78127167774664 180.78127167774664 180.78127167774664 180.78127167774664 180.78127167774664 180.78127167774664 180.78127167774664 180.78127167774664 180.78127167774664 180.78127167774664 180.78127167774664 180.78127167774664 180.78127167774664 180.78127167774664 180.78127167774664 180.78127167774664
180.78127167774664 180.78127167774664 180.78127167774664 180.78127167774664 180.78127167774664 180.78127167774664 180.78127167774664 180.78127167774664 180.78127167774664 180.78127167774664 180.78127167774664 180.78127167774664 180.78127167774664 180.78127167774664 180.78127167774664 180.78127167774664 180.78127167774664 180.78127167774664 180.78127167774664 180.78127167774664 180.78127167774664 180.78127167774664 180.78127167774664 180.78127167774664 180.78127167774664 180.78127167774664 180.78127167774664 180.78127167774664 180.78127167774664 180.78127167774664
180.78127167774664 180.78127167774664 180.78127167774664 180.78127167774664 180.78127167774664 180.78127167774664 180.78127167774664 180.78127167774664 180.78127167774664 180.78127167774664 180.78127167774664 180.78127167774664 180.78127167774664 180.78127167774664 180.78127167774664 180.78127167774664 180.78127167774664 180.78127167774664 180.78127167774664 180.78127167774664 180.78127167774664 180.78127167774664 180.78127167774664 180.78127167774664 180.78127167774664 180.78127167774664 180.78127167774664 180.78127167774664 180.78127167774664 180.78127167774664
1000000.0 1000000.0 1000000.0 1000000.0 1000000.0 1000000.0 1000000.0 1000000.0 1000000.0 1000000.0 1000000.0 1000000.0 1000000.0 1000000.0 1000000.0 1000000.0 1000000.0 1000000.0 1000000.0 1000000.0 1000000.0 1000000.0 1000000.0 1000000.0 1000000.0 1000000.0 1000000.0 1000000.0 1000000.0 1000000.0
