556201814.0384403 2150985588.847445 311073966.8045301 581893378.0378721 416328844.01615936 153651966.75298762 502458769.18122715 993778529.1570638 535044572.0215291 615639917.9531744 967429719.9269161 311846398.5473706 861113139.2385553 111820163.25368662 497669679.1438956 141776932.63155043 1300984245.9870274 801304514.9760765 253645929.3519863 531480260.0046079 176901234.55814087 505701925.98433083 202906020.38651237 153008814.54102778 324643374.14565426 521765406.85452646 182604094.98900715 541279246.5960692 479319530.6148344 245032266.4045115
104496863.89244948 817458884.3626215 12236725.348667018 575440510.9093491 416328844.01615936 153651966.75298762 502458769.18122715 20218468.662244305 358694371.2070965 615639917.9531744 56014571.33682832 311846398.5473706 861113139.2385553 111820163.25368662 497669679.1438956 111677403.04321739 412113654.17896044 170886148.49694356 253645929.3519863 531480260.0046079 176901234.55814087 505701925.98433083 202906020.38651237 153008814.54102778 324643374.14565426 521765406.85452646 182604094.98900715 541279246.5960692 479319530.6148344 245032266.4045115
55212226.23064723 145597895.5156875 12236725.348667018 575440510.9093491 275418679.4647042 153651966.75298762 75217391.51841807 20218463.159266524 358694371.2070965 136172249.1768398 56014571.33682832 311846398.5473706 215232574.87181568 111820163.25368662 205665147.2133765 111677403.04321739 412113654.17896044 122407431.62777421 253645929.3519863 438406795.9505648 176901234.55814087 505701925.98433083 202906020.38651237 153008814.54102778 323511471.7769587 49133652.95424934 182604094.98900715 188203808.68350953 435443048.6693747 245032266.4045115
55212226.23064723 145597895.5156875 12236725.348667018 220862704.94592088 52218288.43927715 153651966.75298762 75217391.51841807 16724016.50744319 95147443.21903688 136172249.1768398 56014571.33682832 124398150.91329986 70423716.64186695 61186573.150842324 205665147.2133765 111677403.04321739 11383780.328973474 122407431.62777421 140619110.76575825 372223088.7559519 31633905.987372927 505701925.98433083 143128936.40683156 107128728.93388256 30562006.53694273 49133652.95424934 182604094.98900715 176215243.0677146 185601319.15360618 87884242.30148655
29434683.312904116 14555735.21418182 12236725.348667018 123866844.54520753 37860005.217710815 43541565.45933421 29217121.748185016 16724016.50744319 15484692.522489863 50562146.78750748 56014571.33682832 59459478.763201825 25755232.059567384 15400493.494260652 54723306.45970896 23509150.27351131 11383780.328973474 23881492.74596494 37370733.15860935 14815986.05643224 31633905.987372927 32726385.786727842 69961931.95309374 105951567.73928542 18903699.321404044 49133652.95424934 76698683.46506248 102625797.19571672 44850333.85098237 17662731.495679766
19059740.827711936 14555735.21418182 12236725.348667018 22049371.247401252 2258687.1676545925 6778405.7703313045 9914465.950333554 603232.0067909451 15484692.522489863 22875485.985224035 9712062.43815849 29029819.854684647 19686653.059757296 11918554.854273701 3501721.523750926 21054199.38628433 9544626.987302275 3717868.661816749 14609752.92879816 14815814.519903079 17570380.30480105 7530659.460444587 4533787.154534848 21715278.954938322 14723086.97030715 2576305.027963553 16782537.568911552 48270556.25249813 9397860.547721764 6175582.950564792
252171.29867401635 4953847.273836367 2500693.852451933 2608324.82866158 2258605.3262357144 3625036.552638286 4598792.869521897 603199.4401412399 2663385.351831446 2207858.6769462083 5697058.729268139 7468322.4329930935 7968456.457092415 3532945.133344577 3501721.523750926 564095.4994821649 2698696.311047246 3717868.661816749 1580636.4040830838 1870462.1035720943 4215513.307695976 7171748.899252393 4533787.154534848 7627780.793647879 4342713.679641036 2576305.027963553 5871532.871054866 1941196.0378452074 814896.6354697681 2872538.4267828283
252171.29867401635 1068696.3117413367 1650878.9109003455 765062.8042674308 237550.00048665455 1183025.2745152912 439699.75634920946 117047.34412188841 1044715.0174596206 1259890.0738039562 312777.799552611 813950.5063414768 224582.55769422528 233895.8918947003 1237057.6128698918 564095.4994821649 1024200.6531823033 57540.905970639724 922003.1482361509 820910.1989858219 128380.86306625248 1005916.9476876063 999096.4646100892 1214984.805841792 836328.0685449318 564340.1320663478 278549.8608587586 719891.16786207 771633.9638769886 24021.21570996206
142221.20855852767 143861.50064937616 128085.91753657626 101138.84754491845 21958.130958571564 30668.499281897493 50674.445431100175 58462.440771942056 163038.85015678487 14289.837694634263 14689.884468006512 50466.94303629508 18817.885617262862 11230.804094149182 23832.65297219653 162876.33325013597 9770.530671507648 57540.905970639724 47458.68087584192 36762.059951433344 55464.561138667144 72685.3435233277 44043.84855865693 102999.26073037132 186175.56730292627 24548.039342423792 46920.3858061501 187099.0529332819 97630.59117990462 24021.21570996206
2949.4509577346444 38417.300702469234 6514.877544934792 3484.2743154411764 10280.915532335319 4292.331088073244 2798.660141231394 2527.0262841337926 3384.672397648067 7154.160412400928 5733.401716972171 2208.904331016667 5165.143915032892 2710.6492343741465 16044.325784201883 15593.142475005076 5308.140239434957 1927.1001749171573 3148.299975234637 4393.893578275173 3094.1476054495415 5251.316847986133 4097.337311901978 24683.738244208194 2180.304098274089 6308.86663729946 9579.650811040241 7928.072177583053 8286.81848199218 1520.202274846858
378.8807670229562 503.63473678766013 701.3135510129955 152.12935029185996 408.58288966829696 262.2472698991237 349.0994704879531 169.20989213811345 405.7129107062501 216.59008468599313 435.25285220223714 297.4737557476137 245.92177236703583 355.52932405864976 799.7109155626213 525.3140384773042 340.58913226858704 191.48037308066796 739.7261696688906 746.5906395009351 717.4622481077877 179.06727947916988 467.63069173242684 127.66287184337602 305.9573921308024 418.4498955866097 1640.2874750867632 366.6021755917577 605.2490256689175 374.6515721243404
27.890622396741946 41.19283406271143 62.71533129850627 26.54450435318813 44.061846342175386 30.420604618378775 75.51256705121205 43.429049812232506 68.19829245135838 19.87481825769305 30.7023584936519 52.40470127278786 35.306967257491124 27.27798337561626 37.905320972512754 39.61498023429408 35.20916249355196 45.15152109712858 49.916428190239685 18.362304574038944 64.09673576782711 36.55635174585677 41.106021077817104 46.70190621034931 30.300596928753748 36.91536923623039 87.82555853824852 33.580597522444805 63.49000020477615 33.20717176882681
6.085510100156171 9.357845725683092 7.503117373501027 5.812110614205494 8.669905708042052 4.7839108718776515 9.539948688588765 6.464396439743496 2.8554584014830198 6.923514402155433 7.03957999268323 7.146716075376617 6.791264134082212 5.0718516626800465 7.217445745352734 10.318374042194364 3.5365100425126457 8.880250258963542 9.653309889390584 6.301968974302554 18.539773620825827 4.465657121569166 7.738972562145136 5.303975924857241 5.3090883671015945 3.7945494459095244 10.323833612011413 8.177673430489676 8.48146564058311 8.993923854712875
2.7262759525035563 3.3832772563575872 2.844805720446402 4.65855777390243 4.369148891840496 2.9781684015897554 3.043327101681598 3.3245767938074096 2.0499304225270407 3.72197479068177 2.2531252436372142 3.169970601180239 3.518566410147514 3.42065379229507 4.238820213100098 2.3469147209798393 3.5365100425126457 4.19692136877984 4.11832140235083 1.035571093136923 2.6351186384044922 2.323256009441593 3.0658539965916134 2.7647421412500535 3.9489842424491144 2.805632792331153 4.465194974680799 2.710697346181405 3.456746633034527 2.535947384602423
1.6345866616647982 2.5140199881227545 2.226021265115378 2.4650620088038977 1.6520693802599453 2.207785096701855 1.578489354031717 1.0660733137065108 0.8671799984952031 1.6829680840810397 1.6381143704747956 1.052421507029294 1.2880125413289534 1.167408688002979 1.988537762615124 1.44210146681894 1.668741879854906 2.4409028323120765 1.9826396102548642 1.035571093136923 1.4193930143485431 0.9433598446717042 1.1176978112089273 1.1189412985579565 0.9450191094254023 1.1288981510413123 2.1316594356551377 1.5082034616452802 2.379763718525737 2.1224529651030934
0.6870529681773405 1.1177688294624204 0.6276837565246751 0.8113195091702892 0.6502659425202637 0.8697284951665551 0.3516829597965625 0.5080284094715353 0.6025369575843342 0.8187394246110671 0.6041261927625783 0.5676413641663203 0.5994167444753202 0.5587428353453561 1.013508600451587 0.5752239310806999 0.5980966637364418 1.334895158053314 0.7992026605063529 0.48784538557379165 0.6558798487496915 0.5485529608022262 0.7186113514521821 0.5310071349854297 0.5530942650423185 0.4657989891481975 0.6247493877624493 0.5941097909508244 0.8374893508023433 0.6202999179990911
200000.0 200000.0 200000.0 200000.0 200000.0 200000.0 200000.0 200000.0 200000.0 200000.0 200000.0 200000.0 200000.0 200000.0 200000.0 200000.0 200000.0 200000.0 200000.0 200000.0 200000.0 200000.0 200000.0 200000.0 200000.0 200000.0 200000.0 200000.0 200000.0 200000.0
