230.51464581382515 236.81974028272452 101.132832322794 125.99179321441125 236.36806113578223 87.7697495514567 165.57097765913932 172.9385382828582 154.4089201492784 164.1339474045012 166.22465427043744 198.70925785664895 150.5900522686061 217.71320256842046 282.95432849037206 306.3769704160295 236.70265837217949 237.67175024226162 170.5490327837665 162.13069279685442 241.39938763971622 202.5634549595111 246.30574915710667 222.14175766354856 211.2108242236427 198.95357612488897 284.1903776462591 232.66379254453204 226.31716769019022 158.11419983440737
195.36945789064112 220.41243214496308 101.132832322794 125.99179321441125 236.36806113578223 87.7697495514567 165.57097765913932 172.9385382828582 154.4089201492784 164.1339474045012 166.22465427043744 198.70925785664895 150.5900522686061 217.71320256842046 235.34456105937397 306.3769704160295 236.70265837217949 199.0002706345149 170.5490327837665 162.13069279685442 241.39938763971622 168.17134930310976 212.5336216122446 208.9537118495664 211.2108242236427 198.95357612488897 170.12195520239857 232.66379254453204 218.10827285398 158.11419983440737
195.36945789064112 167.75671252081156 101.132832322794 125.99179321441125 218.85741335531793 87.7697495514567 165.57097765913932 135.01385595344527 154.4089201492784 164.1339474045012 126.4683876789968 198.70925785664895 107.60612891204619 180.806097408783 225.84996611104907 156.44842864914017 203.79114067070896 199.0002706345149 170.5490327837665 155.88213242232632 168.68268288448417 168.17134930310976 195.1719570746277 142.84416065582536 163.4536971157463 161.1707439382899 151.77561996245277 232.66379254453204 218.10827285398 158.11419983440737
150.81971532508078 167.75671252081156 101.132832322794 92.71871766630238 218.85741335531793 87.7697495514567 130.14514132608974 129.22992843995098 139.81520839512905 164.1339474045012 96.13051595546312 166.2797321215271 82.83755260344333 180.806097408783 117.95264587737893 99.93150019452241 188.23329106427218 166.72852042838213 170.5490327837665 146.09763949147964 136.36662798727775 166.3788296171101 97.93028033289374 142.84416065582536 163.4536971157463 126.79637409405586 151.77561996245277 143.49709433297858 125.65241314259129 93.18273016914918
96.74221734183357 139.38845979741563 63.79765522116304 88.68618843150125 194.41278557906344 87.7697495514567 130.14514132608974 129.22992843995098 139.81520839512905 151.04504503808585 96.13051595546312 80.38134197271575 82.83755260344333 104.90864347460638 111.6511142619247 99.93150019452241 117.50987822831166 125.84697976628559 89.56025996203789 142.05589364414527 136.36662798727775 158.30528814160016 97.93028033289374 131.78848783177182 56.76756888975842 110.73628738974367 144.08930773613474 115.20674163876174 116.89362700039055 93.18273016914918
81.24385886622622 126.29794468973114 55.84344895788763 85.45085109250385 106.85526189050643 87.7697495514567 81.67689504939926 85.03386864941467 94.66509764803504 86.05472118554007 89.33267174528783 76.63646622191573 71.71621044295443 84.47028962490049 85.98265202386528 99.93150019452241 114.6447276613635 93.81990040203073 81.16087540724038 76.57124384818917 119.36659084389657 131.61695086000418 88.95876380184609 90.00864837778272 56.76756888975842 94.96343484640101 98.78454530591989 96.16683926151654 116.89362700039055 77.49394048156046
66.45771953939266 83.42989230955709 51.7278861348168 55.11335272974884 90.89368780836912 69.81432681164688 57.35249298318922 74.22958916149491 80.37117122046402 68.44128653268808 70.98905074688764 64.25059889308068 66.73290306777335 59.8703843115436 75.82959498600621 61.251058298954376 78.22403345582961 68.92569510908652 61.769305873299345 63.02454628131272 97.17101245250751 85.92878821842851 71.74639441286945 64.783142207526 56.76756888975842 76.80556162411858 59.8696258803634 63.88821206363764 77.05796603415502 42.60948329348457
39.54897314335403 56.343489446671356 51.40358381044507 45.889356550172806 59.67561562579385 49.66243245828355 42.021431568388834 68.67762287178311 57.9134854831791 55.24693683547957 41.53303772431673 57.22569587542421 41.911848459022394 39.877082699528046 51.49841938635109 40.28774487227247 43.484691177483 57.43377200140367 46.82068672553601 50.611494084856076 56.971358292974855 49.09623157025635 47.41193948108571 54.64280618468183 47.80290553095142 49.94551363646542 37.148381825457136 39.56936191184309 44.17809015949456 39.283236293937534
34.01593460192771 35.6994758823289 36.38285192345916 35.9812029482589 43.26552794209351 42.734747268990986 30.231247075733336 33.42027553847947 43.22125423698185 34.76181850805369 30.0727877765446 27.777816499206665 34.087439285606706 36.95855122337025 33.0661098537405 31.5333075506735 39.53555701953269 41.08746353886477 33.26697305341281 32.94539063852585 25.081557609840957 38.83576331918425 29.22299444559144 30.89717431210397 33.51615730119511 30.34100914342889 35.38635412842973 34.95512975917495 37.63998451056955 36.53151802985235
25.933811740311057 29.639621534578055 31.950906137250286 29.265785111179866 27.500293000680813 33.699496705504544 26.14312459214989 28.847066165821616 27.845438792184495 25.653408210902853 21.891359247651053 27.777816499206665 26.291859525039854 27.046900629477477 27.828060879309078 28.639497762485917 25.803031664285072 29.575137466464867 27.094638441740244 30.071072124434068 25.081557609840957 28.763792989722333 27.037311629050464 28.625098191930874 27.778050845985717 25.258493617262275 24.521718829049405 27.771682398840085 29.861538328852248 27.51448347998212
22.37685462450304 23.04606756568751 23.844373676144187 23.139738995987955 23.918100227188233 24.00066661144274 24.43974480920633 23.942580970921426 23.59822869163304 23.649579540831837 21.5296237624475 15.265918295990332 23.14625564112157 21.705413110870495 23.048601844848008 18.178838919452573 22.92395732455725 23.758022784842524 23.953305415761406 24.22348371176713 23.6419654124702 23.997003342645257 22.419486809014188 22.067449117192155 21.9135364405995 21.551428534861316 23.565960929505536 6.820929246070591 23.68446181772083 24.504242650777996
13.463786254455044 20.371416317067997 21.35098117282837 20.69095833723395 20.785451547706543 14.043984316235537 10.219975996446465 11.771643582656225 20.708032110082286 20.86674211823788 19.566228273910156 3.8101205041871253 8.831910593768043 20.20329285202797 8.820582790825483 10.877264989422201 11.401166622737264 20.90334392298587 21.068272681429562 12.718736303585729 19.214873185732813 21.73334307504797 13.716494838985 8.657402517499122 5.751797957841518 20.23367983995354 20.646573651866674 5.769983490472441 20.29732179437383 20.950275224312463
0.304064114668563 20.064017987778243 21.00812452695891 20.124229140539455 20.591758822756674 2.096772361899866 0.9351289364772128 0.5252719310369685 20.048553655519754 20.044506153835528 18.721881979824502 0.6373967944402921 1.1184760663468296 20.199479535529917 0.34146363664876844 0.46069555091366965 0.23769473753986858 20.13208824264234 20.66446002268367 1.0735335976005445 1.6167408017845446 2.2810652177347492 1.4573638399372157 0.5178892830845143 0.3361043346585575 20.0373701967103 20.053917073034654 0.222181237823861 20.04294109547368 1.7727306179585867
0.0037692270268507855 20.00357057848123 20.99733248462053 20.11249754148207 20.586678240721085 0.025062287542596096 0.627049919764886 0.003928563574390864 20.000128380841716 19.995107348806414 18.7153330710928 0.5828091720566135 0.9960708666358187 20.199479534829834 0.003333839359356716 0.002966824077475394 0.0011889198208336893 20.00893233774741 20.625673329268693 0.003741849694733901 0.012451387962073568 0.01372108694704366 1.001442789890234 0.0035931301306391106 0.006201275643434201 20.002619086219966 20.001695616904044 0.0020347241545550787 20.041526241888505 0.012584028107312406
7.297623369595385e-06 0.0036820252757934213 20.99732088109795 20.112436587635102 20.586650523983963 4.0946714079836966e-05 0.6241050191142676 4.031117896374781e-06 20.00007280874297 19.99368792816722 18.715333069946382 0.5826966524905401 0.9949615077657654 20.199479534829834 6.185975053085713e-06 4.345186653154087e-06 2.9383688797679497e-06 20.000082951054537 20.625542049666592 8.392453537453548e-06 1.6908444649743615e-05 1.7597702935745474e-05 0.9949642581968874 6.186399787111441e-06 9.631801049181377e-06 20.00000765902041 19.595901291357222 3.6238379834685475e-06 20.04152624167159 1.3037045619057608e-05
1e-08 1.0803137229231652e-07 20.997320880663892 20.112436585798832 20.586650523979642 1e-08 0.6240993205465202 1e-08 20.00007280874297 19.99368788108177 18.715333069946382 0.5826966519784946 0.9949590570993223 20.199479534829834 1e-08 1e-08 1e-08 0.0004410791325426544 20.625542041550716 1e-08 1e-08 1e-08 0.9949590571195586 1e-08 1e-08 0.005111532798082408 1e-08 1e-08 20.04152624167159 1e-08
172700.0 200000.0 200000.0 200000.0 200000.0 184500.0 200000.0 169700.0 200000.0 200000.0 200000.0 200000.0 200000.0 200000.0 171650.0 164250.0 169700.0 200000.0 200000.0 168750.0 183850.0 180050.0 200000.0 168250.0 166950.0 200000.0 180100.0 165950.0 200000.0 174500.0
