896854915.19933 29778644.205866188 1022184.8207708349 1627709.6602940985 33692703.42334244 13143298188.174877 353126.3975642825 48669398.37145319 1304768.369471751 359883185.9713583 69220.86617861161 168943676.9030781 2338976.0938455407 127474010.6241671 2719418.0190560836 109935729.10640861 84230407.30339465 188929.7060382694 29925142.887801353 251669.52872379095 154032.02943604733 1900296110.8428292 359629414.0455889 59774654.48591055 94281.02950880973 145145.0608169671 2304550.8616291448 9297265.704410193 449896.73395476 170684.20911488222
90615.04285666341 29778644.205866188 1022184.8207708349 406487.023908043 90152.7797245635 111838.18558693344 353126.3975642825 4388654.829753582 94650.4677985206 359883185.9713583 69220.86617861161 28215356.865422536 133796.16597187895 56296501.54346011 932118.7290970125 704360.9618919945 2892994.428539436 188929.7060382694 29925142.887801353 110263.78728961993 154032.02943604733 62511.151945603524 10773159.793618714 59774654.48591055 94281.02950880973 145145.0608169671 2304550.8616291448 9297265.704410193 449896.73395476 170684.20911488222
90615.04285666341 123375.80696481501 151411.65763837832 406487.023908043 90152.7797245635 111838.18558693344 116156.47931900831 4388654.829753582 94650.4677985206 119147.22400801718 69220.86617861161 255114.05849095367 133796.16597187895 181827.6250238273 126720.46035998053 704360.9618919945 247029.3939158951 188929.7060382694 157122.72135701604 72359.04636472894 154032.02943604733 62511.151945603524 5406436.570769963 132500.66996506276 94281.02950880973 118456.92292123225 114952.37630436239 115654.79412761952 187574.3030478333 99735.80122502986
90615.04285666341 123375.80696481501 151411.65763837832 95014.49644855934 90152.7797245635 111838.18558693344 116156.47931900831 88587.07356524537 91762.95991691177 80332.36549359192 69220.86617861161 134800.19149167914 127590.83636833768 174919.48028499013 91688.37862536684 101794.44182844316 102875.4756350037 151087.03464813743 98834.86356292081 72359.04636472894 111555.45917349868 62511.151945603524 117189.66154563503 132500.66996506276 66026.95927866925 118456.92292123225 114952.37630436239 115654.79412761952 117046.52836012049 99735.80122502986
90615.04285666341 123375.80696481501 68737.44730083145 95014.49644855934 90152.7797245635 111838.18558693344 97540.61617564743 88587.07356524537 75088.85844532176 80332.36549359192 69220.86617861161 98901.81681005214 105737.97421894062 100857.35268715705 91688.37862536684 84794.71379467356 102875.4756350037 94295.61748050131 98834.86356292081 72359.04636472894 88769.88883042993 62511.151945603524 82729.94265753802 78834.37224512655 66026.95927866925 118456.92292123225 79138.7046470866 65116.515748082056 93889.14224130644 77281.69646358176
90615.04285666341 97541.95218766782 68737.44730083145 94493.86430610759 90152.7797245635 98762.91036426206 97540.61617564743 83133.0169401375 75088.85844532176 80332.36549359192 69220.86617861161 70539.06841678992 105737.97421894062 89617.95654145424 61795.78607184781 78521.34367533645 102875.4756350037 94295.61748050131 66631.8022772749 72359.04636472894 88769.88883042993 62511.151945603524 82729.94265753802 78834.37224512655 66026.95927866925 90390.41345096305 72482.3843596599 65116.515748082056 88133.46051364491 70888.06121595667
90615.04285666341 62233.30782456338 68737.44730083145 82501.66616284601 89224.5549184047 78869.89725673539 85209.57233566411 75957.08743334179 65583.17826995032 73348.00589779118 69220.86617861161 70539.06841678992 91167.57368516571 78484.66653036131 61795.78607184781 67040.62620493666 85929.23352580381 85344.05962952353 66631.8022772749 72359.04636472894 88769.88883042993 62511.151945603524 82729.94265753802 78834.37224512655 66026.95927866925 60574.01291882202 61133.6180081547 65116.515748082056 69863.5944067926 60099.32309423893
81933.32996209137 62233.30782456338 68737.44730083145 63655.330150711474 50541.72800318308 73721.08069000863 85209.57233566411 66365.76899324039 59531.141285768834 42884.578672579235 36942.394215419714 57722.645564120794 70603.00627036027 69506.80554129978 51590.23209546161 67040.62620493666 67857.32815899876 60994.16934804385 66631.8022772749 72359.04636472894 88769.88883042993 62511.151945603524 67012.52710427903 65639.48639559749 66026.95927866925 60574.01291882202 57710.462899000864 65116.515748082056 69863.5944067926 55045.97520789738
77862.3423350886 60069.804606671285 68737.44730083145 56076.68156688362 50541.72800318308 54773.323468146475 78238.04058738673 60771.31001846782 43929.29545625593 42884.578672579235 36942.394215419714 35503.38655930321 48234.10917944526 68006.03339161593 41772.71818485916 41865.004334944555 67857.32815899876 60994.16934804385 63212.32565088006 72359.04636472894 51497.82803926678 60768.37831671861 38201.46238884336 47921.2874947703 49669.47435458177 59527.9580160068 57710.462899000864 65116.515748082056 57176.52730151536 24114.363533867356
48693.49693106307 42016.670460650086 45192.96929601261 43541.018847849664 47603.02098481844 39532.07923345206 59475.242501027766 27469.835255648002 39256.708919598765 34767.149098072376 33962.494847649454 35286.10343341452 48234.10917944526 48325.68745835427 39259.736810435956 41865.004334944555 41131.575492276555 52399.08668578999 63212.32565088006 58401.49424120067 51497.82803926678 37741.585904063075 38201.46238884336 47921.287494770266 37180.74706580286 44425.55129621656 45728.78952020571 55274.240457024076 57176.52730151536 20191.29367118743
33288.85055655571 28010.28568402592 45192.96929601261 29452.094013813745 25641.771373891315 26435.87474453659 36004.44482306961 16831.525289545043 17543.325569224755 32788.852193869796 26054.074282803515 22245.389932640213 37882.221958875154 24929.68869551441 12024.414537927842 31391.65901917126 40737.67943826643 21030.944985482343 19196.24607464444 48145.81326118085 41333.392282056215 18921.125916444533 36787.95326142568 23435.535928628167 23140.572608551465 25557.686197716746 30738.06812530361 44904.13131854471 31758.595717818615 17234.652652864963
15828.36787265274 7531.428436150861 11345.312722072927 9430.677742094778 10700.45842883833 9919.673577192763 18725.47872439646 7686.457492853729 5315.532640028892 9469.519029263929 9641.794961502072 11038.907348203715 10592.841235885426 10992.940892864404 3538.59886430022 8649.114313320153 12292.81872462675 8863.519262560412 10586.201839848802 20745.546314283085 11992.583300426206 8349.920603219072 11365.381882197773 4346.388485189311 6382.357125292894 12130.45932434489 6680.069024686419 10994.231475707447 12425.641666707248 4032.0702683588515
479.15847573498513 322.177036486063 2188.3371080681504 1458.9520423545607 248.41750708397194 2159.8204814044257 1321.8805089843495 337.2027775809572 152.38185747417253 467.0600056890356 453.38946619800504 506.27938297605453 555.198274546746 419.5377723524292 81.56325542229786 777.6862978115157 1586.3116100092511 327.72358234859666 789.2773167425898 3563.80521344335 1416.546443993189 676.0556589615545 954.7774230812975 192.95395378778397 162.9952350371991 1016.1529020149133 755.5357475337589 1257.6131639756402 545.7014110447038 54.32776201137722
0.0001806543828024587 4.7153832099411375e-05 0.005492206379756226 0.003724255469876425 2.083692857013375e-05 0.041719958264764045 0.004195315633864993 0.0001206992076276947 1.7212700697655237e-05 9.801611668081023e-05 0.0002518684482311073 0.00043155421695928453 0.00018385920691343927 5.429427454828328e-05 7.257046945596812e-06 0.0002085140879444225 0.00320695670944815 6.16973046021485e-05 0.0005157329846952052 0.18246967161411476 0.017737176337732308 0.0003582431136806008 0.0036327576718804266 3.0759782362110855e-05 1.0611330708343303e-05 0.003144729702114546 0.002600498303479526 0.0031363597769313856 0.00017594571022527816 5.911574191941327e-06
1e-08 1e-08 1e-08 1e-08 1e-08 1e-08 1e-08 1e-08 1e-08 1e-08 1e-08 1e-08 1e-08 1e-08 1e-08 1e-08 1e-08 1e-08 1e-08 1e-08 1e-08 1e-08 1e-08 1e-08 1e-08 1e-08 1e-08 1e-08 1e-08 1e-08
1e-08 1e-08 1e-08 1e-08 1e-08 1e-08 1e-08 1e-08 1e-08 1e-08 1e-08 1e-08 1e-08 1e-08 1e-08 1e-08 1e-08 1e-08 1e-08 1e-08 1e-08 1e-08 1e-08 1e-08 1e-08 1e-08 1e-08 1e-08 1e-08 1e-08
366700.0 358950.0 393750.0 387300.0 361850.0 408050.0 397750.0 373100.0 353450.0 356150.0 378000.0 369850.0 372850.0 363100.0 344950.0 370800.0 390950.0 370950.0 377950.0 422350.0 399650.0 379150.0 393050.0 366600.0 348700.0 387800.0 396850.0 399400.0 369200.0 346050.0
