125.6571683697083 115.55144297380889 113.7514806241021 125.12951604517275 115.01373238593567 97.61495256524006 112.26444713322405 122.9394643597484 113.31733450003185 103.57856045147071 109.98438058853742 128.59904065986564 136.51281672944003 119.64733311607222 127.44252177491035 132.71523800290106 128.0496291272816 110.04035819036926 128.4108948499595 111.9901024278945 107.29958064848483 130.46161887412643 130.14117401000908 127.30967798129575 124.29383884582194 141.98267460643058 108.22907821382864 139.11125035404825 85.2705777511436 100.86743664408982
125.6571683697083 115.55144297380889 112.08828918689346 91.65892774898896 115.01373238593567 97.61495256524006 99.26052972897241 114.37394027435425 113.31733450003185 103.06111704218199 108.44028186496439 70.61459199884189 121.72967377183875 119.64733311607222 127.44252177491035 121.8885784222557 125.49434437255422 110.04035819036926 128.4108948499595 105.06868908698766 90.00197638898294 100.46025941236667 130.14117401000908 127.30967798129575 124.29383884582194 133.18280690959114 108.22907821382864 139.11125035404825 85.2705777511436 100.86743664408982
97.16637215227888 115.55144297380889 112.08828918689346 85.13496843153985 115.01373238593567 70.77428200885754 99.26052972897241 87.44251020844467 102.21383995239592 94.32512329125711 92.81897778868574 70.61459199884189 114.58429435929077 107.1874135369219 127.44252177491035 112.94671046237363 113.08321282614747 94.57462302366923 128.15337403008107 105.06868908698766 90.00197638898294 100.46025941236667 119.9385093843382 90.64252545579461 84.91717410356466 102.18779402495568 108.22907821382864 106.65939046078847 80.9492177629246 100.86743664408982
97.16637215227888 91.34641486839337 112.08828918689346 85.13496843153985 97.14826670222499 70.77428200885754 72.29596237620217 87.44251020844467 102.21383995239592 94.32512329125711 92.81897778868574 70.61459199884189 108.21411171190323 100.4731227056003 91.57864060640452 91.75838136366508 113.08321282614747 94.57462302366923 115.61154141632016 93.7473574489535 87.7694359123791 100.46025941236667 78.42870637415217 89.53612374803618 84.91717410356466 101.95246202973362 108.22907821382864 98.91210846135186 80.9492177629246 100.70693596997398
96.33986132559039 91.34641486839337 91.23897296286452 84.64411267819742 87.72124844748782 70.77428200885754 72.29596237620217 87.44251020844467 88.9638811815297 92.12957121681723 92.79020651078542 70.61459199884189 79.69223468939038 69.62037829054543 90.88840187365076 91.75838136366508 69.50521549016526 88.66535383009898 74.02586004068314 89.05356664500528 87.7694359123791 75.76043131357562 78.42870637415217 88.73012365003456 69.1681992017385 84.29691341051273 89.90103656955057 88.65761811376058 80.9492177629246 100.70693596997398
83.36930118795385 86.52886000701756 90.7074349310767 77.31556161077901 87.31293273179949 70.77428200885754 72.29596237620217 49.36362721923808 79.4510547192333 92.12957121681723 82.01398463533167 70.61459199884189 72.4426624065245 69.62037829054543 76.10111033628266 65.87404470232264 69.50521549016526 84.70655101806722 74.02586004068314 84.07739901187847 82.28073124404818 74.59737883792093 68.25041791608533 76.8415626503438 69.1681992017385 84.29691341051273 82.71892731676655 87.1288539198307 77.62024483814525 76.78511044153231
71.86339034250682 73.82202865574084 63.55195586513514 70.22467717824179 72.43762982374437 70.77428200885754 59.07006199694604 49.36362721923808 79.4510547192333 68.99441789212847 73.20850594491856 49.46634735835971 62.484023799615784 64.3562661167183 74.70021558379585 65.87404470232264 69.50521549016526 74.85779151486167 64.51491910811637 71.20499565308342 76.09761782163218 64.00144396346218 68.25041791608533 76.1578226778073 54.198218656024665 75.67860033837837 82.04468831351608 84.90705378288874 74.93534665491507 70.28350538598932
61.77909610160145 67.11254481002982 63.55195586513514 70.22467717824179 71.66234710738468 40.79554155062499 55.78519629604432 49.36362721923808 62.16102954215614 55.40969121513524 63.16886495487108 49.46634735835971 62.484023799615784 52.53697265430492 51.41705935867901 65.87404470232264 55.529573391962344 69.93379446216409 64.51491910811637 71.20499565308342 70.206928799867 64.00144396346218 52.095351681899274 61.21639342713763 54.198218656024665 74.0665090285379 69.15187805533049 58.512600275178556 70.62765231052174 56.50315237766347
56.20703498339765 42.663219519696554 62.63355167632221 66.36781475746432 64.5998920428301 40.79554155062499 55.78519629604432 49.36362721923808 56.86652306385463 55.40969121513524 59.1043207372162 40.010143652446004 47.15522634486945 52.53697265430492 42.03191630338779 65.87404470232264 47.668399874764646 62.27471007043937 57.94978540766897 61.70295317972693 49.85287671326819 57.94734439620947 49.8044176474225 54.515044583452436 54.198218656024665 55.18233759025986 55.71062185483845 50.2755906013889 55.941326203754215 56.50315237766347
47.54124755417445 41.299039684969216 44.81895436246975 47.981375172550315 44.73213742486189 40.79554155062499 55.78519629604432 49.36362721923808 51.57678430717772 50.408049792583256 47.15592028416245 40.010143652446004 47.15522634486945 43.32834627687714 42.03191630338779 54.667060247489985 47.668399874764646 60.537390692807435 48.41725155699112 50.44366522523035 49.85287671326819 48.75745546504379 35.290988000334664 44.56358185150452 45.15811061407851 45.10833167646888 36.35785809431093 50.2755906013889 48.662003001630296 50.20542715651425
42.05837721247303 41.299039684969216 38.155891509952994 47.981375172550315 36.41038062531993 38.997163454914016 44.9690943023661 49.03530420857942 51.57678430717772 40.81012639084531 30.728197177692437 38.45902786828515 44.20258678312621 41.085189595175166 39.11591644059445 45.17852173662777 47.668399874764646 52.667206148245896 45.3367509112785 47.791161928119095 38.924439386301174 44.53183493884842 35.257188497173274 43.85607779541567 44.328150977069186 44.54808888190803 36.35785809431093 46.239769251397774 48.662003001630296 42.317954840478706
24.98478173834701 39.09756438017973 38.155891509952994 37.36553838566124 36.41038062531993 32.044651695340576 42.94059009847069 30.308951003883067 28.564134676449953 40.81012639084531 30.728197177692437 38.45902786828515 38.627897038399055 35.265711043382 35.00099001870865 39.155465639177805 37.74300319761198 38.81416013145213 44.22876244730014 47.791161928119095 38.924439386301174 36.113346560236096 35.257188497173274 37.330109266687145 41.92164810801762 41.36121369685736 36.35785809431093 43.7330020167949 41.659151476744796 42.317954840478706
24.702928429712188 31.531090126300683 33.68582987958848 30.747926407173964 35.02197513554643 32.044651695340576 33.44107273288648 21.361039569223976 24.443997540243345 30.659387490394806 30.728197177692437 36.86045107952566 33.07904099394568 29.25204558557425 32.39374780785283 34.647859370661195 37.74300319761198 37.056054318006886 33.48150411575557 41.66507401860997 35.34545959849902 30.428150513540345 31.03000033479111 34.7186359916393 34.60051211398536 29.158998514287532 24.98507690749318 33.74158272715317 28.917540752767877 37.98350806537155
20.9708929955616 21.0739821672247 20.369311414342178 26.404761247374154 29.59925886650069 22.700975909533668 27.459661173096265 14.502086359238888 22.712718396178502 17.907994446715747 19.462715034965186 33.60478929575265 32.86670070474088 16.11350770934905 23.279205162261974 29.61624768443346 30.707213126033366 35.34579445487475 22.422454137014597 30.145821948891808 19.25139053741998 17.66197787480644 24.52724752532481 24.39293041708447 26.30495619215185 24.150839550961905 3.107146607766026 31.348080495176646 14.693101839319525 28.487214750677595
4.974797407897995 8.722504838367286 6.40055378663169 10.450780736176625 19.14913696427982 5.969783122179933 9.07427626277888 3.97983622837603 21.548813046751206 8.954626476021645 8.954626503563418 13.562304620384566 18.82713497612167 2.984879626314296 7.926993701228412 6.199495364771565 20.74187949749728 20.25683916066157 5.077211737027824 15.151423623020605 4.974795285497862 8.954626476021872 8.954627184057017 2.984877172406982 6.964906414779648 7.228973009961464 3.107143649012528 4.49882505318476 6.979743382375091 8.049505130464809
4.9747952854664845 6.964713440180958 4.974795285469327 6.964713399653078 4.974795806315228 5.969754342559781 8.954621438223285 3.9798362283731876 8.521636385127977 8.954626476020508 8.954626476020508 5.969754342559781 7.959667691854975 2.9848771712798907 5.922235417960678 5.969754342559895 7.959708692029039 7.959672456746375 4.974795288168707 15.147601989290479 4.9747952854664845 8.954626476020508 8.954626476020508 2.9848771712798907 6.964713399653078 5.969754342559781 3.1071436490124142 4.498825049747552 6.979743382375091 7.959672456746375
200000.0 200000.0 200000.0 200000.0 200000.0 200000.0 200000.0 200000.0 200000.0 200000.0 200000.0 200000.0 200000.0 200000.0 200000.0 200000.0 200000.0 200000.0 200000.0 200000.0 200000.0 200000.0 200000.0 200000.0 200000.0 200000.0 200000.0 200000.0 200000.0 200000.0
