7989.935594021714 9612.530520625087 10182.808175052898 2892.140276682492 10453.4955517081 6379.064065211845 10324.582769034585 9790.1516199364 7435.061365523368 6418.465680322874 9119.19471707114 7799.973564739834 10412.68206396178 11340.487097311167 8513.182036950779 9525.461879542934 6304.119147946778 9392.54584630475 7952.545811245891 9556.752268137745 7749.475346014342 5108.6887296208 6242.47201792747 7292.082492146339 7129.328763077076 8911.233575640836 10450.654689304167 6448.48131382728 10248.935804791481 8665.120867274141
6804.49257276515 7728.049909226498 7823.466026940263 2892.140276682492 8632.883959053283 6379.064065211845 8904.52787612761 7963.069083856139 7435.061365523368 6418.465680322874 7929.761692183662 7783.909203570673 8228.365915179429 6749.156615274031 7678.01032753152 7420.800219651126 6304.119147946778 9392.54584630475 7952.545811245891 7058.930857536754 7088.119186147582 5108.6887296208 6242.47201792747 7292.082492146339 7129.328763077076 6854.954973278291 6830.3399413616535 6448.48131382728 8326.034921072045 7675.190850327272
6804.49257276515 7728.049909226498 6268.655564020901 2892.140276682492 8632.883959053283 6379.064065211845 6773.865238075476 7963.069083856139 7435.061365523368 3557.9797785257915 7760.981394486971 7038.456890371481 8228.365915179429 6749.156615274031 7589.544551975994 7420.800219651126 6304.119147946778 8701.166125493433 6936.612603171981 7058.930857536754 7088.119186147582 5108.6887296208 6242.47201792747 7226.882045579812 5483.4597910462435 6854.954973278291 6830.3399413616535 6448.48131382728 6717.066224758128 7461.3708255839665
6797.008434696967 7414.944111980167 5369.306911664642 2892.140276682492 6818.247938424745 6379.064065211845 6773.865238075476 6452.811864688283 6167.7153788673895 3557.9797785257915 5465.922398320209 6184.52767169206 7101.68782880853 6749.156615274031 7589.544551975994 6073.343557890617 4927.35091792578 6043.2568483358245 6093.956776102836 7058.930857536754 4673.192194949071 5108.6887296208 6242.47201792747 7226.882045579812 5483.4597910462435 5504.727457457831 6830.3399413616535 5750.73925554346 5946.0794370811855 6124.063879075704
5808.9503181954715 6974.88060150616 5369.306911664642 2892.140276682492 5850.01434968067 5542.605432332513 6773.865238075476 6452.811864688283 5895.586532347999 3557.9797785257915 5465.922398320209 5556.270053922733 6667.501802167604 5657.72624219548 5871.231557678762 6073.343557890617 4927.35091792578 6043.2568483358245 5810.75252369358 6410.850747023809 4673.192194949071 5108.6887296208 6242.47201792747 7226.882045579812 5471.202065932131 5058.181304901433 4853.968515333014 5750.73925554346 5125.326858491549 6124.063879075704
5309.09870448056 6027.161757736621 5369.306911664642 2892.140276682492 5850.01434968067 4762.557666484731 4911.803692474896 6037.80719608935 5895.586532347999 3557.9797785257915 4047.6372273868055 4862.97790337867 6667.501802167604 5657.72624219548 4821.995577317077 5061.357752522409 4927.35091792578 6043.2568483358245 5810.75252369358 6318.494456328057 4673.192194949071 5076.470065458945 5796.837908050067 6604.579696568673 4735.297753325519 5058.181304901433 4853.968515333014 5750.73925554346 5109.635946889999 5268.616471089372
3455.0799468543782 2819.4940828352046 2476.54570324005 2892.140276682492 4053.992389693978 3513.118911354759 3477.212192397754 3059.014057161141 3159.907550188609 3557.9797785257915 2926.1085758465506 3931.626745761945 3222.6399143253775 2853.8998540003977 3691.464654975327 3648.3900319717377 3944.1512262984543 3845.4254778910945 2811.7132542375894 3208.108003229221 3518.196953968365 3938.1049493030987 3782.591002690714 3624.3732738381323 3655.474594572798 3096.4062880859356 3515.1062792442453 3070.6076255024673 3680.6893750849868 3300.6459864719473
2256.9955659513416 2673.826066617863 2438.319596947118 2687.857143564729 2292.506144269495 2201.1398008738215 2147.856033508302 2393.0370123270104 2357.4028985733967 2475.428413493757 2302.051482932249 2261.150894649868 2590.5197033905806 2498.792015076495 2105.6177711983246 2459.185339920401 2469.3394740251297 2529.7714690927987 2067.0710660344357 2232.4164334117013 2306.8137961410557 2426.9343949207614 2558.378593686428 2321.314211020771 2518.512299203343 2379.210513946081 2014.4931805181195 2366.8042754127073 2508.5258908167416 2250.1420654971607
1386.089024475069 1237.5443700243623 1475.3283184426018 1271.5377931668145 1388.9934283229586 1560.788945553164 1472.7552473523629 1445.1225301702398 1186.1259855111894 1574.6482317684204 1394.2422857605675 1288.3868119995664 1341.2105524191293 1478.7410480888757 1509.2086135785876 1291.8579062404751 1350.7146940438893 1172.4694643127496 1418.6016693424735 1421.3541237975596 1394.0813501683533 1392.3578797743248 1372.7370521670464 1449.2519713352922 1262.4093766899846 1377.7746215168527 1364.9701077039676 1187.989247933645 1285.2472615202696 1206.1621734698324
543.6947288651813 553.7832407756769 664.4691509382519 573.2681682832026 578.5396457002007 638.8587884422104 583.2762315514083 598.7344536751243 505.82061235738956 671.6315521059432 603.1925440098594 625.041630723591 558.7157111264364 615.8863148740593 552.1228651167953 577.6369898631606 548.0471217515096 562.1462392245958 593.8340116729892 535.0899523709395 536.842463977252 568.6727649358286 549.5283920594293 522.2589998978133 565.9094043244068 585.6642815911441 519.0324270978717 508.24268742700497 575.2437822053989 563.525483474421
322.5728189953561 320.9341750025319 332.76374096082554 326.1120373227277 331.10193588583707 326.6929266843272 326.4078456366574 327.8184775184809 318.4385009015987 329.7668160393555 324.4566506402416 330.13375010228174 321.74302371205795 331.08786173818 320.9755273629503 326.6995731706029 320.8199324200318 325.98190150989876 326.7444414302531 330.8271679261943 320.99206283588865 329.20055165638405 325.44357457891056 309.98893833682996 325.54613284801644 326.1955218522353 318.0964222434527 320.45187334760067 324.4967656963199 322.56250704740523
300.0797662860691 300.05869619260375 300.1742446705057 300.12268318013184 300.21617164839836 300.2498281230355 300.11908928448065 300.18099960207155 300.1458795224771 300.21371078296534 300.12181625583617 300.3106319400558 300.103218850752 300.2193838842213 300.054717796992 300.1004047238225 300.0840768254343 300.1251393533453 300.2073245084666 300.2591079494018 300.06234916106587 300.2328484300133 300.2670552030977 300.04084620956746 300.1572956533091 300.1590955120587 300.12651349032603 300.1063219438038 300.1525143950362 300.10404798362924
300.00002593482805 300.00000656840075 300.0000970393553 300.00001583976245 300.0000680222711 300.00018995141045 300.00010004847945 300.00008532744687 300.0000997148727 300.0000131997749 300.00001630471934 300.0002741965609 300.00006493288174 300.00014298636097 300.00000360963986 300.0000031039749 300.00000991867273 300.0000604650536 300.0002079537544 300.0003994635008 300.00001363446245 300.00012279228395 300.00035791720165 300.00000116146884 300.0000367490152 300.00003313125217 300.0000801241704 300.0000180386037 300.00011798418336 300.00001185393285
300.0000000000755 300.00000000001546 300.00000000031014 300.00000000004 300.00000000010095 300.0000000005466 300.0000000003006 300.0000000002683 300.00000000021737 300.00000000000045 300.0000000000282 300.00000000138516 300.00000000019645 300.00000000037835 300.0000000000073 300.0 300.0000000000159 300.00000000022465 300.0000000008613 300.000000001598 300.0000000000373 300.0000000003538 300.0000000010323 300.00000000000045 300.00000000018053 300.00000000008004 300.0000000002874 300.00000000005366 300.00000000056934 300.0000000000209
300.0 300.00000000000045 300.0 300.00000000000045 300.00000000000045 300.0 300.00000000000045 300.0 300.00000000000045 300.00000000000045 300.00000000000045 300.00000000000045 300.00000000000045 300.00000000000045 300.00000000000045 300.0 300.00000000000045 300.00000000000045 300.0 300.00000000000045 300.00000000000045 300.00000000000045 300.00000000000045 300.0 300.00000000000045 300.0 300.0 300.0 300.00000000000045 300.0
300.0 300.00000000000045 300.0 300.00000000000045 300.00000000000045 300.0 300.0 300.0 300.0 300.00000000000045 300.00000000000045 300.00000000000045 300.00000000000045 300.00000000000045 300.00000000000045 300.0 300.00000000000045 300.00000000000045 300.0 300.00000000000045 300.00000000000045 300.00000000000045 300.00000000000045 300.0 300.00000000000045 300.0 300.0 300.0 300.00000000000045 300.0
1000000.0 1000000.0 1000000.0 1000000.0 1000000.0 1000000.0 1000000.0 1000000.0 1000000.0 1000000.0 1000000.0 1000000.0 1000000.0 1000000.0 1000000.0 1000000.0 1000000.0 1000000.0 1000000.0 1000000.0 1000000.0 1000000.0 1000000.0 1000000.0 1000000.0 1000000.0 1000000.0 1000000.0 1000000.0 1000000.0
