2381.967158270864 2359.0612291998505 2465.656661313955 2360.5350452099774 2467.671002476864 2747.264062422226 2007.5611101539607 1798.963181291897 3792.9807148218297 3206.675387232336 2888.5329135203424 2294.0968239315816 3103.271479930078 1441.2458468421482 2905.8849524401776 2198.2982778406213 1673.9547652115066 1871.6321312071232 2964.9187838196467 2262.4512326592485 2825.0380019364115 2209.9560546164803 2807.2403272034985 3270.626997497442 3393.972694578655 2340.5735774277628 3341.219707239952 3255.142390276782 1880.6693073936344 3260.0321647322025
2381.967158270864 2359.0612291998505 2465.656661313955 1149.2128382259298 2467.671002476864 2747.264062422226 1905.9289035685033 1798.963181291897 1853.577066988381 1787.9863781462145 1816.9821404376144 2294.0968239315816 2199.7693932470966 1441.2458468421482 2631.035868197964 1725.6990827367536 1673.9547652115066 1871.6321312071232 2227.665667678126 2262.4512326592485 2411.439841127674 2209.9560546164803 2807.2403272034985 1909.8608654055606 2912.5263152507905 1211.9478941190005 2306.3998051797034 1567.8600138605707 1590.3977629993897 2157.5921029360547
1671.7772199258106 2099.327164440912 2465.656661313955 1149.2128382259298 2467.671002476864 2159.200119256181 1715.4596226775566 1209.151520223817 1853.577066988381 1787.9863781462145 1381.1841846312464 2294.0968239315816 1997.896719729108 1441.2458468421482 2631.035868197964 1725.6990827367536 1393.4388405115578 1866.113549429716 1395.289043851306 1440.8069685595697 2190.0220082858627 1465.9896005068927 1721.4334996946436 1909.8608654055606 2767.706704553365 1211.9478941190005 2306.3998051797034 1272.6429455276093 1590.3977629993897 2157.5921029360547
1671.7772199258106 1193.5605199565957 1863.8143371083397 671.1897123001709 2467.671002476864 1171.2814556008434 1715.4596226775566 854.2040311041565 1853.577066988381 1787.9863781462145 1381.1841846312464 1990.2289479053934 1546.8275803033575 635.0371596770888 2045.838273292432 1194.2305422719337 1393.4388405115578 1866.113549429716 1395.289043851306 1233.4672478661469 2190.0220082858627 1465.9896005068927 1721.4334996946436 1286.3617981776256 1636.2433219567183 1211.9478941190005 2220.6346654641447 1272.6429455276093 1590.3977629993897 1781.9268172065476
957.3137900535526 1193.5605199565957 1612.5699430538089 671.1897123001709 1168.339694224097 1171.2814556008434 692.1818676728662 854.2040311041565 976.2240831492336 1557.5984402921872 1278.7510443171454 1114.056584568817 1039.714295186825 635.0371596770888 1127.1149286179793 1194.2305422719337 1170.6741997306813 1035.2607731746848 1395.289043851306 1067.64408691364 686.3897853742576 1342.1852345352681 662.2188738930649 1286.3617981776256 1140.7610924266396 807.9286087279763 1056.505716373081 1272.6429455276093 919.0454517847329 586.4985216202463
899.14668251167 1037.6602288495856 693.1116577167566 671.1897123001709 1104.7131220539347 784.1214672525693 337.7559671589461 854.2040311041565 631.9526392580829 682.0683208792689 1086.052192000976 823.5283993261942 1039.714295186825 635.0371596770888 797.1481335865951 813.5574554141831 1143.3051568573019 862.9572434679694 768.3572901845323 414.83558517513984 686.3897853742576 489.8678262985509 534.7165111523263 1074.4075362340022 588.61832684101 807.9286087279763 1056.505716373081 1133.7971996815058 919.0454517847329 586.4985216202463
370.6935404540834 336.8431680332628 477.158185115856 232.44798729015656 538.1798332112271 304.60122582970826 337.7559671589461 550.2834494378269 545.488969095305 583.5070946841465 699.7421556900676 230.94948620668197 624.0821232287431 445.31446257940934 312.64805431103105 253.26191593377257 562.0097463231193 305.0864999005189 474.5464599434381 360.41203550878345 565.6549142674451 489.8678262985509 427.772654465251 683.4109481026435 391.77524194171065 715.8381004573753 690.3384058531828 462.6545955669958 465.3050352661023 582.5142415924697
370.6935404540834 316.96749501873774 436.0337146391696 232.44798729015656 435.3488767238241 304.60122582970826 217.2760092392473 389.82177186225636 427.05627991433107 259.18084638803657 351.7215898208249 230.94948620668197 392.46583003351407 261.9904081549855 312.64805431103105 253.26191593377257 253.9503748354573 253.78020859662297 187.10051834007936 214.8310271963437 367.15076658518296 371.86794727331016 413.8328309225449 437.5692245018615 378.9068396627381 487.34962181171136 388.4078631134803 462.6545955669958 465.3050352661023 407.87589761817526
31.393910708155772 115.14052326058334 261.0953120919553 126.32428677036546 194.6242568570069 209.2050801682326 163.53549840294386 258.7272266776174 103.49644454042254 156.0077945854946 225.68955677482563 171.96370320079154 294.92503040021484 162.80434758578303 235.642995658347 176.30396154133632 182.5814799235959 203.74009875701995 187.10051834007936 128.90257560994814 249.64626506396326 193.11207075779384 254.23525131346696 237.88786489220684 211.14663454019615 204.927490705227 172.61106814537106 201.24548495313024 287.62492319413263 137.02807486179495
21.617244989919413 56.403872030702246 61.65434636670716 62.01514918956889 98.05254923421148 90.80103028040287 49.419022709061665 113.30865392050202 39.77715379279357 74.15868219420395 47.34545144624815 57.6241078697949 55.954416182452405 96.73763087883435 79.1263669258932 51.77053525633278 62.85695228124746 75.72878758219929 68.49798640260883 77.1298899254989 62.97244690961497 122.19040277212412 61.02273306683696 74.52361913130812 101.887820767373 38.67685425418699 55.089536677608976 156.20944480539174 35.81097736447896 69.96975169299617
8.979032443854749 14.880058049434751 7.003930715436127 18.16141028110644 14.580310290122043 16.99920656209224 6.434458027354253 23.196097308002095 8.351524873147127 28.262915660732688 13.58546323597875 9.949523025937879 16.03591606235875 46.23036841786791 7.003907780747454 18.59471719607609 7.267599030366682 18.530347150145076 14.357204637521363 6.441212756154641 14.387305030885614 9.339226085988571 14.980701157474414 15.374039327574224 32.281055520396535 12.438954348011862 16.940272974170284 23.737830222173443 12.7088596866937 8.017232086008903
0.29464759265022167 2.2146149056293325 0.6793865828648222 0.5826747966428911 0.907400049740545 1.719867745012948 0.2355304439728343 3.6660851284881346 1.029136644185428 0.7908951754475311 1.3033320695967632 1.3147664851948093 1.1554601938829592 7.945376225226255 1.8656678317332762 3.0907895985104687 1.676211130268939 4.175322628065601 1.1070368571324707 1.9349102694116027 0.6305075216671412 1.1962518634082926 2.444278246143199 1.264543712637078 3.279105512667684 0.6686024121212313 2.374888463381808 5.7806314885607435 0.7113314364455618 2.0073168027491874
3.1085165801414405e-06 0.1952242635032917 0.10568771773068875 0.1664611833740537 0.06476472601195837 0.1924397541243934 0.0003941657473660598 0.1925202436583504 0.03203200708651366 4.166683254425152e-05 0.1273178370114465 0.03670398573149214 0.18824484436822786 0.9649383216873275 0.3017721734429415 0.30750857232192175 0.2923064845160752 0.6471577641132171 0.00020676605583958008 0.14738218572153983 0.014679061553465544 0.026656637028622754 0.12280385214489797 0.08895912209698054 0.1270623107185429 9.411407063453225e-06 0.029706829099950482 0.43517757752692887 0.061854815922174566 0.3038418797326585
1e-08 0.004339146391885151 0.00021521770338495116 0.0005462794506456703 2.178294300847483e-05 0.011065838702620567 1e-08 0.0018959988763072033 9.685782970336732e-06 1e-08 2.7826293603538943e-05 1.8854052541428246e-07 0.009149748400545832 0.07896878077303882 0.005122337314787728 0.008065357548048269 0.00028354462835977756 0.017538550084395865 1e-08 0.00021684683565581508 6.362347448884975e-08 3.53845734935021e-08 0.0005403811242103984 7.122214503851865e-05 9.054229053617746e-06 1e-08 5.75948888581479e-08 0.029299366799818927 6.756120001227828e-07 0.0020157361998371925
1e-08 1e-08 1e-08 1e-08 1e-08 1e-08 1e-08 1e-08 1e-08 1e-08 1e-08 1e-08 1e-08 1e-08 1e-08 1e-08 1e-08 1e-08 1e-08 1e-08 1e-08 1e-08 1e-08 1e-08 1e-08 1e-08 1e-08 1e-08 1e-08 1e-08
1e-08 1e-08 1e-08 1e-08 1e-08 1e-08 1e-08 1e-08 1e-08 1e-08 1e-08 1e-08 1e-08 1e-08 1e-08 1e-08 1e-08 1e-08 1e-08 1e-08 1e-08 1e-08 1e-08 1e-08 1e-08 1e-08 1e-08 1e-08 1e-08 1e-08
59315.0 110864.0 100790.0 99132.0 93708.0 109282.0 72255.0 106303.0 89937.0 60207.0 94582.0 85411.0 111930.0 117158.0 112174.0 112417.0 98012.0 108610.0 72487.0 98760.0 82760.0 82331.0 102241.0 98667.0 95834.0 60715.0 83722.0 116619.0 89331.0 103939.0
