2348.977879222648 5138.598895829807 5848.94609009003 5548.964340171283 2465.5012870274513 5575.545019245688 5622.778038515939 1752.635513467977 3980.9428856039867 4348.074399936059 5375.547631842879 2055.9771220149614 5382.23222883475 4222.666921475939 5464.7328050422975 5800.812566498062 1009.675934833966 4239.1123110723165 728.4313074801516 5323.0458647320265 996.3671861586072 5268.512961405141 4432.948296258762 5131.06000898783 5517.411884620229 3415.030198671626 1344.4928963734774 5532.596089888064 5496.32317300215 1543.3971667103178
594.867088294573 5138.598895829807 5629.569797294251 4243.889520919906 2465.5012870274513 5575.545019245688 2532.267735991236 600.9922197680107 3493.6825549421037 4348.074399936059 4477.774764481603 2055.9771220149614 1038.499732975778 4222.666921475939 3102.9882080308334 4717.43436139541 384.11625792049927 4239.1123110723165 728.4313074801516 4761.247053669545 996.3671861586072 4831.233736049264 4432.948296258762 4121.945386084618 4495.817630117034 447.7993525304305 1344.4928963734774 5532.596089888064 4665.930258374488 589.1461047839784
594.867088294573 5138.598895829807 5193.168949239241 4243.889520919906 2465.5012870274513 3363.72022410683 1668.8837798918476 600.9922197680107 3493.6825549421037 3341.622542740346 1301.062189266413 2055.9771220149614 1038.499732975778 4130.523371350814 3102.9882080308334 681.6674394342972 384.11625792049927 4239.1123110723165 728.4313074801516 4761.247053669545 996.3671861586072 4831.233736049264 4432.948296258762 4121.945386084618 4495.817630117034 447.7993525304305 1344.4928963734774 5532.596089888064 3525.7431865836515 589.1461047839784
594.867088294573 4838.839347868015 2628.048559566737 4169.51890726294 2465.5012870274513 3363.72022410683 1668.8837798918476 600.9922197680107 3253.2213902082967 3341.622542740346 1301.062189266413 2055.9771220149614 1038.499732975778 4130.523371350814 3102.9882080308334 681.6674394342972 384.11625792049927 3542.6497419543703 728.4313074801516 4761.247053669545 996.3671861586072 4831.233736049264 4432.948296258762 3493.1008316717334 4495.817630117034 447.7993525304305 1344.4928963734774 4927.700686271891 3525.7431865836515 239.72812953115272
594.867088294573 2803.469395742228 2628.048559566737 921.6767024165565 2174.4765874516506 1867.0441277467844 1668.8837798918476 600.9922197680107 3253.2213902082967 3341.622542740346 728.3524438549798 2055.9771220149614 1038.499732975778 1163.1075550391088 3102.9882080308334 681.6674394342972 384.11625792049927 3120.4203721538815 728.4313074801516 4761.247053669545 996.3671861586072 4831.233736049264 4432.948296258762 3493.1008316717334 4495.817630117034 447.7993525304305 1344.4928963734774 3804.234232104899 3525.7431865836515 239.72812953115272
311.625617548249 1585.008448185219 2628.048559566737 921.6767024165565 447.2449844797666 1867.0441277467844 1668.8837798918476 600.9922197680107 1225.366555717942 2389.7214613981578 728.3524438549798 1629.2885409299206 612.6401130909303 1163.1075550391088 3102.9882080308334 681.6674394342972 384.11625792049927 1024.3697367518935 728.4313074801516 3065.1937816670707 996.3671861586072 4831.233736049264 4432.948296258762 418.96333206058307 4495.817630117034 447.7993525304305 1344.4928963734774 3804.234232104899 3525.7431865836515 239.72812953115272
311.625617548249 379.8164357634914 1944.436406023071 921.6767024165565 206.58319830249593 323.0581708885925 504.11212518659795 600.9922197680107 624.0841795055949 219.26303200968414 387.51452555171136 1121.5373631816992 213.33365235723295 539.8100829033792 724.2867409341966 254.33224799395794 305.52926553025236 295.39591389238194 598.2403303909646 695.1640599182138 996.3671861586072 3677.3674280006508 3134.7706879382977 418.96333206058307 1296.0922092389337 447.7993525304305 740.7421808065565 571.4132514828143 352.7081479472995 239.72812953115272
172.574419618119 194.10189903420724 459.1611264461535 190.59414370073955 176.6980767750756 248.26968196772486 268.5864402544312 333.8466945739915 246.26441090637536 159.94707941110255 262.7135774111812 232.83936925995658 182.5816800928951 270.1114960753812 195.51717651233093 168.86591574723934 190.94019788347987 216.50066970003854 217.40400293336052 233.70752127242804 464.4967703785801 3596.2953322334397 834.151307532692 151.17186980587894 214.78268165626378 447.7993525304305 221.36366800573023 427.69233044001794 282.4487079037417 192.4950643928437
155.04252582999516 150.80142176461413 170.93847553678052 158.66411396137664 142.38170898078351 248.26968196772486 165.33462672306268 183.60019124610335 158.3374222059615 128.08434810281778 216.49202438134353 195.28216773713348 138.81733133675243 156.93108133196802 139.5001607332406 141.5690427489012 140.86159804652425 162.35295154161213 166.16767449828376 158.53275419880674 306.4308474965992 3007.625343891984 169.30410101287725 151.17186980587894 184.22051615342843 211.67908406131983 160.0929550640667 284.24255038372894 197.43121484406674 152.92413543795237
111.2564086886232 116.60048400508231 152.85228506859312 113.35303002559885 102.22627019748779 172.38972021216114 122.11512870635624 129.43511549069035 115.44555044726667 104.57842220499606 153.44528504368236 168.80149668245303 101.64329927414337 121.53498399410728 108.57199521990196 104.04764286329055 108.71202169070284 122.399563089617 122.98698507593917 137.00525646074948 187.5002683710336 451.0319779738379 139.87679033444056 108.59949035416412 135.26859930358614 170.10403385781137 138.60178561446946 165.43395589519605 146.65948812746183 115.27112615103579
100.63137683298692 100.72579886375388 124.3639035723545 100.9325348062971 100.68256517774716 139.4291797135029 101.41451066053105 110.07584184683401 100.88409694640677 100.72104627644558 111.3759397328522 132.11570618805945 100.76110278172291 101.10625474668132 101.19954172022881 100.88488571252856 100.87853521768784 101.21854807171258 101.04300455133443 103.03601277948474 123.08361684701231 156.8203756102912 110.04872674907347 100.71894700670009 109.50943764006479 143.00823156285696 110.19457240143447 119.71241530241423 115.53923846912085 100.70607820696023
100.56851634966779 100.6848509604788 101.58426285251426 100.69545373879328 100.61670344137883 116.44626619602741 100.61222604931663 100.97022721637859 100.77442753695732 100.63276939272282 100.8130153963466 102.77181887600273 100.61592902944267 100.72873348225903 100.64861464478736 100.67974303334267 100.6431993844808 100.71656408801846 100.63495874402952 100.81857395899169 102.47832183300034 127.54635029778046 100.73792184730928 100.71894700670009 100.87965162173214 114.6523440472738 100.94540529977667 101.541886495585 100.93527960882966 100.70279764803718
100.56448472984994 100.55186096960642 100.68785103575465 100.55016681663756 100.53765669769427 101.45311811001329 100.54245504528808 100.56310515581208 100.60880176108094 100.61665961861036 100.49701609703425 100.69212681865474 100.57015191980327 100.55352542223591 100.5346301750551 100.43238078961758 100.54660852752932 100.64880013545326 100.57794333886568 100.59075696804575 100.75685030882096 107.71061692573448 100.48339026642225 100.48349675920963 100.57443429100249 100.73849090093381 100.55998078723997 100.77943551154749 100.70362092472305 100.35039988992867
100.4445535956188 100.41348225684078 100.46579582150798 100.45402569757334 100.49836488029723 100.77988699864727 100.54245504528808 100.4113174706331 100.47603096337843 100.52222398542926 100.49701609703425 100.48083006264505 100.44727619786545 100.4252182809837 100.47501140635995 100.43238078961758 100.51844308300406 100.46322299374651 100.45168712091117 100.45527962954975 100.44596298002762 101.15721704626276 100.47983090891694 100.44073759521052 100.46376470210407 100.57256568907133 100.37941269675548 100.57949618283374 100.53354344418267 100.32026385294284
100.41684923458934 100.40859761158117 100.46579582150798 100.42388391101122 100.46178687111797 100.45436530265079 100.453808624477 100.3421684121704 100.43038383077919 100.47691966767024 100.44344958910506 100.41006691370785 100.40116090948914 100.3972762623307 100.45044811383059 100.42568096329751 100.37688468981014 100.45878177549139 100.4006812918492 100.45527962954975 100.44596298002762 93.22621636493295 100.39924653759181 100.44073759521052 100.4314101894879 100.54540828942709 100.35095641786802 100.48884012947565 100.40339114103017 100.32026385294284
100.38363793052213 100.37134729235368 100.31435381374695 100.38302027753844 100.37071814487535 100.38580353171619 100.36840884088451 100.3388226459515 100.38269637006852 100.36782032857764 100.31398545512411 100.40331964888537 100.34689344342132 100.3512204618105 100.33745297564246 100.34958534067164 100.27924000079793 100.36107424172542 100.30671140356753 100.40386366438406 100.3656535086343 0.062460711722906126 100.3777574356227 100.30479659786397 100.34423114448691 100.41806551090531 100.32870501455227 100.38225522367065 100.34039828958976 100.31690281724059
1000000.0 1000000.0 1000000.0 1000000.0 1000000.0 1000000.0 1000000.0 1000000.0 1000000.0 1000000.0 1000000.0 1000000.0 1000000.0 1000000.0 1000000.0 1000000.0 1000000.0 1000000.0 1000000.0 1000000.0 1000000.0 1000000.0 1000000.0 1000000.0 1000000.0 1000000.0 1000000.0 1000000.0 1000000.0 1000000.0
