5982.051238754818 4728.747936351614 5914.2622924515435 6394.004779299307 6288.777378828261 2823.825120125772 5235.9407111602995 4000.985252858589 4714.551691343499 6554.596846453121 3559.0973148154685 4996.6272222973075 4965.279417541785 3085.1473997008984 3541.1656049396615 5930.1899549219725 3460.425842119921 5868.811988106391 5258.649554591904 4203.715305728464 6192.306856587052 5638.604095193061 5592.7689174484785 5244.009491751072 5831.465198573587 4546.792119898426 3757.957264568804 3243.229501559982 1538.4869362334364 3751.7775312815384
4603.240021401541 2917.8256315203 3887.6891681307916 5870.514277067597 5156.941310580164 2823.825120125772 4840.311105133355 4000.985252858589 2796.5776667826476 5072.297202296802 3258.703182355086 4042.3279971997035 3321.198917569813 3085.1473997008984 3541.1656049396615 4307.992735985458 3460.425842119921 2664.7443902869586 1530.7810729039793 3152.5007724417887 3303.471036025449 3314.868417608414 3726.744996560372 5016.227193416992 5403.05571537365 3390.9646903705193 3757.957264568804 3243.229501559982 1538.4869362334364 3751.7775312815384
2748.9074617571237 2917.8256315203 3887.6891681307916 2778.207084792048 4056.0645236897426 2823.825120125772 3108.4072760630124 2950.219153917002 2796.5776667826476 3684.74715728732 3258.703182355086 2289.6801252183495 3321.198917569813 3019.0753576969114 2367.6221998300903 1956.869857870497 3160.3339999478476 2664.7443902869586 1530.7810729039793 3152.5007724417887 3163.8821480693077 3314.868417608414 3403.317859392301 1896.7919089188294 2090.1775227169337 3390.9646903705193 3757.957264568804 2974.94702271288 1538.4869362334364 2451.9516801035697
2324.8003201075594 2536.168730093511 1878.65112822104 1956.1417108264914 3477.3756540799336 923.633082658037 3108.4072760630124 2950.219153917002 2617.3573679071355 2523.927162160325 3258.703182355086 1840.1400183050755 2011.9759131097771 3019.0753576969114 1402.0117867276683 1956.869857870497 2461.045872540492 2664.7443902869586 1530.7810729039793 2399.381854512585 2469.7691612238837 2318.309030867102 3403.317859392301 1896.7919089188294 2090.1775227169337 2121.3991290492972 2904.2546960551263 2809.0939541948746 1538.4869362334364 2451.9516801035697
2166.951299291818 2450.5634569378994 1485.294870699761 1836.289130692655 2135.7540492120875 923.633082658037 2537.671338123856 2518.1510423239934 2181.1845329938888 2523.927162160325 1895.226717342705 1342.1250469818053 2011.9759131097771 1574.0052264439473 1402.0117867276683 1892.6437748127478 2084.831975465049 1579.9980535592213 1530.7810729039793 1703.402940519769 1226.2710711916536 2313.5984941840984 2656.4892029215284 1362.735050838614 2012.9511125083868 1506.0218175606465 1805.7909234174076 1297.8477884560757 1538.4869362334364 2318.861132104755
1396.1192044376583 1746.5873185771225 1485.294870699761 1836.289130692655 2077.4856361331863 923.633082658037 2537.671338123856 2199.4650983324127 1130.1737371420995 1543.6199830835212 1687.5545371037351 1342.1250469818053 744.1954533990092 1574.0052264439473 1402.0117867276683 1892.6437748127478 1910.7997020894127 1362.565575491657 1530.7810729039793 1703.402940519769 1226.2710711916536 1253.6490389429064 1488.5154110590001 1362.735050838614 1909.5537337530714 1398.360796745358 1805.7909234174076 1297.8477884560757 1373.5601086095496 896.1115045194224
516.7221460987059 738.264784811432 580.8232165905741 614.6592918564857 527.3356415478243 923.633082658037 701.2490488166763 482.7704182048112 545.7085972191137 596.5533833511622 828.9803373531863 420.6595903717116 457.9716145099194 516.3148860536136 852.252779201234 763.1922726519524 682.4379594505995 427.96252287432935 836.216189312513 923.6094640552833 632.3673947096754 614.6486684401262 885.1668972135949 905.3283113108898 851.0638855744178 771.8236120952629 685.5728964059458 593.1127107874026 574.6427498787945 645.5089880745245
345.6936638495147 322.9567098597265 237.1120616514081 250.99680806220738 414.27846526714575 220.13522255580529 308.69368634842976 289.32116395464755 228.36189829280147 314.37648563022344 282.81228341229826 277.02262820094415 247.73245100429358 267.7800070954586 335.5380687504048 249.13477667867346 262.2299636850166 208.80993021941504 302.6311591469323 328.7866318041612 282.9053806416555 300.7087657420134 254.77876626005173 253.02146443808283 201.64450345461364 342.8943203340684 308.25000073498927 255.93305525139556 289.52469324278354 254.5470383187244
136.7064519205693 147.6231188077337 113.14105735275211 135.89654799684536 137.89363684556315 116.57266064361954 170.12171931923012 114.04543677448999 134.57444738514153 146.03308106414295 109.54820522888991 124.08367735118236 97.25089520363952 109.6942804448442 114.10118312384543 119.34041214319166 158.8773031152441 119.23470257656197 125.71796649816258 107.32223053764551 120.20130854696413 120.96726994649998 131.2532963185165 115.30060806600841 89.68729713685104 109.70445179602808 115.30124536949234 162.82248754870227 120.2485854702827 92.77456228754136
60.71158080112383 61.064729930288706 56.19424295666249 53.087540772307534 56.62350716322618 57.11168011085749 61.40918441851778 55.756345530024134 59.41362398024444 62.78653922520954 58.0006111049816 55.91283708452346 57.44586786125092 61.9183595420555 61.38097757275182 54.795703943801584 57.15549108258364 55.18706608394359 56.83914055102662 60.826427886450915 55.97016829413121 57.76244716128673 60.93345989296711 56.089408034478595 56.89732218792511 57.99225735143136 59.36338404056829 61.52393979768664 58.812800393635825 55.487180053928626
49.19330330299118 49.21185387109426 49.13540926234566 49.12590283702491 49.17330198648045 49.15836402903636 49.31427267796215 49.13496553457276 49.178278797213636 49.286114402084536 49.182878033309464 49.12712912441344 49.14033119641914 49.23440173004411 49.27354826391223 49.15745816731288 49.19301224129964 49.128545134823014 49.12959140986999 49.1373967565122 49.15355796233683 49.16096904663533 49.18836470082556 49.139528128311895 49.152348433383395 49.14031729550271 49.22063147696741 49.234222548461844 49.19699459295032 49.16277029343223
49.084551439212305 49.08451884097701 49.084482203126754 49.08448277862942 49.08453500164882 49.08450906943233 49.08468190082755 49.084481675205666 49.08449076606462 49.08481520087753 49.08457896586992 49.084482437746715 49.08448082226647 49.08448512971694 49.08463982870069 49.084511098382734 49.08449067198842 49.08447999451056 49.08448040771725 49.084480025325036 49.084491062428015 49.08448405390669 49.08448232639461 49.084484133278806 49.08448544643318 49.0844899079342 49.08464218845552 49.08451951949144 49.08451373539549 49.08455300981416
49.08447897959377 49.08447897948122 49.08447897948122 49.08447897948122 49.08447897948133 49.08447897948122 49.08447897949458 49.08447897948122 49.08447897948122 49.084479463266234 49.08447897948139 49.08447897948122 49.08447897948122 49.08447897948122 49.08447897963549 49.08447897948122 49.08447897948122 49.08447897948122 49.08447897948122 49.08447897948122 49.08447897948122 49.08447897948122 49.08447897948122 49.08447897948122 49.08447897948122 49.08447897948122 49.08447898873385 49.08447897948122 49.084478979481275 49.08447898021308
49.08447897948122 49.08447897948122 49.08447897948122 49.08447897948122 49.08447897948122 49.08447897948122 49.08447897948122 49.08447897948122 49.08447897948122 49.08447897948122 49.08447897948122 49.08447897948122 49.08447897948122 49.08447897948122 49.08447897948122 49.08447897948122 49.08447897948122 49.08447897948122 49.08447897948122 49.08447897948122 49.08447897948122 49.08447897948122 49.08447897948122 49.08447897948122 49.08447897948122 49.08447897948122 49.0844789794927 49.08447897948122 49.08447897948122 49.08447897948122
49.08447897948122 49.08447897948122 49.08447897948122 49.08447897948122 49.08447897948122 49.08447897948122 49.08447897948122 49.08447897948122 49.08447897948122 49.08447897948122 49.08447897948122 49.08447897948122 49.08447897948122 49.08447897948122 49.08447897948122 49.08447897948122 49.08447897948122 49.08447897948122 49.08447897948122 49.08447897948122 49.08447897948122 49.08447897948122 49.08447897948122 49.08447897948122 49.08447897948122 49.08447897948122 49.08447897948122 49.08447897948122 49.08447897948122 49.08447897948122
49.08447897948122 49.08447897948122 49.08447897948122 49.08447897948122 49.08447897948122 49.08447897948122 49.08447897948122 49.08447897948122 49.08447897948122 49.08447897948122 49.08447897948122 49.08447897948122 49.08447897948122 49.08447897948122 49.08447897948122 49.08447897948122 49.08447897948122 49.08447897948122 49.08447897948122 49.08447897948122 49.08447897948122 49.08447897948122 49.08447897948122 49.08447897948122 49.08447897948122 49.08447897948122 49.08447897948122 49.08447897948122 49.08447897948122 49.08447897948122
1000000.0 1000000.0 1000000.0 1000000.0 1000000.0 1000000.0 1000000.0 1000000.0 1000000.0 1000000.0 1000000.0 1000000.0 1000000.0 1000000.0 1000000.0 1000000.0 1000000.0 1000000.0 1000000.0 1000000.0 1000000.0 1000000.0 1000000.0 1000000.0 1000000.0 1000000.0 1000000.0 1000000.0 1000000.0 1000000.0
