1246.7654673878442 894.7050696743026 1146.7396434991529 1412.4609787514464 807.9488799977794 1463.7953332616548 338.25000051595543 1943.787619117833 806.0976555469997 806.7415918686611 1129.499747205282 573.2317659898872 5691.189318514312 614.0065510305685 623.7722092580475 590.6950808543411 689.7941278584335 1003.5617728010052 800.2753668438704 847.3033999797531 561.324046441724 939.5167593057122 240.72174292286718 2150.1864971600426 672.983187774727 1346.93669492068 1031.9762133231484 1485.6853778020804 1133.3280268064782 790.6827390881717
845.5315483746645 790.5291167001051 635.1621101099277 460.6005445591636 807.9488799977794 900.0957509699856 338.25000051595543 604.2630808781523 738.3775805619371 702.8891427016588 151.18801671454958 573.2317659898872 921.6570212651109 217.27775975358918 623.7722092580475 252.57455210986473 689.7941278584335 544.5190317381102 800.2753668438704 847.3033999797531 561.324046441724 598.0395431592938 240.72174292286718 1072.5387622252342 373.4395499308989 713.9437364240325 726.6483944031875 818.0906794973303 1133.3280268064782 335.96416754335814
486.9591327572025 790.5291167001051 526.2690364269438 460.6005445591636 585.6072084282541 900.0957509699856 297.41073109048784 604.2630808781523 738.3775805619371 355.9540334236717 151.18801671454958 291.45441895265503 364.64382927561974 217.27775975358918 623.7722092580475 252.57455210986473 664.1651325675398 520.8496267183996 800.2753668438704 178.23397311475765 394.2494661255014 584.542251709222 240.72174292286718 399.0645089122145 360.09284432646155 713.9437364240325 302.23115178606804 500.0451749916733 721.5986302313772 335.96416754335814
486.9591327572025 345.3888328152393 526.2690364269438 460.6005445591636 585.6072084282541 743.5393079897776 275.7065396451253 600.2702458050289 105.77797342057056 355.9540334236717 151.18801671454958 291.45441895265503 364.64382927561974 217.27775975358918 623.7722092580475 252.57455210986473 664.1651325675398 330.4707613799892 642.6647384830771 178.23397311475765 394.2494661255014 521.9586403991561 240.72174292286718 399.0645089122145 360.09284432646155 405.69997882237203 302.23115178606804 361.8430016978009 721.5986302313772 335.96416754335814
440.35430642607935 345.3888328152393 526.2690364269438 460.6005445591636 532.6394324891471 527.8397166169057 275.7065396451253 600.2702458050289 105.77797342057056 355.9540334236717 151.18801671454958 291.45441895265503 364.64382927561974 217.27775975358918 559.5757370457009 252.57455210986473 447.41454787867906 330.4707613799892 642.6647384830771 178.23397311475765 263.63011950241025 521.9586403991561 240.72174292286718 399.0645089122145 185.55921714279748 405.69997882237203 302.23115178606804 292.01914077978563 228.59995118502957 335.96416754335814
440.35430642607935 345.3888328152393 526.2690364269438 460.6005445591636 340.9651371233649 527.8397166169057 234.81728710368134 479.74658402615023 105.77797342057056 277.20075094758704 151.18801671454958 225.21673981300137 259.7216926236524 172.85897411581345 262.88846265474604 252.57455210986473 447.41454787867906 330.4707613799892 254.9012171166819 176.0638352085184 263.63011950241025 521.9586403991561 240.72174292286718 399.0645089122145 185.55921714279748 366.3229102296341 302.23115178606804 292.01914077978563 228.59995118502957 335.96416754335814
252.56897806160214 73.72184570965055 175.75678760462324 116.60256922480039 108.5343654292169 226.89987861479676 66.13326884317348 220.69320904338656 93.20978170261469 74.20040857278582 151.18801671454958 132.3347354470452 214.5037502965065 161.9182494660231 207.18253658628964 55.372961107460014 309.18050978574547 64.42364789846079 93.79391611987194 114.86779750567757 130.5542897433088 225.74409434579547 99.37511735581847 258.7329668932189 114.44913039082985 193.16606279778352 182.48780302003388 103.82697664486386 199.25817989580446 226.57320982814645
75.34627305383674 41.937053809159806 96.3388501291156 71.07775177993517 69.19787815901282 132.70795121581887 62.3692765581759 127.61918585722651 91.23964463319362 62.52691201489142 151.18801671454958 103.2412793186918 97.92265090386582 58.21163551621339 93.32004312136814 53.606815986494894 85.18760226782706 64.42364789846079 80.49319999819954 105.9218103348212 130.5542897433088 103.65267694485465 77.95538586462135 100.6973587980392 86.00906606338049 90.2191392459722 93.13669278101042 103.01785924165642 112.3283296313557 102.0603462056888
46.11666404226071 41.937053809159806 58.98546600060672 56.673118407698894 63.73265849298468 58.22301907227211 55.36689105984942 61.219794401082254 64.5398788795419 54.26179545984269 79.55924061364112 74.58417720610623 80.74470686226368 54.2266770587139 55.7761228908289 49.47035671912181 75.04837339952974 51.91425686143339 66.91580910663788 52.86579351793898 61.492622421596934 58.40318371299918 57.62292804815388 76.65525255597277 57.874358082176514 48.95867149592004 65.88792588438855 58.889890909870246 53.5765705187996 70.49163204438901
46.09670055133665 41.937053809159806 38.66946371420636 45.570390386295 46.376250963438906 46.90773122213841 51.09972777099392 44.018047878823836 46.35328801819833 38.99682628840765 33.698787342364085 42.195649024135946 55.504372847231934 42.44414306333101 43.93439439089025 41.75862592087424 44.48811313450187 43.391721661722386 44.120897045232596 48.80236636172731 35.99865614718556 40.854749408721545 41.62465963578916 38.38341995264045 38.19131385238734 42.72400127613355 47.8789016757255 42.780466505938875 39.926466848741256 44.56276360992797
36.170748362808354 36.56057464463947 37.352372304916116 39.3798496532504 35.110560063458706 37.606192681971606 36.49571370577087 35.12083096194465 34.83025135554635 32.26982109689516 33.598576194610814 32.26273017879612 34.14019853035143 39.901684036746246 35.16664267669421 36.13504763223 37.79472684054326 40.387074938480964 42.16469214548761 38.04358080907468 32.2173151369243 35.71954098185324 33.89189696527092 33.722675347972654 30.74336338642297 32.30264329377496 34.57661756317202 33.42325907505665 32.98296704121458 36.12988984465619
31.416228916633827 29.140308079343413 29.24560307003594 31.239785556459992 31.12265008529039 29.486377935310884 30.813324823192943 30.672658890587627 31.07110215132525 31.001039535141445 29.461474813722816 29.3298302596977 30.512344872356152 32.085236658330814 30.881719419023284 29.782229867740625 28.430099125250763 29.955304229612466 27.596293654034525 28.390226734707994 31.027777094609974 32.92116908330718 29.224746253162266 32.32760587719895 28.62389834492251 30.252382589628724 30.071409347656754 26.818313178838707 30.91576390142518 29.220001854821476
26.915734854450875 27.53229588727436 26.55007537188294 25.44288209755632 28.66184029311944 28.257368063112153 27.787135797426345 28.076356642935934 27.036441729537728 26.338411378080764 26.679071638502137 26.282071590245778 27.34866589577905 26.35889127954397 26.643267374585776 27.88996845909105 27.064500583702284 26.80762530323682 26.716278436300854 26.99054182662303 27.891421197567524 27.035893253136692 27.008708085944363 28.77921498228443 27.38018042974545 27.840684557755594 26.919314806435068 25.539742800196564 26.682687530776548 26.98892579719086
26.45978100840921 24.336662324205918 24.42479176379493 24.480883130072016 25.11248989568321 25.79709062628308 25.473982118713593 24.97982183802833 24.889737312676516 24.11517181984982 25.79811480522403 24.3621981907354 25.32788576386656 25.01790838243869 25.82896516617984 24.790132345123766 25.332803700368913 25.152400186850173 23.177952909542455 25.28503271032423 25.51113229488692 25.55970796337988 25.062231305446403 25.30194428041841 26.20747968011483 25.728574747299263 25.069422774728082 25.045203103245967 24.188019103035458 25.74317013538257
23.341441726435733 22.96163620400239 22.469866398731483 22.240741370158503 23.463858780467035 22.521999044027325 23.185488197268114 23.247958227617346 22.281472096469315 22.50630068651617 23.2148602188704 22.635851489206743 22.989051529369135 22.955153354225786 23.47544263535474 22.422894530920075 23.1444365774546 23.082316415709556 22.64441839961728 21.799317979360694 23.539464671930546 23.011387031447157 22.93259027755994 22.967524174184746 23.579699172132678 23.07881801655003 23.150473941790096 22.63250128131358 22.688812332983616 23.363033022767013
20.732134759776272 20.34904871382514 20.381586097567833 20.21118764912535 20.373868142544325 20.750377611946533 20.776880885538503 20.85522236109773 20.626350472776267 20.685670062950066 20.787765294240216 20.753841291230856 20.829340362206494 20.705907748976188 20.715575197721137 20.54343584594517 20.497621207269276 20.63779671641305 20.675280989223666 20.49395761492815 20.971477562796736 20.705952258022535 20.75209727118181 20.6793878708977 20.66926733110131 20.419833979541636 20.759805235204112 20.699807297266943 20.450484560733457 20.66197356741168
1000000.0 1000000.0 1000000.0 1000000.0 1000000.0 1000000.0 1000000.0 1000000.0 1000000.0 1000000.0 1000000.0 1000000.0 1000000.0 1000000.0 1000000.0 1000000.0 1000000.0 1000000.0 1000000.0 1000000.0 1000000.0 1000000.0 1000000.0 1000000.0 1000000.0 1000000.0 1000000.0 1000000.0 1000000.0 1000000.0
