390692419.80799776 1088103898.0997145 311073966.8045301 581893378.0378721 311109768.79251987 476267669.25261855 502458769.18122715 850688298.2961705 770312035.7772887 591764410.5637043 728896155.171 412745872.4436802 995348014.1123718 111820163.25368662 497669679.1438956 76640724.77236347 24077101.67367987 945426841.6382726 336788473.6961318 531480260.0046079 176901234.55814087 505701925.98433083 202906020.38651237 982980478.6936172 593578999.8942937 368984992.7937047 1003565603.7447003 90131514.06775579 257174519.97862914 204213752.38900882
305104194.9626237 1088103898.0997145 311073966.8045301 301298157.1655037 311109768.79251987 420509348.63620657 150275159.81551647 80749869.18521987 679959946.7604197 191858383.6535918 567924027.2215912 51569655.54007512 995348014.1123718 111820163.25368662 497669679.1438956 76640724.77236347 24077101.67367987 613227768.9511882 85493788.07304169 374974723.0363572 74817116.7193085 325226519.6851612 182521823.6981845 982980478.6936172 345983340.33816934 39882823.60131841 669054084.0373374 90131514.06775579 257174519.97862914 204213752.38900882
305104194.9626237 605468778.4073904 21930521.165653847 45887135.248726375 278166387.6770081 240929902.9523631 150275159.81551647 80749869.18521987 679959946.7604197 191858383.6535918 370154481.99302864 51569655.54007512 921693537.0759859 49893668.19118809 44815541.7404807 65160657.97994128 24077101.67367987 613227768.9511882 85493788.07304169 191904850.21894845 74817116.7193085 133549605.00814016 182521823.6981845 99351623.89639534 38520194.65153589 39882823.60131841 312091713.5005739 90131514.06775579 83094591.68149355 125130907.89621735
305104194.9626237 208701929.1026985 21930521.165653847 45238489.80483055 278166387.6770081 125330267.67847793 99501911.53125972 80749869.18521987 59988436.590609044 191858383.6535918 55430892.49603194 51569655.54007512 295333630.01367706 49893668.19118809 44815541.7404807 65160657.97994128 24077101.67367987 184017971.1970393 85493788.07304169 93850226.86767927 74817116.7193085 38723812.12685247 165415574.07523155 99351623.89639534 37666104.10353045 39882823.60131841 94409690.30063973 49256606.000938095 59739528.1643074 125130907.89621735
47219622.22906813 23241420.637994543 18461747.663669735 45238489.80483055 42718505.83394152 52778895.62115803 3608851.881139973 19577706.575840686 59988436.590609044 144502577.23165342 55430892.49603194 42767589.59551518 32656033.196725883 24028249.53734601 40307586.6507858 5009790.529817968 24077101.67367987 29973666.497292884 85493788.07304169 6541352.314435259 63349638.383940734 38723812.12685247 47678274.901180215 49083413.205023706 1104440.6374110142 39882807.38044782 33115379.132794574 18081775.670931693 14317974.811021352 30016991.045331687
11135722.688919095 15781810.017587686 18461747.663669735 8767516.582876613 27637981.156521335 20137874.9409976 3608851.881139973 19577706.575840686 7214301.160984908 56253457.33546143 39672650.15083466 4966648.147949144 7334674.645537846 19602772.192008585 40307586.6507858 5009790.529817968 24077101.67367987 11387036.381975647 19392157.448074713 6541352.314435259 34729737.02153999 17019315.22803313 11365502.42168834 3753937.8584642345 1104440.6374110142 6619756.1744752545 23211796.122516517 14223400.186876869 3701206.4012109977 27348777.913376223
6144920.298029633 4505969.904611188 14781769.64372984 8767516.582876613 4106113.55134144 6111887.552594005 3608851.881139973 17581051.50677952 7214301.160984908 8590350.119777257 226090.77553113177 4966648.147949144 7334674.645537846 6461046.284131329 1313761.7840533133 4833825.917976123 17027171.361730058 3642931.915496804 19392157.448074713 6525503.415089602 14594287.322778251 14536822.186295133 8686011.328050975 3753928.1363375997 1104440.6374110142 6619756.1744752545 12878498.587647872 4556992.330133242 3701206.4012109977 4062490.4342757445
2696635.5081390366 3500320.6376067586 751266.5840524673 1350188.5704481178 4106113.55134144 1554176.64806943 2622245.781801457 5138075.308824987 4954680.93652107 4586611.536781687 226090.77553113177 1586123.3828248351 4139909.8707942865 1305958.5457415876 359186.1786414143 2727169.2533072466 3874842.7722032918 1861767.662933259 1640398.4718261878 4341046.586736603 412517.96334793215 6526613.296855505 2888023.315040453 767727.1801936267 708024.6944657405 3147914.834474038 4548521.244284586 3971482.51931726 2683867.232007793 1047478.8096707929
292600.44843991176 1131505.5712704458 55057.05498171023 667954.4478676006 1238493.437993743 83673.01033176974 587704.2446614794 667054.2543259225 376363.4037851086 759736.02635657 226017.83321409422 1586122.8689766065 715554.6490790623 490222.1365083189 359168.8327948754 705747.6116106194 994299.6793187165 1861767.662933259 366605.7827857873 946953.1543857562 412517.96334793215 127684.37027642659 702480.2971918182 767727.1801936267 504965.0729763392 968081.1728058929 172228.9432361623 15042.719510317322 456957.99303260056 880071.4942242726
287869.5236454247 71328.09066046221 50402.72034579094 19192.980528380132 57376.45236797114 47650.58530628371 119741.73587944321 140298.14160833924 272092.1241831028 439886.30416368006 65492.66927150678 232024.76915533398 359351.75624143844 44419.04186943459 212083.2490137832 285596.00825850986 354010.8610224437 197213.7487687377 72380.89630453476 228849.70977699241 186526.53698603157 127684.37027642659 101345.63044865863 234524.48857102494 352057.88681818644 411504.13380677067 172213.3469449555 15011.284604743261 148621.36738644823 44001.615262275125
117874.60504202702 36489.464510111036 8195.606434786963 19060.264612400417 38766.03873749204 40300.69929135008 37991.86045066286 32313.685565986874 60720.68622388495 19037.481417296574 65491.96921392437 67628.8537166704 128634.15782432986 44419.04186943459 43119.46273466158 225765.62315297837 72842.15091791376 19965.550219891455 25067.07792429868 12424.018913578091 14908.577198790925 27745.471451830523 54557.5325847517 151503.50729323842 91085.75629763713 127030.63530409122 12640.937202393874 14921.097997435514 29524.968862160473 43976.20590088471
28866.340226214565 16771.380492440974 8176.73326768104 16394.391357236855 7772.173209575012 5493.494657528206 10073.171583322328 16331.332865091754 17338.649119607693 3143.6486658672 21204.708382853263 16851.347567929846 17768.54150529002 10899.423939166725 10744.274191820992 11201.059485429332 13990.48463742245 19960.89536005882 4928.674732518921 12414.846877569475 14908.577198790925 4519.07436182016 2144.175512843755 19328.0139995116 23387.33206261461 22301.446950511337 9330.27446223179 8144.934761840746 8736.688775323571 19518.782774839492
4011.9955277522204 3875.1151632029814 2677.2944157482343 3831.573713743899 7756.859508928677 3644.75172966637 5028.456965588998 3631.6983720590215 3031.85717599479 3133.552936147693 7945.21646677054 10378.823558046362 3025.343380960625 10889.136644785405 6632.774506964339 9469.332385602816 5607.225722963223 9451.23582183945 2904.1307695806627 6798.4417318926335 3138.9495236510047 436.3600921357188 2141.29410739485 6656.080601285683 6184.962150261344 7812.495220225601 6787.89381145572 7808.88043453984 1676.4059219701935 4569.798462214485
1823.9990888407 2708.4286827281485 3.4244560797251324 957.308417229925 2806.252741017355 532.7003618081512 1767.6545150607371 534.306934947193 1325.5170188333109 1063.6796616362572 968.226421412161 371.0829530401902 590.5685623063309 1702.3360375232714 773.2706210426172 975.2283558025465 147.2348191975218 1478.2846365581663 2072.723164104352 158.58462266737115 109.49783944850901 408.0378000773949 781.3827691228357 1860.3529019595985 753.3640275471907 853.4882652495071 346.1230629161869 2092.609457975529 255.1739082709846 1293.4597533277065
102.7120074313168 45.99966334827786 0.2872478257907005 2.3144044716768803 1.0862134139251793 0.6809131841869203 76.59345889574888 33.20620972600932 0.6302849519572646 2.1706654053259626 150.4557530112645 7.367849355395492 48.978395752519646 5.1386569548838 1.4620717181564942 123.05495543222332 1.68684241627534 152.73657233345148 78.81627819476489 8.243617786143659 60.35521745602318 2.167268514633406 4.649631667372205 79.85332374526638 0.5548660483111689 1.9366387292552645 86.71093202240809 272.78776854117723 88.81126220723718 0.6203016386136824
0.35755721879445446 0.41506102487596763 0.14658986366112003 0.44588760622741574 0.48643092578436153 0.284493305054184 0.08738352201567068 0.26438216713131624 0.4238177591614658 0.47726706612547787 0.4977743586962333 0.3590377739487849 0.3146502602119199 0.2241974810767715 0.35679738444218856 0.4699517474352888 0.4989475630090965 0.41796180378059944 0.4156383538802402 0.3109854670435652 0.1246286200259874 0.2196064303930143 0.4302550093377704 0.41468109748234383 0.3983009353964917 0.4429992927925923 0.06623080843360185 0.47364096971159597 0.25872186709557354 0.3243132375193909
199997.0 199997.0 199997.0 199997.0 199997.0 199997.0 199997.0 199997.0 199997.0 199997.0 199997.0 199997.0 199997.0 199997.0 199997.0 199997.0 199997.0 199997.0 199997.0 199997.0 199997.0 199997.0 199997.0 199997.0 199997.0 199997.0 199997.0 199997.0 199997.0 199997.0
