870.0236880588218 813.9645786081987 1320.156025367085 987.5407228012245 1205.1602935092815 913.8315526324609 1651.4897884572188 887.5083001637017 1159.9982580284013 1427.4637800465616 1381.5212671316785 1078.5217956499628 1041.7913604936102 727.1090146687575 967.3530281334952 802.4201647981336 1640.153586077704 1155.4092440935692 848.8112565006359 1387.2311670448116 1467.0833600590267 1142.7327345546155 918.6658474314427 1084.0730637243892 1311.4883952432333 1139.8675191920956 1221.8541561854613 1185.7574770930032 1070.6185855636395 731.869142047377
870.0236880588218 813.9645786081987 871.8569752728044 987.5407228012245 1205.1602935092815 913.8315526324609 952.4329950188157 693.9249362358382 1155.8441360713914 1117.7822667429077 1356.0119200234085 1078.5217956499628 1041.7913604936102 727.1090146687575 967.3530281334952 728.7591004809778 1033.8171715053513 931.1368904600699 848.8112565006359 1087.5838010514317 956.9189594838699 1094.0843873554231 918.6658474314427 911.3383957772285 1229.5252675636611 1048.8798800845334 1221.8541561854613 998.3154133346957 937.3742035640321 731.869142047377
870.0236880588218 813.9645786081987 860.467844246662 910.3771649568039 781.1412310613528 913.8315526324609 952.4329950188157 693.9249362358382 509.3667059635036 969.6553368937348 1261.187228593495 760.8246453008583 751.2297222624943 727.1090146687575 967.3530281334952 728.7591004809778 867.3420745364451 684.561082124008 848.8112565006359 795.9652367918684 791.1234735634957 1093.9206540189093 918.6658474314427 911.3383957772285 734.4077503092658 879.100641643684 1122.601863705464 998.3154133346957 937.3742035640321 694.3328646673226
844.4798581036407 813.9645786081987 617.8088656458776 817.7693271912071 781.1412310613528 913.8315526324609 952.4329950188157 665.6149154567352 509.3667059635036 854.7765438358128 704.2327498885284 760.8246453008583 654.5161893955301 727.1090146687575 639.267788949468 679.5205569482873 771.5965498605542 684.561082124008 586.6842639378997 795.9652367918684 791.1234735634957 755.4252908650838 780.1846427606065 911.3383957772285 734.4077503092658 690.1378922204949 517.9362374172824 762.1911700715168 655.462229136323 694.3328646673226
731.5998064886071 660.4796611407401 617.8088656458776 544.9417917630944 632.7634688097687 691.107016555748 513.3494042093666 665.6149154567352 476.18225848543943 843.5314409334551 578.5110217841793 760.8246453008583 587.8395721754505 523.5054662517296 609.8959423536553 679.5205569482873 641.3949012644689 544.8600064524899 586.6842639378997 775.2354387288897 707.1159243028487 589.0419806678879 700.9273515255882 889.9038728038768 709.8963628812489 639.09519347284 517.9362374172824 762.1911700715168 655.462229136323 642.1052228451094
708.2332683516224 647.1586886618079 617.8088656458776 544.9417917630944 632.7634688097687 607.6312197847219 513.3494042093666 586.3757422270774 476.18225848543943 668.8874515192988 578.5110217841793 622.5435114566053 478.25905013733654 523.5054662517296 519.1743801658531 616.3845168675803 641.3949012644689 544.8600064524899 586.6842639378997 703.5170086759454 548.2410918304022 589.0419806678879 571.9573842947038 574.5585625765825 709.8963628812489 609.8262039021406 517.9362374172824 555.6717264491713 655.462229136323 481.120929734268
360.71647517699375 419.7227687981813 389.2011706498047 393.99914432752166 463.2515151646021 481.5764282722794 384.472960210509 454.8024047791073 476.18225848543943 355.73731524976984 511.59749019474975 482.8671842036779 478.25905013733654 450.4509344897215 485.0941276294743 424.55730572570155 302.01843340253436 427.09513659598815 460.46224039025446 455.03445014190766 443.45170355847176 401.3412848034204 494.2480237126065 308.9072635618013 463.80829282618697 378.4686519929528 379.34329572361867 472.89511404093764 387.7862909648388 327.1084919056766
282.97399282073457 273.03325836510066 300.4835645400826 261.48003511364277 276.7491219962676 279.37897417970817 279.5708702542711 268.44269623971877 272.1384434288834 254.78453814078648 304.9070305128507 286.651226918239 265.618778489903 304.55898160545576 303.13307028373083 242.2618541003617 267.32258594932955 267.2069503235721 253.44058893436795 284.22979622322055 249.1156761907264 235.62497538898788 279.7063441680507 256.9416828732592 254.63162868347672 246.92710780501193 226.2134546930033 269.22142900186464 267.18780591055247 274.09493151651805
205.85052531698375 199.05029633384174 208.12787619861865 217.29077152266427 205.7212924570913 213.76509689391423 204.3954641138298 215.71055573147623 209.58050430522144 205.53881796492988 216.07378928760954 217.45476175852946 223.00453829389153 212.05781475078584 214.5520172837596 199.1723403019555 204.46285912541498 205.2604927925613 213.24564850062143 215.1220837479359 219.61616596877138 216.9010547074813 210.3730792091278 208.49530253063813 213.5711589415264 205.69272972285398 209.72136149785138 224.53098068115105 201.43472685086545 221.60725411999283
187.441499881445 185.37884695989078 185.53595073883162 187.58067341268998 189.10707183885643 189.84120853992135 184.79151480661494 185.6143131282497 187.5516007474016 188.73828948777555 185.81057826853976 186.98439615479765 186.06472082077653 188.1228508640079 189.5918493866693 187.45023705022322 187.14617492097977 185.04474311908916 184.50299672896654 186.59461481144035 186.444335601509 188.51199724051412 185.74989770847515 189.77796487732394 187.68921581540144 187.56711043028963 189.09437795952635 187.80262732749998 185.61857472394377 185.57451565787778
181.88621641596728 181.89554807974991 181.79764368972292 182.69449221211244 182.3037161563975 181.97653213077365 181.95093379926084 181.80200857992486 181.97295728536983 182.4835945350669 181.8248314636644 181.39889299832885 181.8784521726725 181.5794744456898 181.8308933323715 182.26627578662647 181.84004271690083 181.28075117104345 181.65689379618834 182.95617898346927 181.50109316800035 182.275217119668 181.2225525736685 181.66083905453115 182.23085003369897 181.7202496672412 181.55245463068786 181.86449258171524 181.28593912529186 182.33246003647355
180.88099602042575 180.85530825300657 180.85936226959984 180.9833874005394 180.85794332592423 180.87610120810587 180.93290840545023 180.85935474248936 180.95244424362136 180.90672868187085 180.8406604990928 180.86673996321406 180.8745120600911 180.82653500504966 180.86339100647683 180.98953822348267 180.87984737175384 180.82339547638867 180.90715991215848 180.94995444055166 180.8634529774199 180.87693491011714 180.837700356401 180.8851157094391 180.92900734477053 180.8616038904879 180.822826829291 180.93073277372923 180.86638708905093 180.89223011049626
180.78571609131905 180.7843174597665 180.78433419567773 180.7929876702069 180.7847537001221 180.78577426964603 180.7862623379092 180.78375019192663 180.78408049348673 180.786936952602 180.78423907842034 180.78408857226032 180.7851888847281 180.78250404120763 180.78781919571202 180.7876022045998 180.78448238802957 180.78208651388059 180.78566825432563 180.79360447851195 180.7864493197858 180.78645901747677 180.7825341693283 180.7867105413893 180.78723342119838 180.78397650167517 180.78388404597263 180.78582472831022 180.78376235797123 180.7884822701185
180.78128830424885 180.78128772734362 180.78127982526166 180.78131389132568 180.7813082763596 180.78129374421087 180.78130764581874 180.7812799698704 180.78131635163572 180.78132934890664 180.7812843055617 180.78128056183732 180.78128798528041 180.7812795541572 180.78128550520205 180.78130192104663 180.78129057037404 180.78127716205927 180.78130156125644 180.78131736341538 180.78132857246555 180.78131590031626 180.78127734223563 180.78129929504985 180.78132844432184 180.7812927380537 180.78128647941048 180.7813170217787 180.7812865839378 180.78130218000206
180.78127167776938 180.78127167776665 180.781271677753 180.78127167778166 180.7812716777753 180.78127167776302 180.78127167775756 180.78127167775347 180.78127167778803 180.78127167784396 180.78127167776483 180.7812716777521 180.7812716777621 180.78127167776074 180.78127167781167 180.7812716777803 180.78127167776347 180.78127167775892 180.78127167776256 180.7812716778658 180.7812716779099 180.78127167785442 180.7812716777512 180.7812716778235 180.7812716778103 180.78127167776938 180.78127167775665 180.78127167777075 180.7812716777603 180.78127167778985
180.78127167774664 180.78127167774664 180.78127167774664 180.78127167774664 180.78127167774664 180.78127167774664 180.78127167774664 180.78127167774664 180.78127167774664 180.78127167774664 180.78127167774664 180.78127167774664 180.78127167774664 180.78127167774664 180.78127167774664 180.78127167774664 180.78127167774664 180.78127167774664 180.78127167774664 180.78127167774664 180.78127167774664 180.78127167774664 180.78127167774664 180.78127167774664 180.78127167774664 180.78127167774664 180.78127167774664 180.78127167774664 180.78127167774664 180.78127167774664
1000000.0 1000000.0 1000000.0 1000000.0 1000000.0 1000000.0 1000000.0 1000000.0 1000000.0 1000000.0 1000000.0 1000000.0 1000000.0 1000000.0 1000000.0 1000000.0 1000000.0 1000000.0 1000000.0 1000000.0 1000000.0 1000000.0 1000000.0 1000000.0 1000000.0 1000000.0 1000000.0 1000000.0 1000000.0 1000000.0
