627.5225529937279 560.4189077057426 571.6491299161735 687.9711501031375 583.3192729341931 617.6503188013876 629.9444284786127 474.5737595264518 538.5049619652991 472.44742870744903 476.4404576680363 415.2110455408474 691.8893753145503 555.523406304731 446.7851400512045 558.4882254353429 353.2127134572188 749.2405455285225 512.4721152819357 541.9214929754603 596.2460506206685 542.0853785056024 604.2358063398992 640.1053978010332 409.78663002382746 544.8580165814019 491.25001676531156 756.1388510039133 705.3210155246197 398.18976272772034
616.7529123953527 448.9922444610188 571.6491299161735 529.8792629959416 582.1153986330028 617.6503188013876 597.8009772982132 474.5737595264518 538.5049619652991 472.44742870744903 406.363631311488 402.97836184049356 635.0597480689767 555.523406304731 446.7851400512045 554.2433145193359 353.2127134572188 595.7237570937259 512.4721152819357 537.4131903576099 521.8255103123847 542.0853785056024 512.574841993408 623.8884426411742 409.78663002382746 499.252634249694 442.0737237529315 756.1388510039133 586.6189008552205 398.18976272772034
581.3610295197759 395.34227494076777 571.6491299161735 442.64129548106484 464.25694307602316 594.7363233499764 518.0579424373495 469.2182183874356 538.5049619652991 472.44742870744903 406.363631311488 402.97836184049356 520.0091856956351 555.523406304731 446.7851400512045 521.6423251978645 353.2127134572188 479.6661621066155 484.47569798902487 537.4131903576099 446.7184675989906 542.0853785056024 512.574841993408 536.9618353225405 391.489581707423 499.252634249694 442.0737237529315 526.2137429396707 372.5586515993991 398.18976272772034
396.49997520167835 395.34227494076777 312.8335728111597 442.64129548106484 464.25694307602316 495.2918066874395 409.4204609440126 469.2182183874356 461.8773583155976 472.44742870744903 387.89337955639803 402.97836184049356 520.0091856956351 532.2978342157494 400.32256071103166 521.6423251978645 353.2127134572188 446.5212538518308 484.47569798902487 537.4131903576099 446.7184675989906 512.5389824199519 440.1275733391776 423.1809000714875 391.489581707423 499.252634249694 442.0737237529315 483.3606018508235 372.5586515993991 398.18976272772034
396.49997520167835 395.34227494076777 312.8335728111597 397.3888890826702 464.25694307602316 353.8050443490938 313.9391648825472 445.2527705908674 353.73019410194684 435.791054880925 387.89337955639803 393.4419098790563 391.6665508298656 358.5104152644444 384.22927861553626 462.5830285420625 353.2127134572188 446.5212538518308 402.66270060225406 398.38714969558623 381.17028876307904 447.0605149211501 430.7159438230974 383.40035295851385 391.489581707423 412.3872125584048 442.0737237529315 385.52661848481466 372.5586515993991 391.3710022029968
385.3353826869143 377.4231028656568 312.8335728111597 343.2185613849824 389.3484503843838 321.3557487084063 313.9391648825472 399.82589811410435 353.73019410194684 413.2149478567685 387.89337955639803 373.45302425522095 361.06739131297627 358.5104152644444 371.24974800440714 376.9854395246716 284.68048344549743 406.7835014575867 335.9770456649371 390.41496818327414 312.734180301612 390.46337717387723 380.9826194091147 383.40035295851385 282.8406900127002 362.7692556823404 347.99315539581494 370.4922703615739 371.6562217251226 282.0702200188798
315.1895067931987 339.52363967242536 305.3699176690129 267.40270164123103 318.4912436791801 321.3557487084063 302.88093973164496 298.10459798007105 288.3135520061487 325.34376668388995 285.80004807331625 294.34019659743444 319.5594276367915 303.3719256827808 342.71537972425676 268.73324247831806 281.5895794572325 339.4850833082596 316.944459928588 345.77825424767116 304.1547961027745 269.1663490015749 306.4191158033818 335.19289611026215 282.8406900127002 296.93989270013117 269.8556249979474 318.23823797075556 320.8124595894228 282.0702200188798
247.78400423512448 256.13952948409815 258.5128359070659 252.92878908971852 255.6658568882326 248.42815179370064 248.2133165565383 235.36541980245374 248.4507419299539 269.9354171824666 240.02933611916797 262.9845028054315 255.10214006448496 239.55964265291368 262.43568149332305 236.21222417054514 247.39509405222952 280.8539201811127 252.1711613137618 258.69313076793605 241.61480057640802 260.1463092266499 255.8650868342943 282.17454451198864 241.1022269978339 249.66485697806138 254.74808892083456 252.81209316803051 270.5630338383421 243.23167828632631
235.61615498618403 236.90514951680143 234.84834459358308 239.9356618175907 235.45932360011466 238.04789818989457 233.91462581315045 231.25249177267779 238.9055695018492 233.89276999579988 236.6714311394103 239.81421730730472 235.78433993145882 232.28274187052648 230.21756840048783 234.585722850627 232.4151523972614 240.17425827408806 230.68304016339016 238.43286712717736 233.1592164597996 237.84654052576388 232.25684601847024 238.2990421355944 236.0596262209342 239.85393571875557 233.1723518898052 233.93309334545575 240.34733496413037 234.31750305276637
229.99204057450106 230.95802854043814 230.9678925854837 230.0797839899783 230.84047583339452 230.7616330670421 230.66294878362714 229.82915820857625 231.03609906315387 230.86398825916194 230.41158350218484 230.267200699137 230.17543316365345 230.42655540464602 230.21756840048783 230.03543954921224 229.91255667715313 230.4671218091189 230.32523309746648 230.2352241646213 230.84983585075452 229.93014210693264 230.34581611061685 231.56371935540983 230.4203914636314 230.72759494603952 230.46016385799294 229.89435951101677 230.5585318602084 229.66317220672317
229.3479383980598 229.39043884807143 229.4708979092352 229.34295654776042 229.34963640957403 229.34757971587032 229.3629125877269 229.3027530355398 229.3925789945797 229.34662470381727 229.37120326028207 229.4375576261309 229.34084634294368 229.4475328325093 229.41679020884703 229.35552520040574 229.37807622635955 229.39999498545785 229.40591382042248 229.36842860339948 229.4452388564432 229.38240480217428 229.35234052747182 229.4853778786878 229.424931290504 229.36010015326974 229.33193459383483 229.34375720606886 229.61224718463427 229.35597187534677
229.28519088048733 229.28491399460563 229.287859355426 229.2846890401188 229.2844809410717 229.2845630990828 229.2844933457991 229.2844298769046 229.2844884785186 229.28505751964985 229.28588106676534 229.28521449349319 229.28484056501838 229.2857232508618 229.28531871685664 229.28456137273088 229.28476013529462 229.28467413027693 229.28520255358717 229.28452641163267 229.2853465486678 229.2845900325815 229.2845711337386 229.28558197282655 229.28475235574706 229.2847169546303 229.28447197154856 229.28493425902388 229.28803852401552 229.28457691043604
229.28438279541615 229.2843827323686 229.28438295964406 229.28438274797463 229.28438272036374 229.28438271342065 229.2843827131469 229.28438270929928 229.28438271369578 229.28438273577467 229.284382758231 229.28438273594338 229.28438274049086 229.28438275817462 229.2843827336892 229.28438271088453 229.28438271378036 229.2843827260631 229.2843827565921 229.28438271447067 229.28438272167023 229.28438272251424 229.2843827114666 229.28438278657995 229.28438273946313 229.28438273466645 229.2843827099714 229.28438274570726 229.28438287187055 229.28438271294362
229.2843827084871 229.2843827084871 229.2843827084871 229.2843827084871 229.2843827084871 229.2843827084871 229.2843827084871 229.2843827084871 229.2843827084871 229.2843827084871 229.2843827084871 229.2843827084871 229.2843827084871 229.2843827084871 229.2843827084871 229.2843827084871 229.2843827084871 229.2843827084871 229.2843827084871 229.2843827084871 229.2843827084871 229.2843827084871 229.2843827084871 229.2843827084871 229.2843827084871 229.2843827084871 229.2843827084871 229.2843827084871 229.2843827084871 229.2843827084871
229.2843827084871 229.2843827084871 229.2843827084871 229.2843827084871 229.2843827084871 229.2843827084871 229.2843827084871 229.2843827084871 229.2843827084871 229.2843827084871 229.2843827084871 229.2843827084871 229.2843827084871 229.2843827084871 229.2843827084871 229.2843827084871 229.2843827084871 229.2843827084871 229.2843827084871 229.2843827084871 229.2843827084871 229.2843827084871 229.2843827084871 229.2843827084871 229.2843827084871 229.2843827084871 229.2843827084871 229.2843827084871 229.2843827084871 229.2843827084871
229.2843827084871 229.2843827084871 229.2843827084871 229.2843827084871 229.2843827084871 229.2843827084871 229.2843827084871 229.2843827084871 229.2843827084871 229.2843827084871 229.2843827084871 229.2843827084871 229.2843827084871 229.2843827084871 229.2843827084871 229.2843827084871 229.2843827084871 229.2843827084871 229.2843827084871 229.2843827084871 229.2843827084871 229.2843827084871 229.2843827084871 229.2843827084871 229.2843827084871 229.2843827084871 229.2843827084871 229.2843827084871 229.2843827084871 229.2843827084871
199997.0 199997.0 199997.0 199997.0 199997.0 199997.0 199997.0 199997.0 199997.0 199997.0 199997.0 199997.0 199997.0 199997.0 199997.0 199997.0 199997.0 199997.0 199997.0 199997.0 199997.0 199997.0 199997.0 199997.0 199997.0 199997.0 199997.0 199997.0 199997.0 199997.0
