292.20030307671414 247.7232662033125 328.0247778253315 466.5491492761121 229.5009137206498 121.99632662099248 301.64841074529977 86.39277910298597 152.95910832323807 313.2798035414444 77.07740537130121 79.88722660904978 384.97739556981014 96.66963117278556 120.24631297380938 211.03697939092035 417.00227881803175 73.45873117342353 70.21992603684885 256.8725065473941 271.90176275032263 214.90134095024587 151.3299097557856 590.9955020579755 62.30680594377054 200.91983793859208 126.8818976869652 426.39299705732947 135.7194073778237 250.6439177950483
82.51751394045732 127.11369483612134 143.06095343671495 86.98301970009334 159.97706145695884 121.99632662099248 142.0046939729632 86.39277910298597 152.95910832323807 77.42750885510668 77.07740537130121 79.88722660904978 384.97739556981014 96.66963117278556 120.24631297380938 211.03697939092035 209.89584587823174 73.45873117342353 48.885034621634986 256.8725065473941 169.29152566979838 214.90134095024587 98.54525125374676 289.62636392268587 56.956783761936094 154.97891457745482 111.74511942220306 251.343717105442 69.43204320256518 250.6439177950483
82.51751394045732 63.451710789219305 143.06095343671495 86.98301970009334 159.97706145695884 121.99632662099248 82.0405974235382 75.4062814971162 61.920719296796506 77.42750885510668 42.95992288417847 79.88722660904978 299.1980394059324 82.04777130662114 103.01222041228357 211.03697939092035 194.23043188441488 69.62704010534844 48.885034621634986 256.8725065473941 169.29152566979838 140.21782888119833 87.3386174596626 207.965193419554 56.956783761936094 97.25898046168277 90.41070319243317 58.755487453226124 50.46752600954369 250.6439177950483
82.51751394045732 63.451710789219305 94.86887766613745 86.98301970009334 82.95957182738584 81.55677410773797 69.67043684352439 75.4062814971162 61.920719296796506 77.42750885510668 42.95992288417847 72.79714875998025 200.0056015028149 82.04777130662114 63.25863949907807 97.00329900434235 139.04903535895937 62.60760401543121 46.636504486551985 125.17297456963615 169.29152566979838 65.29113048856152 87.3386174596626 71.5277542105614 56.956783761936094 97.25898046168277 90.41070319243317 55.13748186524754 50.46752600954369 89.53760832222906
68.4532141815921 63.451710789219305 34.79329302850374 86.98301970009334 82.95957182738584 49.612834408744675 61.75358995351962 75.4062814971162 46.68463279922071 54.19391052845276 42.95992288417847 59.65642025071429 82.85994101622327 57.6172558677772 56.26322944838603 86.18868434963906 71.618976514731 62.60760401543121 44.078597716039894 34.71606144228781 88.89121846675471 65.29113048856152 72.26581600584177 64.40328342558223 40.42016770594819 53.10515623149422 37.46453022410651 55.13748186524754 50.39863502752996 70.20407211958536
60.56391437653156 52.666765654774736 34.79329302850374 47.93918828415781 59.646425776084016 44.418146730474746 60.40714997374698 53.676834656901974 46.68463279922071 48.66487245432927 42.95992288417847 47.96157168906666 61.289285113640744 45.92995605932765 56.26322944838603 58.90152340700752 50.88891597414704 54.80993129901117 44.078597716039894 34.71606144228781 68.92022793203432 54.3129071147041 59.23994195777959 48.713973018993784 40.42016770594819 41.00838672465443 37.46453022410651 37.159490949971314 50.39863502752996 47.57509989292794
49.25388685186317 31.55462271030683 34.79329302850374 41.71382716939161 45.83676209412761 33.475531189104004 48.97562514600577 52.66416298303557 37.44179259854627 39.38609255577012 42.95992288417847 26.63730835959268 42.890346885828876 45.92995605932765 50.947524519099716 39.84631353855684 38.02061480073962 36.58719121965305 35.137066222867816 34.71606144228781 47.162354607248744 44.4943966439273 42.56437744607729 45.54238969848802 40.42016770594819 35.0225646362378 37.46453022410651 34.96664118421222 43.30958954377138 37.70065320681397
35.88022257013381 31.55462271030683 34.79329302850374 30.354384458741606 38.205720401844246 33.475531189104004 39.42504643035136 35.26996954078231 32.15283386076271 39.38609255577012 37.32580389484883 26.63730835959268 37.54668993831274 36.477666903336285 33.88638379547183 39.84631353855684 37.16418088497812 29.448256152902104 30.807322093505718 32.42939509325333 35.376869385246664 32.05757883210572 39.111935763466136 39.293688408682556 38.6632325829155 35.0225646362378 37.46453022410651 33.36997280896367 29.1515728480299 35.479495798995686
30.187459704002322 31.55462271030683 31.189412422396344 27.295139382588786 32.88826213484481 26.243416051324402 32.010702121347094 33.01986693606568 32.15283386076271 32.37926428805122 29.254469660423638 21.894350411007053 29.358251592778743 26.71197587311326 31.723195523125014 36.240564594227635 30.7975863585757 29.448256152902104 29.00510917686597 31.950925645220195 30.14337877567914 32.05757883210572 31.25750455876596 30.67937424878346 31.666991568628873 32.4807348589552 30.65923292760499 30.351373467770372 28.290460714783876 26.44881681534298
27.94852011745843 28.318841311540382 26.162749447719307 27.295139382588786 26.2347203709146 26.243416051324402 27.07194081244961 29.413050788227793 28.166312431186725 28.07047961641274 27.334607537826287 21.894350411007053 29.358251592778743 26.71197587311326 27.49883824034032 27.846368583099775 29.742073174212692 27.175209956928484 25.687343696393782 27.66186447961445 27.37265624427937 28.967447766121495 29.859903148561443 26.76452239326818 27.774381668961723 27.12326519537646 28.017025088557148 28.540819402707257 27.666424365354487 25.0479278695384
24.16089353140751 25.045482970564535 19.181076444214796 22.73394934807129 24.702942602623807 25.071130465045826 20.0997670547481 20.60418897929185 23.89210664357188 22.913487348945637 25.439498685948365 15.635841575903669 19.558035517099142 25.702012296703742 24.80321048360429 23.666356643029303 25.039999679052926 25.62935786578373 21.419510650634038 27.647837693127258 26.109208637351912 26.381462674894465 26.0657548879567 23.861881550774797 17.904553930877228 25.111038558380642 25.623357634920012 26.41510433220401 26.819467929037728 25.0479278695384
19.627267715413836 23.709427431759195 13.844264014883265 19.416796353726113 23.920118006486973 23.6881766838992 18.67961768659916 16.960317513936843 21.818604809182943 22.913487348945637 22.67558558280598 15.523926221036618 18.56565277115078 20.948703294165625 19.314282574909157 22.764191886753906 16.48488001464375 23.600696200439415 20.319633860397516 24.891412925109762 14.761880365532761 23.178398428771743 23.148654566876758 22.490550024153436 15.533176239102886 23.105907012005446 22.374301097060197 18.63534830701292 23.35751044362314 22.671593404239957
16.784362896275525 20.95678302562237 13.45583738939331 14.67349781641451 18.82107434812451 19.6677113551832 15.547365569680096 15.839039880194377 14.80285396531508 19.360215867605802 16.995484773111002 8.130409372664872 15.543845625484664 17.86573581796665 17.51850881126211 20.73572826891086 16.48488001464375 21.938951443060887 20.309207386326307 23.134291587459302 14.115880809403734 18.463364331927096 17.701361617727798 17.9449095975624 15.533176239102886 13.5428960739805 16.450839780026854 11.931982143310051 22.77381479415999 22.166418286583394
16.008829111737214 13.214972091320305 9.883653578320718 14.559424264449262 12.382034204996671 10.985841530954986 15.03859796751749 15.597651216016402 14.372197135535771 18.67607510518792 16.49237724150089 7.806495956746403 13.068922811797165 16.821176850066422 14.886685228505485 16.76943954147373 13.956467498920574 14.204063931981182 19.49134967018881 22.015815745197415 12.1464238103772 16.871406002583626 16.12379940648634 17.35824269896284 11.139646736892246 13.353624320036033 15.39277426738272 10.592295520562402 12.931655714135559 20.687722039681375
11.25878128682325 8.203660699413376 7.795895470154392 7.913241836098678 6.333663234940559 8.709936196114995 9.132736237524114 9.798366008395533 5.383390106203024 15.586849812754735 9.219672946834635 5.123865445781121 7.536323072812593 3.5637644985595216 11.082947218771096 7.086599818206196 2.781699790295079 8.152652920546188 9.89127731588269 20.529600698720515 6.063445524084273 7.997883554462078 4.389888687303937 9.115783270484371 4.86268910808667 6.364914956283428 6.776376311362128 9.602898705667485 8.385078762655667 6.617004844163603
0.18098814632048743 0.7819259654606867 0.21866441909241985 0.05438090250163441 0.04171733976318137 0.7052694152512231 0.6642828345966336 0.29935052436439946 0.05557608639537648 0.13286377191661813 0.11823098237573504 0.07720496518231812 0.04425010730665235 0.6766836235519804 0.13659753765296045 0.23464752368136033 0.15504239246502038 0.46886566549346753 0.053598877645526954 0.2350808552610033 0.7517454085232202 0.13735693030321272 0.14140852766740863 0.14452297437310335 0.04801018710168137 0.17996504942766478 0.6270003778222417 0.0951085072265414 0.1693182551503014 0.7901050502159706
199997.0 199997.0 199997.0 199997.0 199997.0 199997.0 199997.0 199997.0 199997.0 199997.0 199997.0 199997.0 199997.0 199997.0 199997.0 199997.0 199997.0 199997.0 199997.0 199997.0 199997.0 199997.0 199997.0 199997.0 199997.0 199997.0 199997.0 199997.0 199997.0 199997.0
