847.8634666068922 259.81506374900914 834.406824778488 2737.1304014870357 1135.711944533011 1270.152901617034 2085.613799954207 2031.2868936793375 1005.9417096766715 1727.8690244714671 2300.0932362613 1416.4925701089273 1245.0421601490173 588.148005041763 1724.1330176133579 1501.3807345247913 1528.0529193649431 811.4162197314456 1933.5981717474065 2266.8261287853743 1793.745410654894 1465.7751624472853 1117.668647886645 1191.475050938819 2485.684239470337 1286.7146636258296 2263.7584893731096 2086.6768773972526 1604.095517637406 2418.7949274781936
568.4698532170287 259.81506374900914 748.7493312290126 1019.9479607814098 760.2874513072911 1270.152901617034 1610.3601660973902 967.24063767709 1005.9417096766715 1222.8683098788892 970.7364440225267 438.2706630779353 1245.0421601490173 588.148005041763 1666.1919297033555 1501.3807345247913 957.8842945846864 747.0888852434864 1739.143751227185 2266.8261287853743 1190.3574817246213 1465.7751624472853 946.5923136565639 981.1313195797861 1610.6077505191984 919.4313754485761 2263.7584893731096 1807.59329017638 1500.2778841156382 577.77141738932
568.4698532170287 259.81506374900914 598.0684755950226 1019.9479607814098 760.2874513072911 1270.152901617034 1610.3601660973902 967.24063767709 685.3963028412722 198.5735975832664 970.7364440225267 438.2706630779353 992.1324957801894 527.4241792689 843.1613415093259 1501.3807345247913 622.4386349455541 225.75376508758177 1286.026363792597 1175.116052505344 684.0223471789477 753.1374387131145 946.5923136565639 981.1313195797861 667.9239733773416 697.3726040784647 651.4856565860346 683.3299205051749 1500.2778841156382 577.77141738932
193.8365990802398 259.81506374900914 243.27820433960596 407.64850548395657 247.09545156693878 869.4036793794983 641.4113742019736 593.28696211678 565.9756009893865 198.5735975832664 529.1508605835186 438.2706630779353 973.7199621827649 385.30519789713367 608.2563902309208 980.3113289627663 622.4386349455541 225.75376508758177 1286.026363792597 862.7774332861311 684.0223471789477 753.1374387131145 491.7496717442873 877.4712057382487 279.6895897719771 595.3569127934074 651.4856565860346 683.3299205051749 429.854399207018 512.4460445939116
193.8365990802398 259.81506374900914 168.69729279639478 195.51513011466932 207.99630107766825 289.1770546198992 206.33230432505798 287.83845645798306 315.1950435333624 198.5735975832664 443.87380883640685 141.50257878335083 553.2302326456169 166.5684365362073 120.75300152308694 300.98023036048426 271.8583992432748 225.75376508758177 360.7754047022488 405.91528055290837 275.6310473679546 139.07655761393096 129.66633486768137 218.88874116627505 279.6895897719771 243.55269165430332 172.28129219506627 202.0107662944988 264.3932694009527 194.4454959129912
187.72654129662806 159.1686079559713 114.33710700920096 111.08064429999285 154.37494410495412 110.14617026230593 91.1181790986476 111.7892812304533 103.05865561458927 93.0477597845744 129.8660606793826 136.48348670917824 86.96322465685108 166.5684365362073 120.75300152308694 147.2176849181385 89.44173476247272 87.5651115267516 95.17884467306715 152.499004950021 169.46509730230673 105.3362867653376 129.66633486768137 135.91038817227832 115.7395708362742 109.32335478236206 137.15745487257993 166.36212740242468 108.84880616903149 84.51662746284546
87.86027725176086 77.33578184994099 80.49005594893612 84.67814407062599 91.67952004342669 68.89695455205322 53.0677426761427 80.3281878322739 55.59630926129353 59.422084644789834 73.51339334562823 76.17373266451966 86.96322465685108 59.61343883250743 61.69865702178214 74.54236239522857 66.02762609629968 74.29450639600657 70.3571158007822 79.88737020644425 98.47943408769748 98.60881690550445 81.14855448537253 94.79933435189213 54.96452147906456 103.35400057224217 97.27830629294937 104.71246130428153 73.98277596733715 84.51662746284546
33.985406771246915 34.39113900639927 37.50980133261817 37.5870582290807 62.0533833306697 45.14592212474497 49.97506074780961 48.132159331016794 37.25579069284612 29.448567773125717 42.77590056937851 48.37723216888497 42.386788164418306 49.457691563287085 52.06897540743927 40.31489128800757 45.81602767110485 32.15291271608021 51.335184614952766 45.94094197000214 43.067150954740384 47.25764865988651 48.252632939641614 53.102559632749035 44.86506555739663 33.68349096705998 62.64196711300451 53.158385586192594 36.7141582784152 36.057985814206745
30.316559409978993 21.9557108247065 25.732621788469714 26.029330168502383 27.07018158793477 25.944535984635934 16.148976098118396 23.287754760693588 19.134849515268797 21.676242678132155 23.815771070977405 22.830415735894633 23.666043419989705 27.588475478732164 20.487249236324203 17.852220197104145 13.78665566670088 26.59139120726246 17.20178592035512 20.86385966384205 24.364621113746807 21.452046831665484 16.604011577678307 27.500174386602623 20.764668350313684 21.691205467975635 21.925688965410757 21.79691276166136 18.528961192694283 34.40057013611232
13.643389022325323 13.421775314917 12.94067686329214 9.570625653026866 12.493412405758761 11.075762305705325 13.989345640267345 16.950843262374576 13.531074861935735 10.775943605211694 14.416282534647166 13.106229320799741 11.991964537981914 11.952212528736482 11.992813114177125 12.491982754993785 11.083450902262712 11.563144691382263 11.862150335809702 14.271982282841293 11.445788563040026 13.423922834328607 11.831943276060088 15.380514445056633 10.681056819570983 12.11226553910501 13.341709365979796 10.747278417486768 12.801602051678344 17.32730529712518
9.46018334883155 9.755179632003433 10.66821992124136 8.34271987891583 9.22019670190548 8.388655792754662 9.10757662450493 8.926627824572336 8.184060646459272 9.042964387913344 9.79123659805822 8.804384993391352 10.340640109419155 9.20939408607137 9.382949491398563 9.449844241086453 8.294036914105732 9.244715868557194 9.485439766542186 9.19805696965733 8.833719361280885 9.089512974050194 9.293899750357411 9.99438351334544 7.740998030060382 8.975606553436933 9.094022011655966 8.967482914139396 9.236683573824507 8.319571262566797
7.955699116825144 7.698356314513433 7.739320632381919 7.6585527197615875 8.922319319873282 7.557965277860944 7.766239673974155 7.657781442966609 7.534612797776447 8.918620860615022 7.851802277594686 7.409370961382876 8.127089160580795 8.924046257720818 8.927484377529424 7.917786873975331 7.559459261738709 8.950375707917658 7.701793256761675 7.580529937750725 8.135631761767684 7.652624760056199 8.918856985221623 8.990737240615601 6.951511186087089 8.917072873209577 7.6776327976101015 8.916422303821776 8.918994966756031 7.514945000274906
7.260751164492717 7.427593234636504 7.184374817218952 7.2017292018201715 8.91610248585846 7.014206433939876 7.157454170531423 7.160469962308639 7.1053012977816365 8.916102286665705 7.548624698790036 7.013336467557281 7.3137376804024825 8.916103476299497 7.537448841843684 7.457653117827533 7.131142605764353 7.562700686775202 7.343885941973724 7.26489291095487 7.652354371212766 7.107469533808228 8.91610311747661 8.21620649304242 6.343079912184123 8.916102032374397 6.722623198843564 8.91610198086721 8.916102554994723 6.9555397308428155
7.112086895492041 7.274537027028828 6.914928110505969 6.70519255841856 8.916101927781824 6.633707294437784 6.812507535985446 6.71934836392046 6.348246996461114 8.916101927781426 7.345865185895718 6.317367227839895 6.806389745553702 8.916101927781824 7.372181987322506 7.297518608236032 6.775636026029986 7.413056368142236 7.163004573622743 6.9700080639742055 7.612174382254409 6.627099535765581 8.916101927781597 8.049246758668232 3.987305211000944 8.91610192778137 6.262789230235342 8.916101927781312 8.916101927781426 6.426531157251247
4.007413004544901 3.9922526074810207 4.009905538116016 3.9865803830292634 8.916101927781312 3.986580481239457 3.986605558529277 4.078432499880364 3.9865791319073196 8.916101927781312 3.9974080059785706 3.9867991267767025 3.986579817571055 8.916101927781312 5.725215220358223 6.83987172713006 3.9866007154153635 4.890241742571106 4.689192482123133 3.9907111864998797 7.437330667636218 3.9865867214051605 8.916101927781312 7.926389352523586 3.986579112350512 8.916101927781312 3.986579240245078 8.916101927781312 8.916101927781312 3.9865802913838024
3.986579112347158 3.986579112347158 3.986579112347158 3.986579112347158 8.916101927781312 3.986579112347158 3.986579112347158 3.986579112347158 3.986579112347158 8.916101927781312 3.986579112347158 3.986579112347158 3.986579112347158 8.916101927781312 3.986579112347158 3.986579112347158 3.986579112347158 3.986579112347158 3.986579112347158 3.986579112347158 3.986579112347158 3.986579112347158 8.916101927781312 3.986579112347158 3.986579112347158 8.916101927781312 3.986579112347158 8.916101927781312 8.916101927781312 3.986579112347158
199997.0 199997.0 199997.0 199997.0 199997.0 199997.0 199997.0 199997.0 199997.0 199997.0 199997.0 199997.0 199997.0 199997.0 199997.0 199997.0 199997.0 199997.0 199997.0 199997.0 199997.0 199997.0 199997.0 199997.0 199997.0 199997.0 199997.0 199997.0 199997.0 199997.0
