122.17474304757593 114.23087922096352 95.3971458959727 125.12951604517275 115.01373238593567 97.61495256524006 122.352551887696 122.23463430847187 95.75341330707329 103.57856045147071 107.13735658889323 91.03827863300876 101.7065781846668 119.64733311607222 101.06890639681853 118.58554769348143 104.0172110092825 98.99363476919109 93.6765683962933 109.14675538771667 83.84521971691049 111.63934740335685 111.23589139698436 116.68123488080039 98.10277389252383 119.94361252743147 99.26579460942935 126.69948893264348 85.2705777511436 106.48154796857739
111.61970766243905 102.4936124478038 87.25242082284251 98.52923793610228 115.01373238593567 97.61495256524006 76.75743233792866 104.27480342677507 90.13895703652679 103.57856045147071 60.83836837074091 91.03827863300876 89.3797508262005 87.02503208139615 80.62009787642387 80.39537432636132 104.0172110092825 96.84008552180853 93.6765683962933 85.01919034582261 83.84521971691049 77.07446370172693 111.23589139698436 101.43255128861972 98.10277389252383 114.65437360101475 99.26579460942935 90.73017372548429 85.2705777511436 106.48154796857739
102.26829653177822 99.55220832443865 87.25242082284251 89.09267516919203 115.01373238593567 96.52957121495524 76.75743233792866 101.69152327941401 90.13895703652679 86.40055132627833 60.83836837074091 72.92354881314577 89.24835880608282 87.02503208139615 80.62009787642387 80.39537432636132 104.0172110092825 79.42815996653792 62.48980564067506 85.01919034582261 82.65626948505496 77.07446370172693 98.47504539262627 101.43255128861972 98.10277389252383 102.19643769936965 85.35042597642894 81.53433549368549 70.97398273086924 88.18140266313583
93.40969715753226 96.77597391691177 82.51660064197767 76.39088092974373 84.60120577534428 95.49768317575911 76.75743233792866 90.97724169785533 88.89424769755988 86.40055132627833 60.83836837074091 72.92354881314577 89.24835880608282 87.02503208139615 80.62009787642387 80.39537432636132 90.04430903259504 79.42815996653792 62.48980564067506 85.01919034582261 82.65626948505496 77.07446370172693 85.61313712395281 100.59940270585014 92.34364857902244 97.03168327437243 85.35042597642894 81.53433549368549 70.97398273086924 88.18140266313583
79.62202373209993 92.49704471908842 69.69039927421841 76.39088092974373 78.21418727612888 78.90423759503346 69.71234164911448 75.46692533921055 78.28285097146613 86.40055132627833 60.83836837074091 72.92354881314577 79.04639104881926 86.88428887641533 68.48408310145066 80.39537432636132 83.25188146623793 74.64152590717765 62.48980564067506 68.86744121487618 81.57050638529859 77.07446370172693 85.61313712395281 80.57447828709621 70.41613518904182 73.65935279554333 82.97865735973971 81.53433549368549 70.97398273086924 84.3863531395009
61.209567491576195 68.33591295412259 61.3357661694522 62.768175890223574 77.8443378876043 66.86060072067596 68.10514105062498 66.24674828016634 46.52688659376622 68.21489991380497 60.83836837074091 62.192949199364534 74.59993738253627 65.97278040581773 59.35218806229318 72.40087315584503 79.72211745476363 44.926439495693785 62.48980564067506 68.86744121487618 66.2427179650773 60.894942965817336 78.79463647896705 65.39556503138658 70.41613518904182 73.65935279554333 64.42067430184284 78.4258063791076 70.97398273086924 70.53224514267754
61.209567491576195 64.28732790525112 61.3357661694522 59.04515771593549 70.60874334710377 49.323623887054055 58.244617889436995 62.8531901332949 46.52688659376622 68.21489991380497 50.22357487228237 62.192949199364534 68.7073770280706 59.58476967572483 59.35218806229318 62.55491972734933 65.64360892313312 44.926439495693785 54.93063892414125 68.86744121487618 61.081285214749755 57.57784014801166 66.2821704132192 65.39556503138658 67.20501869818361 58.97017627712353 58.00579241886146 59.15182347067389 57.82027289511393 58.25034344059395
44.896388051519125 61.29929730941171 44.3656114577409 39.56022166484422 41.291579444901345 49.323623887054055 56.39187744128503 58.33633716691679 46.52688659376622 64.63727324792387 50.22357487228237 62.192949199364534 64.62946000212253 30.371433687098374 45.63217434310695 62.55491972734933 58.80494257873306 44.926439495693785 54.93063892414125 59.301826775901986 57.68826593410017 57.57784014801166 50.48395813983643 51.597892049225834 51.54149140218317 55.20128723826076 58.00579241886146 56.4013737577651 51.596303713390284 57.77222588829716
44.896388051519125 61.29929730941171 44.3656114577409 39.56022166484422 41.291579444901345 47.529362070676484 49.942253671026265 46.67180941977813 29.20733135888713 51.24713811298318 50.22357487228237 43.06665063279911 56.55337147370062 30.371433687098374 43.94383097990135 38.76575511841543 55.0386598804929 44.90407797403532 54.93063892414125 38.56532499861339 52.77756039462611 56.85287325673994 46.23755275048359 51.597892049225834 51.54149140218317 55.20128723826076 55.08920016618413 43.31446345025563 51.596303713390284 49.03030838909069
40.749651478600526 36.060724662313646 43.01390288526568 33.37903312958724 41.291579444901345 45.551411502966516 47.86578994479703 46.67180941977813 29.20733135888713 38.02654819152542 47.6047878449358 39.45317517936439 42.832004394726596 30.371433687098374 38.61574088744692 38.76575511841543 48.940820859247424 40.24447522047922 50.86161785214017 33.9425331283328 48.211615157911865 52.28783858648842 45.06038990389652 44.87752241983469 48.97663703837054 48.51305328710657 48.657559052123815 43.31446345025563 45.247396916146045 48.574275478358686
32.58610502428053 36.060724662313646 39.883665863347574 32.58474713340411 27.146955984273973 34.86980163858004 34.72777063146066 38.63636467043352 29.20733135888713 38.02654819152542 30.7473565952572 34.92415498763535 40.79831691627635 24.725200880689954 18.117880826078476 37.61694777219634 38.238601525651916 37.6358608079579 31.434410858863316 33.3172868355191 34.95529060413662 29.992636514427204 34.60780932847729 39.70970697386986 33.75761140865791 41.46624952653349 41.102414208235245 33.38633539696309 36.31466127200292 31.913768162133806
31.693993990746208 22.447226492936352 27.856372073832745 30.10053758895924 22.224091003867784 18.829296358988586 24.175663253765833 21.174051748334364 25.79077564259353 30.76247147525544 26.695795399801113 29.104692403425474 26.953164344218294 15.829469496939168 16.32769452905552 26.88968752225378 31.760174415573147 29.00139012998227 30.56634351484115 21.28158224470519 29.8297015872497 24.63747909075687 25.498390210740467 26.154544136376217 19.719271674838865 30.103841197779275 14.98814233924486 21.864861466376624 24.725483421537888 26.24694386341048
15.68699141070249 14.198631234306504 13.37990550028178 16.386312099483916 12.96473958641127 15.697973640470877 15.683426887465657 13.40347183099118 14.624210688005178 15.102082817996916 12.6226719257495 17.35280866368271 19.41843755567197 13.726978262051034 10.322831887635857 17.6318085958942 18.844852594304484 14.342602303515037 16.658380059846536 11.513875357002235 13.172353230877775 10.568166152032859 16.134233437262083 9.519731896175927 13.29559690409701 18.008900910691864 6.431407068272506 19.27780769619801 12.74825252319738 13.862035335127644
7.371249599498242 9.579800306399079 8.372643937787188 10.126942439460322 6.94209775644606 9.863505398743314 7.3536372749684915 5.019963038869832 5.493912423498841 7.674200956121354 7.367262748150324 12.84545050887516 12.293030049593312 9.000026519925314 7.260740065617142 4.446132272346176 9.163795884148044 8.491433431433393 7.925854261614859 5.530589847245892 7.821604789002208 5.591602022391044 4.965310102718604 7.686820619009609 8.303767593231896 10.322714209840797 5.891007738310009 10.227696764671123 7.606262063731492 8.100027150817482
6.171909781758131 4.137989218190569 3.5153143747996864 6.0722163752013785 5.362958327443607 6.214904504505853 4.100974180745993 3.8933960419335563 3.2906523807131407 4.285301976730921 4.378159669101819 8.187567827864427 4.137039893905126 4.271071446701399 4.975391394773055 2.1368817078146094 7.241432891112595 5.386232940959076 2.1206815673903066 3.356054997421893 4.144083083524606 4.263395262717381 4.34185165597637 4.266803134535735 6.3852855455239705 7.658718398572205 4.205763971079364 6.474084138561693 3.2200860117175125 5.219863253330232
5.970931234471664 4.010422761361951 2.9858799623623327 5.971058422381589 4.977448884406613 4.977810728811619 3.9798362415083375 2.9901628478448856 2.9850282521422287 3.9811473563421487 3.984051590484455 7.9627828940273275 2.985974456744543 3.5781438830504158 3.9811714133842315 1.991955853196373 6.97004837032955 4.976084504731489 1.9945742125723882 2.9866975118403616 3.9815311743948314 3.98104336343647 3.983715960641348 3.981022642553853 5.971662934547794 6.969510368100941 3.982975272501676 4.97499627485081 2.985179589710583 4.9776048537307815
199997.0 199997.0 199997.0 199997.0 199997.0 199997.0 199997.0 199997.0 199997.0 199997.0 199997.0 199997.0 199997.0 199997.0 199997.0 199997.0 199997.0 199997.0 199997.0 199997.0 199997.0 199997.0 199997.0 199997.0 199997.0 199997.0 199997.0 199997.0 199997.0 199997.0
