86.46408168194239 79.47011250435844 74.11111881923603 85.7487875388623 94.14006086905067 91.63313374541622 111.58172855431053 75.11868753163105 69.07247089215775 99.42720660154885 84.42208468493811 92.34103923152247 70.7967230466453 88.8156790194073 93.87545486309546 73.99315401993329 107.95679416037012 79.0406630300082 106.05992333646714 69.36116150531961 63.18176770761568 62.84046944683246 57.36417161770805 87.83770443527351 78.32035396202036 100.56148171990151 82.44484697523876 88.04421824564054 82.0596714734537 74.00138382322268
83.78295272431819 79.47011250435844 74.11111881923603 85.04186482160969 62.456844638833445 81.3300801305918 92.70789805299296 70.47330245635749 69.07247089215775 60.0411829029008 65.34964550046743 56.26252938212099 68.86237846868607 88.8156790194073 71.9966723846851 54.784551062193714 97.02790582342254 77.14489614831461 90.37636015673161 69.36116150531961 61.86462877092242 53.52944073661058 57.36417161770805 83.49117460145101 78.32035396202036 70.86202210406634 77.94688520257466 77.14681828940752 78.8610870998981 59.8732711773265
81.2286244925831 74.7452629868086 74.11111881923603 44.6383022579131 49.85604197108648 73.14196161936502 84.27092776411439 63.5422553538217 69.07247089215775 60.0411829029008 55.02148602644536 56.26252938212099 65.82853799353882 66.4108594346933 71.9966723846851 54.784551062193714 82.45392556705804 67.49051494159414 89.56493533098819 69.30643774472901 57.15052973447564 53.52944073661058 54.19711276988653 74.347739495366 53.95758517230411 70.86202210406634 63.55626449167232 77.14681828940752 78.8610870998981 59.73815533409493
52.61903849228827 67.6059313107728 65.54809441414454 44.6383022579131 49.85604197108648 58.44837931598158 53.04754495497946 63.5422553538217 49.45487006169833 60.0411829029008 55.02148602644536 56.26252938212099 63.89156513863293 66.4108594346933 68.61258654650442 54.784551062193714 72.89342569481573 64.07559223136695 70.71611219996453 68.84998407947569 57.15052973447564 46.58153866285568 49.827433954326125 54.17662101191911 36.23278430560538 62.02392509047229 38.64809894476025 77.14681828940752 74.14489976453683 59.73815533409493
52.61903849228827 49.13995532233241 35.22872992298517 42.80771331047413 47.34504516302661 58.05208446721076 53.04754495497946 45.843479966035375 38.17563063310115 53.92734783496894 48.786059261771584 50.55695125897182 41.87018263306095 46.77804935311144 52.00763562172051 42.38226361134582 57.57922960490305 52.74954021017493 52.359803633406386 38.48517103248764 44.03384674391839 41.28223641922045 37.165509664205615 34.53517707068613 36.23278430560538 47.19167897930595 38.64809894476025 48.027959396140545 46.576873473465525 45.34069036989115
46.29953152452583 36.07708756336183 35.22872992298517 39.84879329322143 22.894044222689104 44.527284470456266 36.310659874551675 41.30718868981012 38.17563063310115 41.62202713430122 37.229553185608324 39.908489063623506 35.42366591580378 34.800470505317776 30.918806509886736 35.87763269592824 36.27909657527175 27.795745264306447 29.604175489350723 26.20435544345878 36.39442210435948 32.05825853474198 28.6742435047521 34.53517707068613 36.000811712905374 39.52294922217936 37.086206833180995 37.919041736507666 39.232874918969856 29.719117838870034
29.88123087937538 19.11849911990771 24.04513049747959 28.47362469146094 22.894044222689104 28.129353447305107 29.959225151567466 22.35105465180129 28.12147121083376 31.19263773895591 30.674485314203594 28.06603620788985 33.36478571681698 31.711268237707486 28.980918957037602 32.670798475273045 29.350472839761437 27.795745264306447 29.604175489350723 26.20435544345878 35.13524227735502 25.428727898986608 28.6742435047521 23.627085860966417 22.843766186129187 32.90584192901929 37.086206833180995 36.25731100813812 28.953987331574808 29.719117838870034
18.059580233760585 17.36300674577444 24.04513049747959 20.69748323828287 18.92888372317418 22.129223236215694 16.529745558853733 16.495853094380777 21.416499643820202 18.332788876952804 19.08260676628356 16.627993370013428 23.142568145639302 23.364536068279676 21.483722267318967 29.54464141046185 20.815783685952624 21.69916660794388 23.368802421087253 18.00040172963361 21.395539512820164 23.63375808830176 21.56644143616677 17.798326796385595 12.686489586204061 24.09456910869983 21.31384126549574 23.660746706117607 18.418073606200437 23.724833071754006
11.540820408551781 9.484614249509605 11.795437931713195 12.901167985281177 11.06617941803097 10.971237846665645 10.216714379875839 9.085495418075425 9.816802263923591 15.219843829376941 13.88997925242279 11.727845112873524 12.834003877792952 13.624872606645681 11.8332430196632 12.309509673523166 15.578750670340014 12.317925817242667 11.829301242626684 14.502620160136757 13.64569056246205 11.564696197425064 13.667690990586607 12.562373089125117 9.374293430845455 14.572078494185575 9.180733773905331 13.142828428708867 8.948326859365352 14.028047222952978
6.537857054402366 7.028646702624997 8.422815417252082 7.100453330179903 5.1344914338681065 6.656677588161301 5.383013863019869 5.150236545362759 5.790608475842419 6.688412278181545 7.36847389040247 5.831707039391745 6.036483177089849 8.005450795033198 6.8766876903926 7.23217220661968 5.930167379046338 5.963297196366966 7.958196815886254 5.753285245047664 5.817418509195932 6.131243239882679 5.749531401349373 5.816160313257797 5.348439173345469 6.160851303033496 4.742643641124118 6.273100487380475 6.6885056148225885 6.13907623302714
1.7690827811154577 3.0867566322727953 2.797159040745896 2.273677536437731 1.8863017823651944 1.9241484217794778 2.03431281645328 1.101415888529118 2.1298040977328583 1.6029252990517762 2.2797502843961865 2.208262595177871 2.566150352493537 2.6340960964904525 2.6518755820867455 2.500224653404757 2.6953801225736242 2.6905247329152644 3.1635684475158996 2.7322129854259174 1.4456179684650579 2.2355496256843708 3.1450297143489934 2.2565780832238715 2.1894154507936037 2.8449705716278686 2.4652510056662322 2.5074865274582407 2.74278905430765 2.256490485657764
0.4924110129808241 0.5347350912679758 0.6851210864542736 0.37437489022727277 0.303196495389102 0.4505237587238753 0.3498936135945314 0.4932704626112354 0.405463959509234 0.5452162303505474 0.6622234137520309 0.529179795816276 0.6231014946782807 0.7825721459628312 0.6733384097481121 0.38449269338570957 0.6043983196682348 0.39979312862089955 0.682010983063833 0.5362151048716441 0.428424414064807 0.48659035016191865 0.5333900614211871 0.48661448317409395 0.48833748602123705 0.3737603379529446 0.4577700938025373 0.5389468295128381 0.5168784589906181 0.3727714386744765
0.021109540012162142 0.04153471387337504 0.026418679237735887 0.04108803153667395 0.022599116241053707 0.02729306612138771 0.025059732156250902 0.02563522792479489 0.03481808472190551 0.04287766378251945 0.04745491467917873 0.03439885043178492 0.041259519295522296 0.052430443659545745 0.044550813581963666 0.03869888573933622 0.034310487713923976 0.04017898255347063 0.028341898175199276 0.03557436557161964 0.0458238420573025 0.03588484575016082 0.03815589891360105 0.04951980929104138 0.024433286039993618 0.03573840154513164 0.03742447647357494 0.028975008152087867 0.0475640861360489 0.041504340051005784
0.00012370495028335426 0.00021925372379882901 0.00021431243646929943 0.0003422415703653314 0.00010655379742274818 0.0002470825680802591 0.00010942629705823492 0.00016351647093415522 0.00020957416484179703 0.00023506753598212526 0.00038981188674824807 0.00022657216209154285 0.0002541687267694215 0.00029090912698848115 0.00029830354287696537 0.00034836819781958184 0.00030952774284287443 0.00026598061276672524 0.00020619324311610399 0.00028390750139806187 0.0002964726879781665 0.0005170085375993949 0.00021688494894078758 0.00035895128530682996 0.00017424873703930643 0.00024651100238770596 0.0002537579068757623 0.00022561234936802066 0.00021494894758689043 0.00029829617278664955
1e-08 1e-08 1e-08 1e-08 1e-08 1e-08 1e-08 1e-08 1e-08 1e-08 1e-08 1e-08 1e-08 1e-08 1e-08 1e-08 1e-08 1e-08 1e-08 1e-08 1e-08 1e-08 1e-08 1e-08 1e-08 1e-08 1e-08 1e-08 1e-08 1e-08
1e-08 1e-08 1e-08 1e-08 1e-08 1e-08 1e-08 1e-08 1e-08 1e-08 1e-08 1e-08 1e-08 1e-08 1e-08 1e-08 1e-08 1e-08 1e-08 1e-08 1e-08 1e-08 1e-08 1e-08 1e-08 1e-08 1e-08 1e-08 1e-08 1e-08
114898.0 117924.0 117924.0 116696.0 113065.0 114661.0 115293.0 115996.0 114503.0 116386.0 118456.0 116773.0 117004.0 114898.0 116773.0 117466.0 117081.0 116386.0 115684.0 119135.0 118456.0 118228.0 115056.0 118152.0 116464.0 117081.0 116850.0 117312.0 115450.0 116542.0
