891938.716874142 100140.10109974247 140668.49576369146 126285.26620738808 76902.41441942878 109360.09332614698 71034.40271447664 111697.60400081231 449768.7281554051 4763937.569262071 69220.86617861161 97274.86671477472 1535776.0049705734 79092.91513304433 74439.98212138518 82730.51290679642 156286.25131325162 101313.7422396069 70753.69738531097 88243.90039887125 86653.95630215305 95400.82453972157 82734.10410310753 62809.02393110478 94281.02950880973 137313.98542990486 72734.84098736408 374095.0229121176 61175.458550977564 114046.71780411035
195748.4924096894 86192.73927121374 89075.62217419107 85095.21638549387 76902.41441942878 109360.09332614698 71034.40271447664 99608.75298970226 449768.7281554051 86455.32911173571 69220.86617861161 97274.86671477472 77265.21662304236 79092.91513304433 74439.98212138518 82730.51290679642 61755.62968794853 74003.90784182325 40197.46227141234 88243.90039887125 62117.939009893074 74379.78308578818 82734.10410310753 62809.02393110478 94281.02950880973 127757.2338713663 72734.84098736408 76088.02804464746 61175.458550977564 88967.36227025614
67812.90965012588 63117.84174635913 69159.94901961838 85095.21638549387 71987.64369317117 47113.91801585997 71034.40271447664 99608.75298970226 26801.891324741107 64520.7679801721 62085.653880399615 97274.86671477472 65540.02280294652 72283.37543479321 74439.98212138518 55001.08526154963 61755.62968794853 74003.90784182325 40197.46227141234 73488.17820295048 62117.939009893074 55628.4429130328 62787.48452426389 62809.02393110478 74791.9556378962 65063.979905832675 66614.0242367501 76088.02804464746 48558.430775931294 73056.38920526573
67812.90965012588 63117.84174635913 69159.94901961838 66828.8090433484 65324.99559891442 47113.91801585997 71034.40271447664 72626.1622080017 26801.891324741107 64520.7679801721 62085.653880399615 88101.44719557436 57343.897798764425 60768.6044653242 69319.65686550207 55001.08526154963 61755.62968794853 74003.90784182325 40197.46227141234 59280.33903236785 62117.939009893074 55628.4429130328 62787.48452426389 62809.02393110478 74791.9556378962 60130.34183514698 66614.0242367501 76088.02804464746 48558.430775931294 73056.38920526573
67812.90965012588 63117.84174635913 66268.39152044171 60207.85296538192 65324.99559891442 47113.91801585997 68040.4841707545 52550.52529712053 26801.891324741107 55094.76405789363 62085.653880399615 88101.44719557436 54109.65057548871 58251.39844069772 65295.78595210813 55001.08526154963 52576.50977357281 74003.90784182325 34006.55630681682 37010.48923348305 62117.939009893074 55528.36109357515 62787.48452426389 62809.02393110478 74791.9556378962 57348.12353251915 66614.0242367501 57858.187933151086 48558.430775931294 44891.37275787914
48941.241384220746 63117.84174635913 66268.39152044171 60207.85296538192 65324.99559891442 47113.91801585997 47170.49292185944 52550.52529712053 26801.891324741107 55094.76405789363 62085.653880399615 77458.04628197836 54109.65057548871 50338.69683474055 65295.78595210813 55001.08526154963 52576.50977357281 74003.90784182325 34006.55630681682 37010.48923348305 62117.939009893074 52146.34347793185 62787.48452426389 62809.02393110478 71958.25404869409 57348.12353251915 66614.0242367501 57858.187933151086 48558.430775931294 44891.37275787914
48941.241384220746 62328.825286686486 66268.39152044171 47035.124760047904 46948.128566558524 46460.22764856684 47170.49292185944 48770.4835193303 26801.891324741107 47246.81378556604 49906.820162683 66900.69016410454 46977.37164401535 50338.69683474055 48666.01501380511 36056.739008577315 52576.50977357281 50811.90114722626 34006.55630681682 37010.48923348305 49854.803312902935 49579.55128889225 61222.80636117228 60730.71751135741 56774.94520455106 57348.12353251915 38584.75138177559 33342.73769045823 48558.430775931294 42786.57446529922
48941.241384220746 42965.658186989756 61890.11191164677 47035.124760047904 46948.128566558524 46460.22764856684 47170.49292185944 48770.4835193303 26801.891324741107 37548.05431454699 44521.0781931103 53654.50619602273 37017.77928341775 47023.706685525874 48666.01501380511 36056.739008577315 38935.00463393304 43316.75952553903 34006.55630681682 37010.48923348305 42147.709154498836 35934.26787453958 30812.083731078546 47622.9804791984 56774.94520455106 57348.12353251915 31480.110883568996 33342.73769045823 38731.828057851606 34305.353412706005
38980.61869870262 42965.658186989756 48522.5791715096 42851.26032087373 45755.5603685611 24462.79514751275 38783.98817072206 48770.4835193303 26801.891324741107 37548.05431454699 44521.0781931103 53654.50619602273 37017.77928341775 41248.008081105734 47409.628063534314 36056.739008577315 38935.00463393304 43316.75952553903 34006.55630681682 37010.48923348305 42147.709154498836 23151.46691283032 30812.083731078546 34198.04340526686 38920.17244027421 46964.651405380006 31480.110883568996 33342.73769045823 38731.828057851606 34305.353412706005
38980.61869870262 31373.379479887444 48522.5791715096 32645.190104436835 40349.72581436755 24462.79514751275 30663.675249531974 45150.022191096796 26790.207125604 27729.669704323445 35977.5677543557 43861.58059855497 27829.648434650586 29901.930324352776 42234.03957392802 36056.739008577315 38935.00463393304 38687.96539019042 34006.55630681682 29993.421778181077 42147.709154498836 23151.46691283032 30812.083731078546 34198.04340526686 25866.66759365792 46089.829072570705 31480.110883568996 33342.73769045823 38731.828057851606 34305.353412706005
37582.78507783446 23656.97317524377 45505.93696289962 27658.99721565412 35676.185221067826 24462.79514751275 27947.82034543249 33727.44410652844 21332.078398357087 26152.412268256947 33554.714373650524 37894.046492328394 24244.315241234355 22955.605371315218 33071.688515101705 32586.69596784052 37453.56086383295 34347.430542933704 24540.49341449136 29435.046235313355 16810.754024366586 22645.665878080254 21354.14667204022 26207.560374945457 25866.66759365792 46089.829072570705 18694.25904971191 32033.596801794658 16753.03923345425 31200.773772257584
20897.554898407638 21386.497626120403 41778.324818784306 27658.99721565412 22641.069217618537 24383.426291867243 17236.39426995964 27587.985838594992 16412.109043912096 18781.049970401324 26775.08764918669 37613.70064562915 17995.147451722405 22955.605371315218 18930.14356512872 27031.74936013477 33705.98441696339 33784.18163344491 19356.381079320257 24327.515014771576 587.0496306575384 19236.91802230889 694.7248836939993 24730.234853329614 23646.548110314823 34532.0314936786 15231.517715409818 29310.600699769162 759.2245368479901 23639.438426045737
19706.096063584548 15690.901020603706 18712.546121994095 18665.47962558811 20715.314984282642 17457.501691411395 15042.356596810061 22966.74189098419 14218.709136040881 8990.363463566093 18266.54248483749 25574.016812731017 15417.205704537948 18898.430493798496 14699.642740344352 148.74041457629392 13823.710866828282 15390.999956431457 13626.183372502837 14084.199751336584 5.719988956798261e-05 11534.546065324694 7.49258657037899e-05 13725.582880491876 19690.096675531342 22860.297459251637 14715.057708590897 18393.622749477214 0.00021195232324089375 20263.590275049366
7341.183794007 8037.045792751556 11696.94356788472 8075.258687673504 9571.210698155206 5844.880013354926 6467.7442467393175 10022.772742409468 6991.460122381948 6882.024984086617 5958.098948918613 8532.48890216572 6175.778423773674 8119.171802879951 5938.019079860918 1e-08 9753.708197281663 8965.620911131497 7026.350920410803 11011.92341828453 1e-08 3811.712785635137 1e-08 6414.441238848085 1763.0268175903238 9881.901647917717 8109.478983851934 10464.966344467824 1e-08 0.0002098035476478799
906.3012391085799 1271.5660604531322 1431.888458215865 1507.9809823145513 1789.8645474274645 880.0046050752969 580.0874016394 1455.0119675749727 829.5699273387172 905.5286258206288 5.650183481975546e-06 2052.476117563142 715.4949380842119 143.64701252163434 1327.9717306365897 1e-08 859.8285109850203 1239.2450955137344 864.4909053489673 810.3356682541612 1e-08 573.5703693961226 1e-08 1216.845885674743 1e-08 1024.7970397780698 1176.1443771844047 1126.3906705793634 1e-08 1e-08
1e-08 1e-08 1e-08 1e-08 1e-08 1e-08 1e-08 1e-08 1e-08 1e-08 1e-08 1e-08 1e-08 1e-08 1e-08 1e-08 1e-08 1e-08 1e-08 1e-08 1e-08 1e-08 1e-08 1e-08 1e-08 1e-08 1e-08 1e-08 1e-08 1e-08
859652.0 911939.0 909935.0 896615.0 914694.0 867588.0 905822.0 888595.0 918990.0 899196.0 562358.0 920715.0 896738.0 597064.0 891057.0 252282.0 926514.0 926724.0 898436.0 910079.0 194231.0 892966.0 198295.0 732281.0 386819.0 913829.0 897476.0 919749.0 199451.0 329903.0
