4916920674.657659 3260628563.0255594 4789704478.639201 5731881169.512944 2833669285.4264226 6060565254.398043 1733816288.3209794 4425939942.512176 6632532660.1689 4356932650.582402 1829233589.5798194 2187616348.5977497 2614663208.185338 1973187759.1291509 4829082366.840838 2061318162.147236 3231869306.5013013 3518064814.857577 5173589594.296579 3446868276.4033737 4189524033.7596903 4985784972.427727 7197351650.82967 5922459337.818788 4179445764.747035 3576863972.168384 4187544930.1844378 6160768224.428263 3763990896.8090835 3568408191.501656
3491246354.4988394 3260628563.0255594 4789704478.639201 4202689349.9689407 2833669285.4264226 6043024014.504955 1733816288.3209794 3880696146.5764465 4657595504.054378 4085148403.9476933 1829233589.5798194 2187616348.5977497 2614663208.185338 1973187759.1291509 4178815153.2181106 2061318162.147236 3231869306.5013013 3518064814.857577 3242780294.21314 2404605194.6710944 1679339845.3008265 3029483188.8271594 4619454191.724461 3771543930.2925925 2524436580.5281925 3576863972.168384 3119937978.429633 2836691128.445678 3763990896.8090835 3568408191.501656
2725955506.194122 1727351414.2835634 3677899512.2947917 2859117074.4957724 2259849453.029045 3372127289.8684883 1647303409.6324453 925214106.8588599 3746076196.6661315 3271506635.819758 1829233589.5798194 1582514059.993979 1084745254.7471094 1973187759.1291509 1455468203.2259793 2061318162.147236 2781416804.716013 3518064814.857577 1888773710.852148 2092517837.1717587 1679339845.3008265 2200604609.4232297 3649338315.892927 2967132404.9712 2524436580.5281925 3576863972.168384 2976563823.067838 858418589.3552455 3077237206.5244846 3568408191.501656
1950843945.024193 1727351414.2835634 3513213487.5991673 2859117074.4957724 1109541735.3417783 1600516923.1110663 1647303409.6324453 925214106.8588599 3408626658.0887947 1374007203.3653235 1829233589.5798194 1582514059.993979 1084745254.7471094 1973187759.1291509 1455468203.2259793 1981897744.4653673 993473364.6565775 1161536871.9084203 1888773710.852148 690064006.215124 1679339845.3008265 2200604609.4232297 2397102838.234998 2967132404.9712 1688072523.7881663 2600734735.715191 830552622.5025707 858418589.3552455 1820648058.6118321 1636266076.354005
1950843945.024193 1727351414.2835634 1278935408.353591 1997883102.2803175 1051868138.5967304 1600516923.1110663 1569836479.1741376 925214106.8588599 1482492601.982184 934690892.1582334 1261203660.0288546 1255524455.784609 1084745254.7471094 1790725680.103703 1455468203.2259793 1633359579.4790118 993473364.6565775 1161536871.9084203 1827133679.6932447 690064006.215124 1679339845.3008265 2200604609.4232297 2123229036.1591733 2422714249.147237 1688072523.7881663 1842515761.5392222 830552622.5025707 858418589.3552455 1820648058.6118321 1636266076.354005
1950843945.024193 1435162981.261101 1278935408.353591 1766690044.0088587 1051868138.5967304 1157810067.5087855 1569836479.1741376 384887988.237177 727268924.0482643 934690892.1582334 1261203660.0288546 1255524455.784609 1084745254.7471094 985120464.1287326 1030078398.0028481 983837685.2654493 993473364.6565775 1161536871.9084203 998926830.2422861 690064006.215124 1439600304.9156694 2200604609.4232297 1125330135.1723077 1881286883.6030667 1070359128.460641 825383761.5193831 830552622.5025707 858418589.3552455 1820648058.6118321 1110852718.498113
848411184.9589542 707706753.3006407 861007169.3089435 911122185.8849459 595599100.2045219 682470408.444787 546998995.6054606 384887988.237177 651182299.6317316 338669002.21463484 448886515.856846 857802484.4945441 732570796.6758803 286254704.2192065 341346019.3413008 347082419.2109782 309192887.9029133 662639633.2379596 902868696.9421479 454563395.39129466 525691684.3703102 389471198.71103436 951206137.419966 947258356.8952827 674265444.6018955 615218027.144079 653104192.9102553 453902333.98404545 617667659.6626692 1065331173.015044
61874613.76719659 365740036.97376794 279621117.62360126 221052172.08430752 182022285.94003648 251629231.04303524 128555303.67721874 222475965.27337036 287783159.9689811 187602835.64368305 242928285.7067114 337561146.0426326 152450676.4392035 173516859.41397747 159225867.87173256 113408091.18807524 264197366.99882507 324601408.2317596 301572989.7227118 79556954.06106919 101923337.47563182 308207693.05048645 384039735.5072295 287581065.0450095 210544227.73059872 320193553.7554349 173959006.52637622 211253220.88595396 128900737.09542924 162957485.57061628
61874613.76719659 72527466.64959958 83810376.28597084 74352502.21133815 65186570.51482619 57097129.054030865 81835845.50838917 55939027.51030292 72495477.46277447 66388211.83046178 55175195.32912368 59281518.91993343 47164303.265635855 76686078.6646705 100791608.07327394 85593949.93246222 66559714.64289854 32281097.094909996 93365828.39879446 79556954.06106919 30499046.003068827 91142644.01223923 27983241.137084488 70935018.23942022 121867250.97429535 51625546.13292071 70789312.47690253 30897103.874109082 82783465.6903759 71260935.85229146
31616142.40951261 36894415.23354216 19377454.83453906 12441067.590939865 32026003.11683787 16722213.199990554 26297534.410721894 23065679.847337905 29536461.21214155 20267512.21271228 15429411.188322078 17569777.72248116 21409190.95798187 16108979.970781345 17760760.607518893 16944892.84816921 32626934.868626863 32247715.42146689 20065466.059618674 29497558.134857595 17941503.54353961 21558483.242465302 20665606.067142032 18045686.750264946 21594656.1077716 31849331.194771063 22273157.514469497 21644974.338350084 18661398.4650394 32401853.69510649
7326525.917689388 5358596.713920833 2006354.287485944 6013014.990018507 6066318.721636075 5159635.083497794 4801942.7551310975 465878.0712687925 11823026.288413811 1128258.4566982859 4430237.302560406 3498107.8841973403 11585350.724939896 118984.23230904661 8867310.60724967 3572352.3141019884 6522941.370082544 10092473.01324986 8582520.303051839 8959746.497137044 4768399.841464605 6330205.472540569 349641.5985283607 4763141.967614664 6137682.898129562 1952499.2089381584 4629885.577237661 1809991.4672148246 2243334.776684382 8441449.50954566
2253132.6046540732 2277600.986843909 2006268.9045052198 4973.079235275728 3929943.9435179564 1357117.9562258623 2459407.87581726 1010.8268856076011 3779667.1813550876 680.1917693295632 2398000.593115809 929061.5976458333 2946396.0606656116 1178.789599013713 2681086.1423051143 846768.2253314113 4004259.9037184212 928746.5698070795 2614579.195043467 3953352.866622587 1733422.149361016 1769473.6310145112 1054.5274161626785 841029.2751161802 4570159.092733859 1708364.6838275285 567160.4982253786 1343.7695743760678 1985982.7847536406 4508470.243987182
716127.6437698948 1126239.8219191474 342985.318357061 8.795450498190576 1700268.0207866847 248799.57091444722 756258.1013372687 13.777786199387492 1244553.1406012422 13.373892103131311 1020064.984868004 748532.7910384395 1067294.9471970636 14.777063199408076 477405.4203512208 325876.87723568623 903114.2705423011 453886.07689071156 1407839.0770494235 1923335.9197662158 461704.4714534664 556523.1683777058 8.984124149448007 391479.92686764704 777073.1694697856 663271.5038845828 534124.4522452761 13.740821158638028 423685.64837663434 459322.6685906374
340234.5124755361 405270.4027031114 185286.72371886612 1.6071071560168093 248426.2492557039 153180.84948899725 144939.97247680064 1.3579815242171662 388131.28900880285 1.6308727287253078 240562.5373758934 115851.11332633009 322309.34665891045 7.7870842406125576 136982.26068658874 173362.16420848473 191366.49858417144 179836.76335746187 270592.54997915175 139620.94173733942 338579.70436066936 222275.24435644902 1.4425339683334641 325278.9813926765 128192.5950781061 107350.96400300844 178367.54428277895 1.5933351208798285 214826.5843572831 294812.2877477543
12611.633477249903 28599.96033153341 28931.710403541932 0.47933218966932145 45794.03973281511 31696.709499199424 13715.186762708343 0.22347092520317346 7965.076679575719 0.32945151956641894 11306.41530385603 44767.39524552128 48290.582711064795 1.2645405404073244 14908.090676742264 27005.154950340326 26076.096332478824 24118.546792566605 32679.03195024561 44595.48001897738 23713.906565796886 28425.386203206246 0.5820440652812522 27158.092326137277 34124.23125772233 24200.794135539447 16014.331067758438 0.5007128172894681 18795.483650630475 21188.93496410724
10.904196395842519 12.420927292090937 8.738991003860065 0.42258029883828385 18.651358067829733 12.27922126603221 50.52175496557334 0.1661038638037553 10.668139158653275 0.18210371915665746 28.872928359978687 10.83313035949368 19.78774644099599 1.2249924290965737 68.18335844789704 8.133888330863329 21.406158377709062 17.122000294769123 20.88113008851974 42.03840243542095 4.792039577074547 14.94451894259123 0.5406791093278116 26.63804902740594 50.87515671810729 3.3690528004028693 19.799819282171484 0.49882258903062393 6.121870691966933 19.031204946432354
1000000.0 1000000.0 1000000.0 1000000.0 1000000.0 1000000.0 1000000.0 1000000.0 1000000.0 1000000.0 1000000.0 1000000.0 1000000.0 1000000.0 1000000.0 1000000.0 1000000.0 1000000.0 1000000.0 1000000.0 1000000.0 1000000.0 1000000.0 1000000.0 1000000.0 1000000.0 1000000.0 1000000.0 1000000.0 1000000.0
