339.9563034882649 315.580697900155 522.4368743456339 364.0429110079258 350.52040306413255 463.89963388105843 478.05107548169235 299.12086220314086 372.6375713131065 417.25954333147956 355.0899933349374 431.88882168796135 269.5619428999594 271.0206675490326 393.8137728664292 379.3150669565389 356.33604914701664 291.73453763161024 387.4439687126278 366.41844639827013 321.60753339378743 366.185088166319 387.5489757713185 483.09255846939413 314.4288467391816 284.2614869622266 346.199083741275 479.83073835155756 281.81326531346303 379.53497501931224
339.9563034882649 306.40083279457986 393.76087300200743 364.0429110079258 220.70826295894676 219.54131560800806 420.59231289971376 253.98138866833006 356.506809224667 417.25954333147956 332.6501855728511 391.7148973966018 269.5619428999594 271.0206675490326 322.42411355269996 326.1371102413036 356.33604914701664 261.23978732589603 322.8291440931912 286.1302965809664 321.60753339378743 279.7619478532597 328.09235930409386 318.08640741741556 216.98723199786127 232.54831273310856 346.199083741275 355.2478433132301 280.22657430032496 312.4226148661346
322.3617950927446 230.873415703933 279.75770871491704 295.36819670142677 220.70826295894676 219.54131560800806 239.19470284934187 253.98138866833006 330.66912414600165 279.75169794252406 214.59183716048983 269.06523278766235 265.2266511582907 271.0206675490326 309.5443400170511 314.0013472165665 304.823334767038 258.3620631941849 322.8291440931912 239.95134149227533 286.7251764016096 278.3353045986505 274.6338256784652 260.1707184760344 205.17293154492108 232.54831273310856 282.31402179853967 355.2478433132301 272.3085620459492 267.81887707801616
302.630019243883 230.873415703933 265.7107238980602 234.80768755231838 220.70826295894676 219.54131560800806 229.36455446000355 204.96515097810152 303.9224364649576 258.22986226012927 214.59183716048983 209.85509440518945 265.2266511582907 271.0206675490326 250.71103345359143 314.0013472165665 304.823334767038 258.3620631941849 214.8232559537655 239.95134149227533 258.80502548969844 276.53708261619795 274.6338256784652 260.1707184760344 205.17293154492108 232.54831273310856 221.24394828626964 257.68634120676415 259.292990185917 225.2746711027712
199.35213533186652 195.90355407482957 191.79224232303795 225.8612420401364 177.01013464413427 195.68608606054386 186.2546304239504 185.11006221773732 204.55164683752218 198.2202427279699 194.24142709737725 197.75695935234762 214.24810994992504 206.73278148014015 201.85123941912116 214.23598755916282 209.68005966193914 209.4381299114998 190.67149690283804 209.2288845636399 243.70840382643382 187.5960426213269 233.8237438762153 202.4440923668858 199.59264776172085 232.54831273310856 185.15182320215945 234.13812313248764 193.65800735691346 204.42987972035417
175.97786263069747 172.77017741978034 182.17279571623885 174.2430185803023 170.91058289213697 171.3228706972659 175.03291022778103 174.69946222032104 172.9188097890201 173.9861158159356 174.03628299993488 178.49963821990787 188.13879960751 185.7968831729886 179.8487343298034 175.99836652060867 180.30918692447403 175.68659206590974 174.7025583867362 178.65302713051187 179.0972326372621 178.4529048878353 177.01135361608158 177.59862551016386 175.1263074617259 173.32332260324756 177.1312568726098 173.67884693377528 174.67473171340225 176.5532059129041
171.23845408319175 163.90762652474086 171.0688307055816 171.3348392933881 168.0250902119128 171.00702931643627 170.80417853299832 170.66678028418346 166.8394523148977 170.2941560736267 170.30536326600077 170.28072683999653 172.86894744057236 171.30560154997602 170.5957673242924 170.24459616683953 171.8912982512088 170.6619384542555 168.8975622475591 166.32841274166867 170.24181785838664 167.6702458095101 170.0900804570024 170.5639619830572 170.88092223830972 168.58872947363488 172.9582308543395 169.62782596622583 168.74823062250152 171.67941650891953
166.94794910289966 163.90762652474086 167.26216849419188 165.51174318738913 166.6473316043348 164.30772897327734 166.51294463503382 166.11507224392562 165.8516708584334 168.06532293438295 165.72700806095236 166.11595276530488 165.39447392747616 166.04317839499572 165.52556312236766 164.6185246762043 165.44319184491815 166.38148009439192 166.60421886354789 166.32841274166867 164.95244620965195 165.85739365285872 166.9955042650763 168.42891684761844 166.25352701831662 166.3109134702504 167.16118164487125 166.6449245869635 167.0385232717017 168.16164861619018
165.7820981266259 163.8212394036559 164.70677147600964 164.34556433978833 164.4346606552308 164.30772897327734 164.0513756602013 164.01668312501397 164.78951851514103 164.32375753673432 165.19909393612625 164.08757052856117 164.88982067665484 164.00932966301934 164.59228153836648 163.18329473983795 165.37079683601905 164.99807683519293 163.50270822122047 164.3437618107214 164.17191020105338 164.71809469409436 165.4546431104509 164.3813675900974 163.6735433440531 163.34230271836122 165.25836557668072 164.6528378031603 164.7322639971244 165.33600794242602
161.9354285710242 163.3004710392688 162.4188870170774 162.98094469242915 163.3615147743285 163.47165630705513 162.37585613420651 162.04667060808197 163.0101625128391 163.18048383168434 162.94223953568508 162.77864426306678 163.39959895862285 161.85034937941055 162.79947658443552 162.80911196658008 163.24069503771034 162.666771309895 162.2355822165191 162.03353919576648 163.17390320658478 163.6201336490676 163.6702052229116 163.60029414968176 163.38208914393863 162.9230321974228 163.49941873093758 162.91956697665864 163.26556387960682 163.2375294095841
161.60852762104423 161.84801328591675 161.78221518584314 161.7254632544882 161.72983522261848 161.57949535201806 161.5213792281138 161.84848791749891 162.51007801915284 162.02583270754076 161.46328811154945 161.70727912868188 161.6937203726411 161.7361912563333 161.8802511996223 161.66679311199368 161.75153874330272 161.85680529748834 161.50822144085032 161.55084287005639 161.98751415333618 161.89020979037332 162.06135816741698 162.012783403316 161.83494878188503 161.6482870375944 162.03963158393844 161.66286810659722 161.808794452882 161.6934144088009
160.94158886532614 161.4467325744572 161.43678069937914 161.4153758650773 161.4961755144359 161.51658087999476 161.42933747245115 161.511123425988 161.6630450109751 161.4318387540252 161.44746484849566 161.53598253413793 161.5045521932807 161.44425150462894 161.444229985907 161.4197775562111 161.47265966479108 160.88977358213606 160.83284232115375 161.4208457739196 161.55053096626398 161.50871668352374 161.39193744220938 161.54619490681898 161.08219078377806 161.0877527569496 161.40301211775204 160.78408414386013 161.50546079093783 161.4441439099155
160.27116528054466 161.41097553381132 161.4069797748889 160.88173043688585 161.42490941917276 161.42343393906685 161.4080849338211 161.41107368609164 161.41074051152327 161.4154212239382 161.41456008309797 160.8772510741228 161.42252528011886 159.99400658498507 161.41138528702868 161.4054922305304 161.4196015544303 160.01575389019308 160.23692815930463 159.97959652105874 161.19694036404144 161.41700389229936 161.34491210370925 161.41455455592768 159.8578103900486 159.74789957989424 160.85469335483367 160.2322157747717 161.41242735907144 161.40806427763573
159.55667652311195 161.4049434323897 161.40488077040982 159.57553292743614 161.40496716225334 161.40514989910525 161.40488076506153 161.40488109210128 159.97294268969563 161.40488529130744 161.404886281141 159.4023911091267 161.4050317867509 159.1544143929873 161.4048811260318 161.40488075875646 161.4050047150581 159.38949230101662 159.9450636416882 159.51760189397737 159.68604026116827 161.40490840476195 159.5283582850193 159.99728411098295 159.4044813644855 159.73350750297732 160.18358546543914 159.5187458384853 161.40488942243155 161.4048808668581
159.54377632669457 161.4048807587492 161.4048807587492 159.36901870314023 161.4048807587492 161.4048807587492 161.4048807587492 161.4048807587492 158.6523926841969 161.4048807587492 161.4048807587492 159.10586742032956 161.4048807587492 158.61835498496612 161.4048807587492 161.4048807587492 161.4048807587492 159.0378752360839 159.54377628679958 158.61868829244077 159.3034653154541 161.4048807587492 158.77263144078188 159.54377629007377 158.72042718145576 159.37256314187925 159.54377628679686 159.3741381418704 161.4048807587492 161.4048807587492
159.54377628679686 161.4048807587492 161.4048807587492 159.36873363703762 161.4048807587492 161.4048807587492 161.4048807587492 161.4048807587492 158.61835455766823 161.4048807587492 161.4048807587492 158.61835455766823 161.4048807587492 158.61835455766823 161.4048807587492 161.4048807587492 161.4048807587492 158.61835455766823 159.54377628679686 158.61835455766823 158.61835455766823 161.4048807587492 158.61835455766823 159.54377628679686 158.61835455766823 159.36873363703762 159.54377628679686 159.36873363703762 161.4048807587492 161.4048807587492
199997.0 199997.0 199997.0 199997.0 199997.0 199997.0 199997.0 199997.0 199997.0 199997.0 199997.0 199997.0 199997.0 199997.0 199997.0 199997.0 199997.0 199997.0 199997.0 199997.0 199997.0 199997.0 199997.0 199997.0 199997.0 199997.0 199997.0 199997.0 199997.0 199997.0
