111.60114256626309 120.22608158907747 119.07654755227702 105.82399555590553 110.78811016459451 110.26741926467935 87.816277523483 115.06223862502145 105.78199113401092 112.75715205689039 103.43503875921601 103.36632222760795 83.13459954301106 118.80337354184678 123.4122720472094 111.73458377895781 116.25530498006299 114.94225269053038 107.25279163850576 105.72769991880318 111.55573376172902 117.62722622982938 123.85962794799798 119.32243469586331 118.55105158399317 119.36747399589933 108.93019055234731 103.62644042242528 110.31842696329 91.23076981581653
94.01363376807899 94.73926690538917 104.29723379710993 105.82399555590553 69.10680887859894 73.16159948241261 87.816277523483 113.3183162221228 99.77957454549119 100.39721186184386 90.42187137121164 103.36632222760795 83.13459954301106 114.47343607356459 108.7526596217416 111.73458377895781 105.22830901753616 89.27119140435195 96.85112991801725 105.72769991880318 104.47046422041842 96.23871704584417 100.46990208950172 106.64359255632098 111.59098107895409 119.36747399589933 86.36031386197192 103.62644042242528 110.31842696329 91.23076981581653
91.30610609054543 94.73926690538917 97.29346060006822 97.60339036938012 69.10680887859894 73.16159948241261 87.816277523483 96.8668370330679 95.22299739230925 87.74146897074775 90.42187137121164 98.13346926386328 83.13459954301106 84.84312894603556 82.77487039505763 80.46573679177584 105.22830901753616 89.27119140435195 88.59378607252347 91.66127395644821 88.56002670898806 74.9118728700447 94.06344277043627 106.64359255632098 104.61238475129062 107.94000922701571 86.36031386197192 93.39923975861166 110.31842696329 79.31587533961215
91.30610609054543 94.73926690538917 97.29346060006822 80.31725503602206 69.10680887859894 73.16159948241261 87.816277523483 93.23409694760221 95.22299739230925 87.74146897074775 90.42187137121164 96.59652296725483 83.13459954301106 84.84312894603556 81.56769643461985 80.46573679177584 73.00203160803835 86.1742964711018 88.59378607252347 91.66127395644821 77.11688469562694 74.9118728700447 90.58600870517364 91.34544637415024 102.42704819706648 94.82287045841588 83.92527160890972 78.23591920078115 78.00043093017291 79.31587533961215
80.39615949689278 82.37815822163259 90.14764812537749 80.31725503602206 65.2114302928253 73.16159948241261 81.9106740026674 79.12101837413172 76.52320057923612 84.17224897134884 65.58599088825508 81.41431113099452 83.13459954301106 80.69493456595899 81.56769643461985 80.46573679177584 73.00203160803835 86.1742964711018 74.08195674575018 87.65006192163685 77.11688469562694 72.07859592729062 88.58504152276089 83.34199049878725 90.17080476091792 87.2263328549617 83.92527160890972 78.23591920078115 77.21385526608299 78.23735167722407
77.20062276080603 81.41004838855486 88.62470757138817 77.46870984774137 65.2114302928253 73.16159948241261 81.9106740026674 79.12101837413172 76.52320057923612 79.01548518414211 65.58599088825508 77.34588449730404 74.86496963487821 77.42163414594916 76.5450288935391 80.11074647481632 73.00203160803835 83.74272635109378 74.08195674575018 77.92241276782079 77.11688469562694 72.07859592729062 79.91354853965038 83.34199049878725 90.17080476091792 87.2263328549617 83.92527160890972 78.23591920078115 77.21385526608299 78.1822085971005
65.18603669865377 52.89590620758372 49.95853672762644 51.20039101017039 60.877013477646756 57.29197875617501 62.593793129860956 53.49918802406239 64.55634748759326 60.61944528867957 60.739476452211306 60.79831619282595 60.44131208290412 58.51391578733512 51.55719798320763 59.434192633665134 50.737357502452255 63.761161023896534 53.88035142272963 54.78642431637411 56.95977360444226 54.83772675440446 54.598147285924256 59.19689504825715 56.88558564707819 64.53064944877678 56.87727259721055 62.56905991935423 45.89949843925751 52.68471097739109
46.67279174954126 32.714711471119585 46.47413639482045 46.02471521206894 42.91188582150107 37.268509771649065 36.304831927349824 40.272546960788986 39.550589906232744 43.592472159940485 39.70876111587904 43.01678079121143 44.99652976571792 43.48289214941599 43.32712697456134 40.700168130930024 43.2787060977106 42.811320495311406 45.198057940817876 35.41987471675566 35.05633152095527 37.96740721940989 39.85764535312819 41.44613327844695 47.36885889301334 41.463165893213954 46.11338022328698 40.24414482221732 33.91306970254834 42.92514867616978
25.474419221580092 28.328259874776904 27.884118082916643 35.18617427925619 21.89119833376958 26.628311239998084 28.97644014531727 28.338541595854167 25.311889672930192 23.921478984007877 25.780318539314067 30.042395339648237 27.790451555663253 27.583939727071197 23.329168292005647 25.429595486555854 28.135188742421406 26.912822887163884 27.137346474865012 26.796099950047164 24.00332045814173 28.799003628561195 23.440185945921257 24.55795256539784 31.256004790576412 28.696884372772388 26.38170365746612 25.99649547314732 24.256108691945656 27.08327798145649
13.316937650719638 13.283598281338868 15.186527202546813 16.38871989202721 17.10972374283051 16.676298059153964 15.712980923931013 14.32796034752505 13.633567574514245 14.601518820549018 13.569755436657942 16.03683441522014 14.774605081475102 13.793914515405959 12.691293341083679 16.008543710799472 12.959360354721412 14.718529041291276 12.855023381046749 14.10601196941775 15.958951270138073 12.032885420574644 15.3018685119863 14.254688434347372 13.957033896073881 15.342836617638454 16.427923931096757 13.89325073792918 17.42865847058465 12.004796807834737
6.267167473408449 6.7872640132729884 6.821244992967877 7.488741899306319 6.68691503501384 7.132445372388929 6.836270020205006 6.224111038959336 6.664855171234876 5.941907207805798 4.708277328618351 6.706550989044558 5.217381439318615 4.8591512193754625 4.927782555365525 6.768503542174699 5.549833598223472 5.203446467066897 4.602319883000632 6.186863486882999 6.114177321956845 5.780389288709557 6.565015997913292 4.793109456103366 7.248541349934271 6.958994105993611 5.664464232021942 6.3482225591315 6.979142487181207 6.617146467840598
1.5954502787832325 1.7538964286198961 2.2417164027312992 2.0261060828552218 2.0165303507136514 2.223453385108428 1.7536003827202649 1.68673203972196 1.836897209000199 1.6132955119004464 1.2795625989767814 1.934540341903471 1.52606522791325 1.6754905244473548 1.5514371168087564 1.8537262511837298 1.5715112498855888 1.729271352203341 1.9439404508461848 1.8189546609805802 1.7376936539419603 2.010421685311826 1.926025688231448 1.5469508071109885 1.701352804084081 1.8743905777457712 1.8692712846959694 1.6299191215593964 1.9962868149090127 1.8247513496438614
0.17209229329682785 0.18761271151879555 0.1764191204964618 0.19287604727617236 0.19109325355259443 0.21054074898052022 0.19776174597109275 0.20398019516130717 0.18788666154864586 0.18137943520594035 0.12396470079409028 0.18002950570667053 0.13271175400950597 0.21570486163966507 0.15879166461354544 0.22359271768789313 0.12912296282661373 0.17683700490886167 0.22247021262478484 0.15516102888852856 0.17792719386511635 0.19884708005577068 0.13067507815117096 0.1619731203994661 0.20442559292439455 0.17059330975735065 0.17177246834285143 0.1766379797402351 0.16617544461064426 0.17400864316175557
0.0015981425959807893 0.0013808887133563985 0.0017023450110400518 0.0010583066454046275 0.0018065832442744068 0.0014221519044212982 0.0011445936230529696 0.0012502542716674725 0.0011789832782369558 0.0012165762032054772 0.0009289722589755911 0.0013505235232287305 0.000984217756013095 0.0009477636641577192 0.001257931742884466 0.0013522138260668726 0.0008851710172166349 0.0011471249608803191 0.0013959276798232167 0.0011200665752539862 0.001150599512811823 0.0010334740243251872 0.0015358451323663758 0.0009991181884743128 0.0012210445723894736 0.0012628114685639957 0.0014958400648765746 0.0007117684828017445 0.0011324059506705453 0.0012180184374983583
1e-08 1e-08 1e-08 1e-08 1e-08 1e-08 1e-08 1e-08 1e-08 1e-08 1e-08 1e-08 1e-08 1e-08 1e-08 1e-08 1e-08 1e-08 1e-08 1e-08 1e-08 1e-08 1e-08 1e-08 1e-08 1e-08 1e-08 1e-08 1e-08 1e-08
1e-08 1e-08 1e-08 1e-08 1e-08 1e-08 1e-08 1e-08 1e-08 1e-08 1e-08 1e-08 1e-08 1e-08 1e-08 1e-08 1e-08 1e-08 1e-08 1e-08 1e-08 1e-08 1e-08 1e-08 1e-08 1e-08 1e-08 1e-08 1e-08 1e-08
505854.0 504234.0 510156.0 499699.0 502424.0 502605.0 500245.0 500609.0 502967.0 503329.0 495678.0 504954.0 502062.0 502786.0 499699.0 502967.0 498789.0 500245.0 505314.0 498971.0 500245.0 506934.0 509620.0 498971.0 499881.0 500791.0 505314.0 499699.0 497143.0 505134.0
