217.0543873800002 198.01861331833197 136.47060021263815 125.99179321441125 208.64254668501144 154.5137525801165 165.57097765913932 187.55872917257693 173.95632320076083 131.80326117471122 166.22465427043744 204.91876664337587 150.5900522686061 192.4979508663837 214.60141646246439 154.85500230506977 199.67715251840082 157.80505845712696 165.27314500533794 106.34632405185494 173.22928306473568 155.85522631716503 198.41979138736133 176.23432690465006 188.83922033206773 190.89576759618785 254.1278110110611 151.95637317917272 241.4098782046185 196.65171852638787
217.0543873800002 179.30367159168736 136.47060021263815 125.99179321441125 201.68201449320486 90.26356559164788 165.57097765913932 184.69170163193894 155.8660760521784 131.80326117471122 166.22465427043744 193.55964091279384 150.5900522686061 189.6344758174232 182.74681853943184 154.85500230506977 199.67715251840082 156.20286374953002 165.27314500533794 106.34632405185494 173.22928306473568 155.85522631716503 190.5978095547457 176.23432690465006 158.45345125697577 190.89576759618785 157.6731733348597 141.01862136967884 167.70023903296396 196.65171852638787
213.69657410874197 149.5368127320471 125.16375046511439 125.99179321441125 105.06656606006754 90.26356559164788 147.4374178216026 137.01499837512665 155.8660760521784 114.09379523838425 166.22465427043744 180.83577959766535 150.5900522686061 189.6344758174232 164.4354014189389 154.85500230506977 199.67715251840082 112.73690806910417 148.35476313842628 106.34632405185494 159.90540897572646 138.32161416872668 190.5978095547457 148.4523934120307 88.84459040782622 189.67573752775843 154.5685204830911 141.01862136967884 167.70023903296396 188.76445940806752
174.15313836142423 145.9907164783117 125.16375046511439 114.81873898114782 96.55625850858087 90.26356559164788 138.62129940260093 137.01499837512665 152.70968285138497 114.09379523838425 166.22465427043744 160.38516311480362 150.5900522686061 155.8944051623962 148.8700369412777 141.43370972212006 185.66104721704778 108.49422459979496 132.62655124287994 106.34632405185494 159.90540897572646 138.32161416872668 109.57421408711934 148.4523934120307 88.84459040782622 183.90199331263238 154.5685204830911 141.01862136967884 167.70023903296396 163.08837080682815
126.46021036003867 119.79685211814467 110.62421837989632 98.5322896797411 96.55625850858087 90.26356559164788 123.39038616848393 112.66166791170372 109.25283465970733 91.59246526300285 130.1772965878422 129.6123964588578 150.5900522686061 118.62724197641091 133.94660733510864 129.66036209487493 155.79793518670067 105.34474409248833 93.68402651088354 106.34632405185494 81.29049914749112 106.28737225554642 109.57421408711934 123.84868912099728 88.84459040782622 69.2774491709888 126.64504115612726 141.01862136967884 128.17172522994315 107.96969924594532
102.5108533419484 88.39432327954637 67.37560599867948 98.5322896797411 96.55625850858087 80.46340835587807 117.38557776243988 98.96463576319638 68.67237643634962 67.34345309988703 77.74425755058019 104.03116247015532 131.440612104509 99.69567790656674 72.81336604949593 106.11700056302743 120.48871833904059 91.97308329406269 69.25168507942226 98.52737369632814 81.29049914749112 72.98121411943157 87.67982137245235 115.31361812944715 67.90688247270191 62.79506836899782 116.56984161225319 87.79818421555137 70.32984265505638 107.040985955834
60.55953567992265 58.099999298876355 67.37560599867948 98.5322896797411 73.5803896090788 73.48950149805114 77.74727467498496 63.288113519460694 68.67237643634962 65.3032671849528 77.74425755058019 90.857684689101 87.53088493901441 62.16984503675394 72.81336604949593 79.24645293802678 73.76243305319258 68.1733332952158 69.25168507942226 72.63769490935601 79.74248411024655 63.54334655032744 85.4994855530881 76.13640880480807 67.90688247270191 62.79506836899782 80.56402133237407 65.97487094656253 65.99437228867055 77.10876937844705
49.888819917434375 51.19893453035502 58.22121400548076 57.82556436895857 55.305365519850966 67.97216122789177 45.517966819013054 63.288113519460694 54.48085249738142 58.76285081938113 69.39126189968783 53.482023391700295 84.59993839260915 59.987433785451685 56.11560179849175 69.12155088126019 68.01882823294363 54.023100169363715 69.25168507942226 72.26730159157614 64.43491829101004 63.54334655032744 65.28925907939583 58.810305209979106 61.69919830404251 62.79506836899782 51.116779368484 55.50081575673357 43.46339974350212 53.90250732829054
44.77435372110949 46.4360056845419 42.07851775972631 37.67703720289455 46.62471483818081 56.53197790618424 41.65269288002969 50.37070663154009 43.96354620417833 42.700871331854614 61.96117369538388 49.95681345728008 51.15711051384369 51.053630365733625 56.11560179849175 46.211564501606745 45.27733312208693 44.80750767849872 57.132206337975276 55.589740355342656 46.899135262651725 49.3104411983677 56.57871717888884 53.936088279178875 46.27141702570043 48.13808196696846 46.90990616508543 42.23332486776667 43.46339974350212 42.418812462062306
30.709723139484595 36.22089095778324 34.39868952814618 34.179498412647945 34.897635656611556 30.53468894164098 35.859643683104196 32.19679516585438 36.79400701200598 34.67089741492259 37.950509824097026 38.408273634011266 34.63214632581162 34.491670491667946 37.38827354809587 27.434805841154457 41.812437664554864 33.518706679850084 32.35971765772092 42.42545005073043 43.14661663894731 31.056395232593786 37.324720699734826 34.396298513727515 38.06385729339081 44.42165819476031 38.245016057362136 34.27116932995136 40.354171428910604 37.7307366093803
29.235702120340875 28.045094819082806 28.992181686378217 30.138428536661195 28.79148271282338 26.265783572973305 27.63938969462106 31.985128791393663 26.9778970474581 26.167880778197514 31.095701259826455 24.276340706242536 26.86623948420629 29.056446936094744 30.771205065652566 27.272558984302123 26.981902302039998 28.33495543414074 25.9151008628412 23.512661774270782 28.601423225017697 19.831141300487616 28.740502656848776 20.776911839617924 27.49558583157409 28.428804074482287 27.310607873468825 29.690380642887476 21.238081348438527 27.773395502401172
22.182959479809142 23.250987637930848 24.08815211269848 22.24378764627113 14.139889473805624 24.13713064370586 17.515488723288627 24.213118623247738 24.336823860325694 24.789998973044703 24.266779860207635 21.032694511518002 18.78087875734377 23.52754251751935 23.85549217706307 21.570681430039258 22.23524080559696 17.207694670145656 22.12562951870882 23.320421126500833 24.391355139588086 10.929499443574286 25.027465745861946 19.75308811359173 19.710082503867397 24.018145417083588 23.861464673322644 25.19857946451407 12.708268572029738 22.884814223515605
19.342929921880796 9.759736314874317 10.944628023517453 10.248291793270937 7.351225769441953 17.00624070231561 9.478752122437072 11.610261488048081 11.919707909760518 8.649018011698672 7.523072113586068 11.39204790249073 13.631507004864716 7.116790384989372 9.965298711600099 12.006148400441361 11.760485979718396 7.500078782757782 10.537440594297323 14.442941102141504 17.367776079231362 7.470907900913289 16.693920155471915 7.745830646086006 13.526967600892021 17.352751135108974 18.439360052169604 18.339735151772857 7.081032831808443 11.56531496653588
6.339496181126378 6.084819781846136 2.6408625668123022 2.27637598331512 4.387272187352892 5.551395882873294 5.400385630576693 5.9453039013571924 7.029212927500112 7.322218838542767 3.7945265316075165 7.294794913635542 3.998846984163947 4.841004556451935 4.007893514467696 1.8213499363419032 4.853415614120877 4.958636525487918 4.087256227011494 6.173389614282996 6.731830858548847 5.85216278175767 4.459613228731087 4.8578329049262265 5.751907989269512 8.201057573610115 5.6750017917656805 5.912122149340576 4.638598866893062 4.528339684560251
0.40241827128670593 0.7723362464703314 0.5252083626101012 1.7970253433188645 0.601107115433706 1.7912777800761432 0.6439936190224671 1.7309238676591576 1.3343829862005805 1.7820926226970641 0.4659722820110801 2.412734183744533 0.8886324483974022 0.7544699166091959 0.39005719991587284 1.0656239554452895 0.7807359231996998 0.5127396479865638 1.2047770020521966 2.315056575274184 0.7083061327011819 1.028172777015925 0.8116134799652173 0.561258596766038 0.9488230947968077 1.4550491130712544 2.2727936794863126 0.8390541048563591 0.7460633502187193 0.23761609963094088
1e-08 1e-08 1e-08 1e-08 1e-08 1e-08 1e-08 1e-08 1e-08 1e-08 1e-08 1e-08 1e-08 1e-08 1e-08 1e-08 1e-08 1e-08 1e-08 1e-08 1e-08 1e-08 1e-08 1e-08 1e-08 1e-08 1e-08 1e-08 1e-08 1e-08
185149.0 184061.0 184894.0 183989.0 177062.0 182179.0 184151.0 180125.0 183647.0 186004.0 183719.0 187637.0 189310.0 176176.0 177302.0 180335.0 173622.0 181599.0 186180.0 188870.0 187817.0 176351.0 187322.0 177830.0 183330.0 181007.0 180818.0 176990.0 189609.0 183989.0
