525.892150059514 1181.4784003872242 2944.05930523042 2003.8214878991184 1829.5561586132822 549.9392037099487 1504.2603372835497 291.16581144059023 708.1161628800883 1682.131606971664 2179.9616023014687 696.2845429987774 1979.666127635191 2047.3604657093938 3838.922484259978 2823.8637660624936 4314.714447608718 1296.9765656895097 2251.331769835874 1672.5224541321377 696.6628234222128 1706.039024505978 686.1852340139524 616.1472551147584 522.7418771977715 1403.6939406764654 612.1335455066832 864.8429604749774 1400.575631062642 1874.7628866025902
525.892150059514 746.8405323329673 1186.1825231177488 1183.9046951443527 860.1778072711886 549.9392037099487 342.8148877685452 291.16581144059023 708.1161628800883 1540.2280948875416 1552.717848165507 696.2845429987774 932.6992522340054 1386.7482014900531 2581.089284455071 1294.4595048515916 699.6764595212956 655.562704499338 767.7976803374768 1672.5224541321377 696.6628234222128 552.3823842019764 686.1852340139524 616.1472551147584 522.7418771977715 785.6121875539854 612.1335455066832 783.6859899204296 1009.6993935972 1036.9099027055936
525.892150059514 746.8405323329673 631.8402602143483 672.7100804868401 457.7769879850946 549.9392037099487 342.8148877685452 291.16581144059023 708.1161628800883 1522.3537936497567 1340.6695474816022 352.31969754246427 418.38931569471697 731.5128085204615 2581.089284455071 1294.4595048515916 567.4866988257587 641.3500326134258 506.3669165118746 1672.5224541321377 696.6628234222128 416.43189829432276 686.1852340139524 616.1472551147584 522.7418771977715 734.9766419515688 612.1335455066832 783.6859899204296 1009.6993935972 1036.9099027055936
525.892150059514 746.8405323329673 631.8402602143483 672.7100804868401 387.72434578439925 319.06902589004926 342.8148877685452 291.16581144059023 149.7777437192692 460.46346588113784 444.9585651075805 176.84514501499234 365.71341345932456 607.2297677472003 2545.685051174579 1294.4595048515916 495.2522695334171 641.3500326134258 469.0954111037096 1672.5224541321377 696.6628234222128 416.43189829432276 629.3587564023926 616.1472551147584 522.7418771977715 565.3268647352193 520.2410891375007 539.9159051951837 1009.6993935972 963.5078699669205
525.892150059514 746.8405323329673 631.8402602143483 583.7166265798627 387.72434578439925 319.06902589004926 264.21793707454685 291.16581144059023 149.7777437192692 460.46346588113784 444.9585651075805 175.78965427823005 365.71341345932456 590.2631481089228 1800.5333102859358 1294.4595048515916 495.2522695334171 205.2595166182224 469.0954111037096 1672.5224541321377 656.2221744555022 386.96795528845325 446.6652709533605 568.4803131642134 522.7418771977715 501.33108835661665 520.2410891375007 303.5699120856691 825.3271785808477 213.09782615752852
316.62971992914197 746.8405323329673 631.8402602143483 583.7166265798627 306.49444677346014 319.06902589004926 142.7987729603003 291.16581144059023 149.7777437192692 357.3873277748405 444.9585651075805 175.78965427823005 365.71341345932456 212.521014894622 868.1196930405799 742.5677946208102 212.70886923198987 205.2595166182224 342.5369380178804 1309.3385639488738 533.2501209647902 386.96795528845325 446.6652709533605 568.4803131642134 405.2954412316685 411.88214866171484 520.2410891375007 303.5699120856691 468.5625041487672 213.09782615752852
114.90906040065158 238.6836045386517 201.85078382046572 187.40227271350705 166.36832651993905 273.72709668644325 79.56886426381709 256.9240519534991 149.7777437192692 161.56822003729553 204.09484325973267 175.78965427823005 127.68540794374394 84.9855053870225 158.80707948703753 162.3115342088206 140.85444334840997 108.84234677607492 144.3291650973233 261.6933151234657 148.80612915079075 274.4044296155316 209.39490545133833 243.65947043937274 57.733655775089744 178.23441565155213 151.92671520244107 245.4603970847968 384.6597368947895 156.92775963353324
114.89255925472105 91.30318843342837 190.04401719447378 34.452616704735135 97.85121543543363 122.22314176048087 57.26812654685153 102.80062134263022 119.49892685639043 114.86101205440468 110.39144806618867 69.54631962075416 88.12878288933376 57.62727678545599 56.45426233904169 115.05035966650519 65.31504489745043 45.82176913811236 99.38800895672159 82.11769256049035 131.61514441552595 116.98527474121715 71.91480487323264 71.26094822778276 53.01489377673386 114.41651151712506 151.92671520244107 125.95341872091967 150.4556623540392 96.08264144913721
67.37890482902617 64.24302455887573 48.16355611826606 34.452616704735135 41.3066996741029 63.79951455362368 40.589460611786535 47.43485650738495 34.66323271227441 67.31332912832306 41.72799517533571 46.88993266253004 37.25485553874063 27.51354673120062 47.32185566522287 81.75902225548555 35.23481924066306 43.73583234682155 50.421647223970865 55.92521595357613 41.303783467154176 81.79510822200047 46.196837136624595 47.06779422546276 28.49016967951559 96.68727722201652 98.17514565422869 117.73112648438689 46.58308029970925 46.66807021078915
26.637693674937623 16.543371834857624 20.22521511032869 21.856018794984607 22.644868275993304 40.789922359691104 16.081161198925372 26.491926771909107 29.630344387525327 63.42740443792388 29.915022575565217 15.822555853905158 25.63901795310835 25.82151519923775 27.64396372577903 27.738001580362777 18.13848042772088 20.66856334350831 23.913520491495603 32.239093351597376 26.642851828439973 37.86991071566581 33.00492536876186 34.88260056998968 22.980226657026776 45.37384060082758 49.0147339411169 43.436216498008605 31.302266686474695 14.716660093769576
20.79018671480759 12.178212120979879 14.833036336802934 17.227661989794456 12.193370015371102 13.580234178115859 9.807434179699044 13.942093247962532 15.029229686805593 18.349338950151775 16.979050970822698 15.109928709095641 14.592400584706525 16.568461877542973 12.461371074186218 18.05629190844479 13.050432984987708 15.780640495498972 12.708621983585488 16.51463226935715 16.3640337597472 18.695788284835658 24.003268011414264 13.909836694358887 12.573076920731125 27.486943932498093 29.068524848283914 34.49910562750358 20.485364360390804 11.078665148343191
12.47137810314058 10.156007878648154 9.288203297356517 11.874400252575526 9.387390528141736 11.41358760689377 8.838727134776548 11.571550462534049 9.841748742116465 15.372097598711491 9.797493765739262 10.756464974344794 10.582706628984567 5.557386331828752 9.438513096576571 11.576794182995172 8.854013381732159 12.927532794789954 11.806816227396155 10.184821180972278 10.151673499688684 12.39381359153441 11.546709803054 12.000977297474321 8.58216347755689 15.132916133961885 17.79231990972903 29.59953071955215 13.229300927220095 9.182444262397496
9.28519354736153 8.271029299384281 7.68149977805399 9.164859654993279 8.955931430848068 8.950380084238702 7.705257805359793 8.588947174201394 8.971442206356414 11.167840628259967 9.388735603797272 8.118408394162373 7.852530956632279 2.7330142059966533 8.947931332019778 8.036703855991902 7.639936023647465 10.157555851020732 8.000972804451976 8.554288981777177 8.972511360175645 9.796922495572574 9.683580896062438 9.045127225404713 7.699802523451353 10.955881275658555 11.102883706743285 11.23246699621069 9.283006224682026 8.376792397069664
8.918120071548628 7.025780640109929 6.993022065064622 2.324200529486916 8.916111018159029 7.301699239490915 7.322615748060059 6.5087795731082 8.916124697089685 9.762424313636473 1.812097876514997 6.681107810426397 6.496987016544267 0.7243089031100567 8.916132156643812 6.866233437958442 6.170157185657217 3.398774693385576 6.978694786340327 7.59394395488772 6.464124547254698 1.9285599849463324 7.182045220194766 8.916129164089739 7.100798413145299 9.266330107482702 9.333840410410517 2.964917287883395 7.64093676856362 7.314371608336501
8.916101927827697 6.406985954118113 5.220497667490804 0.6305949831927933 8.916101927781654 6.372944715323001 5.726309223435635 5.854692690122249 8.916101927781426 7.286132304650835 0.5882385566341668 5.955095895756415 5.760458030928817 0.5583275523109137 8.916101927781654 6.275495652909058 5.861017297787555 0.6029618089819451 1.0115614770935508 6.56651464606324 5.937886978677284 0.6000273124687396 6.643847264491512 8.916101927783416 4.112392495012273 7.37050730898676 1.20606563845746 0.7310891638941257 5.881144725675483 6.038268671566016
8.916101927781312 3.9865794455825494 3.986584901539004 0.03964559278045954 8.916101927781312 3.9870310886726656 3.9865791123478402 3.9865791211817054 8.916101927781312 3.993884277920131 0.5527203382473544 0.2752893209688523 3.986579155525078 0.5527203382472976 8.916101927781312 3.9865791127176067 3.9865792321740514 1e-08 1.0986173037963454e-07 3.98734108936992 3.9865791128509045 0.06146149283284785 3.986579112424238 8.916101927781312 3.986579112347215 3.986579112359607 0.5527203382473544 1e-08 3.986594128280899 3.986579112348636
200000.0 200000.0 200000.0 200000.0 200000.0 200000.0 200000.0 200000.0 200000.0 200000.0 200000.0 200000.0 200000.0 200000.0 200000.0 200000.0 200000.0 197609.0 200000.0 200000.0 200000.0 200000.0 200000.0 200000.0 200000.0 200000.0 200000.0 195101.0 200000.0 200000.0
