329.2107174720077 272.88233263987513 481.89811900586756 631.9898850110003 320.35395461071585 391.086500423693 531.3149617646673 382.94626451728163 289.48240370657413 376.0657560710383 363.18205674716364 547.6898545169888 385.05732274870843 448.15164010340095 284.571701857054 378.1361940778356 394.7231200004967 444.46369017691086 353.5533849583694 234.33412622499418 496.139283256859 467.94355157208065 358.19645143610023 319.3108039129106 408.35284707910296 364.2082246142627 403.6481638521159 399.56709642891246 245.21670777087502 326.864923378459
329.2107174720077 272.88233263987513 250.55442772669358 314.93384107013117 293.39149031740817 299.9747428124724 420.68474974979154 357.06696981055256 286.51552751803774 376.0657560710383 363.18205674716364 317.25553888984496 313.70859382377466 448.15164010340095 284.571701857054 248.36863785701735 297.16112839795915 370.4627932707217 237.70907866171547 234.33412622499418 257.6869231589408 338.8924912243797 251.23726476346337 319.3108039129106 252.2431165447847 221.5106069518697 235.36725995052348 389.6898626956745 245.21670777087502 228.07743953856425
270.2992043694262 196.87384170874657 247.14266856970244 314.93384107013117 257.65038194830686 299.9747428124724 346.1344022137814 251.6985747410672 231.76337013984175 356.7642291380389 348.202840952059 317.25553888984496 262.3444544659005 400.04407842768796 284.571701857054 203.34825490675712 297.16112839795915 226.9469698955004 237.70907866171547 213.16927514029612 234.23560020083733 299.50462675971767 251.23726476346337 258.59017197502817 248.42898316620722 221.5106069518697 233.9235503684945 281.5172787046622 216.09284062732195 217.13605930966105
270.2992043694262 196.87384170874657 214.82609988088188 259.26056932267056 213.5922558331972 299.9747428124724 201.6264856431767 235.60050135143865 231.76337013984175 291.92727014676984 210.70560267252085 317.25553888984496 261.03764116758384 265.018150058067 284.571701857054 203.34825490675712 275.2572360455215 217.20662806402834 234.08917865253852 204.95490264139107 195.9820076195374 236.22294169327733 222.08455951591304 225.6569261368868 211.13683953295504 221.5106069518697 206.93905094799948 219.84441300498247 216.09284062732195 188.24340194321803
200.02028698313916 192.36888666113418 193.84689725459566 239.83889297210862 212.64227036857847 265.7110824497772 201.6264856431767 235.60050135143865 231.76337013984175 210.66139976831437 203.50543287271557 317.25553888984496 223.29369942296717 230.6542258104555 284.571701857054 179.00146056244466 199.94063496769877 210.40982525045638 229.5373208830324 186.6117613685251 195.9820076195374 213.25809581686462 206.62327876453674 225.16928451352396 211.13683953295504 221.5106069518697 180.43155153918406 219.84441300498247 180.87564204606588 188.05788785761933
200.02028698313916 188.96717057452042 193.84689725459566 239.83889297210862 189.9908366851855 230.08161981187004 193.62444627542118 235.60050135143865 202.69243460158077 185.2238707118654 203.50543287271557 224.7816328200861 184.50409356718365 230.6542258104555 197.92926962332058 177.73887998528198 199.94063496769877 199.90599630317593 207.9866292868728 186.6117613685251 195.9820076195374 204.00515039788525 196.95377247593206 223.42337459368036 211.13683953295504 221.5106069518697 178.19177509775727 219.84441300498247 180.87564204606588 180.13961046018767
188.42157127159044 173.74774066826376 172.380438737453 172.87975860005872 174.6206247451314 181.38159583387278 176.83565516999442 201.3556556771755 172.50132394255888 180.73686942327777 176.14442013659982 193.31100018205598 176.40235468317678 176.76392826267465 191.8332369244613 174.41616617105728 180.5485842180983 169.94787640875347 170.4127958148515 173.59116163067074 176.43891310476738 172.89208176759576 173.5621009790284 171.92604528486254 173.5255197659285 174.13152546267156 173.92922090005504 174.00785973661505 169.95821397874033 169.9888390542742
168.76865636650018 169.58025676687657 167.26368503309004 165.97224488872416 167.2964818450655 172.5315190768738 169.76564337182435 170.62154457051201 169.19496619100937 170.55647975344436 168.99782466283523 174.41597589646835 167.56112559499297 169.76989052023873 170.74106786317316 167.33750344901637 168.33771799338592 167.61704647446277 168.66531212746804 169.5256451511923 169.53237683714678 168.97262737406436 169.47632621141793 168.27201723791404 167.9714682926824 170.6822488008229 164.71061460623878 167.80222752792315 165.67503614060524 166.685774451611
166.73489247790576 164.32047676197453 165.53835221458075 163.81352728908223 164.58443769986707 165.46804918850285 165.47057453408934 166.4372911647124 166.48937159484012 165.6718639806013 165.0977931096495 167.57876843786607 166.89220780727464 165.68961578517929 166.27893695997 164.91347057956 164.53126180344316 166.33824114275785 166.1780202464065 166.36588206720126 165.77807692826127 166.03279974883753 166.02167949734485 164.44773421563696 165.14254321699582 164.73791881954503 163.80554045903318 164.62662251739812 164.13899516088486 163.54190846536494
163.04642949661547 163.74000414899047 164.18819563457055 162.3766272562316 162.8461562975649 163.4841463169514 163.6683421280477 162.7991088932563 164.25305232896653 162.95202682844047 163.2978091652485 163.4402084074186 163.30659979392703 162.70063213322237 163.14020261905898 161.90382170294197 163.2917078093251 164.553188234378 162.57262770515035 163.21863908471096 163.07739377607913 160.11161108222495 163.3405813660479 162.01234480287576 163.9221934382599 163.913443707243 160.76721244303508 163.83230490897085 162.57328182262427 161.66219050648988
161.65155538260797 161.78299324596628 163.29549228129918 161.5179237017628 162.0542380312504 163.0346643681255 161.781342580412 161.7268874137685 162.31260322707067 160.49915887804082 162.7495028903959 161.29407420903954 162.31313879094387 161.74958306811868 161.74737607984707 160.3222709925435 162.52555522092143 162.72269643244272 161.76737106260725 161.6665268561287 161.9216684657954 159.75838331231444 160.67020564863242 161.47903239258312 162.65819263541607 162.6207371643627 160.61062697257876 162.2318678778156 161.61989789727886 161.62140234691515
161.41263135862937 161.66571812083566 161.34985550468946 160.30434940809664 160.46813045449835 161.69109921247855 161.58071007957778 161.543419452536 161.57544170457504 160.01660611075658 161.5553600393555 160.38343991619422 161.7147641760953 160.50125279445592 161.60610920930912 159.60766291964183 161.59796396175534 160.43599826200216 161.55647579711103 159.8646470895892 160.06720606237832 159.2342280864591 159.9846308149372 161.45324695276213 160.30422172525368 161.6786097218992 160.05449149329115 161.46332687006452 161.4450480482892 161.43412745415844
161.40625190136643 161.45739370951696 159.36244029301452 159.62603343385808 159.77413728926513 159.36763522541105 161.4188051846868 161.4134167755915 161.45030676471606 158.77019761774682 160.30530214555938 159.76472039798773 161.52325452286823 159.43734495450917 161.41564669899844 158.90788710345714 161.4141861828016 159.19878143292408 161.32573701633146 158.99287965333087 159.1142436388036 158.96146576040746 159.45334705451523 161.40614490087637 159.2013972019481 160.30879829461583 159.19223240782003 160.07360682072067 160.26959940326014 161.40742462850721
161.40488077812415 160.04499635121238 159.0486888619762 159.31209814830117 159.56256326240873 158.9769523662203 159.53309684681926 160.0280131005079 161.40772894260863 158.66425325894215 159.67381092027972 159.02687208741645 161.40842042081294 158.91136714144977 161.40489658114257 158.6647667309935 160.0111900730767 158.7580563878273 159.52993693799363 158.72365313665387 158.74904541318347 158.6731817320897 159.392054990607 161.40488079370243 158.72940211053583 159.42767887060563 158.65932399630447 159.66364939276082 158.72429312891018 161.4048807915624
161.4048807587492 159.39412919891447 158.632522279142 158.6375294272816 159.5437898910841 158.70160238227254 159.37119934616248 159.39237752429972 161.4048807587924 158.61861436259278 159.5441429499615 158.65832758693068 161.40488075874964 158.64325091744558 161.4048807587492 158.62264701921504 159.54457989912908 158.62382703860249 159.2400106309383 158.61938788410498 158.62277338830154 158.61846789821448 158.62348831861118 161.4048807587492 158.6356145938762 159.3735831116437 158.6185612337731 158.75129906741722 158.6336133209138 161.4048807587492
161.4048807587492 159.36873363703762 158.618354674275 158.61835549860143 159.54377628679686 158.61835455766823 159.36873363703762 159.3923769853859 161.4048807587492 158.6183547186838 159.54377628679686 158.6183545585759 161.4048807587492 158.61835455766823 161.4048807587492 158.61835491805323 159.54377628679686 158.61836015473727 158.61835455766823 158.61835455766868 158.61835468483514 158.61835455766823 158.6183545709905 161.4048807587492 158.6183563967693 159.36873363703762 158.6183545578624 158.61835460832026 158.61836044924712 161.4048807587492
200000.0 200000.0 200000.0 200000.0 200000.0 200000.0 200000.0 200000.0 200000.0 200000.0 200000.0 200000.0 200000.0 200000.0 200000.0 200000.0 200000.0 200000.0 200000.0 200000.0 200000.0 200000.0 200000.0 200000.0 200000.0 200000.0 200000.0 200000.0 200000.0 200000.0
