365.7682212523241 353.3121367445756 399.0933439772548 374.066257805408 251.59852567824828 495.09658629253454 387.8494866764577 357.54757555446076 427.84164280718187 273.9512060216948 469.3249483059599 249.0874427739518 241.7078752644784 380.7618699120894 386.8637353688723 291.7815388763943 389.3031593751616 350.8020655075529 476.5309594326591 444.3575818631275 297.48976932574215 380.0316536873629 327.01044324528857 333.1822223631516 318.5783920907452 270.2125543473403 530.755752753184 440.1132089407638 413.24843340261623 340.0654949622949
365.7682212523241 344.9667871434308 372.76308679125486 374.066257805408 251.59852567824828 335.71859446269946 356.60846884577586 357.54757555446076 327.6518473301089 273.9512060216948 466.3044249261093 249.0874427739518 241.7078752644784 380.7618699120894 272.72813160922396 291.7815388763943 389.3031593751616 350.8020655075529 476.5309594326591 392.0201538601359 297.48976932574215 271.1130695749807 315.12850763262304 333.1822223631516 280.84214030602607 270.2125543473403 439.9282205990148 331.0775572047655 383.5141888234007 340.0654949622949
365.7682212523241 344.9667871434308 250.65188848170692 374.066257805408 251.59852567824828 335.71859446269946 288.8724733771078 357.54757555446076 327.6518473301089 247.88595975958924 279.1154789049169 238.81517379977186 241.7078752644784 380.7618699120894 272.72813160922396 291.7815388763943 389.3031593751616 290.93533374726485 316.6029931880812 392.0201538601359 297.48976932574215 271.1130695749807 315.12850763262304 333.1822223631516 280.84214030602607 270.2125543473403 280.2899233870244 331.0775572047655 335.77954220745414 340.0654949622949
274.6309148644 344.9667871434308 250.65188848170692 294.98621658046113 251.59852567824828 335.71859446269946 288.8724733771078 331.8081307145949 261.69141994102165 247.88595975958924 279.1154789049169 238.81517379977186 241.7078752644784 380.7618699120894 271.66796579386164 291.7815388763943 389.3031593751616 290.93533374726485 316.6029931880812 337.17646794788106 285.665267459543 259.18161080946675 306.09340665836953 333.1822223631516 280.84214030602607 270.2125543473403 280.2899233870244 331.0775572047655 335.77954220745414 340.0654949622949
274.6309148644 344.9667871434308 250.65188848170692 294.98621658046113 251.59852567824828 267.5557417713171 288.8724733771078 331.8081307145949 261.69141994102165 247.88595975958924 279.1154789049169 238.81517379977186 241.7078752644784 287.8990954558185 265.93625625044115 265.0079006339847 389.3031593751616 290.93533374726485 316.6029931880812 228.71684899033744 285.665267459543 259.18161080946675 285.30852972036064 301.5235441009927 253.60656982410364 270.2125543473403 280.2899233870244 244.53585231519855 335.77954220745414 294.64258777471787
274.6309148644 344.9667871434308 250.65188848170692 294.98621658046113 251.59852567824828 267.5557417713171 288.8724733771078 310.67468234758326 261.69141994102165 247.88595975958924 278.2739130572054 215.0319451383616 241.7078752644784 287.8990954558185 265.93625625044115 265.0079006339847 389.3031593751616 260.7586364951276 275.59087902608735 228.71684899033744 285.665267459543 259.18161080946675 285.30852972036064 301.5235441009927 253.60656982410364 270.2125543473403 280.2899233870244 244.53585231519855 335.77954220745414 235.3645297397352
274.6309148644 344.9667871434308 250.65188848170692 198.19854793577406 251.59852567824828 267.5557417713171 288.8724733771078 310.67468234758326 261.69141994102165 247.88595975958924 278.2739130572054 215.0319451383616 241.7078752644784 258.99671926049723 265.93625625044115 265.0079006339847 298.3610361697938 260.7586364951276 275.59087902608735 228.71684899033744 285.665267459543 208.09018775720506 285.30852972036064 301.5235441009927 197.28918315939973 270.2125543473403 258.50629418087783 244.53585231519855 335.77954220745414 235.3645297397352
204.86681155274437 271.07755591887326 190.77216999527582 198.19854793577406 160.896199001887 226.45282372984138 227.06990941107642 153.66289504673705 206.59827795172305 247.88595975958924 263.83639348907354 188.70458664084663 171.42547172818695 230.74406522416803 243.00016912900037 107.69390307975846 262.46048202163547 243.2031660032826 275.59087902608735 210.54084007303618 219.00453113124468 135.49542940375113 186.17424769821446 199.67599070521555 179.86159697204585 236.7159698771893 219.94782939950028 216.91807027498726 225.4673471544197 186.5058779445867
118.52920375939584 174.75127495020251 134.81685564322652 166.4170743462364 160.896199001887 199.86458776100926 199.03796628057535 123.93553259264354 178.57002256795477 147.43275621186694 204.05877217800844 181.147967310048 135.98182748747558 170.17215210155564 180.20313081361428 107.69390307975846 127.1864881649908 191.1622296816572 171.2486847729433 182.0464187486523 171.68145737184022 127.58345468275911 137.90677584524292 173.85538027495568 130.9983053300448 206.89798587935775 170.54554577935187 169.7697484941482 177.55695847867946 169.66704587557706
112.07679714526967 120.68210553576228 130.95799197545148 110.14874904806402 121.4151812454329 124.65749149889962 141.6021195571784 106.19264890502791 119.03947960950336 106.19006930734258 153.44875741940314 129.40480133577375 102.07658427545721 149.1177275307641 100.58655405780519 95.1393088443383 116.06876092105813 138.51993269378272 120.46605852902121 145.168999869883 146.6457428193189 102.04118289191865 120.82463992204703 137.95033486324155 130.9983053300448 94.17988156694355 99.67487697455681 121.9346042803727 122.82967204147553 136.93091539149236
88.61652847491632 86.88120892126017 94.17672444296159 76.54773022495374 109.95548818985571 107.0930575589623 112.044997137466 79.48214760515384 79.27822362780944 88.50853863460497 101.28105889195558 94.72844535810191 76.11390500859125 113.61012721673433 73.58658234937411 95.1393088443383 86.72779018011306 87.81051466207737 100.0162230036749 90.14381046923972 95.99077631656746 71.67715723686706 101.01641303137285 106.73555153363031 87.65488482512137 87.19001854051385 87.65817176157498 89.94984344918475 93.33764846755594 104.83886728508469
82.76157311931911 76.19604458433014 77.54789458040113 69.52388316601218 86.0526074328568 69.83112602657638 79.00261814361147 68.45946294392252 72.99613328227724 77.05302938291925 71.32432700504296 63.202213433784436 66.78108689685541 79.22246723976741 64.75420378851231 67.58262845463378 71.67501480797728 77.07728086946418 82.25600764373439 85.9077223896661 67.8672207970385 60.53723016413551 72.2833903250139 81.94914885414892 63.5368645698868 60.19125624582148 79.03097054332375 73.59717352072403 62.60079082766424 84.09743521961491
48.90570482480962 54.32004627469996 57.30766205406462 59.98995635192023 56.861060089967395 67.21880870892574 63.92011628686441 52.17360462302668 58.7348588082059 45.48428989927902 63.22869391240738 57.77247500373187 47.97124947712791 48.09980496330536 55.58141581398786 54.5423050684567 64.4422272671718 56.10708854047289 56.086994596261775 60.58426796953245 51.46940454253627 53.2432115377992 55.3106411483559 57.034143639585636 55.026668688967675 48.82799134912784 59.18489553935888 52.57768938263871 60.72679656980017 56.19381145234274
40.330561255749444 39.7400676969221 46.129483026046046 42.48188770228239 44.02489722046744 43.76876541303727 46.041786780194116 40.308603470011576 34.76606607913891 36.0199437672818 44.32065744176202 41.44465359905848 31.49803320054002 38.03011434161385 39.07812375864546 39.20613888508592 45.95792783025627 39.42230495903732 42.17978974662424 37.69419246349389 35.98469371071474 39.65739788366591 35.85556040337997 44.12372897368209 39.25671955216808 41.026855657718215 40.653102898306315 42.50136548248224 39.45173940880477 44.53362384078241
31.280030286425927 30.487950970497877 27.84293048143104 26.577368947731202 29.09971054445782 29.31333832955147 33.17455219491853 26.921244116935213 29.39712522495506 30.088125204415064 31.030905237536444 28.412389426710206 27.203353320682027 28.981596338122017 28.94248563822498 28.956811188628535 32.167129702991815 30.59360971459887 29.973317300242343 28.108714794885373 29.643949462417822 29.716153488969667 29.105186452170756 31.028169598428576 31.555761238187642 31.63385836492398 28.61923198009049 28.893685351341674 31.0353405464989 29.67674347149591
20.802541203302326 21.72801536252564 22.376481471686247 21.11600065534958 21.153550619409543 20.996651191727324 20.461608432587127 4.544975658375279 19.393123745198636 20.579709667136285 21.150945515252715 5.863684472835757 23.13044236825317 4.70069554971019 20.55751737770788 8.507281493329629 8.140501783958143 17.587820381819256 21.34797663243944 18.18318935967386 20.84326451093807 21.708296926366074 16.617935817275566 20.60096044952911 21.980035504304396 21.928555148187343 22.109543609810544 14.377660482087549 20.613545099810835 7.762452453343258
999997.0 999997.0 999997.0 999997.0 999997.0 999997.0 999997.0 999997.0 999997.0 999997.0 999997.0 999997.0 999997.0 999997.0 999997.0 999997.0 999997.0 999997.0 999997.0 999997.0 999997.0 999997.0 999997.0 999997.0 999997.0 999997.0 999997.0 999997.0 999997.0 999997.0
