736.2286692767184 238.39020529913932 151.74549700145326 1200.574737895633 533.2223059387857 165.31183118711579 321.0975587278799 294.1373629112918 2442.0723863231087 648.871818247967 339.2870686751985 263.5700400153778 336.07539537076536 630.1980934882977 241.17710153878397 184.36436067797104 240.1466365146689 2029.9536094868135 121.71201901771065 512.7697081812271 176.63575857047545 294.3159090787376 1626.5305016253888 183.1204591008559 705.6299805668627 1101.7989350379526 387.86352778969695 833.838180912664 241.47003831449365 291.05389949077653
346.789441242709 238.39020529913932 151.74549700145326 637.0656768658428 533.2223059387857 165.31183118711579 321.0975587278799 294.1373629112918 829.13538113304 309.5814397847116 336.8509364505753 263.5700400153778 336.07539537076536 630.1980934882977 166.6936436431488 184.36436067797104 219.00506600934068 1756.0930669637437 121.71201901771065 311.33631399866954 176.63575857047545 294.3159090787376 904.8732286950617 183.1204591008559 232.75382645774607 1101.7989350379526 387.86352778969695 775.9747887473386 241.47003831449365 256.4511688894836
346.789441242709 238.39020529913932 151.74549700145326 349.8441958752155 289.10073895390724 165.31183118711579 321.0975587278799 294.1373629112918 829.13538113304 287.7741036687271 175.2447765848874 263.5700400153778 231.88197858557942 191.26993648069129 156.11057241648814 184.36436067797104 219.00506600934068 1756.0930669637437 121.71201901771065 222.64252163352103 176.63575857047545 268.4627415625655 442.8033408079823 183.1204591008559 216.50524051579396 1101.7989350379526 387.86352778969695 332.7777861654413 169.72182462146156 256.4511688894836
123.89123905274164 238.39020529913932 151.74549700145326 172.3563853540868 289.10073895390724 148.03361456402126 236.83141726961276 239.99024156688256 245.09820093747612 287.7741036687271 175.2447765848874 263.5700400153778 225.76453559468337 191.26993648069129 156.11057241648814 145.5395792093177 219.00506600934068 1446.854622080351 121.71201901771065 197.99951040053566 176.63575857047545 268.4627415625655 442.8033408079823 183.1204591008559 159.37332207566078 306.80679583228357 357.7475883755137 332.7777861654413 169.72182462146156 150.36136884469124
123.89123905274164 238.39020529913932 118.15194577226657 158.53027471975884 238.40955299292227 121.50450978769413 236.83141726961276 239.99024156688256 245.09820093747612 240.3041762082189 175.2447765848874 263.5700400153778 169.90902597069862 181.73357857378505 156.11057241648814 145.5395792093177 219.00506600934068 797.5247030162136 121.71201901771065 167.22445716865968 146.72796670397292 159.30722060122662 230.14740651426337 183.1204591008559 159.37332207566078 306.80679583228357 357.7475883755137 305.4097325837188 147.30425813511374 129.2636456566629
123.89123905274164 238.39020529913932 118.15194577226657 121.94172595956616 202.3719733266903 121.50450978769413 236.83141726961276 239.99024156688256 245.09820093747612 157.41522497924052 129.6666036401557 120.7145159288375 159.02927924590176 116.65330223140018 138.19935032582498 121.44951954765429 219.00506600934068 337.9267534375949 121.71201901771065 135.2395336747386 146.72796670397292 142.5006006781432 230.14740651426337 183.1204591008559 159.37332207566078 306.80679583228357 357.7475883755137 288.03786592301276 147.30425813511374 129.2636456566629
117.4983178483435 134.18846644712448 112.81384614937178 117.69300297034124 135.81266397692343 113.71090392657516 151.40684882083542 169.00793405755803 136.99015420660407 118.90281579077828 115.88890295664169 115.96195914881082 132.2660742303633 115.32262959626541 117.87537337699996 113.30396932259555 130.51746734265362 163.74316307945764 118.72617504181153 119.37794803288216 120.96929340194401 130.05111797152858 230.14740651426337 123.47394327008215 134.39763732648726 229.5389446369718 134.77090560166835 126.77731506253667 125.68536740798527 128.91012407389508
112.54186333080906 116.5770954664481 107.23782552712373 110.81747248240254 114.71936671034518 110.32066178274818 126.23880164169896 112.21161287583982 114.89357056323843 108.18572810365049 115.88890295664169 111.08903113752467 116.03059704637644 114.48966419332373 117.27260783425163 108.27265081418273 118.33824492357871 113.29949091141907 111.50450339227018 106.36830239144501 113.8957738047452 107.77299126639764 141.63312251147772 116.94621737130228 109.34400203521227 149.72895168981177 114.14507359434901 115.72745011440884 118.86380590663612 111.81540811076366
103.79173241503622 108.02319542898977 104.60380992430373 103.70007486419308 114.71936671034518 105.67133913756425 111.08871703714249 109.92664988728075 110.01919079813979 107.12902713690983 106.57293580951227 103.7119127688652 104.93921065165705 105.73156008326669 107.89883883989796 104.5089098438284 111.3137647521753 109.6739236947551 109.23962841730372 105.57192010960489 109.026748079159 107.77299126639764 115.59957973074643 106.56686342425837 108.06787655501648 116.27411632778512 111.02779784857285 105.3333955919843 109.35650898516451 106.47216497613908
101.76044023834265 101.47307757997032 102.29152633115928 102.43602664523723 106.0026008125983 101.33421228919906 105.84025994120702 104.74183298375101 102.63264706823793 101.97947176634716 103.21793951718837 101.86742144254595 101.56575416621581 102.23336868264641 102.01291816490584 102.16225747031876 105.04000571169763 103.6797301210513 106.87589342467027 101.71245595672508 101.54029551425629 102.89273479301255 103.84565101119051 100.82261432500854 103.392080912457 106.67287788826252 105.22009928570606 101.8361123360828 103.41248792889473 102.519107362873
100.89543030378127 100.95341667771845 100.82132167365671 100.886025906349 101.30056753361396 101.06785050506778 101.8227836767669 100.67665072726004 100.75952993162355 100.86104208873076 101.27278134976495 100.76274460652712 100.79528311156719 101.03042500218953 100.8799018517293 100.72402477604601 100.98444480926355 100.80067090204193 101.5436043388122 100.89635337947038 101.1665389145569 100.85073865831009 101.26381272844037 100.82261432500854 100.75604354174857 102.34461977591263 100.75759632652307 101.03107876065587 101.44730177708334 100.82841440152606
100.58869318554707 100.73289380313054 100.63020246409451 100.63542574332587 100.66048019661275 100.68914152749585 100.96352360404171 100.67665072726004 100.65492551374973 100.48097320638635 100.86780824384232 100.3655525178051 100.43691341313524 100.59837952070939 100.5328747188255 100.52645783344315 100.71802655660167 100.5781257095814 100.85795899845107 100.53446259897373 100.7666495205026 100.72257344941863 100.77651811332998 100.61342433115897 100.75604354174857 100.72875771115832 100.64885527223441 100.69213865692063 100.7578507632611 100.5961480233691
100.33009398345712 100.57782060156524 100.57240658409637 100.46696108343258 100.45910218364088 100.59759036338892 100.61810688722062 100.46557139940478 100.54242233203604 100.48097320638635 100.49062109154329 100.3655525178051 100.38432384186899 100.55907117850802 100.5328747188255 100.43189178847297 100.49280672370969 100.52838448599869 100.58944606445675 100.48631974249611 100.37757021522702 100.5608391993369 100.58815200617755 100.39036087227623 100.6814030843525 100.62803371750579 100.56369658857602 100.39267393265573 100.57287825980029 100.47068585276565
100.33009398345712 100.38203966010178 100.44893035885434 100.46696108343258 100.43032126517892 100.3484789212921 100.33295338197968 100.4199451497384 100.42195773376761 100.31594736234638 100.44688194929768 100.3655525178051 100.38432384186899 100.41893130143717 100.45485926372703 100.34114416270586 100.42441375600083 100.3117602736229 100.46298419712502 100.37070499257106 100.29861898946592 100.44015942183978 100.51274486730836 100.2913024431482 100.47504945413084 100.48247951862459 100.48664736484534 100.34007456442396 100.368789333716 100.40262722642547
100.30823125463212 100.3760435899735 100.31281818267962 100.37260881042312 100.30704676076493 100.31005921868791 100.26128601628261 100.34249360684998 100.32998419606474 100.31594736234638 100.39303996069339 100.29908720990443 100.3598157056581 100.304334284574 100.33526613670165 100.25641578508385 100.29562885225732 100.28889508160955 100.34802007132203 100.34592761446356 100.26518465024674 100.40956758985703 100.38683647842527 100.25373816383308 100.32915456442379 100.37245444892596 100.36574400993368 100.32477122045793 100.368789333716 100.37709985603169
100.2707818833469 100.33735094191252 100.30553897490108 100.36393961254544 100.27993184100433 100.27445207393521 100.23720161545316 100.26130999577117 100.31884417284755 100.26412483919466 100.34170659354004 100.28299272111508 100.3041046575936 100.28442459789449 100.30920814282081 100.24573615017198 100.2931644482469 100.25930883912588 100.29347139214997 100.20583385681812 100.22595077280948 100.32923581431533 100.33008092183672 100.24374448374192 100.2924418822904 100.30390808012771 100.30412804350681 100.14559673636313 100.33190360231583 100.36483187827525
200000.0 200000.0 200000.0 200000.0 200000.0 200000.0 200000.0 200000.0 200000.0 200000.0 200000.0 200000.0 200000.0 200000.0 200000.0 200000.0 200000.0 200000.0 200000.0 200000.0 200000.0 200000.0 200000.0 200000.0 200000.0 200000.0 200000.0 200000.0 200000.0 200000.0
