700.1073772537561 481.24155060897874 502.937042101265 529.8345951106903 472.2507547093319 469.3155413646 552.7643360426864 607.0675606378131 639.5642760632309 585.0929312379485 586.9183779794866 538.4196512603194 520.1466023139537 428.8708202272196 698.9537096666636 659.6343164111131 523.4913721264311 493.3489155849711 823.7716390586343 523.3469868384987 519.0423930156317 386.23494662144185 508.1359880987029 421.9765572153374 709.9228168408408 513.6911363501204 596.2323926592389 597.2958813401729 650.085867448226 596.8004657850215
469.7753842781367 481.24155060897874 498.46574942916277 513.9470267598163 472.2507547093319 469.3155413646 552.7643360426864 561.6415886210466 636.6659105805165 585.0929312379485 586.9183779794866 478.57094346679787 520.1466023139537 428.8708202272196 666.2454967662047 659.6343164111131 418.638894189814 402.54400510503365 752.2585986152471 523.3469868384987 519.0423930156317 386.23494662144185 508.1359880987029 421.9765572153374 532.8417658489125 513.6911363501204 573.4647109238008 597.2958813401729 650.085867448226 596.8004657850215
469.7753842781367 365.0114339442871 394.813198097595 513.9470267598163 472.2507547093319 469.3155413646 552.7643360426864 561.6415886210466 636.6659105805165 585.0929312379485 545.3716799641161 478.57094346679787 486.9756147821008 428.8708202272196 666.2454967662047 535.4070106148492 418.638894189814 402.54400510503365 418.25001909972707 406.42753781055217 467.22195313453403 386.23494662144185 508.1359880987029 421.9765572153374 460.6120272241842 513.6911363501204 573.4647109238008 497.45645051486144 650.085867448226 571.5103163981021
462.577212483528 354.1498004800119 394.813198097595 513.9470267598163 472.2507547093319 469.3155413646 528.3723659437605 516.3870976655735 592.1488079589226 487.8977921161295 545.3716799641161 447.6321583771173 451.19262345589914 428.8708202272196 399.76683560325637 464.1073382217937 418.638894189814 402.54400510503365 418.25001909972707 406.42753781055217 467.22195313453403 386.23494662144185 508.1359880987029 421.9765572153374 460.6120272241842 513.6911363501204 573.4647109238008 497.45645051486144 589.4182922697846 496.1630011914772
462.577212483528 354.1498004800119 382.06623061702294 513.9470267598163 383.37537355416134 469.3155413646 528.3723659437605 445.55075425194764 499.90321827548905 487.8977921161295 431.6939337272729 405.6774364482076 451.19262345589914 428.8708202272196 399.76683560325637 464.1073382217937 418.638894189814 402.54400510503365 418.25001909972707 406.42753781055217 467.22195313453403 386.23494662144185 508.1359880987029 406.6344051635124 366.9044948863393 449.6277609204326 543.384782109707 434.05945366913375 589.4182922697846 496.1630011914772
447.39570288901496 338.505518409258 382.06623061702294 511.01245603582447 383.37537355416134 469.3155413646 478.5830223794501 445.55075425194764 488.4739987806097 465.4197678879914 431.6939337272729 405.6774364482076 451.19262345589914 411.75421122886837 399.76683560325637 464.1073382217937 409.93902743236276 349.53658853669504 418.25001909972707 404.159865749265 467.22195313453403 386.23494662144185 444.23403782512105 406.6344051635124 366.9044948863393 449.6277609204326 459.66046759741266 434.05945366913375 504.42199657914625 400.1271514021728
319.819899754631 290.0728133260259 329.37392159539286 357.61744242325403 302.8220854214269 371.847103544495 439.73216591890514 357.75334327587416 336.14803106805493 440.19178437150094 419.14828632273566 348.00552893876556 435.190207415385 363.0274674130801 399.76683560325637 344.3037225199196 409.93902743236276 320.966672265065 418.25001909972707 335.351078167962 351.83165014586393 285.2151254159912 388.7766790640135 406.5001595024064 354.89245505896224 324.8822218507021 302.59260544015115 306.94312784156364 371.081561261115 297.6215148469246
268.89045015471993 247.70191459853595 257.39146108289606 275.02376642131276 287.0255414335984 271.7242287264512 353.0045336672483 265.4789144272172 304.60090758229126 304.09336630996586 343.9244445100294 341.38343845143845 368.06522936429747 283.1944906402018 302.719026717401 262.46009832272284 297.541292888302 259.75379768973926 380.963143805418 320.1658173313035 260.0918718994153 254.8520583520767 331.1078383922386 384.64378031422984 307.41912359711205 295.8178377931222 261.5807204707071 299.4215264568388 332.1273354410532 279.25114169189874
249.09645196810607 243.48504934027278 239.62208184918518 254.9242287092793 242.09834803389458 233.66943387914762 265.3318934750814 243.67751020358992 255.7586950750515 265.542088558901 257.7993488660859 248.9143726440916 256.5920423407938 241.9605244003942 250.57403108660765 248.71786161380305 240.26083442958225 247.926160102224 256.6079604916322 246.05139545393922 242.8702101013546 245.19536036302998 289.14616404143817 248.47682727992378 241.81451070392404 254.94068608171347 254.4814178043689 258.34234405794587 256.38584778144514 239.00109562764283
232.96850156427763 231.7852859703462 231.42425604033406 234.54327998011604 235.34258226903512 230.79263436998372 236.72623399287977 232.73097198499863 236.46070976911278 235.9343463384148 237.32334430380934 235.1244559023503 233.11854130725806 233.17031167366486 243.4687695386774 234.914630602359 233.49078093363414 235.8066463345449 237.6454478355513 231.46204783328812 231.16006416571418 231.18179912036885 245.20742167314302 232.44628715721956 232.41262838487864 234.89757910353183 232.21662241042895 234.72171940439148 233.8786073805809 231.40745895714554
230.67540417648252 229.40829256255483 229.54666897085053 229.92856818496193 229.50488301901987 229.55216042987422 230.2046215498708 229.52357108382012 230.1663035799652 230.97498283218283 229.86489934601468 230.313938943842 229.7414000549361 230.02393097260256 230.84672189420507 229.66116781419578 230.25069711155902 230.48329956164253 230.52891000550107 229.61159483412985 230.02142631338575 229.93443805539027 229.93181653675174 230.01443915385698 230.01315059605713 229.71354433956049 230.1501415466737 229.59061798779794 229.9077670223187 229.57308602221838
229.35816223147685 229.2921117467704 229.29604618044232 229.33600037175665 229.29987825021772 229.31316604000176 229.34884663469575 229.2961895317021 229.33937683478916 229.4270124972736 229.432849110623 229.4380507875103 229.34323137379806 229.30943996914266 229.3206276696901 229.2990862361694 229.30204711987153 229.35973763887569 229.3428353444947 229.2962287515943 229.34402070246188 229.30965518089897 229.41957752972985 229.2999776328561 229.3728114241735 229.3279186636778 229.39665517052617 229.3735820228112 229.31473225068976 229.2905457055349
229.28561439674513 229.28442678262036 229.28440849321214 229.28449910293148 229.28449016627883 229.2844173706908 229.28439919809307 229.2844066103239 229.28453826074337 229.28463207593177 229.2856386054723 229.28460850306874 229.28467398590647 229.2844479977466 229.2844639257528 229.2845272610939 229.28441729636234 229.28478479732485 229.28469499563062 229.2844047929134 229.28442310724267 229.28439180729356 229.28491194567414 229.28438975131166 229.28452061596727 229.28449444291118 229.28440310673068 229.28491608884315 229.28441770370273 229.28439818831203
229.28438271380173 229.2843827085544 229.28438270850165 229.28438270877177 229.2843827085403 229.2843827085062 229.28438270850484 229.2843827085121 229.284382709724 229.28438271510913 229.28438271852792 229.28438270869856 229.284382710091 229.28438270858305 229.28438271239747 229.28438270937022 229.2843827086781 229.28438270984952 229.28438270973174 229.28438270870765 229.28438270859306 229.2843827086458 229.28438271397727 229.28438270853758 229.28438270890547 229.2843827092065 229.28438270899642 229.2843827154602 229.28438270861216 229.2843827086076
229.2843827084871 229.2843827084871 229.2843827084871 229.2843827084871 229.2843827084871 229.2843827084871 229.2843827084871 229.2843827084871 229.2843827084871 229.2843827084871 229.2843827084871 229.2843827084871 229.2843827084871 229.2843827084871 229.2843827084871 229.2843827084871 229.2843827084871 229.2843827084871 229.2843827084871 229.2843827084871 229.2843827084871 229.2843827084871 229.2843827084871 229.2843827084871 229.2843827084871 229.2843827084871 229.2843827084871 229.2843827084871 229.2843827084871 229.2843827084871
229.2843827084871 229.2843827084871 229.2843827084871 229.2843827084871 229.2843827084871 229.2843827084871 229.2843827084871 229.2843827084871 229.2843827084871 229.2843827084871 229.2843827084871 229.2843827084871 229.2843827084871 229.2843827084871 229.2843827084871 229.2843827084871 229.2843827084871 229.2843827084871 229.2843827084871 229.2843827084871 229.2843827084871 229.2843827084871 229.2843827084871 229.2843827084871 229.2843827084871 229.2843827084871 229.2843827084871 229.2843827084871 229.2843827084871 229.2843827084871
200000.0 200000.0 200000.0 200000.0 200000.0 200000.0 200000.0 200000.0 200000.0 200000.0 200000.0 200000.0 200000.0 200000.0 200000.0 200000.0 200000.0 200000.0 200000.0 200000.0 200000.0 200000.0 200000.0 200000.0 200000.0 200000.0 200000.0 200000.0 200000.0 200000.0
