991.3764805556116 1258.0321964198101 1043.9231861698636 1302.4960843782537 1160.1275199645543 1581.5331209393016 1328.9956383911567 1398.1511233240499 1223.2251489235518 1066.1690311287575 1148.9458153835667 1116.6694780353982 746.6140729924955 1223.999477342455 1631.7751145354582 790.8190832009568 1037.9461109314989 907.9490362942265 1447.0848998931979 1567.1130770106506 1470.2519179890382 1525.2592803262214 841.7805127863376 886.740668451796 1213.3059319079612 1488.9279011733506 1032.398052753504 1068.9978000264891 1166.72328410521 742.7995623661818
793.2001746855176 1258.0321964198101 1043.9231861698636 807.8946596381829 1144.4134364414585 1581.5331209393016 1328.9956383911567 873.8995989883888 1223.2251489235518 1066.1690311287575 915.7978399999874 858.6107512879075 746.6140729924955 680.765877176952 1195.0463013716476 790.8190832009568 706.7106401569768 907.9490362942265 1447.0848998931979 1173.3768517386725 1196.113428325275 1484.920237634707 841.7805127863376 817.1205400355793 1213.3059319079612 807.4212073363701 1032.398052753504 965.7043003530389 941.2374489146264 742.7995623661818
793.2001746855176 1258.0321964198101 820.2224842775236 807.8946596381829 998.9181606580601 1545.5764728769827 1072.1683379430706 873.8995989883888 1223.2251489235518 821.7325801075513 915.7978399999874 765.9654513848463 746.6140729924955 680.765877176952 914.566462429264 696.9998466467014 706.7106401569768 907.9490362942265 1261.2075550509844 984.1299857903596 920.0077489938685 727.4423920286886 841.7805127863376 817.1205400355793 851.9081824837094 807.4212073363701 1020.6183528774268 586.6267573451487 707.6542984864286 742.7995623661818
606.9357533709926 889.5982055635914 730.4664528992075 792.5088933738666 998.9181606580601 1303.8227081088562 1072.1683379430706 650.6688474752973 1047.0960205224824 758.1126334071082 747.9765440350943 678.774269420097 746.6140729924955 459.99164918690576 889.322236050954 696.9998466467014 706.7106401569768 907.9490362942265 1118.7388669115644 984.1299857903596 920.0077489938685 715.5237211967578 731.1287334957906 817.1205400355793 851.9081824837094 636.4895387333745 1020.6183528774268 586.6267573451487 707.6542984864286 742.7995623661818
606.9357533709926 889.5982055635914 651.2359227581101 665.6225702504616 972.1957317489541 1087.3507608686368 884.9255392862779 650.6688474752973 643.24901542117 559.7397138501924 747.9765440350943 678.774269420097 641.2433731559136 459.99164918690576 839.6487180096647 676.0509760781697 706.7106401569768 555.463374679357 1118.7388669115644 780.45399606203 873.6515014354927 715.5237211967578 664.2825505499522 817.1205400355793 851.9081824837094 446.6001906877891 1020.6183528774268 586.6267573451487 707.6542984864286 742.7995623661818
448.1734862497742 610.9665307282794 651.2359227581101 665.6225702504616 972.1957317489541 860.037694716495 558.4196618741271 650.6688474752973 632.7049072805389 559.7397138501924 713.3250557357369 678.774269420097 641.2433731559136 459.99164918690576 707.009356048321 676.0509760781697 701.6625409527728 555.463374679357 1052.7768536796584 695.0828212461706 873.6515014354927 456.1856621031593 664.2825505499522 712.5689495612669 694.0733938694725 446.6001906877891 1020.6183528774268 586.6267573451487 707.6542984864286 742.7995623661818
448.1734862497742 610.9665307282794 651.2359227581101 584.8504243520388 972.1957317489541 761.0975910886909 558.4196618741271 650.6688474752973 632.7049072805389 559.7397138501924 553.7940753402454 678.774269420097 422.9954845227235 459.99164918690576 578.1881829740805 676.0509760781697 500.05010469083663 555.463374679357 859.1765287835519 695.0828212461706 863.7404354147966 456.1856621031593 615.7474938688438 712.5689495612669 694.0733938694725 446.6001906877891 1019.7936640393423 586.6267573451487 707.6542984864286 742.7995623661818
394.2321274741521 395.6220737954959 408.0898065499723 399.090846825618 418.0280294125787 564.0395484639121 317.7362647165619 548.6364561442347 350.26536426156235 269.90233332915113 351.5694230331642 460.5251973822433 307.7174117702407 346.4097616030949 354.39134174299033 447.13530721993266 500.05010469083663 422.99779779700384 396.475368602833 498.4150634901807 492.1021378514797 334.9300717821511 406.23728468609715 573.0923841970716 364.20376818839577 409.38052860433754 460.26119897723765 356.19939929143766 480.93116094744255 458.6075064908114
241.86755372603284 298.4271787370517 248.6189528378477 261.68294974067294 272.3776080185262 284.1491436425149 228.7887253701465 301.66053670844894 237.09973664350446 269.90233332915113 250.2472644327704 263.9348815731605 252.2472773097188 307.1764922014422 256.66073243184155 285.32352963895073 413.3793149740145 257.89471234531175 351.95418389757515 273.3435366639728 305.9635735092593 244.89547800002492 262.9530794999946 274.28140662627766 236.95676702210176 267.7531082302803 256.7813049691381 317.99982292375853 329.04478777597024 265.76937502468127
211.30644492254214 207.3495101230992 219.685280994413 211.57441877996143 203.92375516671927 204.26397993321916 208.28976661115848 209.77506836577413 199.32179950219052 219.36528328941858 210.4823584751416 218.67246802096724 212.55739709646787 216.1895781284411 206.49427013720015 201.55176723929617 243.31014094037255 204.7972086960417 220.31551347915592 209.4236094246221 220.6270732279836 197.5510790157482 214.38364394548125 227.14376316287235 212.3603115612459 205.1630885114282 210.10511502383133 233.5709433957395 208.691476483501 218.64851248106106
187.27873449019125 193.49324984149462 190.90593122159453 192.27816965458987 187.25013780832614 191.62606485110427 186.1995252647339 194.12849520063855 190.18621647370264 189.40407448618635 188.71030833202803 187.73162074509264 190.72190582908934 191.87976361332812 195.06857258183754 190.54482624500588 190.7759081824065 187.73526721263033 193.51427385486022 189.6347563052327 189.91619473612718 187.7061122853288 187.42829482984735 193.41490681861978 192.45682054489134 192.1964853719387 187.34732170005418 190.569981744899 188.34583557075894 187.010813900451
181.82690793456777 183.8315599247835 182.11932422778273 181.48885421493014 181.68189611599882 182.55464352258014 182.2536291896472 183.48331637160345 183.2323371737957 181.99049779663892 182.24538629398512 182.47025501187818 181.6190139500086 182.7239920939228 182.2806886018716 182.255923098347 182.91520806258313 182.03919774672795 183.0505781805873 182.0608695142455 183.08032250837277 182.56659704777212 181.89217440525954 182.92617303582483 182.25541838412755 182.66945107735228 181.96690412885755 183.27343031450573 182.90050729258655 182.2996999621978
181.004381857123 180.9603329765282 180.9046900712092 180.88135540277517 180.9489947399843 180.907764195023 180.8629458575124 181.01038277697444 181.0810337551893 180.87832102453103 180.90031991753085 180.85870985302972 180.95057122791013 180.945000887285 181.1494458747161 180.9751845304977 180.91102375099445 180.8563021352902 180.9199302717093 180.91985642449345 180.90869299409542 180.94996582820295 180.89262727439836 181.00083834290717 180.93165376439993 180.94690575739833 180.88382541935925 180.87361367877747 180.87431889252275 180.9188006408408
180.78402155486037 180.78762445571374 180.78454190359707 180.78607464640982 180.7870040322473 180.7834733542868 180.78452803323034 180.79733565825563 180.79610242248646 180.78563633127487 180.79644429363134 180.79009662402996 180.78529482388694 180.7844638659367 180.78884512313653 180.78478202377892 180.79479396538 180.7840701461232 180.78774173428474 180.78503443371847 180.78904161815808 180.78832093970595 180.78537371923494 180.78592162548057 180.78526977670435 180.79397517210282 180.7857413750885 180.78503068063947 180.78274408045127 180.78660554028647
180.78128160220695 180.78128562444363 180.78127510265176 180.78127597139155 180.78130026105782 180.78127712436753 180.7812773110836 180.78128399765728 180.78133904537117 180.7812779532792 180.78129264738072 180.78127873124413 180.78128950310156 180.78127872673622 180.78128840309 180.78127966085412 180.7812806174229 180.78127648516784 180.78128636369775 180.78127621415388 180.78127711891284 180.7813023279664 180.78127558668075 180.78127576975248 180.78128335592874 180.78129203586968 180.78127760876805 180.78127433471263 180.78127384339768 180.78127889419147
180.78127167774664 180.78127167774664 180.78127167774664 180.78127167774664 180.78127167774664 180.78127167774664 180.78127167774664 180.78127167774664 180.78127167774664 180.78127167774664 180.78127167774664 180.78127167774664 180.78127167774664 180.78127167774664 180.78127167774664 180.78127167774664 180.78127167774664 180.78127167774664 180.78127167774664 180.78127167774664 180.78127167774664 180.78127167774664 180.78127167774664 180.78127167774664 180.78127167774664 180.78127167774664 180.78127167774664 180.78127167774664 180.78127167774664 180.78127167774664
999997.0 999997.0 999997.0 999997.0 999997.0 999997.0 999997.0 999997.0 999997.0 999997.0 999997.0 999997.0 999997.0 999997.0 999997.0 999997.0 999997.0 999997.0 999997.0 999997.0 999997.0 999997.0 999997.0 999997.0 999997.0 999997.0 999997.0 999997.0 999997.0 999997.0
