7887.950317333403 7614.165760924472 6484.422598898382 10466.336016614194 9333.935548111403 9759.763365553345 9900.222199635513 6454.9944703479705 9159.659086014215 9501.559088755017 7329.788014308053 10527.4211830117 8635.798988173305 11574.251487571903 9538.228870251873 7990.5101924432165 8196.578874141956 10739.269713639422 9392.329317912114 8715.832054497332 7870.431426595318 8107.6671078187865 7183.03477127324 8369.910133611658 8610.076844087667 11366.090955230151 6915.269028448645 11112.90097200674 9276.810950251158 7573.146178976076
7610.900352871817 7614.165760924472 6484.422598898382 7941.443482668958 8453.035073225567 8153.565197331523 9900.222199635513 6454.9944703479705 8284.476768050337 6098.855747574931 7329.788014308053 10527.4211830117 8635.798988173305 7717.908531712359 6560.8175731021365 7990.5101924432165 8196.578874141956 9661.390484783913 8684.383657698056 8715.832054497332 7870.431426595318 8107.6671078187865 7183.03477127324 8369.910133611658 8610.076844087667 11014.433128076165 5903.635091837696 11112.90097200674 7543.238194225392 7097.735108940902
7558.547754502259 7614.165760924472 5429.727687394552 7937.496458395812 7962.943044184778 8153.565197331523 8443.906253086263 6244.029313406683 8284.476768050337 5929.497323586504 7329.788014308053 8137.738274298412 8635.798988173305 6507.439184801322 6560.8175731021365 7990.5101924432165 8196.578874141956 5752.272008589422 8684.383657698056 6696.077054758876 6546.961086383017 7556.9980515314855 7183.03477127324 8369.910133611658 6574.815999942146 7396.048244495389 5903.635091837696 9052.484189236766 7543.238194225392 3648.811527829005
5548.046315178428 7614.165760924472 4236.459813902181 6526.795318686698 5826.601839223582 7161.345843100478 5158.051651994873 5832.3197973970855 8284.476768050337 5218.92272225813 7329.788014308053 8137.738274298412 8635.798988173305 5769.516358410514 6560.8175731021365 7990.5101924432165 8196.578874141956 5752.272008589422 6610.142962629776 5604.640388362095 6546.961086383017 6500.347148113518 7183.03477127324 6867.352536929651 6574.815999942146 6336.137870762639 5903.635091837696 5352.701668046751 7543.238194225392 3648.811527829005
5548.046315178428 7614.165760924472 4236.459813902181 4362.420468198673 5826.601839223582 7161.345843100478 5158.051651994873 5621.667528681664 8158.312815746305 5153.791533635671 7329.788014308053 8137.738274298412 8074.5048416161135 5769.516358410514 6560.8175731021365 7469.517068482861 8196.578874141956 4551.7402253383125 6610.142962629776 4051.8877796075994 6546.961086383017 5506.570183101841 7183.03477127324 6867.352536929651 6574.815999942146 6336.137870762639 5424.105295758879 3912.1169943610403 7543.238194225392 3648.811527829005
5516.357444351032 6783.374431121116 3444.023559526615 4362.420468198673 5826.601839223582 7161.345843100478 5158.051651994873 4856.497248490635 7293.4554536465 5153.791533635671 7329.788014308053 5658.137102952172 8074.5048416161135 5034.897316904262 5008.723556743916 6961.666713226925 8196.578874141956 4551.7402253383125 6610.142962629776 4051.8877796075994 6546.961086383017 5506.570183101841 5348.881860919105 6867.352536929651 6108.927537683518 5986.5134969217215 5424.105295758879 3912.1169943610403 6130.007444843093 3648.811527829005
5516.357444351032 6783.374431121116 3444.023559526615 4362.420468198673 5678.170564392893 7161.345843100478 5158.051651994873 3421.1237886643103 7293.4554536465 5153.791533635671 7329.788014308053 5017.746305765951 6863.337940861929 4534.103806384142 4322.33904155361 6961.666713226925 8063.882614456268 4551.7402253383125 6610.142962629776 4051.8877796075994 4218.491915710888 5506.570183101841 5348.881860919105 5650.314992262407 6108.927537683518 5433.748937554632 4958.664152735246 3912.1169943610403 6130.007444843093 3648.811527829005
2304.5336730607905 5866.625006908471 1679.2752562028645 3511.2511937254367 2930.5212891871324 3455.2150940539377 2245.687767695743 1525.680984868448 3300.6347399873357 3561.810877197795 5780.427504318659 3018.5972068184165 2188.836451048235 2842.3769992325524 3400.849112819922 3502.2469846898694 5206.944339873699 3902.2944828946556 3197.610646244224 3501.2692857213897 2276.440701794161 3623.518790311424 3339.570861014856 4660.925008855593 3202.691613973888 3491.3473629095497 3143.7384517512382 2793.023617492503 4337.591357745119 2041.148895334738
1276.479265879033 2393.5245308239864 1274.5391204240068 2566.9253381129756 2527.9189892156737 3098.540126481319 1854.2033202825178 1034.085842831254 2389.2256218492385 2634.0987896209526 3311.1798385593656 2497.5460150352037 1424.3294837884441 2136.3425098147454 2630.674731843068 1396.6830962244917 2203.7154501591704 1796.4758528922794 1516.3891098095337 2793.4567126250104 2258.0564023360585 2743.0659135478545 2418.5191388753756 2564.1728819839236 1556.2637518889424 2572.426419381014 2145.823177256927 1338.7010385737753 2660.858065446261 1224.8702902466393
997.5915373441512 1462.7359538013125 901.1824254209396 1830.5011009151021 1808.3440092388337 1825.2327890958222 1316.6484396261508 882.2294514540727 1081.4502421929847 1796.3307122142824 2069.540593057407 2156.282767909267 937.8909064839545 1983.164460021394 1774.9847253673843 936.9762485669653 1722.4875452767592 1022.1813476024054 978.7420403263454 1940.502549630699 1700.191015816753 1498.5339455254789 1689.1461325320179 1869.5212990976406 947.981625187339 1720.2814278385495 1698.280805665796 1218.3627647135195 1979.8859412845704 918.0229964532068
817.5541613216224 1115.8151914662649 799.3411662074054 1473.2215018694906 1245.7958750345442 1306.2016913206498 925.8105231633804 817.8535965062597 1024.306357352445 1156.4509165645422 1223.2572768538794 1124.010975006724 863.1984564177765 1159.1889905595817 1126.0356983823722 846.2299863758903 1404.0336576183781 809.8640671480207 793.1021493641874 1265.402921526605 1234.646294762918 1249.0972961703637 1435.3208231046974 1080.4882867862766 832.5093206179408 1231.0817077281076 1181.2262960459839 897.4921331986397 1224.8108957988434 780.0496243616285
743.3264908618285 796.5765463457083 709.3201440386952 850.6856186709033 685.3459119309573 659.1042209751818 857.9446274844277 723.4684150086423 831.9456213407998 566.7140653327783 666.6374447816415 586.5084290674959 740.7090337604141 544.2202303655531 578.9111401043274 763.2973425341388 956.9348146133007 739.6323878377839 744.4162540104021 624.2342112982933 929.8230413777824 639.5235665984765 989.2914145229242 632.6300416610579 733.7767913296302 573.5493709826801 600.2576911563988 758.9223205348635 680.9360279978 723.6253195132272
545.6379067276812 684.2187015464306 631.4859042122916 774.5631710779376 346.6330983743146 336.22942443618194 756.6839369987702 659.2347254259876 763.8005863940825 348.56847879718225 342.8986914482821 334.79643904634895 696.0268872030274 351.22950799445107 348.3012671587949 711.0112480893627 630.4421074588463 706.3006863578207 654.0633750407601 348.2098397301179 403.53800584941655 336.9920118484674 505.22646580206447 347.67115641266037 700.0874639357116 343.49092016421946 353.30474407758993 671.5369661606433 353.6574518972043 633.4460860581921
450.46102177407465 628.6794803781049 482.57064870230215 737.2087310755701 300.5182142908088 300.3450912409985 676.5664314374844 529.90095768024 715.9804023648317 300.4650094336771 300.3794911583527 300.3487601463635 500.5313487558542 300.4800457830843 300.48515846411055 639.519880336099 94.45068068924093 537.438959035067 579.7230099789176 300.48686367871187 24.240910168567552 300.37627934630655 92.70544611034029 300.4224862022793 596.5484394614173 300.33892116005836 300.5548253008128 508.59257207011615 300.6060888777424 502.36506038964035
415.93205298189696 466.94090144198617 416.0763078793834 567.0394864322125 300.0000046871364 300.0000036931351 543.1598390564404 422.14508914390535 373.69366180752513 300.0000056318727 300.00000245098227 300.00000428319345 431.5200999874064 300.00000583561086 300.0000057111233 445.0186408417253 0.017486329974872206 426.4773149690236 427.7696520543682 300.0000061120163 0.0009689271319075488 300.0000061749506 0.004772070520630223 300.0000044723183 440.80570293048686 300.000004069896 300.0000069129992 416.6280497308353 300.0000103375364 415.77606291835946
400.00000000000045 400.00000000000045 400.00000000000045 300.00000000000045 300.00000000000045 300.0 400.00000000000045 400.00000000000045 300.00000000000045 300.00000000000045 300.0 300.00000000000045 400.00000000000045 300.00000000000045 300.00000000000045 400.00000000000045 1e-08 400.00000000000045 400.00000000000045 300.00000000000045 1e-08 300.00000000000045 1e-08 300.0 400.00000000000045 300.0 300.00000000000045 400.00000000000045 300.00000000000045 400.00000000000045
999997.0 999997.0 999997.0 999997.0 999997.0 999997.0 999997.0 999997.0 999997.0 999997.0 999997.0 999997.0 999997.0 999997.0 999997.0 999997.0 742308.0 999997.0 999997.0 999997.0 704200.0 999997.0 727330.0 999997.0 999997.0 999997.0 999997.0 999997.0 999997.0 999997.0
