292.76742147405525 267.4805259658831 267.69756378283705 277.60386243665835 246.02754390526184 290.94030921762624 300.92325203382734 253.03507852800772 282.7799988654019 292.8827470415258 266.3864045636856 260.89845325471833 263.2387098568877 281.4525178560166 249.8665906941667 286.69082128126684 290.36967886274624 279.15631908376076 291.8332393266878 279.1370178910788 285.0095472231976 266.75291983986426 275.64776580098214 268.66823464541426 285.19837741239894 267.8623742971515 285.7734512037291 243.78551786813568 282.397400167426 298.49169345233236
261.1408708624531 267.4805259658831 253.20169488292458 224.39615281799388 246.02754390526184 284.46864186463154 281.3561943195293 253.03507852800772 279.36981814674937 269.0081746614014 266.3864045636856 260.89845325471833 224.0858256401475 281.4525178560166 249.8665906941667 260.04355299081 278.2463030608842 262.1789761918749 266.46784854702446 264.9985770394078 252.793010232705 254.8586986907069 275.64776580098214 268.66823464541426 238.59627571083615 210.22096214090368 245.7352063547478 243.78551786813568 248.34704232929812 298.49169345233236
261.1408708624531 267.4805259658831 211.96856899457703 224.39615281799388 246.02754390526184 275.8364036802084 254.81756411888819 171.40803900621563 279.36981814674937 253.37071314449872 266.3864045636856 260.89845325471833 224.0858256401475 281.4525178560166 249.8665906941667 252.68909865503792 278.2463030608842 262.1789761918749 248.70208256232945 244.87881296292835 252.793010232705 235.43118393410828 275.64776580098214 268.66823464541426 238.59627571083615 210.22096214090368 245.7352063547478 243.78551786813568 235.1233431474584 279.9793870222654
261.1408708624531 257.229463299695 211.96856899457703 224.39615281799388 246.02754390526184 255.16045808835952 254.81756411888819 171.40803900621563 279.36981814674937 253.37071314449872 266.3864045636856 260.89845325471833 214.15784335190915 281.4525178560166 249.8665906941667 206.5008790898935 278.2463030608842 262.1789761918749 248.70208256232945 244.87881296292835 252.793010232705 218.13413018327026 275.64776580098214 258.7179409954383 238.59627571083615 210.22096214090368 245.7352063547478 243.78551786813568 235.1233431474584 279.9793870222654
261.1408708624531 257.229463299695 211.96856899457703 224.39615281799388 246.02754390526184 255.16045808835952 228.94129317596207 171.40803900621563 279.36981814674937 253.37071314449872 266.3864045636856 259.99040174411084 214.15784335190915 235.0813550131013 247.72766403452238 206.5008790898935 278.2463030608842 236.87668558411724 214.30126249805676 242.6338132349349 215.89576035724156 178.71908309898276 275.64776580098214 258.7179409954383 238.59627571083615 210.22096214090368 229.28908495005226 227.0845378588042 225.4530745279592 279.96693823911573
236.5567931775429 257.229463299695 211.96856899457703 224.39615281799388 246.02754390526184 255.16045808835952 217.3981669942052 171.40803900621563 260.7926517120377 253.37071314449872 243.01075169927822 259.99040174411084 208.98320329604974 235.0813550131013 247.72766403452238 206.5008790898935 278.2463030608842 236.87668558411724 214.30126249805676 226.97956374783234 215.89576035724156 178.71908309898276 275.64776580098214 231.454360946389 238.59627571083615 210.22096214090368 229.28908495005226 227.0845378588042 210.0433040140632 225.23983897973858
236.5567931775429 239.43431757431676 211.96856899457703 224.39615281799388 246.02754390526184 255.16045808835952 206.15155936031806 171.40803900621563 249.0514524812561 253.37071314449872 228.85308114555255 233.4642806611805 208.98320329604974 235.0813550131013 191.5819236539578 206.5008790898935 183.6872093971292 236.87668558411724 206.9174513971658 185.16370911975605 215.89576035724156 178.00393292065598 275.64776580098214 231.454360946389 236.20335007970903 210.22096214090368 229.28908495005226 227.0845378588042 210.0433040140632 225.23983897973858
213.0977049841082 177.63235683146752 194.65570593566815 170.48003223439844 197.16817230778383 168.83590338651334 186.57256871950278 165.9104650741233 190.61134235993995 194.9900677873676 205.07520484069346 222.7957232333206 183.28501255586013 205.4656141106218 191.5819236539578 200.41455023206777 166.62670696062776 179.05968137894274 206.9174513971658 172.91841937696518 200.9029294131459 160.15597087719857 233.94626926656088 231.454360946389 166.9372997430694 153.28106964249605 183.6411059559656 182.48326996141805 179.64836819205448 225.23983897973858
180.1896141609119 146.48575228625361 184.99227353713331 170.48003223439844 197.16817230778383 168.4006140488559 172.99518854519738 160.34339265511994 187.55461642447176 163.48171923753375 178.43080952427545 187.04707429475718 183.28501255586013 191.40220473244108 176.1516695394987 167.14501178747105 162.61882834717574 179.05968137894274 205.30797014409995 169.38088477032352 187.67639490125134 152.9766536618406 173.4080329089752 165.33554799305023 166.9372997430694 153.28106964249605 138.82523218894698 182.48326996141805 152.58348280095947 174.47982543607054
163.56826535164123 146.48575228625361 165.10250180000617 136.33038463163234 175.49386811832824 158.29344412062608 166.1503690423915 151.41053432495164 119.57930257047349 133.51108298459008 156.56412224393887 144.25259938830504 163.49452971821052 174.17158361677343 153.0331271573092 128.46360672401534 148.15480172379046 167.43526211150538 159.80222383895853 159.30011406420772 164.93161029330918 145.50627236665605 156.44226235824647 158.1332355544979 151.69872733461307 152.62181414571876 126.96239789942695 165.48047090300633 142.0446460041618 167.4297359072135
163.43481972006452 137.03073072136874 122.66375805963742 136.33038463163234 135.64522919836668 154.0180783554655 139.93789736945894 133.90224780535925 118.53454500962926 133.17737508570747 117.13766729031056 120.54223856364615 132.92249874963977 148.41058768631865 134.69842838800503 128.46360672401534 137.86041589227943 143.37202805638276 135.8707565922682 142.9902835676353 133.0008479968359 122.7123736043734 126.90726106529132 132.2102275110159 141.025062025397 151.56676274647089 124.96450850928102 147.00747929478484 138.24677952689035 136.0620768210125
137.67868521701132 109.62724129389426 120.68699964741882 129.76703352587072 118.22463208982867 133.3024884918383 116.2432934562919 127.03898238885472 99.32293063599252 125.48782773295716 115.60320626529426 119.2733114017318 119.09652968102932 128.59960250840686 123.218903356993 121.01531361129616 124.09405686354171 132.4198323170433 132.30047250808298 129.91033011302522 123.21850370478592 119.63646333991517 124.57215804007296 92.10357910541552 122.38512892313815 118.8007535776079 119.66018359317059 117.99603009276291 130.19264558283123 116.29117899159769
105.31918773450752 108.65327950215794 114.65592385694367 107.34056654870983 101.14793087197552 94.91795096706653 109.76581091760102 93.49198509306837 88.70880120566267 105.31882127178551 107.89031974105819 109.29103616540078 109.48465900742349 116.24192212998071 82.19192520938509 109.24347960504576 99.34083597551307 108.85100760941589 109.87898123918069 122.64890795301551 109.17342500280336 96.01134329196645 110.31506923226982 85.78299377781832 83.67822922999903 83.33019846878085 90.52708565500882 104.24212060970774 101.7113135506429 94.8484537086224
89.39460042063183 85.75972682322936 82.48850029558707 79.46484017448893 83.14482305906392 64.45098102325585 83.15671519564512 64.29493727989484 86.20994585236019 87.86269642371008 82.37137986741834 77.19580543533596 77.8192184190948 75.71542706850096 62.361350798395506 77.45893180231201 65.25160051922808 93.96651612931953 80.87824948660182 91.46731082453414 84.72253451970175 73.31784220721943 89.94301298685718 70.10680719275217 65.09083889374051 73.67052005957771 81.66226899131982 69.7879667896018 71.2387182206636 77.24232533648956
50.445465306940264 52.20038093999301 58.488760922023175 52.78831017941036 48.54839983022953 48.530086664003306 44.09572723834356 52.18164822578842 53.46633151224228 43.64103511865494 49.57670415772941 40.36933413967279 44.20773737004254 51.98460793680647 44.71177580832352 39.49130073822698 46.28215254078589 48.70356147885252 39.87895826693887 46.522758269827136 44.563443448911585 35.783092485908696 37.37419307920595 48.42200916665365 35.39787020216056 43.89583137867373 39.62631722082176 53.99443843712493 42.86716603618436 35.573835427037466
25.90800974291801 20.945960461512414 38.039298746410395 31.893991515240714 22.89754115101789 26.890920820285714 33.87399987205572 25.89357329331233 30.931330564075665 16.990037967942726 31.884342776613835 20.92635941639105 32.89454703946444 25.87887983367341 28.89632462359316 23.90672567522722 29.85964409581311 31.853925709877785 22.941878674459872 25.89609695901629 28.95638982232572 17.953911046931466 22.641958979350875 26.900350560243737 15.944471712541372 33.865876069724095 25.09059440259375 28.91593575903096 27.876066127065883 23.90233210664576
999997.0 999997.0 999997.0 999997.0 999997.0 999997.0 999997.0 999997.0 999997.0 999997.0 999997.0 999997.0 999997.0 999997.0 999997.0 999997.0 999997.0 999997.0 999997.0 999997.0 999997.0 999997.0 999997.0 999997.0 999997.0 999997.0 999997.0 999997.0 999997.0 999997.0
