475.2855056600133 1445.1313059863182 1411.8248845226253 1124.1514015760076 1497.0201902336362 2000.3989565013944 654.5767337512316 487.8272586197877 923.3782393988431 778.9184210237022 795.1058806515666 1599.5751332735867 963.9413245244409 724.2934814472806 979.2460790447449 1148.139038586426 790.7943054335169 1192.0596663793513 862.9503051329357 717.2474576817508 652.9681498736918 1112.5182196832257 1350.1408581519736 769.3056132816846 1934.4595191391436 656.4745838122785 675.5302901802233 865.8005255246553 1052.7891661800886 591.9370339664702
475.2855056600133 770.1198394690496 952.563259005482 1124.1514015760076 965.4320839009847 408.94812506122844 654.5767337512316 487.8272586197877 923.3782393988431 778.9184210237022 779.9163913930474 833.6156160459959 417.51800425594774 724.2934814472806 979.2460790447449 815.5783966040735 790.7943054335169 835.8572362353316 862.9503051329357 694.9028321618907 251.1055798251905 488.9660909773884 1052.1610629647794 410.5467015047325 1934.4595191391436 656.4745838122785 675.5302901802233 865.8005255246553 829.0240324849769 591.9370339664702
445.2177354334699 336.65727045328686 793.6407648861186 605.4525644283763 573.3330593760174 408.94812506122844 563.0782837223505 487.8272586197877 923.3782393988431 778.9184210237022 779.9163913930474 833.6156160459959 166.78306761487784 724.2934814472806 867.309655347356 539.3280597884113 790.7943054335169 484.0310739429715 862.9503051329357 694.9028321618907 251.1055798251905 488.9660909773884 1052.1610629647794 410.5467015047325 1756.3887015012033 656.4745838122785 669.8623009309786 690.1586536840964 597.9646200429725 591.9370339664702
261.14782742258694 336.65727045328686 607.1019034797282 605.4525644283763 573.3330593760174 408.94812506122844 458.9918634447795 487.8272586197877 923.3782393988431 354.6582190742488 572.8571790565288 833.6156160459959 166.78306761487784 724.2934814472806 627.7040237975061 539.3280597884113 419.39060363293765 466.009680828377 351.7984170069967 694.9028321618907 207.1882255378573 440.69275028292395 779.8724087390351 410.5467015047325 1756.3887015012033 263.8481691856482 664.1555515513082 525.591229866804 589.5029128895567 591.9370339664702
261.14782742258694 301.6989466907112 503.34858335832496 605.4525644283763 144.43126317743327 408.94812506122844 458.9918634447795 487.8272586197877 684.5421701724686 354.6582190742488 572.8571790565288 833.6156160459959 166.78306761487784 641.2683052219027 627.7040237975061 539.3280597884113 419.39060363293765 466.009680828377 351.7984170069967 488.0454212742052 207.1882255378573 147.42579626330462 779.8724087390351 410.5467015047325 1756.3887015012033 263.8481691856482 664.1555515513082 525.591229866804 589.5029128895567 591.9370339664702
240.14217800694723 149.13053539258908 356.1438491197323 605.4525644283763 144.43126317743327 408.94812506122844 458.9918634447795 487.8272586197877 684.5421701724686 354.6582190742488 343.9773479075343 732.8895189830118 166.78306761487784 251.14059561207205 560.3703783263036 539.3280597884113 419.39060363293765 249.80805170764233 351.7984170069967 423.79181158394204 207.1882255378573 147.42579626330462 779.8724087390351 410.5467015047325 1436.6148951591144 263.8481691856482 664.1555515513082 525.591229866804 428.72687011677135 526.2933168035261
240.14217800694723 149.13053539258908 356.1438491197323 478.9816606613131 144.43126317743327 408.94812506122844 458.9918634447795 487.8272586197877 684.5421701724686 295.80089966350033 343.9773479075343 334.4763464663074 166.78306761487784 251.14059561207205 560.3703783263036 539.3280597884113 273.7327778180902 249.80805170764233 351.7984170069967 423.79181158394204 207.1882255378573 147.42579626330462 756.2492046941684 410.5467015047325 1059.3740743858916 263.8481691856482 664.1555515513082 525.591229866804 419.5903400605066 526.2933168035261
68.65632116088227 123.3419913585908 149.20044215629014 323.8062897739874 98.48243229117315 214.25486857002034 266.50385899908906 184.0592045163312 133.9001912789713 174.60910445563422 170.0386421207786 122.1753354948014 69.065762906278 204.7959929851636 235.08480419922944 178.45908048682577 50.81921332728325 128.3648977828725 98.05380319857204 158.27785994373517 144.98438441337794 147.42579626330462 240.53330125649973 135.04046595762975 375.51037967370576 130.13559515334146 163.90070517647155 221.30246752989842 209.98706738200462 266.07382057862105
57.6668601859642 82.75648486150249 62.060744190667265 89.84006423144137 65.4388755004029 73.30190048064878 100.4979184480153 76.43332998933101 83.40532063705768 100.34087502570628 88.07584544815654 74.01769149588426 55.697912244918825 70.39627568556625 61.826500257658154 117.84097099065548 43.57287714575705 119.88486428434544 62.25844791744157 60.350822300190885 62.47095208477367 60.627448438045576 90.96348710611937 59.65538401486219 54.394958903873885 78.01330156709037 100.7822247018039 83.72914555840089 72.18872946638339 101.79810459024657
44.80711006952697 64.16376623750284 54.88342225504357 48.321707771361616 51.506870679094845 39.61326739753349 55.5915768896657 45.55179937160483 54.4466958424191 55.10027744352419 61.32506612051202 61.19999964646104 46.188596137426885 52.621047488602926 52.37342030673199 55.09710030809265 39.01664627321952 52.835490663713244 47.44766652597173 57.07375852322184 55.24374268298607 54.4864211592253 47.98210453657839 48.29914940256094 53.292736250221424 64.42659298385024 68.02805220971732 51.21575663393696 49.88315015919534 55.97030542538323
41.97639400330672 45.470388993491724 42.5557767094856 41.17904066766869 38.96350619623354 34.72990537064288 38.402233826504926 38.788643121172754 37.59944749931765 44.719852215131596 38.91364705088563 36.87784074840465 35.792909715452424 44.58023253776901 40.67588415276714 45.99460921547461 39.01664627321952 37.6663259494444 44.3848804663171 40.43041252896046 43.29604285572441 38.97386314452797 37.617000343119344 37.32146384645284 37.51611028573143 45.29851915391873 42.02483160380598 41.03485596938299 43.541395945456316 45.15059452627884
30.625428669024586 36.528410198297024 32.0732141006024 32.76620741790157 34.21119549536479 29.813287761676747 31.4572946659041 31.744558838451212 30.378648962735497 32.20680778771566 35.49824035339543 30.749585472184208 30.250197019890493 31.80272423782344 31.686384485170493 36.04732898743259 33.060512229903 34.03820620171837 32.71650464047889 33.87429108975448 33.49563747885031 30.486728031966777 31.737295907059888 29.989730713993595 31.84588568872732 33.93226435846282 32.18434077872507 32.31301210138054 29.681301353853087 32.73983157424118
28.989787498810074 29.04335774799165 30.009904398071285 27.82066419449211 28.436977631028185 27.95284001363507 27.62889879416889 27.790936566967957 28.48551336278615 29.728852614942753 30.296581622725625 28.678537914142453 27.804495132115335 28.824206389357187 27.016681663562395 29.759578361109106 28.44159265455619 26.87016014960909 29.450990307360826 29.361277722679006 29.444307564514475 28.03577151301124 26.458689240157128 27.717199846166295 28.637715687278614 29.188622001200656 28.828379732162375 28.8366223981011 28.715124962800928 27.284261476131178
26.789203133570027 26.565953027090472 25.87698450884227 24.91795969961231 25.202557607676226 26.2399832725705 25.716282093087102 25.270295608213928 26.37208122801485 26.745853663708203 26.324851446318917 24.693405740390972 26.557084264731657 25.763122098647727 24.72034110302593 25.342219124954227 27.31366935073038 25.035700518179965 26.10636686928092 25.407553827930315 25.370468477399754 26.409812537801827 24.793878473934456 25.60697226639104 25.660482003534526 26.84883268236672 27.400376740044067 26.904168726400712 26.14887985966061 26.28692106441804
24.342018324862693 24.380236428930402 24.657441518474116 24.563264098560467 23.41069110997023 24.708378186504888 24.289507549742666 23.55309133362789 23.596884220676202 24.619707955351714 24.582166204877467 24.438557928976024 23.95161175763542 23.61083524115884 23.33841452858087 23.85680606483038 24.7680481525922 24.173515097380914 24.507828401118786 23.904051877354505 23.862762841993117 24.619524375634683 24.16704704773929 24.135708600797898 24.553977063391812 24.620609602203785 24.044866944004752 23.723312474075556 24.165174263859626 24.30632861536924
21.08119994783692 21.114088571152024 21.089826392716077 20.721211057205437 21.1711916987947 21.114201485561352 19.507792193813202 21.11959929404793 20.96907783816414 21.277689329542227 20.975587313240794 21.064053049139602 20.993081074519978 20.81793866554517 20.68267710424061 20.537299018563772 20.949908852513545 20.904804931974468 20.917327694437063 20.892844576515472 20.871025710933736 21.518885164576204 20.69106606157584 20.839084868812733 20.71690242200839 20.97894191151363 20.92390648222181 21.001419202396846 21.512839298196923 20.817578541029434
999997.0 999997.0 999997.0 999997.0 999997.0 999997.0 999997.0 999997.0 999997.0 999997.0 999997.0 999997.0 999997.0 999997.0 999997.0 999997.0 999997.0 999997.0 999997.0 999997.0 999997.0 999997.0 999997.0 999997.0 999997.0 999997.0 999997.0 999997.0 999997.0 999997.0
