16569.3825455062 33749.88382291358 37918.8863854487 43600.29587552367 40432.49700108577 33348.11638100489 29136.837387043088 34063.18629339149 13913.730671555844 44886.764939566885 58357.63720640051 60861.080226404265 30400.10153003003 100473.43234309932 21731.911458471735 16175.449887509953 49779.3035561977 28103.080634391386 22184.999630952298 41670.30834405544 38146.73720015333 28958.17134035153 66915.75309176258 13996.058943464632 23148.03917167587 32442.68091615382 45648.61230949171 64964.119308180074 33882.09198976366 17543.057196989994
16569.3825455062 33749.88382291358 37918.8863854487 43600.29587552367 40432.49700108577 33348.11638100489 16543.65740233334 24507.014247331794 13913.730671555844 22849.352350077323 58357.63720640051 42668.76665521124 20119.74283932467 30343.154059734465 21731.911458471735 16175.449887509953 41830.32007478254 28103.080634391386 22184.999630952298 36240.28924303906 22073.61290012327 12432.100980961304 34844.223873693656 13996.058943464632 23148.03917167587 32442.68091615382 26882.255101336843 60407.87949817238 24787.084573320655 17543.057196989994
16569.3825455062 33749.88382291358 34096.55979098052 37305.14315038896 37667.50686833539 26695.55469232341 16543.65740233334 24507.014247331794 8919.169732439086 22849.352350077323 9262.816981554975 42143.81501433699 20119.74283932467 28269.61345973296 21731.911458471735 16175.449887509953 41830.32007478254 21494.727375051476 22184.999630952298 36240.28924303906 15076.382822179261 12432.100980961304 34844.223873693656 13996.058943464632 23148.03917167587 32442.68091615382 26882.255101336843 49412.783474206204 21286.612986234915 17543.057196989994
16569.3825455062 33749.88382291358 34096.55979098052 37305.14315038896 37667.50686833539 26695.55469232341 16543.65740233334 16804.27248467434 8919.169732439086 22849.352350077323 9262.816981554975 41142.476596653614 12519.333168159017 28269.61345973296 21731.911458471735 16175.449887509953 41830.32007478254 21494.727375051476 22184.999630952298 36240.28924303906 15076.382822179261 12432.100980961304 34844.223873693656 13996.058943464632 23148.03917167587 25090.9759675458 26882.255101336843 41577.86869001797 8728.676797628175 16571.82803936094
16569.3825455062 33749.88382291358 28163.689793549387 20352.988518164897 33571.15600893172 26695.55469232341 16543.65740233334 16804.27248467434 8919.169732439086 22849.352350077323 9262.816981554975 41142.476596653614 12519.333168159017 28269.61345973296 13745.771022772198 16175.449887509953 41830.32007478254 21494.727375051476 19035.13214877085 33531.635512001965 15076.382822179261 12432.100980961304 33020.93492223983 13996.058943464632 19670.752480967254 25090.9759675458 14796.378848515824 41577.86869001797 8728.676797628175 16571.82803936094
16569.3825455062 33749.88382291358 22470.73435430231 20352.988518164897 26553.137127116664 26695.55469232341 16543.65740233334 16804.27248467434 8919.169732439086 20708.72479098688 9262.816981554975 21008.977718182257 12519.333168159017 28269.61345973296 13745.771022772198 16175.449887509953 36434.62011930363 9041.372179753533 19035.13214877085 23281.916711519843 15076.382822179261 9052.964144598282 33020.93492223983 13996.058943464632 19670.752480967254 25090.9759675458 14796.378848515824 41577.86869001797 8728.676797628175 16571.82803936094
16569.3825455062 15671.673461851102 20396.93179261886 18081.356821061938 12394.94094784703 26695.55469232341 16543.65740233334 15154.58799100812 8919.169732439086 14374.183734956985 9262.816981554975 14728.133964546865 12519.333168159017 23026.774651467804 13745.771022772198 13499.366481142624 17936.845760170672 9041.372179753533 14708.013957364623 14433.790988013225 15076.382822179261 9052.964144598282 16937.8845950606 13996.058943464632 16091.085202869312 10721.196833488175 13664.49372552321 30461.692998070168 8728.676797628175 3878.931903422301
9227.127085982182 8520.738409171621 19426.297065316932 14029.119602942423 12394.94094784703 18363.680423703954 16543.65740233334 15154.58799100812 8919.169732439086 14374.183734956985 9262.816981554975 14728.133964546865 10787.435502804012 21467.47081104001 10837.657175354978 13499.366481142624 17936.845760170672 9041.372179753533 11508.295752865484 14433.790988013225 14122.17990435002 9052.964144598282 15097.914243099875 13477.934779449815 10501.699393242445 10721.196833488175 8798.271812110992 13500.228766570543 8728.676797628175 3878.931903422301
9227.127085982182 8520.738409171621 15349.647369883935 7108.41890894846 11642.013979851414 18363.680423703954 13823.203610345998 13181.138403884042 7594.345831084155 14374.183734956985 7851.864406006593 10626.396427897951 9437.10232611783 13472.749846287048 10837.657175354978 13499.366481142624 17609.66145238853 9041.372179753533 11508.295752865484 14433.790988013225 11080.050958365853 9052.964144598282 9129.851243416791 13477.934779449815 10501.699393242445 10721.196833488175 8798.271812110992 13500.228766570543 8728.676797628175 3878.931903422301
9227.127085982182 8520.738409171621 13520.753523680838 7108.41890894846 10967.088282283714 18152.317806318144 9677.396258980669 10345.282587707508 7594.345831084155 9097.882926022454 7851.864406006593 9558.780861109632 8603.500027028018 13472.749846287048 8283.5360412403 10918.244669017085 15148.160939005007 9041.372179753533 11309.436685401653 11609.295615329402 10155.460311796425 9022.265056618291 5938.74705176864 8619.092105748865 7511.260710365145 10721.196833488175 8798.271812110992 13500.228766570543 8728.676797628175 3878.931903422301
7150.219085655539 8520.738409171621 10986.582080537139 7108.41890894846 4305.471951572319 17327.050261903438 5913.874805696061 10345.282587707508 4344.828479481893 7667.797806692335 7555.986176803086 6866.199165119765 8603.500027028018 12579.562444119092 8283.5360412403 10792.526122694146 8807.380909006548 9041.372179753533 10808.036084088473 10599.005429770978 5594.638384898658 9022.265056618291 5938.74705176864 8619.092105748865 5435.543461372 10721.196833488175 5053.700108608254 13500.228766570543 8728.676797628175 3878.931903422301
7150.219085655539 3186.298542264164 4638.904200568965 6709.189206932351 4305.471951572319 9499.98866318364 5913.874805696061 8593.355645109665 4344.828479481893 7043.087436552446 6610.084844735675 5261.3735528948155 8603.500027028018 8154.356279442522 6375.579037902472 4258.009422266618 8189.010752538543 6345.80272110023 7499.958104324248 10020.078201671957 5594.638384898658 7169.536179540354 5836.204209227894 8217.366877077215 1567.0106712446368 10076.69023082103 5053.700108608254 13087.114249694827 8011.017559398611 3878.931903422301
2025.067214596579 1788.793571587566 4638.904200568965 6269.503016752633 2152.1271537921216 4448.243432629854 5818.088031998792 5347.184894455327 4252.5055025984875 6428.958758706889 3680.4811280029176 4919.370814910619 4035.6762979055356 4159.73444179706 6341.3325159410515 4074.895297232222 4775.236264460579 3842.3023762911453 5296.326382090818 8241.141722136394 4886.73861231496 6028.204098950025 4072.8364978496757 8029.328711971581 921.072264398553 7013.9188082373785 3556.4155867866925 6802.5366488106 1285.1105242806464 3878.931903422301
1868.874514010642 1142.8962118784666 3458.763170230188 2776.514666690211 14.899565969133505 3681.704747131496 786.4876893492269 2998.066476810641 588.8499915816321 5726.81123233587 1595.104998855681 2482.8894770286743 2325.6641380752017 1908.8961710449703 3886.673528090194 1569.915688817649 32.80196280914657 2758.813326615462 2163.097459438869 3492.6216058650843 2132.194852679666 2150.5713942709676 2280.7939262441737 3708.9677555622734 22.942788672770405 2562.116260983665 3270.9316245830855 2857.25837909126 1004.572222698911 3112.1776711076836
354.9525035500624 182.29667747593766 499.9822359734476 1146.3151733756065 0.9530336014653926 629.0374535313723 595.6830618072354 2.6067569071386174 121.79355183866966 830.2861152947414 394.7747849295961 480.33245024837765 493.4201413075107 786.8572527719796 955.4200398810976 259.1777730967161 4.112056268468223e-05 536.8799254340069 701.5166025939143 461.65902376846066 238.49318534312454 734.0502966471481 630.9555634390998 611.0289931611484 1.8979325823503927 15.367097683328382 0.045139796743569605 507.528264338315 381.0929765995593 1318.7154630442537
1e-08 1e-08 1e-08 1e-08 1e-08 1e-08 1e-08 1e-08 1e-08 1e-08 1e-08 1e-08 1e-08 1e-08 1e-08 1e-08 1e-08 1e-08 1e-08 1e-08 1e-08 1e-08 1e-08 1e-08 1e-08 1e-08 1e-08 1e-08 4.4543183435052924e-06 1e-08
191238.0 195545.0 193191.0 193776.0 191700.0 191744.0 196098.0 184983.0 180307.0 189899.0 193461.0 191106.0 195445.0 192932.0 188172.0 191590.0 170289.0 194244.0 189803.0 191557.0 185414.0 195818.0 187542.0 185718.0 180705.0 194669.0 175401.0 193272.0 200000.0 189519.0
