2404.401258247611 2155.1136227866004 3440.964614027307 1983.3210916562293 3973.371989297131 1782.6390244859267 2553.9319978295166 1678.3186126947503 2205.954582148778 1711.8954504653775 3066.90841448874 2627.64391389338 2639.9849781517305 2919.6448608804685 2854.698040211959 3055.8518800678944 3189.074308971713 2000.3620745818694 2019.1982492967004 3389.0724100784246 1315.717643588282 2769.9572421646253 3760.5890695191274 2708.128066011376 2527.678881984038 1700.1899810656041 2418.005487901137 1793.758509630531 3083.80097534406 3615.470332390223
2404.401258247611 2155.1136227866004 3440.964614027307 1501.0138889346254 3821.797330837273 1699.8645491768111 2553.9319978295166 1678.3186126947503 2205.954582148778 1711.8954504653775 2592.231635079084 2627.64391389338 2309.590107861621 2083.172930035804 2854.698040211959 2978.1490431177117 2341.218067815027 2000.3620745818694 1636.9410527130663 3389.0724100784246 1315.717643588282 1614.6772540111233 1863.7626196633182 2708.128066011376 2527.678881984038 1700.1899810656041 1535.6222730089212 1793.758509630531 2714.6282115582126 3390.306156956447
2120.25933314327 2155.1136227866004 3440.964614027307 1501.0138889346254 3174.9150065822632 1699.8645491768111 2553.9319978295166 1678.3186126947503 2205.954582148778 1711.8954504653775 1267.127541462843 2519.149799187432 2309.590107861621 1954.8985892749042 2332.8749730439945 2978.1490431177117 2341.218067815027 2000.3620745818694 672.2073856170944 2285.8343239046076 1315.717643588282 1513.6492423818067 1773.3646752830118 2073.263337882493 2233.200123662432 1700.1899810656041 1535.6222730089212 1793.758509630531 2714.6282115582126 2540.156706545349
2120.25933314327 2155.1136227866004 3067.8981148137655 1501.0138889346254 2389.0509650345057 1699.8645491768111 2553.9319978295166 1272.18952944695 1323.9605118631098 748.015727294463 1267.127541462843 2384.7644070120054 2309.590107861621 1954.8985892749042 2332.8749730439945 2382.6923991288627 2191.513485007179 1196.2185357949274 672.2073856170944 1920.8271378672393 1315.717643588282 1513.6492423818067 1442.7397495415153 1518.114519290446 2233.200123662432 1700.1899810656041 1535.6222730089212 1793.758509630531 2344.799575659233 2540.156706545349
1657.7199294674447 1886.5140183164203 3067.8981148137655 1208.0817812241257 1330.8401644100259 1000.4549653257354 1913.7122826226523 1272.18952944695 1323.9605118631098 748.015727294463 1267.127541462843 2301.696251705911 2309.590107861621 1954.8985892749042 2177.665280424182 2382.6923991288627 2191.513485007179 1196.2185357949274 672.2073856170944 1920.8271378672393 1315.717643588282 1513.6492423818067 1442.7397495415153 1518.114519290446 1329.9647267324062 1700.1899810656041 1535.6222730089212 1793.758509630531 2344.799575659233 2267.717731285019
1604.1710510045918 1886.5140183164203 3039.7607020066275 1208.0817812241257 1144.0733206737411 1000.4549653257354 1913.7122826226523 1272.18952944695 1323.9605118631098 748.015727294463 1267.127541462843 2301.696251705911 2309.590107861621 1954.8985892749042 1400.7536849865082 2382.6923991288627 2191.513485007179 1196.2185357949274 672.2073856170944 1841.0700578382948 1315.717643588282 1513.6492423818067 1442.7397495415153 1317.5243253853087 1329.9647267324062 1700.1899810656041 1535.6222730089212 1793.758509630531 2344.799575659233 2267.717731285019
772.874476078468 758.7673121038183 2029.4868794898475 1208.0817812241257 561.9671297623195 990.7298250006365 1913.7122826226523 794.4587158879708 676.8928680223503 617.8942516829843 951.1816613975873 1628.4958517970963 1445.5768740639082 1010.237128423701 1041.87754496506 1450.7691864313865 1355.6958690885695 1095.0863576365857 672.2073856170944 912.0736851826273 1315.717643588282 897.7943944998285 916.9217047944348 1164.7545065377517 751.925534276455 796.360329050533 1535.6222730089212 1284.1109034020187 1417.0664345211926 1753.7134861360437
223.31277384612872 758.7673121038183 982.3045965609867 419.1513112886994 233.7498314094919 508.8308219422854 948.5476177665978 794.4587158879708 560.3948707118775 349.85192572665414 636.6054877397205 846.7409505479004 1007.9632833665032 946.1533899745875 241.31256288687428 899.2220238087862 681.0733711365524 446.40620179181224 672.2073856170944 551.0542310923774 1315.717643588282 518.7259304254637 422.9396369148469 836.4514388700582 328.4883085501947 794.364793619384 812.4088194548949 1101.5281658349932 1169.2771813521808 1204.1605081346806
223.31277384612872 628.3452950094074 874.1785169305776 213.34105902965985 233.7498314094919 508.8308219422854 855.0189434784484 551.5896874384812 296.24485060653114 186.74815039133068 387.78882273467707 846.7409505479004 1007.9632833665032 667.3443380050503 241.31256288687428 592.2105248935839 492.0294844487498 293.8519979220896 384.3715666175151 379.69378878994144 733.3012608959662 410.7908012801058 401.0418501494155 429.5401520136677 257.01165550960445 447.58353099029637 339.68091888621007 525.212477178291 499.6129796580874 666.1387348594421
223.31277384612872 628.3452950094074 461.77385303968504 178.44765619121404 188.12568364736399 303.03251824505605 210.36429021734762 310.1712648842372 225.19660466190135 160.24693954485792 219.421323256214 422.99431488285836 567.8745070874713 197.77650904833627 223.73126521454628 367.2307206906712 309.4779034734572 181.25242755193676 230.9947011918298 233.59010856991063 533.9786241238771 183.94157018293208 174.16521458918692 169.59626363359484 159.68210549560717 269.78168943839637 309.1028230711363 515.6089049706918 499.6129796580874 418.39032014260874
209.14094254741553 272.22369640632724 215.71575215142843 89.7010326389975 81.38637196078412 129.57729352564093 164.07038338199004 126.66061393026439 87.17221567465253 99.01006262703584 142.8758196521319 155.67498855872236 419.16984429776426 156.4251236686896 100.43616756491588 168.9488782313913 215.1382280513642 95.36014134025015 162.1327902945768 75.69025831177464 149.50575557490606 97.25053362595293 45.26854966516976 111.72231449674246 102.38832980245331 152.50787665213807 132.33502593511457 163.11522372520153 248.50595430664316 154.88352453627112
63.64325546178691 80.72743083620867 92.01008212811587 44.25382004792516 32.335299501026384 40.327434033434315 51.85064479390428 63.681686036221095 38.57255028677923 27.986485425599426 31.147416893034574 97.99103606516042 87.16541079403373 71.6861867866752 95.379003253468 78.45746984459288 28.746734556609113 40.90012631510285 58.348228651565364 48.217793100441554 76.5141533991333 42.03123066084163 42.80406409272814 60.304843369670834 50.04768458274009 61.30987722075497 58.36848449087938 105.62345142361278 82.33147107930563 49.01869231009778
22.675775986724034 51.72012552325748 36.33402853586108 18.232742173685438 9.007031775113774 11.05373007914875 8.930404026945439 27.765646850313487 18.934031809814883 12.924459688564298 22.224542351423906 27.35978072894784 53.8809275607299 23.299712280214408 10.484869639742556 24.81331086822388 18.919934062186712 18.994931213664245 21.836195725167272 25.74070557267646 29.667250269406395 23.23934096949074 11.588675986501471 29.106937613966693 23.317723717549825 14.002611991586946 33.72411207853554 31.288416032904024 20.61648994805762 22.736642886586537
6.59790880847288 7.302304097572119 17.812294923075683 3.4518326262938217 1.7686526254042292 1.5292145716035748 1.8644047609258223 3.5511663675747513 9.768419666433488 3.5021111651428782 1.753699642565607 12.576101547058897 9.330424137672594 4.97112785141212 4.744146431914487 4.120064556459624 4.096583894391529 3.173702028859907 2.6216602764006893 4.081449232599994 4.211344248384648 7.230979471009391 5.53471139597093 4.209434300610496 2.2070905721159306 2.169227013110117 3.233493348236152 5.600877925638088 5.6500772633690985 4.2031191846105
0.401921903288212 0.2884547194651077 0.5228720009839662 0.1344603285795074 0.21868119616556214 0.057437582346665295 0.18190503800178703 0.26226999458174305 1.0670049697117747 0.30580081206267096 0.10934046919544471 0.4286819410733642 0.6682288414034474 0.36289204952083765 0.26168616934432976 0.36726787774500735 0.20457750031334854 0.14143786817078308 0.23889080560775255 0.30409501916028603 0.3456662464185456 0.2581428868105604 0.27447316365385177 0.16299002864479917 0.27231723624299775 0.3232431298112033 0.23916197384141924 0.35181090473929544 0.23811974530622138 0.39622952114905274
1e-08 1e-08 1e-08 1e-08 1e-08 1e-08 1e-08 1e-08 1e-08 1e-08 1e-08 1e-08 1e-08 1e-08 1e-08 1e-08 1e-08 1e-08 1e-08 1e-08 1e-08 1e-08 1e-08 1e-08 1e-08 1e-08 1e-08 1e-08 1e-08 1e-08
180370.0 179971.0 178473.0 171107.0 174818.0 171281.0 171136.0 181825.0 177417.0 176943.0 172580.0 175051.0 184235.0 179221.0 174272.0 179023.0 176991.0 170469.0 173531.0 177440.0 176051.0 177532.0 172524.0 177063.0 181785.0 171078.0 170019.0 171252.0 175926.0 176895.0
