90.94540873881829 99.17122364284648 101.2328085843368 113.3270397331778 118.92306764125976 113.41461028720437 97.36561820923225 112.16449575946558 93.19952821589936 111.99333820178879 78.0581920687464 119.47652145642223 130.46392757879755 75.10821910922073 95.80496715344566 110.31609685754142 101.04163096240416 129.0992210709045 108.8669235137479 110.84720731527909 108.15415443188658 122.44974064588325 116.62491753266079 116.91369616704947 119.46689917055403 92.92608284495998 113.16916525908653 103.97790766443086 102.53896372620034 105.81266292325756
90.94540873881829 99.17122364284648 98.308458945898 113.11118970041991 118.92306764125976 109.43483523804059 97.36561820923225 112.16449575946558 93.19952821589936 99.16386324510927 78.0581920687464 112.87495045342223 87.9365812700695 75.10821910922073 76.19334970010345 101.25120818746211 83.94336161786407 113.03026152650159 108.8669235137479 98.9372014597476 105.58379895510177 76.84161812709033 103.8787979853023 116.91369616704947 119.46689917055403 92.92608284495998 112.80209698298472 103.97790766443086 81.32996107253416 100.8593834170706
90.94540873881829 99.17122364284648 98.308458945898 87.81484942643488 108.6227867073992 109.43483523804059 78.80979754497776 95.0190084526397 93.19952821589936 93.99892709915162 78.0581920687464 110.03175145679279 87.9365812700695 75.10821910922073 76.19334970010345 94.27654533688917 83.94336161786407 102.08029414995497 77.63063096410065 98.9372014597476 83.74837758979436 76.84161812709033 103.8787979853023 116.91369616704947 119.46689917055403 92.92608284495998 89.81424021615817 103.97790766443086 81.32996107253416 100.8593834170706
90.94540873881829 87.27020587453114 98.308458945898 87.81484942643488 98.33816106187055 86.18053246574232 78.80979754497776 95.0190084526397 93.19952821589936 93.99892709915162 78.0581920687464 89.62718999859055 87.9365812700695 75.10821910922073 76.19334970010345 94.27654533688917 83.94336161786407 69.86596039145388 77.63063096410065 98.9372014597476 83.74837758979436 76.84161812709033 99.80380654137548 93.49006587088024 115.9937621125423 72.81103408534045 88.3261240974822 98.2717862366635 81.32996107253416 85.02865717661234
90.94540873881829 87.27020587453114 96.27816490744601 87.81484942643488 91.13541981656317 86.18053246574232 78.80979754497776 95.0190084526397 93.19952821589936 85.50038336914668 78.0581920687464 89.62718999859055 87.9365812700695 75.10821910922073 76.19334970010345 94.27654533688917 83.94336161786407 69.86596039145388 77.63063096410065 92.36978488529712 83.74837758979436 76.84161812709033 93.61277227093501 93.49006587088024 115.9937621125423 72.81103408534045 68.40409600668409 98.2717862366635 81.32996107253416 71.00524359421388
90.94540873881829 87.27020587453114 93.09023960367483 87.81484942643488 91.13541981656317 86.18053246574232 78.80979754497776 95.0190084526397 93.19952821589936 85.50038336914668 78.0581920687464 85.29609666817942 86.92422401558451 75.10821910922073 76.19334970010345 94.27654533688917 83.94336161786407 69.86596039145388 77.63063096410065 92.36978488529712 73.73823783532794 76.84161812709033 85.30797746730173 93.49006587088024 107.3551771986431 72.81103408534045 68.40409600668409 91.87198011492774 81.32996107253416 71.00524359421388
75.09545000412572 87.27020587453114 78.83151510709922 58.92135677291992 91.13541981656317 71.04605025954606 62.36855301966136 86.60154482303005 81.67640999472837 61.11477578846893 73.48394056914685 75.33752118875304 79.91270144559053 74.93742215733062 76.19334970010345 75.82270876764255 83.94336161786407 69.86596039145388 74.47981731404741 76.47651199806432 67.53565991972891 76.84161812709033 60.81290501681292 77.5569591455826 75.35436820020266 72.81103408534045 63.2622117673385 88.48745468530217 67.68923596748527 71.00524359421388
75.09545000412572 67.48071681415752 67.82311443021081 58.92135677291992 78.40299690749998 64.08457740417884 62.36855301966136 71.21375812108022 81.67640999472837 61.11477578846893 73.48394056914685 52.81913020228433 75.1384621937924 74.93742215733062 75.23290972358484 75.82270876764255 74.3922492553288 69.86596039145388 74.47981731404741 67.57899682438176 50.39099581436528 60.18169617607805 59.100981224500174 66.48512435461998 75.35436820020266 60.23980444014978 63.2622117673385 79.15166837347635 67.68923596748527 67.78665341629164
64.2430766156715 56.45121724403782 52.03526416052193 50.37004991823255 40.98231848687931 50.98622786649105 62.36855301966136 71.21375812108022 74.35824541186048 54.83483690727064 54.0369933956905 46.04625119906086 57.576227622579836 61.087696837725616 58.0894384066288 72.77977782684525 54.219085822526836 56.86645557908946 60.62418375922118 67.57899682438176 50.39099581436528 52.28958226657335 59.100981224500174 54.507506640287716 66.82260912910317 57.72607875654228 52.950189097615066 64.40401395196557 64.79272850232337 67.32998422372577
51.53041501495443 50.50031948831429 52.03526416052193 50.37004991823255 40.98231848687931 39.60170965723489 35.577552337126235 54.14127777055205 60.18922193575395 52.423374012742784 54.0369933956905 41.32550056954153 49.345620208952596 55.285212981463815 52.77299430298376 49.26641535047088 54.219085822526836 54.39047157166715 44.582929440110775 58.84334770244641 46.66817619716369 50.404850802483 59.100981224500174 53.078229527693225 59.37529083662582 57.72607875654228 52.950189097615066 52.082009451751105 50.85613127705926 52.18659767548809
50.627245992370945 39.17353937436417 49.95535134527336 43.0241051033471 34.51149480167669 38.04366055614878 35.577552337126235 46.736255062349414 44.054579220822575 44.981538819572506 45.60609633328579 41.32550056954153 47.811633799759534 45.995952228389456 51.399332068047215 44.00708278545483 54.219085822526836 54.39047157166715 44.582929440110775 42.229142142368914 37.28939466732004 37.4950527310109 35.51132094830098 48.4180448148511 36.22835863814407 49.80012667389701 44.48779091115 35.529244665624105 48.82813300136854 49.79739805464874
38.296725544032824 36.40180821768183 40.485873739681665 36.57233280923663 34.04272014975925 26.614806211652535 35.208715660485154 39.89004161211733 41.54866198913135 37.753417653760266 42.306067474530664 36.651941882510755 37.21059002830623 37.58888370377281 28.244999767283275 34.72014854189547 38.379073743788695 41.55994311261645 44.582929440110775 39.57673816208376 35.691015323210195 36.73324662086725 35.51132094830098 40.20829794656447 28.612182326197967 37.62311254032943 37.148423981137626 35.529244665624105 37.64061805407823 40.742364168986796
30.073636042987232 29.59170323099056 39.05852577451003 29.987992973382916 29.169150042682077 26.578704680589453 31.868067908371813 33.52516657054423 31.806585262193153 29.339951977559963 36.34233710294666 28.664329533067075 27.110085775054472 30.159562038362992 23.962012775264498 29.94606737934464 35.46904714356879 32.50863038303498 40.665940846596186 39.57673816208376 22.579642672711202 31.199906941157337 30.16353504394226 29.945124084557506 28.612182326197967 30.765405837751587 33.62765973642195 33.23034786140488 24.82749552543521 29.091278701745523
22.369767411114253 23.664446142014185 20.640637512702597 25.572800936412705 18.048314141380388 18.78277146862206 20.964620288479523 21.136952438670278 19.40345438953193 18.665091241014125 18.554452656413787 17.833176922567077 22.770383388316418 16.457471424974074 18.78997804257824 20.289949899720227 19.283335240642486 24.1119507223151 21.036928722646962 24.475918032152777 18.26168073569943 21.179931385151576 14.335132414891063 20.315834278963166 18.059313374763065 13.548359753731233 20.041101026677097 22.855446354413857 10.874606949161375 23.95618052404484
9.851455828641633 10.333026521769398 13.476356829338101 10.326426231724326 7.565807832913492 8.148802162774246 12.106821524958036 9.880007636947994 10.52895702961689 8.536945813861848 9.373557628254844 9.78217772634423 8.791630185581312 5.88393024819527 9.813423479135622 10.475710444347328 10.586022649541292 9.580964847281848 9.112305615710397 7.548103321372992 5.858746004832028 7.526034262991402 4.09667899938222 11.903034424239422 7.433761143161519 8.866946695319257 10.821972487437506 7.257400893602949 6.425605533817588 8.686811459316004
7.97577782566168 5.980089536181367 9.98768742975085 8.958386374650331 5.974151197466313 5.97396228098944 9.962534443862069 5.98260741939805 7.975690916605117 7.000120618998835 5.989420295090326 6.980173429297565 3.988563916575913 4.990736163122392 7.973191342977543 5.010171846576554 8.983908814860001 6.972627396752046 7.972080796103683 4.989091451881563 4.98585470729347 6.974590064466383 2.991048107407778 9.953180787812357 6.9700018327207545 6.969191277466621 8.977520596645832 4.995793173733887 3.9855171748207567 5.023014532822685
200000.0 200000.0 200000.0 200000.0 200000.0 200000.0 200000.0 200000.0 200000.0 200000.0 200000.0 200000.0 200000.0 200000.0 200000.0 200000.0 200000.0 200000.0 200000.0 200000.0 200000.0 200000.0 200000.0 200000.0 200000.0 200000.0 200000.0 200000.0 200000.0 200000.0
