898.919544884242 1221.5282796943598 1497.4681811217333 1218.6276977635407 1129.4331844393269 786.1873448185852 1417.853192240298 978.5028523688229 1264.2941494447964 1461.7528780853027 1189.829193999522 1334.6256914436453 1218.0819787491523 1177.0729107637517 1015.8353623303701 905.2486781023053 1270.7247318069444 1292.526271654663 937.8627092009951 1200.4149437787823 1142.8510080686892 952.7404695524237 1303.9105060975398 1305.6189469595129 1259.3764616575836 1194.2848171376127 1255.7917614554217 1513.5186983176682 1444.680507316707 1564.8375777230785
898.919544884242 1081.0500181505377 996.5304043788383 807.7838672911362 1072.1949435192637 786.1873448185852 1308.3374796450717 975.7645600138148 1005.1645825903738 751.5892912293857 1116.2045251439913 1240.8226717313069 833.1429795448926 732.4374964195772 792.2302131450492 905.2486781023053 602.5089128308782 886.0085099414582 937.8627092009951 1040.5679142658646 1003.2729893409082 780.1389660657892 1254.1993072848336 993.5577247505475 828.603570365407 1005.2168715325929 991.2388286825444 1348.3302418465546 1159.1197766832006 1190.7008074655282
744.2740889481643 726.6148577479271 996.5304043788383 706.6174453389008 838.0377083776275 786.1873448185852 662.3575993201976 975.7645600138148 1005.1645825903738 751.5892912293857 711.2171923693659 1030.9705304282907 833.1429795448926 652.4857903580246 792.2302131450492 762.8007917679624 602.5089128308782 886.0085099414582 910.5824086905805 747.11904012993 893.6713834876882 549.4030930858708 1175.3871670657927 993.5577247505475 717.8885032149096 762.6349615979543 753.319191316592 1253.2867355472708 1031.2270768777162 851.5805280761133
744.2740889481643 597.9969591047611 810.2227735003003 635.8778699565137 677.4201063145738 760.0334933442073 662.3575993201976 611.66255519675 1005.1645825903738 751.5892912293857 569.2396463906507 1030.9705304282907 584.9030057667337 652.4857903580246 736.8818371810976 617.2583181313498 566.9361541124608 757.9871167832321 910.5824086905805 747.11904012993 742.8666029457813 549.4030930858708 759.180003010636 712.5468993385716 599.8274591707209 538.3218543661023 753.319191316592 1082.5588278625892 762.6142582589946 851.5805280761133
744.2740889481643 516.1918748505836 782.8211893448406 626.249257470336 677.4201063145738 673.0868429263351 577.4815521993519 611.66255519675 804.1979937243314 751.5892912293857 492.78260043103364 720.541557845323 584.9030057667337 652.4857903580246 604.3500734261297 569.3775470468445 538.7244289743148 597.0319799479671 838.2310271995302 735.6885714678951 742.8666029457813 549.4030930858708 759.180003010636 507.9972334377835 599.8274591707209 470.4804040747513 753.319191316592 914.6483770427926 762.6142582589946 851.5805280761133
554.1140748678959 493.6795699939271 579.0640887787467 613.5563477593819 590.5970555557606 508.70904486146947 570.3802960058838 467.3483125009989 648.4683214433535 751.5892912293857 459.61086734332184 720.541557845323 584.9030057667337 616.7523899939333 593.396003754428 479.9649975950879 529.9024884625815 536.312128627153 802.335749844292 709.869781468848 638.2705565510641 549.4030930858708 517.1923299496434 375.728591099426 513.1667211720119 423.42858964048446 675.4071029639372 633.0765415953065 561.628986768761 733.3655307504414
554.1140748678959 465.8350365393062 579.0640887787467 442.55382253802236 584.4355330507733 508.2443329015596 570.3802960058838 467.3483125009989 573.2340905304495 744.6725174026092 440.54339150461965 598.4154471141592 568.2174999950421 554.7863795905382 545.0987621584709 450.97544142574316 529.9024884625815 521.9100697546992 802.335749844292 633.7676708887675 547.4263652853169 549.4030930858708 517.1923299496434 375.728591099426 487.17135499192455 423.42858964048446 612.721305950231 630.9525594175575 549.2397795737834 571.562058192555
337.3761995721593 344.72393067462053 475.61174989258325 316.8781072031038 392.592913020113 415.6330647941604 340.6160895226367 330.40891906595607 346.0175529577873 414.02403628271395 368.605122622665 417.73601452773164 356.7698594372655 371.50349280359296 404.16884609130057 404.12278397353293 324.52066880559505 332.77154371616825 399.24963257759237 388.42131088601036 411.16028165746775 330.04003335894276 323.6360855952298 339.1047052619697 331.3062531850478 311.2506244061469 357.82106963324304 354.6016884922433 387.3165544793301 413.4507794155761
288.33365355966816 286.2908170090277 288.2003319493897 290.49331190610883 295.0530757941833 274.72216044902734 308.45143919920247 286.94608986123194 297.870688098345 320.45676251459054 320.16893708329417 307.3651270928858 279.96431245174927 291.69681097718967 314.9767487346958 276.4660975978795 292.07610571957775 288.84865026656644 305.4698623566328 312.00124016257496 274.5904800929061 292.74473976679155 278.2122073350047 304.1494365552626 275.86461209107483 269.56990083753317 305.13506703336407 266.46744197528506 308.9049880679572 317.2605058329409
262.8842207261682 258.5477130257568 259.39133272400386 260.92980768637244 257.29516979704795 268.80899830015596 274.3172955150112 261.05152035148467 259.66401077499904 270.9582725727978 265.36270139392354 259.13323289123537 263.34224649871476 264.842199930873 278.122979298314 250.8139081051604 274.0327415865386 259.3549720258925 273.39130523378253 265.61771699424935 261.2570095572978 267.82242834938734 251.33913610099125 274.9478025926246 264.4315767226112 259.5352709632598 266.9908439304977 255.6601035173885 274.59975273084456 270.57288987118363
253.57876187277498 247.19653233031886 246.658053879014 247.01681690412443 252.1295644850902 257.5984443057887 258.8223372130592 250.52537553888442 247.33286218947023 249.8414267521539 250.74499686232684 253.3959206460545 252.7285182730643 251.36644425628356 259.9136940444364 248.61555897234894 256.6904546599135 247.90419809659943 254.72022815284254 255.30042149885685 249.31115892246498 256.2001523459744 243.93931483711094 254.97079245881696 250.78276708271596 250.96595731882508 252.90324759326904 253.6233332462557 256.89659929687923 249.51458842256216
245.96372373523764 245.30314727757013 243.77060991196504 243.42085979585136 244.9272237441637 247.60729860415313 250.17098905905414 243.22679016539632 245.93115829506814 248.2356138102282 246.4786996825328 249.02777496189765 245.6961388802988 246.02806302653016 251.4406966360657 242.30579676663956 248.91887834352883 242.2417417074621 247.0625933635015 249.02989363044617 243.68699475300718 244.13253997457105 241.34744260858815 247.0381323099159 245.0143812394872 244.11376217295128 244.94856502583843 248.9678170350462 249.46614573119496 244.67208519974474
240.8401009848485 238.86592066760386 237.29610484346767 241.2287659329877 242.83146890908165 243.89397217086935 246.19096641208307 236.93987821956352 242.8490771465331 240.87623522903004 243.48310715661773 245.1369714787761 240.45674114304302 242.58392292659755 246.10262872364547 240.09936449630732 242.07031961544226 240.76404064905955 244.83203655039597 244.67214081879683 241.45943893558206 241.56672279733766 240.2045709201211 242.64189845450983 241.45814840741468 239.03366530576068 243.34082615194075 240.21997701650434 243.4041189164982 240.87727215028326
237.73500640236762 236.35465781379798 236.0919971761682 240.21179504095244 238.7912807748785 240.94411796926033 240.47668198858173 236.20881576351712 240.02195136768023 236.15067951289848 240.94261266394915 240.48481747427513 237.5212396212546 240.57674490523596 241.69248892180076 238.96493545585417 239.2068254636897 240.32267516760976 237.34998031039595 240.14286905507242 240.36652226634214 237.66377660733588 239.053555624233 241.16503187325816 237.0899487694096 236.18020093431142 241.15832520336699 238.99545993523952 239.8005759958719 239.59226470718113
234.28506368691205 234.15042776495466 234.01424010316077 238.898150074745 236.17491872461278 240.72280676957553 236.85335979249157 234.7903458693272 236.58473692518828 234.11796742356728 239.6963782338903 238.20222277130188 236.12670516037088 239.04815052064532 237.1589395547294 238.85955242131377 237.0913695116824 236.9944909332953 236.27564576937039 235.07572014338848 238.8636008572039 235.8297443454694 238.8601543959603 239.6715849042439 234.4492035837061 234.36130174554455 236.51432646895728 236.35475956842947 234.2627163181146 238.87319142937986
232.66009711284687 233.97430094618903 233.9763381337475 236.93510401461253 235.65492041127527 238.85879774841897 235.16583384660953 233.97430094618903 233.9749201766981 232.00789235814773 239.44179589730084 236.8304032967526 232.44156214781742 236.93887915199184 232.39894582683564 234.34746361008456 232.91801447202852 235.4116968158187 233.8174648840045 233.98478486621934 238.85879774841897 232.74371926196727 238.85879774841897 233.70427698874528 233.9743009462154 231.16399122980647 233.73103332175424 234.7524816525456 233.05445868923334 238.30436400841063
999997.0 999997.0 999997.0 999997.0 999997.0 999997.0 999997.0 999997.0 999997.0 999997.0 999997.0 999997.0 999997.0 999997.0 999997.0 999997.0 999997.0 999997.0 999997.0 999997.0 999997.0 999997.0 999997.0 999997.0 999997.0 999997.0 999997.0 999997.0 999997.0 999997.0
