6479.965538618791 6148.573707748378 6184.284448487111 6264.675482433315 5273.29671761535 3775.626348703914 6710.350461766035 6587.539929990626 4456.1945738281465 5330.053260016433 5285.701455946866 3690.25260732568 1851.6539988202994 4836.563848862555 5325.432508508273 4046.9021927745725 4734.533493378511 4923.339395921269 3739.6777476785637 5506.449534371997 4926.246313244391 5506.1838687651725 2551.4429635349898 5528.343492704845 5176.367668388103 6256.857932162488 4821.641482439744 4240.507334457008 6529.065943517208 6091.177302716946
4241.343308633503 5638.644879780845 6184.284448487111 6264.675482433315 5101.513312957235 1303.4535514823297 4070.334635538803 2690.0759416387696 4456.1945738281465 5330.053260016433 3693.803214905644 3690.25260732568 1851.6539988202994 4836.563848862555 3205.747175655455 4046.9021927745725 4546.692899433789 3958.7670343740156 3282.4728139543954 2582.048662454269 4926.246313244391 2957.7423212890535 2551.4429635349898 3772.3691541226626 3293.588720113404 6256.857932162488 2217.676358401219 4025.835493580722 6529.065943517208 4326.633761451447
3793.8284669410295 3843.4846944254296 3542.158923567641 5140.872321871307 2964.3778401050513 1303.4535514823297 4070.334635538803 2690.0759416387696 4456.1945738281465 5330.053260016433 1823.9842443408975 3690.25260732568 1851.6539988202994 4836.563848862555 3205.747175655455 1628.1212428238698 4546.692899433789 3167.476522370879 2829.078313081379 2582.048662454269 4366.274476338721 2312.9938501871848 2551.4429635349898 3772.3691541226626 3049.6211724821687 2182.493205045769 1918.5328338616064 2678.84959586371 6529.065943517208 2479.9945916656043
2451.9869434621605 1979.509021592622 1961.698517735792 4536.18462535038 2964.3778401050513 1303.4535514823297 2982.90011707473 2690.0759416387696 3043.8402723537465 3859.3574038135966 1818.8444005852598 3690.25260732568 1851.6539988202994 4337.914476612647 2710.3955159517714 1628.1212428238698 4546.692899433789 1499.3738595752866 1661.3343318055931 1973.4433500183109 4156.100918439923 2312.9938501871848 1588.8051284952453 3772.3691541226626 2373.0920287461995 2182.493205045769 1918.5328338616064 2678.84959586371 5139.175434824585 2479.9945916656043
2451.9869434621605 1979.509021592622 1961.698517735792 4273.0794685361625 2078.352844189158 1303.4535514823297 2230.9703558434694 2690.0759416387696 2576.689911341111 3859.3574038135966 1818.8444005852598 3686.8528765288193 1851.6539988202994 2382.661237790623 2370.860481535226 1628.1212428238698 4546.692899433789 1499.3738595752866 1661.3343318055931 1394.7072020848677 3408.383601248387 2312.9938501871848 1588.8051284952453 3772.3691541226626 2373.0920287461995 2182.493205045769 1422.2162689312163 2678.84959586371 2791.788520595357 2479.9945916656043
2451.9869434621605 1745.0243749789533 1961.698517735792 2369.645886529203 2078.352844189158 1303.4535514823297 2230.9703558434694 2690.0759416387696 2576.689911341111 3859.3574038135966 1818.8444005852598 3686.8528765288193 1846.4156797227388 2382.661237790623 1108.1519527387659 1628.1212428238698 2641.7221434730104 1499.3738595752866 1085.2906252349328 1347.7568451455306 3408.383601248387 2002.2517254295503 1588.8051284952453 3772.3691541226626 2373.0920287461995 1721.7148783066605 1422.2162689312163 1879.5252038161607 2791.788520595357 2479.9945916656043
2451.9869434621605 1745.0243749789533 1152.1894681227877 2369.645886529203 2078.352844189158 1303.4535514823297 1200.7328157501115 2497.119928824439 1573.9105518276062 3732.986859197861 1726.587648902383 3686.8528765288193 1846.4156797227388 2382.661237790623 865.2264502053699 1628.1212428238698 2432.8089506779893 1499.3738595752866 804.0165204499681 1190.0686156999006 1883.4088727746548 1494.7795680025572 1588.8051284952453 3772.3691541226626 2373.0920287461995 1721.7148783066605 1422.2162689312163 1879.5252038161607 2787.2800684925205 2479.9945916656043
1130.2810118646275 556.0177006562319 865.9197657625416 693.725668531059 841.705015648347 866.8427843947786 936.8750613087113 1654.4804787990706 482.36363175640895 2844.047614248882 1177.2825898466492 1303.3416032474006 941.1956766376245 1179.3037665793597 546.2935616387382 519.6219512786383 1038.3034136032104 706.157674448132 268.44437850880934 723.3102967467598 782.9667825146803 538.4482131494757 644.4584883112786 1266.0722086414505 1032.4499510242856 805.1849598023159 1119.9285260785323 638.8404879449695 1239.3985345990263 1091.4335229772628
409.0425765900694 400.25540251453117 286.5559743429177 342.94470920352524 307.04479658560103 439.6933783496254 527.750687221215 433.5464630450274 403.2869968657874 843.8702576303458 502.0618836824784 796.9760691414203 464.844870294182 566.6886642268083 334.4520745329721 297.13231397005916 338.9537044419528 328.78529085818127 230.14943550971168 293.31885446754586 492.49592438857553 481.4473303905813 415.3229223793702 330.6127704760154 225.34207512071976 404.8556260410834 379.4389835403242 326.21114428929036 447.88776477766305 305.24789757325743
186.3340453714552 234.2325315933706 155.87207488065246 278.25520951413455 206.91546508452984 227.056902898128 177.7136513837172 336.3270084896601 290.9275492904858 366.1600703039271 269.0579217492109 376.3403965188145 182.67946469728076 301.1678906818761 159.81515835170194 210.2712222155924 168.06523117001802 216.52199388443523 121.09589667660805 204.38608361529327 244.74632093595756 268.9402142152844 235.4281855347956 270.28631351167337 221.28061422195742 213.44418119696184 190.80034259964862 166.11819512607724 152.76128064746717 176.445456138439
112.85071935798851 120.56100004792165 114.63174657735885 138.91498695947735 125.05063180056322 131.00755959522974 120.85315261982453 153.074555240898 125.240008296827 131.9257033736593 118.27338956663482 135.23526162467124 116.36360907115284 162.436269857046 112.57387154649416 127.15156134551034 116.0069675546506 95.63396046471814 93.6702076875813 145.30660813530517 158.94378796413412 130.02888473550843 102.31442755565627 113.75287300536706 99.44353281181498 107.94173742637435 112.82500574796313 129.79511956388478 96.25054236579018 80.86576930192496
64.7149527757291 65.07471049178497 60.41571360972796 86.32286810353378 81.37999527351815 74.98297455521487 83.54780561239386 78.95921156416182 83.02911899101923 71.55516516150726 76.18882009645966 86.78323961454612 92.58155654073983 86.31250413381133 77.0101234608822 87.02600425844042 77.82293630651566 62.296618189338176 61.062492264373475 85.5488066541862 78.57157826134551 92.16855055324328 76.41250722915731 67.93705420949141 72.15283232683464 65.94308254991626 80.69796505279936 78.00054045859389 60.402169996721796 62.16861759423614
51.37263362187139 51.68662467441777 50.359071119586645 60.44709916076971 56.18599050692694 52.915521000105 57.16987704310844 57.03602043395426 60.617805649004254 53.72020236541988 57.90481220741083 65.36263390294812 59.79579103046825 59.150153083161854 53.01100191296456 57.806847508154476 55.65939074374768 52.12046297365231 48.42680530150068 59.55827931016603 57.839017779781784 56.32594995198406 55.36459516261334 52.888922785686475 51.89101667840913 53.12093431317555 52.99715573193106 55.454754244734886 51.40002144263002 53.65910939554698
45.6062755065185 47.048625670335355 45.68370631943429 47.38649190821525 46.26984006384396 46.09991864975785 48.399969107136485 49.184484227840585 48.59839099971089 46.09194009409714 47.103809015264005 47.23077153463964 48.55546064066323 46.90101745717192 45.75743918667331 47.19626719526332 46.141609440856655 45.72060248234834 45.25730241591725 37.38911063041297 48.44032225462149 49.067751561701584 47.120481990885025 46.13802818227356 46.183871600413454 45.41592102269226 45.962659674156214 46.68684559712324 45.85807384759272 29.42778373017677
44.94171065672657 40.790894791736264 44.901679598226224 18.048271830732233 11.460520996599655 30.46870851261849 35.446122009498595 45.019431667328035 45.006495654125445 44.959200666628874 44.98022043521655 9.100545263103356 17.098375365503728 34.01944249254825 44.935286604683256 28.294162416571908 16.804835411532622 44.91166550161114 25.50976592317977 9.46481885803803 10.024994721128394 8.905157381902711 44.96110274560817 31.787730532453054 31.367655843173907 44.920614830420334 44.93812661211831 44.94085826293036 44.93366481128936 8.128714807040467
44.89546931745133 4.566371274259211 44.89546931745133 5.864022592868253 4.836513809626297 3.827926146755374 10.081327228234272 6.672868886956053 24.416934831014316 44.89546931745133 44.89546931745133 0.5050443021295905 5.550553294968552 10.159379180381961 44.89546931745133 5.582960762951984 6.484605348919217 44.89546931745133 3.533366634919389 6.438505831506518 5.489097947058724 5.333048901198083 5.84689965763323 10.502565306672466 7.200063366578547 44.89546931745133 44.89546931745133 44.89546931745133 44.89546931745133 5.161688689072605
999997.0 999997.0 999997.0 999997.0 999997.0 999997.0 999997.0 999997.0 999997.0 999997.0 999997.0 999997.0 999997.0 999997.0 999997.0 999997.0 999997.0 999997.0 999997.0 999997.0 999997.0 999997.0 999997.0 999997.0 999997.0 999997.0 999997.0 999997.0 999997.0 999997.0
