114.36940754992963 114.13964081195286 116.03009974110512 115.74811327893008 108.1653252837283 96.1135838092705 112.70986788658888 113.470343716309 93.50040365296184 123.17260728627866 92.88467705082394 107.35785933428906 97.2545133469448 97.53763798307193 113.14575898146131 111.81552770577434 107.66924714125548 102.79693925598508 110.08076223260036 114.67288755925347 118.33350197329901 108.96610113136637 119.64256500957742 102.35486235423616 100.04761600481902 83.71197875933683 93.54730360719122 109.30296015700685 109.03069366731495 116.69297142944504
98.18851856451772 112.01211482851727 100.69777819754336 115.74811327893008 108.1653252837283 96.1135838092705 97.94291791229182 89.74067390164225 93.50040365296184 108.34753479028916 92.88467705082394 101.24816051929679 81.12161944022455 84.81724807708076 96.92784324408535 111.81552770577434 107.66924714125548 102.79693925598508 106.18067959439293 114.67288755925347 118.33350197329901 108.96610113136637 119.64256500957742 102.35486235423616 100.04761600481902 83.71197875933683 82.68009755986202 109.30296015700685 106.12441229028298 116.69297142944504
98.18851856451772 112.01211482851727 84.16174421422522 106.92331608537563 108.1653252837283 96.1135838092705 96.7945564994659 89.74067390164225 93.50040365296184 108.34753479028916 92.88467705082394 101.24816051929679 81.08592276892159 83.61932618477772 86.51338966976164 111.81552770577434 98.38074570838398 102.79693925598508 91.73952616238057 108.9401322415082 105.2528956789904 108.96610113136637 110.83128867969094 101.72632760801321 100.04761600481902 83.71197875933683 82.68009755986202 99.24132011700044 106.12441229028298 113.65870454380604
96.5943953179268 112.01211482851727 84.16174421422522 106.92331608537563 107.9442894284814 96.1135838092705 74.46416416826742 83.20658749924758 93.50040365296184 87.62730863686033 92.88467705082394 101.24816051929679 81.08592276892159 83.61932618477772 86.51338966976164 111.81552770577434 87.2713570124481 102.79693925598508 91.73952616238057 95.92796403230682 97.70704032963886 108.96610113136637 110.83128867969094 101.72632760801321 100.04761600481902 73.84463194777038 82.68009755986202 90.29034429055389 106.12441229028298 113.65870454380604
79.95169539704887 112.01211482851727 84.08275577155734 103.02599530390535 92.32808342693784 96.1135838092705 74.46416416826742 74.34043640766981 93.50040365296184 87.62730863686033 92.88467705082394 98.12625631693277 81.08592276892159 78.80733092389676 86.51338966976164 111.81552770577434 87.2713570124481 87.54381193443066 91.73952616238057 95.92796403230682 88.1262180840015 108.96610113136637 85.86144923606639 90.51320406121249 100.04761600481902 68.91774942423888 82.68009755986202 90.29034429055389 103.34172779315861 113.65870454380604
79.95169539704887 104.50999561327387 83.17626344325618 101.0347306542443 92.32808342693784 90.51839685763059 74.46416416826742 73.15996605981593 93.50040365296184 87.62730863686033 92.88467705082394 81.39836721792119 80.55695438815553 69.92115714150145 86.51338966976164 111.81552770577434 87.2713570124481 85.21872557395409 86.02057389049412 79.69143905456531 84.018101476134 108.96610113136637 85.86144923606639 90.51320406121249 88.90794892858878 68.91774942423888 82.68009755986202 90.29034429055389 103.13636653332833 84.1714274602017
68.83619334186278 104.50999561327387 82.55022389527437 79.074466415914 92.32808342693784 90.51839685763059 74.46416416826742 73.15996605981593 93.50040365296184 87.62730863686033 87.38657178921426 81.39836721792119 79.29207679047761 69.92115714150145 77.36118447886258 111.81552770577434 87.2713570124481 85.21872557395409 77.05227602994728 79.69143905456531 84.018101476134 105.87796868263126 85.86144923606639 90.51320406121249 88.90794892858878 62.71873591386816 82.68009755986202 90.29034429055389 101.17316872994752 71.69082524861392
56.48584360195264 82.20056846758769 58.301476493817404 56.81282592864875 71.70093079933326 69.02040362796754 55.19512361256966 70.43334309743409 68.37607591656592 58.21135611541888 74.99991642966154 66.07095813792739 58.34483530967418 59.16979758689115 41.379701721147285 89.93651194639824 60.38917128138996 63.59669625086326 52.717403406349945 38.50811490198066 41.57828903823065 72.0733601822468 70.72693481999056 68.36715724177611 73.1223177968119 59.3685308470034 52.94247985863581 55.378275774847225 65.03149089364172 58.10901301620129
45.19714519327522 54.23086212912631 45.54646502485957 45.28760528210637 46.743221699971514 41.364173452145224 39.06767201364573 47.956966351359256 41.45166847121186 46.164447810573165 44.03557807605557 51.22589353966805 44.9882796734978 43.07852844397485 39.42713750369637 53.02312702521601 40.21770330200195 47.61706596067779 34.02870203798261 38.50811490198066 33.6139470914668 51.252695536886904 63.33619219986872 43.01962601729713 45.45900858619416 45.47602174871906 45.05440989852707 39.6794251101129 47.47731150767595 41.865007586810066
29.33700790658588 37.50918414657485 32.711355015306935 29.63439695837326 30.371842895856275 29.774765377371637 25.878962030767184 30.455977563995702 31.91505423265687 31.2667426932735 26.68253379039197 22.43679838302171 26.823364983320175 26.081536207860836 28.764652316100864 30.170983745246758 27.143046196540922 28.50186389223927 25.950954933481512 24.716699605118947 32.4247942432919 30.352589279164135 35.985820159428954 32.40414864022887 36.0001065426103 29.084032383195336 28.064671738594484 27.109016499458107 30.611228564157955 31.514942055843107
16.235466434626346 16.804859090586774 17.571469111971737 18.560916469459812 19.957114586179614 20.788619340208697 15.669800372609757 16.870119225431836 20.91092162884138 21.47856678043695 14.768050224876788 14.023606259360463 15.346900302283984 18.658847648996925 15.799567045632102 18.487808401217308 13.61505438895972 18.457068479383906 15.828762190243651 10.973354562459235 15.589880888518564 20.61895063434565 19.235396988432058 18.38581093129517 19.44897103687515 17.9604178742087 14.718631861389895 13.935873362512552 16.0157357919569 19.534334463003233
8.466131362003239 9.682720339308162 8.863618143468102 8.668435884364499 11.77055874077871 10.222362572520069 6.519567093690853 8.014575801347291 6.735996184408236 8.69834379571273 9.664454445648062 6.992641717904235 6.950756532474088 8.25128987514006 7.586259188957001 6.48857099857878 7.340410224736047 8.692803517628931 8.535706196811134 7.260437004801815 7.554905585859501 6.919012511986807 9.974028562063495 8.776229688920353 7.404059771900734 7.546432684059482 7.723281592638159 9.04652790346438 5.567516309401185 8.84614208117705
2.4929376374531103 2.3063478728988684 2.145640212323542 2.3232408167172025 3.1877462603260938 3.444536406899033 1.8899266204789456 2.3745928475726714 2.0391627796975627 2.937420918743328 2.198530113148877 2.2188625971698457 2.0848170059080076 2.4003759672583556 2.5788755196591637 1.8407715826009508 2.0248801556301714 2.534684524555132 2.688434591302439 2.114777795425084 1.8527585199518626 2.1010330033670925 2.3480448369754185 2.2668808569260364 1.936393550802336 2.1268559605269957 1.878354122243877 2.9222276362530692 1.7969669869100926 2.802224775929062
0.2158296767192951 0.21472608753765599 0.19617589443396355 0.22933597641974757 0.20259151570519407 0.21317548850470303 0.1538274489644209 0.1882763448489868 0.15860654895539028 0.19670117521877728 0.18877226439087735 0.16560045193841688 0.10900394066618446 0.1559458257438564 0.24533956632160425 0.10542409892184423 0.17628661897799702 0.21136099960733645 0.2426611741849456 0.17404254673067499 0.16826085724619588 0.16662126222979623 0.24371400552536215 0.18738434497834078 0.19717468887222367 0.20828035948306933 0.1347638452659794 0.2157742025500511 0.13929995902344672 0.22235088218053534
0.00030787079572291987 0.00041870553081935213 0.0003691090031452404 0.000280421289971855 0.00031088891876152047 0.00028456028235268604 0.0001917696708915173 0.00025151383317734144 0.0002584474023024086 0.0002477879062325883 0.0002197800549765816 0.0003072518671842772 0.00016083561763480247 0.00021552100906774285 0.0006032209249724474 0.00018817152465544495 0.00023111150619570253 0.00017548544133205723 0.00026334437643527053 0.00022261077867824497 0.00021648201050084026 0.00026890106482824194 0.00036994135166423803 0.00031882301107089006 0.00016940086925387732 0.00037234344449643686 0.00024388439771882986 0.00027253818166173005 0.000177682570097204 0.000550925198240293
1e-08 1e-08 1e-08 1e-08 1e-08 1e-08 1e-08 1e-08 1e-08 1e-08 1e-08 1e-08 1e-08 1e-08 1e-08 1e-08 1e-08 1e-08 1e-08 1e-08 1e-08 1e-08 1e-08 1e-08 1e-08 1e-08 1e-08 1e-08 1e-08 1e-08
725815.0 735164.0 731917.0 727229.0 735556.0 734184.0 720404.0 727128.0 728232.0 726926.0 728632.0 732214.0 714050.0 725512.0 739627.0 711087.0 723581.0 721949.0 736725.0 728932.0 724193.0 726219.0 735654.0 729632.0 721743.0 730332.0 726926.0 727932.0 719786.0 731521.0
