2753.556878572561 684.4276129212249 5262.249624489247 4526.58121157867 690.9916458991756 3984.461961995761 3730.3390662513466 3277.1017696586405 4632.345363623654 4121.905192212402 3761.005217815102 4526.291939618248 4849.936342477509 1913.365484990587 5471.691736245522 1812.5732489658649 5297.059339433246 5286.693185479757 5668.001568182385 2243.2806468225044 4816.433016664426 961.8106341241723 4337.562739809937 403.37275750103754 2035.8502018429963 5208.51927273188 5413.969738140546 5058.56554515286 4234.029038636079 5020.187010276817
641.3715001340966 684.4276129212249 815.671062725472 4526.58121157867 690.9916458991756 3984.461961995761 3084.510813000252 316.7452265728566 4632.345363623654 4121.905192212402 3761.005217815102 4526.291939618248 3812.3910304388937 1913.365484990587 5082.50956431308 570.8080999141125 5297.059339433246 5000.382723240149 5311.5559037259745 2243.2806468225044 4816.433016664426 961.8106341241723 3377.421658907653 403.37275750103754 2035.8502018429963 4705.836027589093 5413.969738140546 1513.9234046572888 3924.1086263315074 5020.187010276817
341.91324324628795 684.4276129212249 815.671062725472 4117.659035954226 690.9916458991756 1783.8242476404048 1939.3620044934269 316.7452265728566 4632.345363623654 3096.78788650141 3761.005217815102 4335.472286590474 3812.3910304388937 480.4369781767846 5058.538729428775 234.97391286460606 4778.364328921511 5000.382723240149 4961.38642557109 2243.2806468225044 4816.433016664426 961.8106341241723 1040.828041941777 301.13790006485124 1471.0224305249117 4705.836027589093 5341.040575785133 319.6932344853021 3924.1086263315074 5020.187010276817
341.91324324628795 684.4276129212249 400.64274248738957 4117.659035954226 690.9916458991756 1783.8242476404048 340.8893853195714 316.7452265728566 4632.345363623654 3013.7211656255513 3043.0562341624245 4335.472286590474 1147.5519106317856 299.6702966436442 4899.517597966994 234.97391286460606 3796.4060519832383 4902.312513290137 4961.38642557109 2243.2806468225044 4816.433016664426 961.8106341241723 1040.828041941777 301.13790006485124 592.9523437844182 4152.10910209467 5341.040575785133 319.6932344853021 3924.1086263315074 5020.187010276817
341.91324324628795 307.6351770812935 400.64274248738957 559.1875665363796 690.9916458991756 1130.1962804801205 263.80148150965806 316.7452265728566 4632.345363623654 1118.7187514176567 1923.6538231790037 4335.472286590474 747.8281575349383 278.9150538998524 4899.517597966994 234.97391286460606 3500.5756089205006 4902.312513290137 4961.38642557109 2243.2806468225044 4816.433016664426 638.4922405872403 1040.828041941777 274.02655936994233 379.55461846776234 4152.10910209467 5311.10917188222 319.6932344853021 1950.4237336389197 5020.187010276817
341.91324324628795 307.6351770812935 400.64274248738957 559.1875665363796 623.0413788855926 1130.1962804801205 263.80148150965806 316.7452265728566 4632.345363623654 302.8408173065527 1923.6538231790037 4335.472286590474 305.3259304331891 278.9150538998524 4683.035723652374 234.97391286460606 257.50159540896584 4902.312513290137 4911.768646206768 2243.2806468225044 4304.185022896334 362.1969843511197 451.987041697103 269.3862890717928 379.55461846776234 4152.10910209467 4997.385462208492 319.6932344853021 1950.4237336389197 4997.036857917983
301.64303083223285 307.6351770812935 400.64274248738957 559.1875665363796 531.3699628762256 1130.1962804801205 263.80148150965806 180.71604054920772 4632.345363623654 225.9616765483297 1923.6538231790037 4335.472286590474 305.3259304331891 274.24539413492084 4683.035723652374 234.97391286460606 257.50159540896584 3349.5947794482636 4911.768646206768 1155.7103670310898 4304.185022896334 362.1969843511197 383.5168066174215 185.23050331493232 379.55461846776234 4152.10910209467 4997.385462208492 252.5791107599889 1950.4237336389197 3806.723753416547
161.40255298742204 203.9191799645787 191.36865506835647 269.1188447743807 208.88733296212013 623.0139544287758 197.8395113552442 153.75691712125354 4151.455677541637 214.04912684591636 965.3740905515942 223.53177332664063 167.11216586842374 222.04217074853022 3391.968324541008 191.79923386550627 238.68486865006435 663.1696763088175 1092.9452506854368 388.8350854377536 466.44804456508245 183.26762884906202 184.70539599287167 143.96652501431254 218.5604549292616 1619.3418477444447 3862.795988793783 188.3626032325201 192.40395005541814 192.57801320012095
154.7002245739941 157.54688856455869 146.6614004435537 184.9614835882303 149.1497401150391 407.83357527793623 150.50361227309713 141.13079009178273 2728.4614679433416 160.60936102275582 610.2780225112147 204.17397233779502 156.9466975928799 168.79792595805156 630.1568953088122 156.25875235788453 148.83578365135827 231.84085895553926 174.53218616302001 174.5346451988721 190.0115827881682 146.1192079812713 140.63201646423022 125.92746280469191 146.77098005456355 171.35866267372512 2610.3734968943936 146.8669742525326 162.2987853720888 134.76192002871267
122.98384355776261 124.70242307926947 124.05118272583968 140.88584014771413 116.37676608955417 202.71459817433788 117.58295522877279 123.98064375745344 216.896711862576 119.4816324984481 282.35710689640246 123.07601641786414 129.65190080038747 132.23907600808707 172.24013580600422 119.09156583317326 108.39915549980515 150.9857988844683 152.92115149904248 135.14357411448782 148.0205551626409 121.98506529262659 123.14832494406346 110.96671161493032 122.28512943714941 133.35242642827416 919.3387291698286 120.03583960980177 138.33830777899766 122.12026926219323
105.09302154625038 109.4030986949465 102.79460276639747 118.3560913134097 102.58538530267515 135.71858194731067 102.44199316879985 108.04150448781002 148.18690430527067 109.41721598200684 182.066937156138 112.06538077968435 109.1146055335521 107.14179584417025 124.81578832680407 105.87099951600112 102.1741300597323 125.27031197927909 133.149557692107 113.74140616190789 120.26764141452077 104.68373889526174 108.82247740962521 101.81590864600503 103.16071556152201 112.27353203098392 170.2574948844599 104.38576257545355 112.62102468081594 110.19440627763788
101.17010226140019 101.00505886733208 100.60528627386338 103.20234095087653 101.11178621098952 115.25526299302237 100.86570496187778 101.05195393908025 110.45447950571406 101.06479702986508 129.9637505668643 101.09671892145388 101.03137131539006 101.17415272736662 112.98814816904678 101.01565887088191 100.75286277716168 106.20163322046892 114.33217010196631 101.38875530354699 105.18661826287962 100.82899882647007 101.07287391539967 100.67478069340905 100.83988742306292 101.79718612541228 128.78688150981407 100.89079990689788 101.29001734149597 101.01871363826285
100.6736566081413 100.60809596922763 100.60528627386338 100.87382746097319 100.814608914156 101.64955043033478 100.61033542487758 100.64596449675946 101.15249403910184 100.68193026979543 104.41103546703516 100.68541631557218 100.53876504333812 100.77346560516162 101.0818552232704 100.63646890536938 100.60508344476148 100.78017528265673 101.09906090557342 100.69257749948474 100.72536239943474 100.58282294629407 100.75868961657079 100.56948878518733 100.53668136118313 100.67572143139205 105.51063724167216 100.64981847801891 100.6915072861766 100.57630279081513
100.51364146953165 100.53131239196591 100.44641245806815 100.67125940785081 100.63947183671144 100.72448272528209 100.44036979635484 100.61364852733868 100.776533429153 100.57625866852686 100.95067105878661 100.50615222700071 100.53876504333812 100.52031889185628 100.71311524685916 100.58121181358138 100.47051842958444 100.60737811679701 100.64224943464933 100.5064799472907 100.54473538968932 100.4742362415077 100.55866232499056 100.55206405848912 100.49650491095008 100.48345543708547 100.88619546327982 100.55588796314805 100.49807054348184 100.54339083082004
100.47170437001068 100.4913819689018 100.40658242032123 100.50633229578307 100.54944564042762 100.46152961915413 100.4056153610295 100.52990859537704 100.54384057808738 100.50984200430958 100.53980628825911 100.43361371870697 100.48996069257919 100.52031889185628 100.4632758738203 100.52188603891955 100.46384760746787 100.51806900480642 100.38498208486362 100.48098739768739 100.50371519061991 100.43583209393864 100.37560976318537 100.41477767716697 100.49005169362408 100.41058763357796 100.54441888266183 100.41865662058854 100.48659900499342 100.462074844178
100.44929184781722 100.46715301917402 100.34751063497788 100.4512715513979 100.51989136940028 100.41555196310765 100.38173598740332 100.38935697982288 100.44430349328377 100.34040073992628 100.3821981826377 100.38117029014074 100.44514316397363 100.346426579536 100.34404652381454 100.43444812766847 100.41307953191335 100.41260312750273 100.35493774183487 100.43160695192591 100.3451556322143 100.32670434952252 100.33510532850141 100.39277244425239 100.47221083965269 100.37893862113515 100.37965848986687 100.35469646362117 100.43750668948724 100.36024619833461
999997.0 999997.0 999997.0 999997.0 999997.0 999997.0 999997.0 999997.0 999997.0 999997.0 999997.0 999997.0 999997.0 999997.0 999997.0 999997.0 999997.0 999997.0 999997.0 999997.0 999997.0 999997.0 999997.0 999997.0 999997.0 999997.0 999997.0 999997.0 999997.0 999997.0
