8421.535659066281 6163.77077939087 11315.3692797753 6180.929825608525 7423.722405307053 5205.031563319341 5925.804822530851 5652.964029496502 6685.576946062608 9177.249597244809 3648.1651349962967 6020.894021317591 4267.664816362571 6697.879226704864 6589.955640003484 8260.169760964618 6862.067656223609 7346.541035179015 5014.133916434341 8371.371548655148 6192.306856587052 5638.604095193061 9837.752374710237 5074.528134984419 3676.2095073658456 4795.538928443539 7966.288043616696 7095.410450983105 4976.326181791859 8200.301684639158
6529.463299706335 4747.556640244381 8738.595719223986 6180.929825608525 4831.499146009379 5205.031563319341 5925.804822530851 3039.020222625694 3821.051332089257 6913.688912581129 3648.1651349962967 5127.093608145387 3316.1484520097147 4876.045557969792 3629.074690552178 4754.930294775636 4968.800029652343 5227.503881292949 3717.864672367584 4434.872853511151 5348.556892720677 4478.280528200965 3267.0262164733235 5074.528134984419 3495.5812825965872 4795.538928443539 5658.168442544858 3923.1306901034295 3193.821366651918 5284.250742478813
3565.123078453634 4559.661766798598 3448.1406334159933 3722.520094705392 2339.119574826748 2864.6224801778235 2951.8907184683953 1760.1856482931616 2730.4563322766053 4303.893496636806 3287.5036440814424 4650.833787048146 3308.378825034361 4527.981990983438 3629.074690552178 2438.5709399575708 3407.544768631567 2151.9023126524994 2696.4460215594704 2299.683712337719 4269.827749731297 3292.2851158856593 2046.6344399955115 2126.636274655779 3495.5812825965872 3819.6768852783152 2433.205637429798 3039.126513219668 2346.21188242956 2240.2488007000006
920.8638149838287 1668.487602045161 1863.028089140903 1596.8679825549814 1066.4893420258927 776.0596286948507 1714.789232398437 1760.1856482931616 1374.047826329489 2773.5510063292645 1672.9940234700907 2331.1021461052087 1117.9360249995188 1984.7008851435203 1655.7497021929776 1751.1386808631669 1258.3175191641456 590.9649841632418 1029.8386476880678 1331.9235711349136 1561.4699101559656 1509.9019610330465 1218.0860700823614 1549.0577946009075 769.9421229525806 2116.9017615421717 1492.06011811085 1867.9611597366065 2236.8738572697694 1253.734867024385
515.860637436135 911.3521688575531 748.1003213106346 741.8960059909846 322.91932105156855 709.4373411051865 739.6014458009267 823.0975585322872 552.0990727573665 1106.0754872955247 845.4119880911835 682.498314508031 334.75203249586684 759.9692619797934 544.0989475589854 624.8486759685729 636.4005241243312 570.5885582668711 420.62806147977756 434.8565622758001 629.4991423093329 709.518186593381 412.1612153730048 656.2034951214387 769.9421229525806 535.2026663143758 757.799726747061 713.9943495701441 907.639171817852 594.9849222651807
388.2115019319763 330.09991294996007 232.81795419372588 336.5459830713223 204.15601185204298 217.80086121714135 221.12482897730843 339.4046253439792 277.88932727576605 432.2186054694927 267.80719772224893 233.603967646294 244.64299015929623 195.94218478914217 246.82762972836076 207.97537642637064 182.44138545540727 227.24917045408665 171.49383036885877 268.96998287443944 303.4621221789006 359.3376015102393 245.34934675498357 323.4162570847791 267.60264082207823 292.1999733263158 219.4443043015716 308.61735805056355 297.8122656923821 287.9304187164888
103.81854919814407 109.49177118798815 105.8191193785778 140.79438214428944 92.9982427826044 110.41110973403806 121.26921891735799 164.43232173042577 186.9401948604111 210.71707861350114 125.62225802572232 123.86856798780923 159.34105387640227 86.22646430124678 101.21626175653921 127.66004632860893 120.93954676695012 106.41770487435247 142.3192770702109 110.9966830777044 163.34318583628794 149.5218235787022 131.2724346326297 99.6199130532018 126.2701625195823 166.11383671769136 156.03966337464908 118.8283587903735 168.8568488674249 129.77794086854271
64.3030836113013 59.83359625229531 58.205720960641884 104.92093956093834 61.11497450432137 53.95589695297349 71.21313556490293 78.95050868355969 127.07105803540207 108.47403375541302 71.0526216367735 64.11925512815048 78.11695068750925 56.47001421652851 68.57764116624111 62.6507164253303 67.26296949099776 55.45023046360848 68.50342393807671 62.74563385359579 74.15386591945082 75.23914281840962 73.1580617104064 55.997954424087425 64.43162131335498 89.11345945272762 108.01264699662022 72.83171778833588 91.60835006202262 88.64864407743352
49.42629349652714 49.27551385994707 49.34255907171223 60.089858205185465 49.53321275466442 49.53531334553293 49.73012976823901 53.83523380781571 85.26502669862117 60.21048800663414 50.72408656915093 49.665216968643676 50.75533544592503 49.19296197616745 49.616072629179826 47.879237832174056 49.62914699469394 49.178291190923005 50.859636060172704 49.33963274188807 49.436509575891705 50.64879158848879 51.860750881929846 49.1831623901964 49.71642335848975 56.0657766910125 64.91505382271748 51.35249403605013 58.97396289569207 70.95263034072718
49.08946920554263 49.08606728244956 49.08619605965475 48.91968247495555 49.088599296460075 49.085550047889 49.087106911707394 49.290439709952636 77.23811705965926 50.742683219528544 49.094438963402524 49.08786982323221 49.09585325648385 49.0852363135798 49.088477636816606 45.58430364046035 49.087071332321045 49.08551559671315 49.09093843288434 49.08525232784319 49.086680134421385 49.08783105344122 49.092381907698154 49.08521476945498 49.08900279414166 49.16028301421625 50.302522633470744 49.10320680310849 49.59031142850233 52.53087820580612
49.08457601779293 49.084491492525274 49.084495497297894 45.5308769923264 49.08455651635006 49.08449595452373 49.08450434652542 49.08687816383508 65.86244531147196 45.155417635342246 49.08453976176469 49.0845060095001 49.08463707817714 49.08451530810487 49.08452749860186 44.998321625560095 49.084531749920075 49.08451660188615 49.08452979867195 49.084489749375166 49.08450352686111 49.08450990038983 49.08457918545133 49.084496776854394 49.08451654885897 49.084971030104896 49.12595399923612 49.08486644234233 49.096751613045 49.67162137872259
49.08448071251024 49.084479745205215 49.0844791178983 44.9425031580642 49.08448194145325 49.08447934994757 49.08447943785035 49.084497110113034 51.98353347445834 44.94829339831938 49.08448394286495 49.08447955416227 49.084483597841995 49.08447985584405 49.08448019174949 44.89917615674261 49.0844799316929 49.08447951271461 49.08448028723592 49.084479202550654 49.08447914677714 49.084479584544624 49.084479708923425 49.08447969672221 49.08447977328956 49.08448179649059 49.08607211467063 49.08448992630889 49.08465857914581 48.652235573826374
49.084478981401844 49.08447898490283 49.084478979510436 44.896885039198764 49.08447899022218 49.08447898942029 49.084478981401276 49.08448013566368 49.394474543271485 44.896706808120484 49.08447908938081 49.084478983423764 49.08447898918246 49.08447898256759 49.08447899046632 44.89561164468461 49.08447897966363 49.08447897973565 49.08447898895571 49.08447898005056 49.08447897964453 49.08447898631715 49.08447898349857 49.08447898951073 49.084478991109336 49.08447899383958 49.08449482121864 49.08447899593449 49.08447940788295 31.196184215704363
49.08447897948139 49.084478979487415 49.084478979481275 44.89551986125957 49.084478979482014 49.08447897948247 49.084478979481446 49.08447898026924 28.30674361173186 44.895524669417 49.084478979729965 49.08447897948133 49.08447897948139 49.084478979482924 49.08447897948162 44.89547068212113 49.084478979481275 49.08447897948122 49.084478979515666 49.0844789794815 49.08447897948173 49.08447897948986 49.084478979481844 49.08447897949253 49.08447897993892 49.08447897949384 49.08447898677838 49.08447897948315 18.4586650228311 28.276652898174802
49.08447897948122 49.08447897948122 49.08447897948122 44.89547527503112 49.08447897948122 49.08447897948122 49.08447897948122 49.08447897948133 7.218848326427633 44.89547080139806 49.08447897948122 49.08447897948122 49.08447897948122 49.08447897948122 49.08447897948122 44.89546931923246 49.08447897948122 49.08447897948122 49.08447897948122 49.08447897948122 49.084478979481275 49.084478979481275 49.08447897948122 49.08447897948122 49.0844789794815 49.08447897948122 49.084478979481446 49.08447897948122 8.492038869129544 24.660060610044468
49.08447897948122 49.08447897948122 49.08447897948122 44.895470105067545 49.08447897948122 49.08447897948122 49.08447897948122 49.08447897948122 6.708807723785981 44.89546934729054 49.08447897948122 49.08447897948122 49.08447897948122 49.08447897948122 49.08447897948122 44.89546931745167 49.08447897948122 49.08447897948122 49.08447897948122 49.08447897948122 49.08447897948122 49.08447897948122 49.08447897948122 49.08447897948122 49.08447897948122 49.08447897948122 49.08447897948122 49.08447897948122 6.7017537112853915 7.69432941547808
1000000.0 1000000.0 1000000.0 1000000.0 1000000.0 1000000.0 1000000.0 1000000.0 1000000.0 1000000.0 1000000.0 1000000.0 1000000.0 1000000.0 1000000.0 1000000.0 1000000.0 1000000.0 1000000.0 1000000.0 1000000.0 1000000.0 1000000.0 1000000.0 1000000.0 1000000.0 1000000.0 1000000.0 1000000.0 1000000.0
