6182.50286812278 5939.362235743829 6064.009064920683 5622.81110613998 4888.429431536321 5586.278441162682 5622.491224971199 5345.847543156011 6197.001427729523 6211.201715503921 6404.913371907845 6039.140905946293 5382.23222883475 4222.666921475939 5469.027523836812 5890.547934907096 6325.542720365525 5948.714715679773 654.8528193786315 5097.920450323652 5637.025986237008 5879.872199150492 5533.935005553361 1701.3737713798873 5746.857621454431 5378.69329190191 5644.6628569592185 6336.627770155159 6075.126385863183 5139.529301653475
5670.980211395064 5582.768816596472 5764.700164698078 5549.71315968194 4888.429431536321 5586.278441162682 5622.491224971199 4826.957232362621 6185.607833398619 4774.74376779605 4829.26172895135 5726.1538024935635 5382.23222883475 4222.666921475939 5432.2172014512535 5736.74049449536 5615.445122286532 5255.44429121556 411.99534160142275 4296.048498141549 4511.2741978644335 4914.0474720229995 5255.652308028607 1701.3737713798873 5180.73867875909 5378.69329190191 5513.116193750176 6179.109949934478 4188.789190139852 5139.529301653475
5357.460494979116 4908.488206271668 5286.549854959761 5355.183410418597 3097.797133372849 5134.155241127655 5622.491224971199 4826.957232362621 1890.3781548641946 4774.74376779605 392.9391703826386 5473.256099253902 4830.879485701219 3930.148281010448 1857.340358820018 4936.5735170189055 4925.502763419929 4833.684214664276 224.91329799529103 4296.048498141549 4440.385155933044 4696.656433404705 2327.5805444951984 1425.2473514494586 5180.73867875909 5071.091522150283 4704.810559001314 5237.05532100881 517.1081026107249 5139.529301653475
4494.329909834783 4440.789277175592 4261.928347734117 2979.229439385479 1592.5512474940133 4785.1442748631825 4536.76296235007 4274.2033825934095 432.56882566516697 4444.460908912075 249.6392485223032 575.163890183434 1155.4533380159269 3930.148281010448 310.8409600473651 4511.82223748254 4267.463720938546 4642.586952277915 203.6025796464478 2463.3945631783754 455.7507833856007 4468.7300055112255 279.07917960258374 996.9585098030002 4236.623285239362 4324.282558355763 2696.2239913218164 3569.169501321883 204.3384992133938 825.2593666073767
3468.9563993332285 3355.340972071861 3843.629724640592 553.8125959081599 194.21071823836473 4254.712829181721 3715.7457021138152 3729.852756567305 189.784971213473 3644.601275206437 204.41265077064327 172.26390536157533 161.9054775254308 3930.148281010448 178.56336891700403 3142.7243162991854 2083.295024936733 3826.67039920099 158.47831795331422 594.5746732656285 305.0889186199215 3610.1358084791755 173.99643881090287 383.5119820790428 3382.789250606753 3932.637811864941 555.6019250120821 264.0927066482782 159.37741409135242 237.0206610277487
159.5925420232993 3240.06801020732 1499.372942266862 168.8457851196299 130.36680138120983 3645.7627030729473 3182.2780934979637 3121.9873056330907 121.13504278957362 2637.620569318462 124.55502782742542 156.01390117573783 139.82977586104926 3107.9040557180106 131.60310110891123 272.92385071753597 444.017595852024 3346.989054183099 117.14516467483554 264.7790253966632 156.689059127149 2826.0197681582868 134.3100375423951 234.26808342274626 2471.3724403422966 3312.8022583240854 168.36046963537365 163.2112386825238 122.54205507662255 158.05364600135363
121.13265393969232 2568.088889064723 151.9984825970223 117.11204692613683 113.1127309467497 326.3720290209317 2720.359031524451 2250.5900062577257 102.99439548129294 2622.7671699406073 103.40620416333832 125.9452533278095 111.7016018788845 2498.8422056722065 101.06456270926174 134.35090047868835 266.27187566043085 2440.907487449009 101.04634766305298 217.33335659226486 111.45757431339507 158.81906762925792 102.0748153472714 212.0672843567054 2407.3378380155364 2581.9956804182675 121.44467754823245 110.95637931926376 101.1826832041047 115.23810330791639
101.57034670487974 278.62181353819915 111.79369221423349 101.24152542835373 101.02339476842826 230.31874244283927 2036.7664985997571 1775.1311992668561 100.93830758023569 1687.4899011098787 100.74764356727428 101.3093469789701 101.39825379664762 2020.0679702594998 100.52530262266737 105.75186463134924 209.62680537083725 2035.3795879452737 100.89549123443885 205.22378744917023 101.14948107184955 114.87576533369838 101.16636346468067 204.57951714986575 1946.0661733349843 297.6864678109778 101.96496630341107 100.98971899141952 100.85024406883076 101.03891371388545
100.90270710004052 217.67079628481997 101.05998267121413 100.88583099573407 100.83693622641931 207.35138616239874 1235.1794412801091 1238.156528788004 100.69712595204419 1097.0778801041142 100.65480544603724 100.96057595728644 101.08060284118756 1045.6403438502175 100.52530262266737 100.65077399929987 203.87499118758797 1248.316813891799 100.72094931048741 200.62913293505198 100.80991276683199 101.12741537128659 100.76566972547107 204.01090775294506 1226.3554033160049 218.94029353925725 101.04921969042789 100.67486388051293 100.83782524501567 100.6516184816669
100.65257923872196 204.80966691095227 100.76454682266831 100.69888980488713 100.67694833561836 202.9428395808145 686.091648236335 709.882071052356 100.69712595204419 825.975952215138 100.60844213785413 100.68458930720863 100.77547417219375 413.10382416919265 100.52530262266737 100.65077399929987 200.04043093470227 717.6549528325181 100.62296133465725 200.00144719757054 100.67398960155197 100.92436830009638 100.69482144677477 204.0095892784666 640.3340133514853 205.39580276190736 100.81395088259433 100.67486388051293 100.52639153510927 100.6516184816669
100.57822682183178 204.00969215705663 100.67432617263285 100.64847593461582 100.61014070258716 200.00310791556785 238.5470759168361 361.09785362551884 100.680078386466 129.21217373167065 100.52340653110423 100.58402546726529 100.67198754380752 159.1455201429403 100.52530262266737 100.65077399929987 200.00000225074882 325.87386332706774 100.53225941131222 200.00000003965442 100.57468309292017 100.63362015381335 100.6124978493026 204.00958925106806 191.7782275337695 103.94510476586538 100.69803052670522 100.57151007259745 100.51345411775128 100.6516184816669
100.57822682183178 204.00958925106852 100.51587310160312 100.49191051230082 100.429386324191 200.0000000002542 71.90463912296855 79.48721827197596 100.53879436770649 65.68776729903311 100.41611429877867 100.53343035711805 100.47719385264236 64.33961171389228 100.43795960367879 100.55139328643236 200.0000000000009 95.94358919748129 100.34150587111617 200.0000000000009 100.50521883633292 100.61930586003928 100.6124978493026 204.00958925106806 59.909420685623445 101.06547390184096 100.5207544312384 100.51574390079531 100.44048563037677 100.6516184816669
100.4505578225735 204.00958925106806 100.51587310160312 100.34474924282085 100.4189032292652 200.00000000000045 53.831664940488736 17.26337101994386 100.35934270065263 12.116757263296677 100.41611429877867 100.44084847743034 100.47719385264236 43.83137733875401 100.43795960367879 100.47577717862487 200.00000000000045 25.551388957538165 100.31493611731548 200.00000000000045 100.43333820128328 100.55360743484334 100.54467398915449 204.00958925106806 16.590963204405853 100.8526131978847 100.39283993320487 100.48375239478992 100.4165283628131 100.54759256063971
100.35894041963093 204.00958925106806 100.45144949413498 100.34474924282085 100.39697827211285 200.00000000000045 46.514894859878495 10.330620001387615 100.35934270065263 9.005782352144251 100.41149918882093 100.4197577878981 100.40726492555359 31.52764695297492 100.37724282023964 100.42540205099294 200.00000000000045 9.826973317563443 100.28520405227846 200.00000000000045 100.37079973481332 100.39035529508692 100.38694914173266 204.00958925106806 11.176767893975466 100.79705281062434 100.34017676787107 100.38052536482428 100.34877545558629 100.45925693672416
100.28297677750243 204.00958925106806 100.37508961094545 100.27221879155422 100.33974756506723 200.00000000000045 45.15643494591541 10.27793758185544 100.35359450075794 8.933450796309444 100.37970894178534 100.41801141705764 100.31673687013836 9.421025731447116 100.3558020782275 100.41091698757054 200.00000000000045 4.682219945088036 100.28520405227846 200.00000000000045 100.32294640789132 100.31523540954777 100.32384681733583 204.00958925106806 8.62083310766775 100.72332889968493 100.34017676787107 100.32104789278446 100.31084803146632 100.3928688891765
100.28297677750243 107.14176057627446 100.32549859228493 100.26374668131257 100.29068392926274 200.00000000000045 24.57496377130701 10.277038006288876 100.32318922485001 3.6653310995884567 100.32669739323 100.3066130363095 100.29967428760347 9.420827333901798 100.28029742019407 100.40546431470057 200.00000000000045 3.696336788691042 100.24904368848956 200.00000000000045 100.30057031341858 100.2976669083364 100.241183393146 204.00958925106806 8.601231045183795 100.6364600741731 100.30578730834804 100.32104789278446 100.30715056694635 100.27814053876591
1000000.0 1000000.0 1000000.0 1000000.0 1000000.0 1000000.0 1000000.0 1000000.0 1000000.0 1000000.0 1000000.0 1000000.0 1000000.0 1000000.0 1000000.0 1000000.0 1000000.0 1000000.0 1000000.0 1000000.0 1000000.0 1000000.0 1000000.0 1000000.0 1000000.0 1000000.0 1000000.0 1000000.0 1000000.0 1000000.0
