319.2687903653173 254.36710445622748 358.79944427630244 289.00384750659987 332.8180003296202 237.07868420899422 338.8368869390706 249.33793095247256 246.2214438555966 256.1454504223275 278.6158690439411 298.04036256639256 251.855361971021 279.77595904777445 360.79150018265045 353.82587487362116 406.7499694460448 371.71821869008954 406.383184263148 353.41644700331744 325.2418715495196 272.355519860816 387.5489757713185 409.7049677122768 423.2844256710123 235.71106069916914 293.37973681433823 242.87352569319773 458.54744795635224 319.4909731982757
296.53506677402993 228.97256016127903 293.5064645285329 272.3208874417487 325.6511527815783 237.07868420899422 233.37585027304112 249.33793095247256 225.46539370243454 256.1454504223275 273.3117808928796 225.28924083910033 196.54218852557278 249.17723521430344 360.79150018265045 272.1739024524927 291.7190508349631 299.0721864187394 288.17550985087837 251.02784318288468 325.2418715495196 267.28824033630144 348.1227152369579 404.17610590552385 308.88467429762386 235.71106069916914 293.37973681433823 242.87352569319773 432.98364488913785 254.51320538787422
237.83725071774506 202.9745848050793 230.54167328852873 233.0396081718318 184.1659012772643 192.15524380699753 206.55191579974553 217.86284660227057 225.46539370243454 213.328572103248 202.4714107418672 204.87466260955262 182.89575568003193 245.05899253210373 234.89876241085858 191.77326583063996 210.21850405313853 212.38540528261865 255.58559056156673 199.31123668251576 213.4719416238854 226.82358305461867 265.9859067433872 262.74190886829683 308.88467429762386 206.2923530175908 223.68791164218646 209.9899212430496 281.97440690171106 212.16022374809563
195.64231754948833 185.98043818887027 201.1338062148402 205.16908635913614 171.99426773122514 188.0946983282256 194.199706934814 201.87641220866044 185.9173259917793 191.52710324617283 200.34085113999708 174.1188384647162 175.05202066392667 207.02431716307365 219.7370922559785 185.13154326260837 200.0471033210897 204.11356824062113 197.30751535047193 178.46756114389245 205.22056431755345 195.08307760396247 213.18298261643213 188.45655835097477 216.69702414223002 196.03418039437156 199.21957664600768 188.28569200913853 239.90530582096926 192.185942074987
177.0316183815503 180.56141500475724 171.63944143436674 196.01884075017824 171.99426773122514 174.01954896272582 173.5749990694576 179.80066243406554 173.4962836478726 176.88846743690237 174.31818632050727 171.17924228091488 173.74911874940472 176.22666217649203 182.43150057746152 176.26774860278465 171.3153338971406 178.8917716560586 176.36638581520492 173.9253189713986 171.72068927145574 175.6409649863208 175.6955318941632 176.19076877978432 175.71236994352057 179.8748783332221 176.5898784944311 172.99561867266902 201.2100766797962 173.23796199706385
171.76758859145684 169.77694361392514 169.06924561661845 178.8156202628552 169.78742295698157 169.65344169185028 169.31077121676344 173.48585979499148 169.899850668633 170.70944372746771 172.9368099856938 168.70483461872936 169.95267819624542 169.28659214291247 168.71079157789836 168.228848264484 168.35315642591013 169.5708016876456 171.19567363307988 172.7357390788129 171.37062466933958 169.37809675135668 171.06586545429354 169.56355333954525 172.43828850752516 167.69318499941437 170.02442112957033 169.7760653161572 175.88799336356442 169.60533916429813
167.98916318284455 164.72623444819055 166.36861652287826 170.460831465115 167.32566910674132 166.30893359745323 168.7268771722088 169.88284694246158 166.79853886899264 168.8735330385848 168.90474001132816 165.578657797731 166.1227585626507 168.18985728404732 165.45216604577945 166.38261374385092 164.85323569683624 169.08068653942155 169.82185654007662 166.46502062332183 167.69816407123972 164.6676200146162 168.57411530310446 167.96707739050998 169.15505164765636 167.11645041702468 169.82268104933655 165.71609552695963 169.2824891229543 165.83285743131637
165.96408369276105 163.20354304123475 165.79321695105682 168.5974296408167 165.8071887703336 163.65359903200851 166.62608908982384 166.37699938086098 164.12333647521336 166.53113075411738 166.3565502331403 162.570232713525 164.24820295723612 165.24600211841516 165.17038625118812 165.18070822748405 164.44795383779 167.85972983517559 164.8988423349433 164.45950025676575 165.62656848538472 164.37604958421298 166.5686183998696 163.78133319092194 166.94163693686232 166.25658823721278 166.10522629430398 164.41994089104583 165.53634460697867 164.21397247341702
165.21162872457035 162.3976320011525 164.14294273165706 165.73122808528342 162.9450173046189 163.30735746639175 165.24903062829935 163.7454432980362 163.07517350124863 165.47101856979816 165.69271116735217 162.1620003047301 162.36977917537797 164.431697258668 162.51250937312852 161.81272975070806 163.02552309921202 165.41250260143852 163.77734639809296 162.7290746857293 163.30214495464088 161.9229686577064 164.1587993699486 163.0909216289224 164.97477431655534 164.56219851711012 164.64981641760642 164.1540507524246 164.4406452833282 162.63495744142574
164.15872271081298 161.43281090461005 162.85582390931313 164.5961093152191 161.00051538471007 162.9511779015661 161.5665467342833 163.01593000371122 162.00694581056632 163.1369072396701 164.4495341676993 161.50671771633915 161.64474920879957 161.75894055137496 161.63215838416863 161.71011927853579 161.63018181013967 162.25417162957683 161.7207846101005 162.71620612207516 161.94577508526936 161.47627507991774 161.8000426406711 162.0086262037462 163.57899777178136 163.65209555571573 159.7365485338164 159.73085788510525 163.7295963346637 161.87111659240418
163.3758344340913 161.41795353110547 162.1782972770552 162.92644896511183 160.86282420682664 162.69407915726833 159.5803790033483 161.64250315655 161.627819591532 161.59098781737157 163.56101508085294 161.45968229068149 161.41807387887593 161.4250864650644 161.461050089732 161.44723763266302 161.41120966914377 160.05005015146526 161.41969841559148 160.7318702999769 161.42891164536513 161.4289070351806 159.85818593649583 161.6218847272421 161.50018262881758 162.1099496357474 159.44775950673647 159.4315750682763 161.50062837600763 159.59352034646872
160.2803586698301 161.40496351437196 161.47987049619633 161.511033779851 159.68844304258118 160.99540668609552 159.42505564611247 161.43921789388423 161.51486764856372 161.4255973129234 159.99638966077237 161.408708944286 161.4056369312989 161.40833281420737 161.43327783808445 161.40551258484538 161.40494194223584 158.84049808116788 161.40604364554474 159.99085496954922 161.41166823701587 161.4123083841132 159.46472233530994 161.4452723211807 161.40986137924892 161.44769554165669 158.96936627721334 159.40329280924243 161.41563646712075 159.39767218360748
158.66965044726612 161.40488083608625 159.26152141216562 161.42870015175413 159.46110021932736 160.68425467049428 158.6423542053999 161.41428599546362 161.44048559872272 161.40616156596388 159.39377974050694 161.40490735836192 161.40502620020834 161.40490112626912 161.4054890054722 161.40488661546533 161.40488076551082 158.6589413510419 161.4048934074126 159.6551513302452 161.40497321838347 161.40499893324113 158.66825861750885 161.44357436917107 161.4049143941802 161.44345852490324 158.73498918077667 159.38404040219302 161.40621849657964 159.19106849475384
158.6291034802307 161.4048807587492 158.63486068385055 161.40599952219918 159.37690115397527 160.50566164757265 158.63893076081695 161.40564113396204 159.32389350755147 160.38160983117814 159.39253518148143 161.40488076156453 160.93829989511778 161.40488075928624 161.40488210057083 161.40488075931535 161.4048807587492 158.62551922398416 161.40488094749344 159.17961767667293 161.40488162150587 161.40488098285505 158.62752806124445 161.43585555205982 161.4048848639518 161.43588328750548 158.6279197504 159.3690780698348 161.4048881459412 158.6293972914359
158.61974297499592 161.4048807587492 158.62110791602754 161.40488255263017 158.90717117611166 159.99062929417778 158.6244544755341 161.4048864435481 159.309044119178 159.4313066105051 159.3924101427724 161.4048807587492 160.936348321879 161.4048807587492 161.40488075875328 161.4048807587492 161.4048807587492 158.61872703271501 161.4048807587492 158.93406499030561 161.40488075876146 161.4048807587492 158.6252455299791 161.43547763510287 161.40488076839756 161.43534229409624 158.62573962047236 159.36880003382976 161.40488075941357 158.61878699940507
158.61884825531797 161.4048807587492 158.6200805266517 161.40488075875692 158.6225283419235 159.99002653846537 158.61924922283288 161.40488079463603 159.3044013466374 159.39123920125076 158.70034114233977 161.4048807587492 160.93582007592568 161.4048807587492 161.4048807587492 161.4048807587492 161.4048807587492 158.61851170108412 161.4048807587492 158.62092842805305 161.4048807587492 161.4048807587492 158.62508711266628 161.40489508756082 161.4048807587492 161.43528817061315 158.62557689344794 159.36873490219614 161.4048807587492 158.6185979461684
200000.0 200000.0 200000.0 200000.0 200000.0 200000.0 200000.0 200000.0 200000.0 200000.0 200000.0 200000.0 200000.0 200000.0 200000.0 200000.0 200000.0 200000.0 200000.0 200000.0 200000.0 200000.0 200000.0 200000.0 200000.0 200000.0 200000.0 200000.0 200000.0 200000.0
