592.7942781986808 250.5499756073582 277.59808322148046 2192.1434003285576 271.8012837461588 620.5454008729585 134.7865454059679 292.50371593591626 581.113573502621 226.377741144428 147.08476935738463 274.5585497333591 505.7072304318481 240.7927005819056 412.42498284296244 174.0688706790388 194.50210106909844 363.464919115499 1293.8866950148167 261.47256439678677 243.38510051245976 313.5655482609641 1039.8221544122866 601.1204895248343 308.6358400933859 261.521870188888 149.1188295601769 1074.1419153945062 159.22281156995314 576.145225136815
177.05237261991851 129.8370275843531 277.59808322148046 317.8445155865379 271.8012837461588 329.47067019554015 134.7865454059679 292.50371593591626 174.66869243744213 226.377741144428 147.08476935738463 274.5585497333591 505.7072304318481 230.43837028385224 412.42498284296244 174.0688706790388 152.66667650395084 322.58716268148237 232.1190708845138 129.10481311956391 205.7369981863767 313.5655482609641 319.780153916774 282.30289504207576 186.71405248277688 256.17037740804335 149.1188295601769 409.0530238780839 137.81862909553 400.36641091706724
121.96569581508857 127.90292917761508 130.65769580659207 173.2463065723473 150.3850773807294 306.1006950704168 120.37545763699063 180.90593169082013 161.7725514056974 226.377741144428 147.08476935738463 211.29084601535578 127.05959567958098 147.9640529884623 173.18558552784998 131.92151019065068 121.35483085919759 137.50612036677194 232.1190708845138 129.10481311956391 168.99468666800612 162.2166904647097 234.5403891097926 220.2963644072538 127.03851437168805 177.36377924366252 129.513689938251 265.62286987296557 137.81862909553 286.62252574171816
118.42137689741594 118.32072883079991 130.65769580659207 172.80609948764277 123.5101227616683 182.68469831286166 120.37545763699063 142.02125745319836 129.77213257067797 152.53914670759877 124.06012868851349 132.75462205478243 109.60478689129332 121.14731782601984 128.6867273631442 122.31926093734728 110.31860766424097 137.50612036677194 145.5942236543492 122.83862227590907 142.9906060304329 150.39706199061266 198.38716097758652 212.6784855674141 121.72642870632444 136.9499271137638 114.87036506922277 224.5971164854509 137.81862909553 241.6046383424532
108.8187862536779 111.73954282972181 108.82110075755827 121.31922561832107 111.16386993206379 127.2222778814953 105.31027300549522 110.78649723005401 108.1223296379112 112.87597891072892 110.53655658883144 131.57778959757297 109.60478689129332 107.81395759214683 120.89542441728963 114.16603558816314 110.31860766424097 135.1989400828361 128.83082282318173 110.82387311835737 113.32756013397056 112.57032005748624 113.45773108474441 140.89026987723992 108.96775063752875 125.66594816484303 109.62626369888176 215.97979612432664 114.0271671185642 213.78786664435665
102.98152417067604 106.79788905402393 105.60558881640463 115.13960604008071 107.02121667716483 116.18171969030163 104.97163701094905 101.76171282269434 102.20206996019488 107.5509168307708 103.87932520486038 114.262699149519 106.77772964777932 107.45160749503748 111.17566216693695 104.57174035290473 102.99138577803842 115.6493314400991 107.09946664372637 106.74495995863026 103.49125183430078 108.62825158738315 108.08943002284195 122.615558692989 105.56910668876435 110.41248387245787 104.44794814580109 135.960867574222 101.71530987315009 121.48552418741338
100.71525081202071 101.15440412924454 101.14900563364881 104.67638226352847 104.56021201681415 105.46856730519767 101.08815154725062 100.6844495248738 101.53358137590612 102.35789573679949 101.46061134421598 103.08041636717007 101.81142206098684 101.78280803781581 102.18128605929951 102.55727143243666 101.26303904280212 107.28110078989585 102.00504822037965 101.35687108851198 100.99354616137043 101.23457013262987 101.76411284870574 103.07004940808474 101.34455488898266 105.4039953249071 101.5124620960919 110.25890461491736 101.3701733358871 105.14127277997432
100.40351269823805 101.0340486940404 100.81915810902547 101.80989904449143 101.13453117468089 101.25085222137886 100.97562487384539 100.6844495248738 100.68549340704112 101.56417244197792 100.68273005246328 101.11883406812103 100.74911710015112 101.02660077493283 100.61904993138569 100.89309343636205 100.88219247027837 101.72481514950641 100.62405114629337 100.71000476607287 100.5572971368315 101.12199022120376 101.74056818069994 101.1169644183451 100.70566663618865 101.63208479350442 100.49474158220619 103.9955050707913 100.82219240256018 101.62022053744295
100.40351269823805 100.79111863886783 100.71395849158353 100.88183002660435 101.06170794333138 100.6490097499127 100.79116787905423 100.52949659100022 100.60540726295176 100.95615528301914 100.68273005246328 100.8839206910252 100.74911710015112 100.58088458065595 100.61904993138569 100.61113468836083 100.73135787014508 100.82661652873048 100.62405114629337 100.5988688175039 100.52914075686158 100.35446794326526 100.83669750770468 100.72155289399143 100.55180503838665 100.64350929407283 100.49474158220619 101.06807482708155 100.62624150059946 101.32621252928993
100.40351269823805 100.53438037022715 100.53180409453944 100.54064528241042 100.80799629899275 100.64547566041574 100.530318875185 100.52949659100022 100.50335274856116 100.69706442118058 100.64899917225011 100.60306498180307 100.5128322506257 100.4118748628307 100.543043462686 100.48845795276884 100.50470088890506 100.60925692768024 100.59916453493861 100.43049584864912 100.49268213464484 100.35446794326526 100.83669750770468 100.70966620821127 100.55180503838665 100.62328508781684 100.49474158220619 100.88244372588997 100.62624150059946 101.07350680244963
100.40351269823805 100.53438037022715 100.44315145028304 100.45815702875598 100.51102990423396 100.63140172039039 100.530318875185 100.4118565751537 100.37008138527017 100.55404350617982 100.53954146616479 100.60306498180307 100.49003950511405 100.38987604859085 100.4222576979405 100.48845795276884 100.50470088890506 100.60925692768024 100.45254227601163 100.43049584864912 100.40595505652345 100.35446794326526 100.59311467009547 100.52848630089193 100.55180503838665 100.58613553323994 100.40791954422502 100.75057775547157 100.49924418313776 100.80278676877515
100.40351269823805 100.48783414594845 100.44315145028304 100.37030241901039 100.51102990423396 100.5929872641691 100.530318875185 100.40523005134492 100.37008138527017 100.53865895614717 100.48835980297554 100.46609641677469 100.49003950511405 100.33005811506973 100.42212610740125 100.46822751601712 100.44199273981212 100.51966250572923 100.3488826609705 100.36549997133443 100.3758290495798 100.35446794326526 100.48567514898741 100.51557831693981 100.47151881621812 100.53297724383447 100.29767887808794 100.64807960599319 100.40931679179312 100.49824642397516
100.23379298074451 100.38537515286453 100.41567455944141 100.37030241901039 100.4755406665372 100.51173785784295 100.43813675321007 100.30967013161808 100.32572133261374 100.38970715801952 100.42460465279464 100.39100376537044 100.39430458226207 100.3244430429636 100.3612774396006 100.4595411808209 100.44199273981212 100.45805864406475 100.32631741839305 100.33084109356832 100.37200040948301 100.35446794326526 100.47357647419221 100.42200518376512 100.41671787937639 100.43036321526915 100.29767887808794 100.62777694193483 100.38100411853657 100.49824642397516
100.22609625630639 100.3434369205579 100.35660668842047 100.33392202933965 100.38347734052877 100.5027820047244 100.337565985526 100.30967013161808 100.32572133261374 100.33991725062651 100.35302841079101 100.39100376537044 100.33786912716005 100.31665643110455 100.32713244163187 100.42196588712477 100.37873207095618 100.42451615753725 100.32631741839305 100.33084109356832 100.26381013799664 100.31034015181831 100.42682159278638 100.4062630783219 100.3598280572919 100.41584140111308 100.29767887808794 100.50253154486154 100.28045283506162 100.43924252301667
100.22609625630639 100.32228553962159 100.35162694662358 100.33392202933965 100.32996691850622 100.38987387663428 100.32754091025026 100.30967013161808 100.32452970667464 100.23358348893044 100.33275357431012 100.3380669226517 100.33786912716005 100.27631043738802 100.23511323159892 100.35199322072367 100.32053721842522 100.42451615753725 100.3152000409359 100.25712331192062 100.26381013799664 100.20991455931244 100.36279735502876 100.35391433832956 100.3027417889889 100.26413933119647 100.29767887808794 100.48428722949211 100.28045283506162 100.4076233473138
100.21296849188502 100.24033050270418 100.30265276905493 100.31000887612845 100.30142279353868 100.38708121626496 100.31374026460162 100.27887918754277 100.27556034983081 100.20889372247302 100.3136083264917 100.3380669226517 100.33786912716005 100.25822245806512 100.23511323159892 100.2251924330426 100.26266447259741 100.37743533773983 100.25022132714594 100.22280839327505 100.26381013799664 100.20991455931244 100.281511844325 100.35391433832956 100.23694012336682 100.26413933119647 100.29767887808794 100.48428722949211 100.22567335445319 100.3884773436157
200000.0 200000.0 200000.0 200000.0 200000.0 200000.0 200000.0 200000.0 200000.0 200000.0 200000.0 200000.0 200000.0 200000.0 200000.0 200000.0 200000.0 200000.0 200000.0 200000.0 200000.0 200000.0 200000.0 200000.0 200000.0 200000.0 200000.0 200000.0 200000.0 200000.0
