8562.452088899578 9353.907999106626 13040.349852243397 9634.127681820608 15919.707334333278 8433.522144957258 12715.774897671108 11363.313123570646 13331.122250642557 10143.043919286683 10063.126982233534 9620.274626924864 11321.917846225535 15215.74489828831 13060.21043433063 9241.013566538322 10904.165289495715 12326.58639624862 8828.784989317923 10961.073125644289 12821.785537512846 13671.579034482333 7305.096788513591 7066.416445445528 7129.328763077076 10328.693669334374 12492.07820562686 10777.053032561862 12403.225909400106 9954.80931123588
8372.628846902504 9353.907999106626 8114.590962787828 9634.127681820608 14156.983696615123 8433.522144957258 10104.370655711375 9501.764063704837 9505.91142041425 8391.083664938149 7716.735565628707 7751.418827386682 8430.033827383075 11853.832879415495 10945.039499433105 9117.969862079164 8736.297388604551 9797.736251320355 8598.253656021869 8457.122336983512 11569.712756935782 11284.47536993395 7164.586884086873 6265.040897750556 6658.5483326755275 9535.37492569976 9331.481481471912 10424.625218491708 10316.431800294386 9954.80931123588
6564.909776927778 7468.189533060819 6385.2205654939535 8304.754690019734 7855.290140389705 4142.576287023947 7415.023877081188 7229.48135687186 7964.728061240377 7769.343176326029 6742.8485536834105 6724.799142945951 8430.033827383075 7192.276203652413 9223.034023001575 8783.663051638085 6624.506662418982 6747.64413113071 4654.1987282120035 7584.5634631304965 5711.464966422929 8060.201351363325 5945.258028127939 5373.76969686516 6658.5483326755275 7509.40459231117 6968.649641675758 7724.65886097602 8891.935185276678 4849.34390395221
4849.641263000857 5492.294170381106 6385.2205654939535 6614.236820239457 6339.500652596902 3086.433314100924 5493.824953206042 6778.933475797106 5756.521890909269 6464.620066987904 4453.4164861488325 5370.427586924108 5063.2961707306895 7151.229974239992 5735.899101456704 6044.4166477268445 4610.354236609591 4309.941497095081 3724.7327097281905 5365.444679438848 3476.533060777696 5151.627255295346 4353.459455893406 4040.6618366118882 4353.198144875916 5466.36615512013 4942.248683802672 4906.203044386769 4234.464310650812 3314.9234545423105
3099.05640149409 3955.0946585656147 3337.308118309724 3175.414692120192 3865.2981313199025 1741.4327636906282 3004.7335637178567 4142.891654481035 2936.12241058399 3971.8778233515022 3199.253886851782 3359.7523679239002 3718.3585263328096 5021.60861113731 2438.048202869253 3615.865920943137 2292.9354128716486 3726.8333238207197 2816.648498848257 2905.5456760823054 1778.3513729476845 3580.319891817928 3160.4779362421077 2872.042637992371 3002.6504112262355 2085.826760634821 3594.495008734303 2857.5651416128503 2799.7343543925545 2546.16062294687
1879.7989527537757 2490.1480127716786 2446.480464436574 2397.4256667047257 2560.1786929005393 1291.219045521303 2377.7181231938775 2047.5016026278881 1328.8198806104738 2153.5340083102747 2033.0565831833592 1571.4066239235326 1947.626957884545 2667.7234406545967 1858.9972851026369 1921.914611168626 1177.9162064180923 1374.9641143345784 1868.3324863574762 1908.752758947985 1319.075723595607 2236.025745096529 1560.0527390015413 2034.3991119197144 1396.9595572357703 1030.3670475602912 2464.5537399809837 1858.6226715531557 1876.3607197247984 1514.8242838673823
934.5857336716813 1317.9271654002773 972.4549146181316 1145.0467182339962 1262.6180268593976 824.7969918659837 1328.6955309034538 1206.0988124838022 999.6244467544589 1144.7695476632734 960.3347283322487 1301.7213711716404 1180.0017873374454 1585.4652882251685 1140.3272497894977 1034.3304109858545 844.6818124901765 948.6862358609478 1024.637708080223 923.7742518894743 799.3994581741977 1024.252800420973 878.4494476806949 1082.2363375680388 1014.4192774463136 890.0936362345506 1402.9646542562882 1096.7274645371353 1127.7991391410906 889.7416955891426
431.5630555542775 501.60442870709903 795.3088457325603 845.676128753953 842.2434873634284 715.3022810736638 579.7721094393837 520.8238175161155 820.5706526231947 496.6388903025795 388.94835102732577 968.9222699778966 515.1181168508028 1027.7851964965694 840.4300282865574 439.66787666480013 727.9150827827893 765.9751064971365 433.1523512493013 435.6490847530763 754.532928964205 478.67840754335975 429.483319171055 444.59214989104885 406.32966563776154 747.0045978258113 593.561125407819 474.4729021277167 451.14844648289 747.8585539866363
305.0222035272277 317.859599946481 732.062841825631 725.5276609300417 669.0595306409245 639.4926689672056 325.52276830472283 320.5183694587208 734.8579660072924 315.396277013253 304.6135823885661 685.8974536576434 310.15685834669875 411.6435634461527 721.5354859212548 305.4413919864114 630.5994312508301 687.5038065468511 304.29801084942164 307.2238505662435 687.1559614039843 310.82230807793803 304.9520355910381 307.8439036479808 304.84095429973604 676.2515507461771 330.1017147199195 310.2988548626304 307.80538007088944 698.857806536068
300.0112517464122 300.0460827768243 703.4063188235059 706.1549733230886 528.3490857689048 514.5518043613461 300.1563833125988 300.0714218096523 634.7332522403499 300.0371113684373 300.009244460844 555.8919398772528 300.04046721657005 309.0381663549033 680.1827565628791 300.00915724488914 530.0586839981343 530.8589854267175 300.00971071561526 300.01288748569687 620.3218738564224 300.0461839053096 300.01109016305736 300.01957474686924 300.0080803791625 581.0550924727249 300.2903382017507 300.0278853710488 300.0185072823474 626.2812236369327
300.0000001844128 300.00000260687375 669.096181204739 695.2059261839145 414.07508466740364 403.0443015783894 300.00001781692026 300.00000623996675 460.4554834670139 300.0000008780171 300.0000000749242 417.71609584779935 300.00000142100725 300.0568282090844 534.001969325247 300.00000012434066 407.8080082416659 435.7669156026195 300.000000146003 300.0000001991125 464.2518950373078 300.000002088736 300.0000002552488 300.000000830958 300.00000012451574 423.7128807418803 300.00008592928407 300.0000006545274 300.0000003854211 509.37482897058726
300.00000000000045 300.00000000000045 545.4789797697053 657.5285205595374 400.8813299560802 400.00096041521056 300.0000000000018 300.0000000000009 400.6685637557289 300.0000000000009 300.00000000000045 401.3629177661319 300.0000000000009 300.0000066048169 402.38355910945484 300.00000000000045 400.0181400664933 400.2084472501365 300.00000000000045 300.00000000000045 400.434516298747 300.0000000000009 300.00000000000045 300.00000000000045 300.0000000000009 400.1238964888407 300.0000000000259 300.0000000000009 300.0000000000009 402.31835396542374
300.00000000000045 300.00000000000045 404.43560036070903 502.08400883617196 400.0079265425861 400.00000000003774 300.00000000000045 300.00000000000045 400.00001399368966 300.00000000000045 300.00000000000045 400.0251618731845 300.00000000000045 300.0000000000009 400.0019293983187 300.00000000000045 400.00000000406544 400.0000241665598 300.00000000000045 300.00000000000045 400.00002524772754 300.00000000000045 300.00000000000045 300.00000000000045 300.00000000000045 400.00000016116064 300.00000000000045 300.00000000000045 300.00000000000045 400.00112518446394
300.00000000000045 300.0 400.1535673026556 401.2984639646679 400.00000056907584 400.00000000000045 300.00000000000045 300.0 400.0000000000009 300.00000000000045 300.00000000000045 400.0000647290967 300.00000000000045 300.00000000000045 400.0000000337118 300.00000000000045 400.00000000000045 400.0000000000018 300.00000000000045 300.0 400.0000000000009 300.00000000000045 300.0 300.00000000000045 300.00000000000045 400.00000000000045 300.00000000000045 300.00000000000045 300.00000000000045 400.0000000000018
300.00000000000045 300.0 400.0876854209055 400.0980866085192 400.0000000000009 400.00000000000045 300.00000000000045 300.0 400.00000000000045 300.00000000000045 300.0 400.00000000967475 300.0 300.0 400.0000000000009 300.00000000000045 400.00000000000045 400.00000000000045 300.00000000000045 300.0 400.00000000000045 300.0 300.0 300.0 300.00000000000045 400.00000000000045 300.00000000000045 300.00000000000045 300.0 400.00000000000045
300.00000000000045 300.0 400.01992936332954 400.0178754238377 400.0000000000009 400.00000000000045 300.00000000000045 300.0 400.00000000000045 300.00000000000045 300.0 400.0000000000018 300.0 300.0 400.00000000000045 300.00000000000045 400.00000000000045 400.00000000000045 300.0 300.0 400.00000000000045 300.0 300.0 300.0 300.0 400.00000000000045 300.0 300.0 300.0 400.00000000000045
1000000.0 1000000.0 1000000.0 1000000.0 1000000.0 1000000.0 1000000.0 1000000.0 1000000.0 1000000.0 1000000.0 1000000.0 1000000.0 1000000.0 1000000.0 1000000.0 1000000.0 1000000.0 1000000.0 1000000.0 1000000.0 1000000.0 1000000.0 1000000.0 1000000.0 1000000.0 1000000.0 1000000.0 1000000.0 1000000.0
