1908.226967621592 1172.9996712972916 707.5360027775341 1597.712574859048 1212.8531411687354 1037.751869088298 765.7583188538606 1265.4299336082513 1059.7218111115262 1409.0981508227296 1553.2837205318374 2229.5802355890664 820.7002175569928 1851.7497990406218 1751.6591400753014 1794.9362717281483 887.9593991429961 1020.9813677400357 826.8361228474682 1263.2003649273656 2378.908936454074 1616.0669913167276 1671.76738146158 735.4085670317468 1155.8363956875573 1129.0219981511227 1587.534783042799 800.2172962736577 1365.3287064619171 899.1941340869007
1348.2130078814425 502.0772748056597 707.5360027775341 1338.1063294897785 542.0549012950651 874.673955112874 702.705196343014 1023.5725637377082 652.1987297397909 609.0837100905883 1267.4935110462407 1169.9812479241773 614.4793167842754 1709.2231114094138 648.2890391987617 1495.066758119673 887.9593991429961 1020.9813677400357 628.7628886097655 1263.2003649273656 2036.2475443575195 526.691882580978 1208.9827098414162 681.3499090021837 1035.0511661213723 620.771631603805 737.3607489327173 766.5983681637981 649.5216335088776 899.1941340869007
774.6731598856986 502.0772748056597 513.9774128745621 1054.5659133862582 469.0656264357058 450.2175517831388 491.9821346906656 781.2625667047341 652.1987297397909 559.4158154257493 327.2658106736126 300.68412542066426 490.2351068627613 881.1495601857878 508.60756485156617 552.0155674928633 697.0875191435662 482.3984768845139 628.7628886097655 1204.3322218363141 863.5136920452687 526.691882580978 454.864590730288 273.3044077832733 846.2687398614225 202.98329657695058 450.80718450998484 354.97034418206204 445.0163368331923 895.6600836586194
730.4510537146871 278.2608077741752 393.10325694999574 237.81738343713732 409.29443955127545 256.7640118565023 357.7178316015784 459.6075037386595 275.44131179598344 317.1972784411955 327.2658106736126 262.5474653403717 444.0936365237653 625.4325003139775 307.0925101996272 463.29047391551467 424.6126104882055 392.23450794326436 321.83981425709135 1004.5016534519791 624.7272230281596 506.40834104547775 399.548737791456 273.3044077832733 530.253488804115 202.98329657695058 421.95988188805177 256.38593691289634 318.4534788694782 556.0094399273171
380.1988055975062 246.94736668154655 216.90762612063781 201.86440649693395 253.67906421469525 209.97169860799067 210.46499275416818 251.02457602216418 243.34505784359226 204.28101729053242 250.86527288696516 250.86235660551392 266.69718920203104 288.08779836461554 267.0143528656522 220.87514198683766 220.79494513233658 328.50177783943855 316.19405416688505 322.563271132758 278.12702921216805 207.82442630845298 232.4046376823062 205.37871758381107 401.9255378170619 195.00312691948238 266.1491933931952 176.79059970997332 193.7727885748509 305.63691534204327
213.04069741946932 186.70180300674656 187.1671430184324 186.84802505265816 199.0307585398382 179.25497131531392 180.36948606862734 198.74485955545742 179.80266216575683 176.77307152042795 202.55830053129557 204.99186779758293 208.12935986626962 220.56417212608721 200.6916971199371 182.70983466438338 185.79909052269477 219.23908105745795 196.09879908958192 207.30437308529736 226.25312075661623 201.65318964277458 210.65142229995718 183.79212062546503 200.95829457822856 176.01087430050347 200.36649266752602 176.67173164343149 173.54340394500787 224.5967022255959
176.6829758070853 168.90702678985645 169.07605898344582 163.2663176803685 172.38737499813533 158.85228237004048 156.87359135984843 164.05909569259484 156.28312231934842 155.66976829442228 173.58030956408993 171.32853393682535 164.143566878613 171.08439158320925 167.5612760855497 162.75560809816943 161.54561864481866 166.68451989868709 164.76681282918025 185.05641726334306 180.5567937527353 165.42752246402642 173.84738832370886 157.54447746558708 166.87084540522073 162.3774233678023 164.99594067626322 161.08083249316905 157.6456955230001 184.06605094756424
160.09324656183935 148.58273818706448 152.32934604967704 140.64812598271146 154.92991948825602 149.44771551716622 149.57197596268043 133.8965554363308 140.2177294011576 126.95737093484513 138.3124225145648 153.84516893586442 153.34489211325672 151.92883421328725 152.12819101355217 146.1092948178989 152.3834658969622 156.64491982149093 155.28203536000547 157.8920269740397 135.76175338661187 152.6605386846336 155.39704930862945 144.2385401786928 150.2175430594084 146.72693412904073 152.85867617841632 114.14072017257286 135.979275713059 156.99520968246725
152.211134462068 78.79592553346583 150.69126972111053 72.75889273318217 140.1020800965498 78.23022385277727 77.13186104014994 48.50953708016232 76.26587505720317 45.02940133008087 91.68752412459025 148.2087751971785 115.24797851269568 114.02996102399175 110.01879308285424 63.68469475792563 94.02195173207792 150.89633082648015 142.8049219790164 123.7781065209947 88.32640553323108 111.52975687179605 151.1074011397177 38.75763631517566 110.41664727450734 62.36201518567805 118.08549429667528 55.21479554857706 30.68233537482547 94.7900427329073
150.6224678784056 21.82853309952452 150.45395186043334 19.84904696057083 40.41193204687852 18.936130288429013 6.8934731619583545 13.264796988650232 17.279339684305796 10.734455480143424 27.93886449492129 41.93358044976276 25.523069186468547 33.86517376023721 25.520266302210075 4.486697715477476 16.726007414205014 150.49574910098636 27.204610751807195 34.81135866203749 29.981711005224952 25.00022945916453 150.54575494327946 12.12371902806126 28.37974251157675 10.964573867684066 22.81841835139585 10.694631644032143 4.602937762937927 39.254014728649054
150.45309298031134 1.9201393857256335 150.4275904175429 2.691375988020809 3.2177675674506645 0.47515634932233297 0.5590985717112744 0.40361271856681924 0.5000046445470616 0.5001313614411629 2.879302356830067 6.8316927368309734 1.628964581575019 4.844462285819645 1.6552642036781435 0.05420938341785586 2.246048772067752 150.429146013415 3.8550107144628782 4.767207393701028 2.1055790910018004 1.7818780928546403 150.43417557692374 0.7846503457103609 2.7332848367504994 0.8415611718705804 7.9295285444586625 0.1942912611034444 0.08531281032082916 2.1111838922533934
150.42725708756097 0.0070435634402201686 150.42717630466677 0.08879190280731564 0.059356606380788435 0.0007383713809758774 0.009898216926558234 0.000451360615898011 0.0005707324653485557 0.0003826251627288002 0.03041537767785485 0.3122950366046098 0.024209119819261105 0.6061249919707734 0.007119624252027279 5.210091603657929e-05 0.1321725618849996 150.4271714941524 0.29042694143254266 0.06362518218156765 0.02203182937546444 0.002675306248875131 150.42719743347197 0.006330832031835598 0.01980101312892657 0.0034590427580951655 0.5742569840490432 0.0004314597572374623 8.918195862861467e-05 0.017292062708293088
150.4271682659264 1.495509422966279e-07 150.42716736407692 0.00012579157100844895 7.714055755059235e-06 5.1074039220111445e-08 7.640561761945719e-06 1e-08 1.0967596608679742e-08 1e-08 5.772233726020204e-05 0.0003334011439619644 1.1937543604290113e-05 0.011008063302142546 3.9405222196364775e-07 1e-08 0.0042715539193523 150.42716444784492 0.0013937135072410456 2.0275204406061675e-05 1.247304226126289e-06 1.5092609828570858e-08 150.42716938322064 5.17849184689112e-06 2.0422221496119164e-06 5.193637662159745e-07 0.010928137926384807 1.0165877029066905e-08 1e-08 1.4695637219119817e-05
150.42716498620803 1e-08 150.4271640409247 1e-08 1e-08 1e-08 1e-08 1e-08 1e-08 1e-08 1e-08 1e-08 1e-08 3.915329216397367e-06 1e-08 1e-08 4.451658696780214e-06 150.42716413679636 2.1485902834683657e-08 1e-08 1e-08 1e-08 121.39039189179175 1e-08 1e-08 1e-08 9.17389024834847e-06 1e-08 1e-08 1e-08
150.42716389970883 1e-08 150.42716394055924 1e-08 1e-08 1e-08 1e-08 1e-08 1e-08 1e-08 1e-08 1e-08 1e-08 1e-08 1e-08 1e-08 1e-08 150.4271638448431 1e-08 1e-08 1e-08 1e-08 77.52091098309074 1e-08 1e-08 1e-08 1e-08 1e-08 1e-08 1e-08
150.42716382609433 1e-08 150.42716384688174 1e-08 1e-08 1e-08 1e-08 1e-08 1e-08 1e-08 1e-08 1e-08 1e-08 1e-08 1e-08 1e-08 1e-08 150.42716382537992 1e-08 1e-08 1e-08 1e-08 66.72394136517141 1e-08 1e-08 1e-08 1e-08 1e-08 1e-08 1e-08
200000.0 54400.0 200000.0 72600.0 61150.0 53050.0 64300.0 47550.0 50400.0 48500.0 69500.0 75350.0 66950.0 98400.0 57350.0 45700.0 103550.0 200000.0 80600.0 67400.0 58750.0 50550.0 200000.0 63800.0 61800.0 59950.0 106600.0 50300.0 45200.0 67800.0
