147307.13641653463 760743.7432890853 1022184.8207708349 96609.93269521256 168058.57877822418 18985299.77202754 101999.95165221288 48669398.37145319 1304768.369471751 60058.85196657595 69220.86617861161 33745911.62471919 98091.32403849022 2034949.8882023615 7256928.647576364 12751187.077823725 7169322.995201802 188929.7060382694 24098676.87307131 185734.8635533307 148807624.48244354 4056972178.5822234 359629414.0455889 247485875.55143434 94281.02950880973 2632701.9944455763 2304550.8616291448 62086.77020845114 392944.94205137686 3471364.3651200025
57506.77903535959 171744.2688165544 1022184.8207708349 96609.93269521256 101888.48594584911 92537.27378464409 101999.95165221288 48669398.37145319 479973.1245146627 60058.85196657595 69220.86617861161 4651710.6396700265 98091.32403849022 76221.65338576752 230653.95316675055 6009693.9241011655 7169322.995201802 188929.7060382694 76960.92339406691 83726.2414058591 2692575.3865016024 279232.3012316732 312670.43335885997 84731.93958505632 94281.02950880973 77760.60736322915 240613.13478312315 62086.77020845114 74042.98438117829 86266.85521224672
57506.77903535959 102995.34895657886 75050.26550280068 96609.93269521256 101888.48594584911 89861.85880918967 69124.46413788208 103858.3958662256 71368.80273583374 60058.85196657595 69220.86617861161 90820.90071578583 69846.89496452267 68893.1342300853 106122.24842964814 86955.93699960894 114104.86158676348 95232.40125474772 76960.92339406691 83726.2414058591 56420.960586929876 104539.24597058918 65445.53115119343 84731.93958505632 94281.02950880973 77760.60736322915 108235.45742663353 62086.77020845114 74042.98438117829 86266.85521224672
57506.77903535959 54484.771625337315 73168.81749174921 58468.70831222347 40949.62971787506 64957.817574559485 69124.46413788208 67961.99783910882 50401.07347861186 59799.36423685162 49072.3026680587 52171.82206070291 69846.89496452267 68893.1342300853 96371.00847161077 75048.82387455816 72372.36314492265 75093.14400357762 62256.2506337157 71478.48818690193 56420.960586929876 79227.46539150339 65445.53115119343 84731.93958505632 84367.45572492227 77760.60736322915 91148.3831045848 62086.77020845114 49077.658257418836 86266.85521224672
48288.3519656244 54484.771625337315 72196.77349712414 58468.70831222347 40949.62971787506 58259.565478249344 50368.66296344967 55125.54393435253 50401.07347861186 40336.73587312072 46621.51202270136 52171.82206070291 65030.93173223836 68893.1342300853 67902.38271358088 75048.82387455816 33057.71620365672 69732.95414841216 50494.78508844424 60633.426286931426 56420.960586929876 72700.02621164465 65445.53115119343 69518.59485332557 60414.50763877239 51838.6837572601 85332.91145441761 32480.303534259438 43942.52672502509 67057.94837982042
45249.962224014045 54484.771625337315 57973.254829967285 51549.133935549726 40949.62971787506 58259.565478249344 50368.66296344967 55125.54393435253 50401.07347861186 40321.727882627354 46621.51202270136 52171.82206070291 58015.845341679 27209.269735550908 59157.44004748695 36335.52528527502 33057.71620365672 54991.015186274846 48549.51033697194 39879.90961162051 34559.952145611605 68626.77104584526 53410.200039067044 50409.11293204545 60414.50763877239 51838.6837572601 45925.7893553971 32480.303534259438 43942.52672502509 67057.94837982042
45249.962224014045 52666.82902485205 57973.254829967285 48106.37129407223 37117.393234088544 52257.513403269346 43303.79237592495 55125.54393435253 42228.524082372554 40321.727882627354 45844.97714460268 43315.396873483354 45078.10238987993 27209.269735550908 58656.03070089998 36335.52528527502 33057.71620365672 34569.88529870634 27066.71929762222 38090.05674889845 34559.952145611605 66979.21140032566 53410.200039067044 43237.18356695938 55254.32968371003 44682.85018740541 44459.29144165288 32480.303534259438 43942.52672502509 46383.471577353135
32360.308865214236 41648.59437250977 54464.546369693104 48106.37129407223 37117.393234088544 38972.30594425928 37390.37379829894 46300.90229773745 42228.524082372554 32626.023869971163 38123.48534323059 35903.83851976487 45065.457719045735 24851.12619950458 43933.05236248075 36335.52528527502 33057.71620365672 34569.88529870634 27066.71929762222 36636.413822152 33850.11015534633 59530.08886791077 31048.882626494233 43237.18356695938 55254.32968371003 31191.387873949963 40961.95079724157 32480.303534259438 41311.21846412801 38660.339141416065
28847.192317656536 32532.985096298646 39956.42914951376 48049.138150793326 37117.393234088544 37730.44745493485 37390.37379829894 45991.91406453911 34540.56357254228 30354.263075375595 38051.204931328 35903.83851976487 45065.457719045735 24851.12619950458 43595.10723858973 26730.92196732019 32197.45924636527 27812.413443697707 27066.71929762222 34445.397058433045 30488.83686251415 45909.51012294602 25957.549721638028 40123.933306223145 45073.23763854525 31191.387873949963 31334.917551410097 32480.303534259438 36620.75855882377 37904.879279100525
26248.031543456433 21443.231926827495 32588.370303622214 21435.248555227554 30959.576548092067 31635.927257930565 26871.740884422743 24635.147681755436 29371.421002918705 29619.357676870917 19120.263746340435 33490.84305167764 25611.60118970585 24851.12619950458 30771.374360084843 26730.92196732019 30060.976438221907 26208.031895818032 27066.71929762222 24837.871534092123 22310.919946591468 32376.23659494379 19463.833796116083 23894.158083344446 37148.09883915492 25246.58527041854 23101.214717592986 24564.20528636761 29890.934448485277 29724.304181094427
18864.56535980922 16307.549354859464 22665.02741230242 10524.48933610793 19002.118076621144 17051.34363242865 21266.35422370213 22997.88499087554 15576.613260612568 19227.833167584442 15792.81753751316 18433.004261344686 13813.147089373584 18358.73213508201 20857.89888749581 18664.387981464322 15708.000943239767 18488.078221863547 18930.378687671073 17427.59073045446 12279.247036403713 23182.78413090981 16070.173534742304 15749.352538379782 19337.06095162344 17653.818511932837 17812.514007741986 17020.5933458304 11435.829655722413 26030.06554216134
9707.291464696955 7363.550650542056 7198.136714793591 9522.50513468931 10369.564843404742 10920.693882186994 9303.300026909936 10497.934468379606 6314.559607513566 9998.583106026526 7143.505131596802 12792.112337149938 8097.387363575883 9002.745115537078 9057.156096064393 8564.063182028283 9883.41835380803 10148.589798643083 10734.314028391269 10905.337032058002 7357.553621363432 11275.970966105475 4955.8717522041425 9503.553087505923 10029.13382130975 11323.722764569908 8607.359567633075 11084.965222068593 11393.801409805506 9082.46209191815
4381.6982613433975 2881.445225438232 3387.7301200586617 3624.6310461615326 3597.4195575807676 3155.130560687283 2898.164945093772 2897.515815528732 2634.508967867526 1799.58262178748 1649.4162593972094 3632.0717532102044 2727.658033504792 3235.483824859807 2857.6857751551834 3278.312436465816 4108.518769183763 3858.8271309865795 3051.446647516417 3173.628790610886 2645.9446201640167 2235.9837877507002 2227.7042041728696 2562.4874922740696 2704.385379144413 3152.525167591413 3076.8083540691014 5233.849011557688 2930.789410930661 4908.4218675472375
238.8862638940103 302.32852761988715 290.32071732920554 344.82784956091496 369.8465507495447 212.58694160991115 297.0035901416891 212.05721610895398 449.0406061800311 169.08615472824442 125.92314199505034 261.87253915832866 299.3343184803816 260.2418065279786 246.27443115617496 128.77710387991897 337.7100913111128 218.02810197910264 662.4988319913747 264.87012232416953 122.15120020933159 192.68819210236938 176.71233768932046 311.4585043891142 441.3011704003212 174.08219507766103 216.97387349617168 277.6463988297055 327.6380264265449 468.4384370100579
0.002521801632667575 0.023464860910507923 0.0005377846764531569 0.008248472272157414 0.006626596742194124 0.0015389672518608677 0.0830663748522511 0.012670231272807086 0.023275944689601147 0.0020155052777681703 0.0032302422121688323 0.0074968015176182234 0.030433589518054305 0.0013348854980108626 0.03201887813833082 0.0006410824906311063 0.03347831495563014 0.010818592787984471 0.8044260525041409 0.2470503199660925 0.0014118007124466203 0.005485146669457208 0.02936089816665799 0.0012239257061423814 0.05877712471465202 0.01754131975621931 0.004155037860584798 0.0018281507429946942 0.040073769575656115 0.12989857232048507
1e-08 1e-08 1e-08 1e-08 1e-08 1e-08 1e-08 1e-08 1e-08 1e-08 1e-08 1e-08 1e-08 1e-08 1e-08 1e-08 1e-08 1e-08 1e-08 1e-08 1e-08 1e-08 1e-08 1e-08 1e-08 1e-08 1e-08 1e-08 1e-08 1e-08
740300.0 771100.0 722000.0 771250.0 738600.0 735600.0 854450.0 774400.0 758750.0 747050.0 744450.0 770400.0 789850.0 728100.0 810600.0 700150.0 798300.0 751200.0 892000.0 851750.0 738700.0 759050.0 875750.0 748700.0 793400.0 814150.0 755400.0 736850.0 834350.0 808750.0
