112.19070451495861 95.20789100302216 107.87614211506104 122.95577098912008 108.4099790261564 97.61495256524006 122.352551887696 105.53922046831224 99.34575218040027 99.02671285558415 109.98438058853742 96.50163161097578 116.99735645902217 117.03993946830929 100.84537831824832 122.41422947352908 101.17906603116694 91.13265204894685 95.71756054820867 112.55524506415247 105.9428921932581 84.03969079937815 115.18751668035952 124.91551823196573 122.51359787006129 94.25846841591397 106.9137107351745 103.81478778882911 85.2705777511436 95.54398736039866
101.48373204398217 94.43058409871833 73.92383034761929 115.16628877273968 108.4099790261564 97.61495256524006 122.352551887696 105.53922046831224 99.34575218040027 99.02671285558415 83.39359037109102 96.50163161097578 99.17751820012177 85.62794996817956 89.56386830566316 111.66826956583054 101.17906603116694 91.13265204894685 95.71756054820867 102.4371731221147 101.28787336391383 84.03969079937815 109.89205141615093 122.09079228104179 82.3646129510064 94.25846841591397 90.12535644864386 103.81478778882911 85.2705777511436 95.54398736039866
94.79213530716993 82.29497343699211 73.92383034761929 101.40238759915167 89.728302121566 84.33091195665054 94.04922491862055 89.77768400838818 98.84131738344092 66.73564316139459 83.39359037109102 87.72021952834154 87.96697429806909 85.62794996817956 89.56386830566316 70.29465651355645 101.17906603116694 77.75111758952926 95.71756054820867 93.52886151578696 87.33039138292054 80.19802208679221 87.7091440207405 86.40136037325897 82.3646129510064 88.30548839383266 90.12535644864386 95.40971768847339 85.2705777511436 95.54398736039866
94.79213530716993 82.29497343699211 73.92383034761929 97.07650508683582 74.95260164691831 68.54617863262808 94.04922491862055 89.77768400838818 59.87633422458225 66.73564316139459 83.39359037109102 82.2830650845732 87.96697429806909 84.29067024757865 89.05715444543262 70.29465651355645 72.80955697860668 63.60577194318728 74.28885432028267 66.20092249922504 65.60835707330682 68.6692939974082 72.96997972972258 86.40136037325897 82.3646129510064 82.85752041788601 81.81098247150112 85.10262725157168 75.40958425272572 89.60096643568534
77.30265378565036 78.34532418778042 70.4912553910018 63.21196581349784 74.95260164691831 68.54617863262808 68.05138519231707 81.63441712472877 59.87633422458225 58.45257058515199 68.00628316288612 65.2526199094658 87.96697429806909 84.29067024757865 79.4186207040101 67.23018163024221 72.80955697860668 62.35204057453382 68.40481690997387 66.20092249922504 61.591711415387294 68.6692939974082 60.07975891412411 86.40136037325897 69.78253447879979 56.05603082276457 71.0326544623581 68.97594391133055 68.9140582937356 43.17788103636042
66.76280475400131 56.54459640777657 70.4912553910018 63.21196581349784 74.95260164691831 51.643213380907696 67.62800667622139 73.04231852409805 59.87633422458225 58.45257058515199 68.00628316288612 58.65472962571846 66.99965350876687 73.17836013243311 68.39822139463138 66.05305999474956 50.80117506391957 37.52041944036182 68.40481690997387 46.623196964552335 61.591711415387294 36.7760248672397 54.73378678030133 74.60880905766362 66.76825660995905 56.05603082276457 64.81100397744171 55.20546407720474 46.56126903131758 43.17788103636042
66.76280475400131 51.701837418955506 61.30939966914116 54.15101274434505 57.414964083014524 51.643213380907696 51.442191850563745 52.580558697503534 51.2103754754595 56.33336205740443 57.54079413100294 39.80040748517058 50.72450882121018 58.64843230923759 64.7060335227377 49.53849821819472 50.80117506391957 37.52041944036182 56.5903159985844 33.13191767313265 48.29400054618202 36.7760248672397 38.89820887516862 66.23591200272517 64.28956157001721 48.725454739842576 64.62879939381537 55.20546407720474 46.56126903131758 43.17788103636042
42.80927098604934 37.67626273508631 49.20772825161964 48.41677379749092 46.67579771776491 49.445041586090724 44.10771883672976 51.18381372817396 50.26395647747154 55.490059811362926 42.034772385775454 39.80040748517058 49.87761716175385 49.45802813680632 56.99877283595106 48.3684879262247 46.74778490534311 36.66629185382635 48.40765287516365 29.727337618541696 36.72636710991935 36.7760248672397 38.21832907420662 57.16611801495617 52.505542000120954 48.725454739842576 54.836922373866514 51.17337218725379 39.879443690315384 43.17788103636042
39.104952705055894 34.91438544135576 46.505624477823176 48.40613767252353 38.162915410450864 46.59042235100435 35.68597352148868 36.4409230739642 50.114898718331915 49.35495937549729 42.034772385775454 35.988187554071374 42.10727235395018 26.62758572653547 51.192152344853184 40.416129889137665 35.30180697938931 27.128461622088707 41.583434017711056 29.727337618541696 36.72636710991935 31.94574293040614 30.66942331344478 38.98829067190695 44.084433765129575 35.94380689002287 43.288995041353814 36.794897042554 34.819825070714955 36.56965440210456
31.85406805925436 26.65443936936765 33.742009556066364 42.0450673228288 33.77323984829536 32.26276972631183 32.0726522044431 35.423563140320994 40.346482984463364 37.41948674141861 28.382146497594704 33.54213703089965 38.14180529815985 22.40467669759653 34.22931876617736 37.02122046446027 28.98153213976127 20.889702104562957 27.039599342424026 29.727337618541696 26.570769888743712 31.94574293040614 29.012703128974522 32.34319014256653 38.29404950667197 25.533383332991207 40.47214937470142 36.794897042554 34.819825070714955 30.904825729126514
26.63607211259682 26.65443936936765 28.146432632040614 24.310357420896707 26.76254177938756 29.12097291693385 24.212393481681374 21.225819896711073 32.48418295233466 25.190650612085733 23.762432858635293 23.495857573206195 32.667845604649756 22.40467669759653 30.225142171577886 21.799131302832734 21.428996055058633 17.442074289374546 22.473042763239164 23.066152268358678 26.570769888743712 23.447240489533897 25.174244305370962 27.79968810538901 36.260221093407154 20.533593311591858 33.52926606746394 34.00185515687804 29.572689283647264 24.44145048757889
14.915518538855963 24.38725566855487 14.351260720296182 13.468385287493106 18.606898875021216 21.088292604678827 15.0599300266324 19.858662230629307 21.296447066941482 22.751283124358224 18.297007663649197 17.89266935148612 23.550707149630284 20.171413792182648 22.01055171707901 19.298796137375575 16.62773115025618 17.387276520838668 17.659651794037245 22.016252138710342 18.083026146140355 23.447240489533897 19.946059540648434 24.54606857022827 27.329049356335986 19.965064952625653 16.752561930417755 20.06149856567879 20.61524425339644 21.733616571797825
13.44467965174158 21.33318156906421 11.213224314607146 10.607742518166901 16.070052393197216 12.735012882530214 13.895610450086792 14.102206158895115 12.577524237942612 15.955213233262953 16.49086499049622 17.66084601781415 14.606165665401932 13.053274398992357 14.524315383864518 13.758491419628626 15.98482902986359 12.95032964581344 13.672715650997702 13.523211758822868 12.54347692074441 10.064878093409106 15.477182614656613 16.711680152929375 11.099482306554023 17.536413217546396 14.75447783072218 19.58876518186821 19.45770526742774 15.435079795673005
12.0226720341376 13.94301515301811 9.103094301688543 9.565401332432316 12.982351268355956 9.89907366278294 12.359211206910345 11.890255468866599 10.603483005261182 11.23383698752832 8.56597988029273 13.268050642025855 11.948879214460135 7.957495404444899 6.306474221832445 12.868169684393365 9.410906076185142 6.57779372804896 7.630806339272453 9.385293897390852 11.39497129814356 9.672304997250421 12.007710712877156 10.999892662022262 10.599787513139177 11.958399762135741 11.125337042780188 16.494880170558645 16.355445561598913 13.154403353150542
10.385534551769183 11.556114037203088 6.602103751007462 5.968878791179577 11.540491141237794 8.741366072930305 8.679847610514116 9.701958076224855 9.46598447370593 9.264635974807561 6.161844196488687 9.777858358147796 10.733428969283068 7.957495404444899 5.366372647496064 10.464211794623907 9.061745072279678 5.660617664448182 7.603531015811086 6.746397662132381 9.307420663359721 8.690730346393366 9.041457242121055 9.986722889828911 10.488096313733422 6.507581882019508 7.631806229987319 12.65813266211876 13.805731428060312 10.429228580735298
7.101814245261039 7.844975385490216 5.997656991007261 5.926149743832525 9.268368268060954 7.568792235152273 8.672415638050438 9.123028711694246 7.795597537848153 6.950654888311078 5.627448390253107 7.702660352070097 9.288195706444526 7.47562090462111 5.057084125935944 10.148317764791841 8.140299706071232 5.258996634512641 6.730468943726237 6.429216565749243 7.29374312869345 8.20566961718123 7.7394963381391335 9.03998140294766 10.302445081532028 5.627645041824508 7.211403806785256 10.669199545215179 10.024035429773903 9.426377720380515
200000.0 200000.0 200000.0 200000.0 200000.0 200000.0 200000.0 200000.0 200000.0 200000.0 200000.0 200000.0 200000.0 200000.0 200000.0 200000.0 200000.0 200000.0 200000.0 200000.0 200000.0 200000.0 200000.0 200000.0 200000.0 200000.0 200000.0 200000.0 200000.0 200000.0
