28993.337987015282 23678.887080795288 28871.885766850057 51334.86194355115 10914.582829344414 27297.763094033264 27111.369717786256 54464.74856124301 30744.420298094446 47148.3161509938 43840.59939010698 44217.19021265296 37539.82824665041 14534.313745590658 179933.41365260008 12236.196695931907 35186.70777510114 43247.348714648964 104394.79294260779 30020.46199813947 31518.924758302022 28581.70862628136 27265.466849919554 20200.160689539607 50258.941989096325 13905.082712959846 24573.56487950844 25069.04855476884 37547.555266572665 41069.090147791765
28993.337987015282 23678.887080795288 28871.885766850057 23891.390025093206 10914.582829344414 16219.01873955573 27111.369717786256 30403.088297349765 30744.420298094446 29125.759981543855 43840.59939010698 40346.276647272876 37539.82824665041 8712.431497552701 20993.564126047942 12236.196695931907 35186.70777510114 43247.348714648964 48118.34137796149 30020.46199813947 31518.924758302022 28581.70862628136 27265.466849919554 20200.160689539607 21210.698186524773 13905.082712959846 24573.56487950844 25069.04855476884 36938.77263782226 41069.090147791765
22627.821516352746 23678.887080795288 18533.503316438153 23891.390025093206 10914.582829344414 16219.01873955573 12078.497249986538 30403.088297349765 17699.156009936523 23446.55334421448 37872.299234320075 24687.00257878005 37539.82824665041 8712.431497552701 20993.564126047942 12236.196695931907 32327.29348264245 33075.234869239604 15767.098641302891 24812.123566619863 31518.924758302022 28581.70862628136 24028.360051037464 20200.160689539607 21210.698186524773 13284.551232745594 23949.906757670313 19625.9506277039 33459.96417097973 27244.804566610423
22627.821516352746 23678.887080795288 18533.503316438153 23891.390025093206 10914.582829344414 16219.01873955573 12078.497249986538 23694.809273379607 17699.156009936523 23446.55334421448 29563.275749361204 24687.00257878005 22479.074435834475 8712.431497552701 17445.727359564265 12236.196695931907 21491.004410682293 33075.234869239604 15767.098641302891 24460.558671546776 24940.917784574256 16260.976860884497 21046.128427808504 20200.160689539607 16477.05169746848 13284.551232745594 23949.906757670313 19625.9506277039 33459.96417097973 16723.50738711679
22627.821516352746 18207.486753610305 13205.694902543677 22844.44459080092 10914.582829344414 16219.01873955573 12078.497249986538 18667.84586754785 17699.156009936523 20334.966029699637 17058.115120995186 22299.077770049305 16730.712891206123 8712.431497552701 17445.727359564265 12236.196695931907 13513.711640819009 27053.70828413119 15767.098641302891 24460.558671546776 21361.09777470806 16260.976860884497 21046.128427808504 10296.005399239277 16477.05169746848 9060.11443541866 22438.08185791437 11613.236081028572 30071.59230784625 14306.541508850696
9934.684118460162 18207.486753610305 13205.694902543677 22844.44459080092 10914.582829344414 12802.37737408167 11998.477293099128 18244.327262343722 12800.670882252894 14759.435245663715 17058.115120995186 16235.166495856007 11764.563797635443 8335.484685021911 17269.813678209743 12236.196695931907 9579.018701459056 7412.485216834237 15767.098641302891 14996.545790959579 18201.591486977628 13252.593064915756 20264.349245215602 10009.284346636206 16477.05169746848 8760.09167005084 18267.10556870349 11613.236081028572 30071.59230784625 14306.541508850696
4283.17956815912 18207.486753610305 13205.694902543677 8610.353682642079 10914.582829344414 12802.37737408167 11998.477293099128 18064.820354337386 11733.349597041173 14759.435245663715 11558.542822462321 16235.166495856007 11764.563797635443 8335.484685021911 17269.813678209743 12236.196695931907 9579.018701459056 7412.485216834237 13662.873764390275 14996.545790959579 17054.847510366388 9350.104691613178 16519.56158087677 5859.7706553375065 16477.05169746848 8760.09167005084 18135.849291533104 8720.140896717618 22704.254493883484 11674.473633036145
4283.17956815912 12447.545701189312 10194.491871445904 8610.353682642079 10914.582829344414 8256.103716264302 10921.391298837892 18064.820354337386 11714.804995383249 13149.86389302537 10141.851694122168 16235.166495856007 11208.504804838674 8167.126805997279 12523.711072045775 8730.337151778012 9579.018701459056 7412.485216834237 13662.873764390275 13161.449679521384 11897.100551450221 6959.711944416443 16519.56158087677 5859.7706553375065 15426.808855713994 7875.567455130465 12072.474321405765 8630.509107154136 19952.820283089397 11674.473633036145
4283.17956815912 12447.545701189312 7357.700996295579 8610.353682642079 8309.414036457852 4050.134379418412 10254.069884478151 15039.135242900371 11714.804995383249 12929.424772891183 6788.736936990839 6461.574002902988 10905.499058614314 8167.126805997279 11667.869754975945 8730.337151778012 8319.09577216722 6883.7873759616405 13378.541717061134 12749.355282455372 11897.100551450221 6389.626584627809 12562.073868955446 5859.7706553375065 13290.702606587 7593.067175967362 12072.474321405765 6645.66567037444 14135.49591271985 11674.473633036145
4109.384252242714 10848.336751539453 7259.0056150978635 6240.7986772959475 8261.150195916416 3916.3882616070823 8979.929848449206 7306.920409166904 11614.98744697998 12416.013181241502 5585.985519353435 6461.574002902988 10864.484972196302 4104.535649550234 8044.645291372844 5604.404945719464 5744.582420260836 6883.7873759616405 11081.179749970133 6248.008285612031 7283.882825217426 4637.9744530925545 8213.383405474799 5859.7706553375065 13290.702606587 7593.067175967362 11996.309247454987 5391.38990227632 9065.916306149697 9739.488689490947
4109.384252242714 4315.49464495876 4835.92623479728 3890.819119360318 6321.711463250232 3789.5469067172717 4723.925581929558 6263.755938527293 3023.2753292969423 9089.295992919631 5376.843936133764 6446.383114249023 6736.155797999147 2976.522683306827 6217.15844831414 5045.862413628791 5695.3606290191465 6498.317098711596 5758.634611995456 4428.032698904854 6541.955464762537 4581.994756132484 7599.030378758974 4522.743459989789 2672.402125044965 5202.387378978073 6088.095637131686 5391.38990227632 9065.916306149697 7079.737358859926
2513.986254827484 1221.3615097267332 4239.845456668046 3553.432673871847 4206.259991065769 3549.219196246315 4418.474183926352 4114.050325619243 2987.7492979432413 3317.9238309079624 3191.668791303764 3985.17571918503 4104.080235323397 2214.6617482240968 3564.890985154895 3236.766678403026 4293.745343765624 2513.0281475352 4446.896909809575 2950.621697339805 4842.931959873246 2787.979755873757 1691.191108750633 4143.722294047778 2657.5312037579906 2095.719883213884 2266.1032103540024 2170.599374590538 3050.906847818194 3541.7967138329677
693.6438913071177 1191.5084603411085 1145.1823547310942 3125.760720020124 1157.489262577747 2505.790840835876 1947.229818097132 2974.965986993721 1536.5697762107588 2382.194320045035 1776.447502510945 2145.2906503565705 2377.0266301439083 1465.4530344032264 1763.9521940750737 1087.343600116791 1637.7267914095748 2422.293327237643 1805.224808994239 2177.52511829611 1699.6857954151094 1466.0875931824141 1114.9442120518054 1871.2907752840856 632.5265716935726 1607.4127261551973 1472.188334122456 1654.4273629176848 1662.1845917120927 3069.2180347742487
451.84352838496386 645.7109599804098 532.4568090879051 1143.6499083758224 754.9163883241433 670.208794573237 873.781603496027 661.0374904340594 905.3783501245812 351.9461594144225 555.9275179624331 737.4919832973919 440.18465251652424 316.286477102965 513.2553629412237 410.97414990136065 590.101592465251 506.00887623708104 598.1210703710692 333.37662928565146 669.9086768281987 107.76482062114167 262.72184401814184 213.04364127345968 386.08315621753786 155.97202747631786 440.72921610681806 385.5466264943684 178.71698574984077 481.5243598971442
54.43658360359916 79.96305874644275 30.74072321793591 55.03629295540276 53.42819178546688 40.62963084933614 203.23360531378916 32.15543437651644 58.04799738240922 68.20461169200968 79.29692999957967 113.93769461832477 95.74577708631716 28.347578909444053 48.326847200545046 24.70586644151416 114.03294631882773 64.27519251396905 58.810364862203926 19.367028627614104 116.66027628333899 16.026304495979616 42.536260079836154 47.51292110138252 48.57751761607426 49.19627228836873 47.16774876890213 151.48109830950932 49.85820044203763 44.78099908237732
0.5591122200910377 1.6809081311004093 1.0713098749351957 1.4746145941725786 2.9270834576051925 0.031027266506725937 3.381399156030625 0.38864061001231676 0.09389861587794712 0.5172648610814576 0.8697688124132696 16.5932672418694 0.21347149911798624 0.1271504219176336 3.7536734243764727 0.03647668392574133 0.5035282648256612 0.5911693420944744 0.32194060928077306 0.11828449916083628 0.32183045842674574 0.3667335314670481 0.4449446295986945 0.06687320237017502 0.45453794953675697 0.136236894857916 0.025828354309055612 1.9110527724942585 3.8673721459854846 0.6251307142975975
200000.0 200000.0 200000.0 200000.0 200000.0 200000.0 200000.0 200000.0 200000.0 200000.0 200000.0 200000.0 200000.0 200000.0 200000.0 200000.0 200000.0 200000.0 200000.0 200000.0 200000.0 200000.0 200000.0 200000.0 200000.0 200000.0 200000.0 200000.0 200000.0 200000.0
