356.5464673336119 393.37162213885904 500.49138622482224 485.0495322580832 389.17206234788546 391.8170054683187 487.0374779151098 526.4737014733846 490.24194213869123 363.29214806734353 336.37353922222655 474.76492431105 447.77565554803004 227.92211867424794 450.03181770801484 603.6372788775047 434.35273357465303 490.9026527476876 258.1339268197148 572.6462297286971 611.3549430423209 399.0321583644359 627.1486672820461 345.83631749271126 638.4780990168183 577.639851515838 366.5167329830824 504.1277731672458 437.4393574509804 626.6296721535841
356.5464673336119 393.37162213885904 500.49138622482224 485.0495322580832 389.17206234788546 354.0714521083287 487.0374779151098 474.5207069911562 326.26609438415244 336.5281190106143 336.37353922222655 431.610064262356 442.65138820905713 227.92211867424794 450.03181770801484 594.1227648083386 434.35273357465303 490.9026527476876 189.38189452069446 436.29358323038605 352.6093368463248 314.48983405525905 532.4120419478995 345.83631749271126 552.2212144999676 454.0840796647799 366.5167329830824 499.8210564793735 427.22883523160635 479.2959061173833
356.5464673336119 276.1990092481692 398.55402015591517 287.9909365584881 389.17206234788546 235.96052408951527 309.42503675812804 305.3982552639254 297.52089162121274 208.35960586740748 320.41097398522834 398.94194079241333 442.65138820905713 227.92211867424794 406.60037346925765 453.78822735482663 434.35273357465303 455.39800906098844 189.38189452069446 332.1422348009901 352.6093368463248 294.2451388325635 283.1340441255311 339.9982779605807 347.7444667155796 399.7016257903342 366.5167329830824 320.4070886419804 427.11789495193807 308.3598296451428
291.3615940700083 276.1990092481692 314.2679211187474 221.52760620895015 272.38944157946344 224.18267192929716 254.11114084952533 302.1539727737495 297.52089162121274 187.99699319145793 304.99817114575626 322.2759797507174 310.1609975605161 227.92211867424794 380.3678799321651 300.19826791730793 361.82366930740955 349.9234950696782 189.38189452069446 246.7529299719149 283.39223115548793 222.51934872440506 262.7044529208629 247.21775751004043 214.72381845489372 354.07789410055193 243.9429550261625 169.71477174773145 388.84875375282445 305.271649291456
247.58718721655396 265.05757076225245 255.03191353829698 210.79006799302033 178.94011354265558 194.96803237381027 203.15508742741986 255.04867346024093 233.82575724986418 187.99699319145793 263.26060034612556 268.56695263786514 194.9752742705855 227.92211867424794 288.4049229258235 223.84496028838612 243.05746481912274 341.52182091335453 188.09858926005882 219.53699744429287 163.80545919465658 205.8422432835473 257.5712951418536 209.72357233968341 193.9208980611711 278.78863992082006 232.92414722916783 169.71477174773145 316.83210689308953 175.7117869026024
158.17189621112902 235.3505560977328 194.4524529448745 175.4696394854509 162.89702242227395 176.82550525103625 181.02508898774295 206.58426821688317 152.67503434145192 178.50075632720063 189.67779102384384 139.85719964989084 158.68382697260859 208.7143941236286 223.58078737230562 151.23638127636696 209.23600048695516 254.44192688126623 137.81440177244758 163.54838749098008 143.43889727940405 198.1159042865229 159.64538313983394 167.6604728079601 116.61093539871672 235.68997494316636 139.09242216663506 135.80540408715115 199.8420793638552 145.67440894591937
141.29216376957947 164.1496515633021 131.5689512960098 99.32100216622985 140.6287743486223 130.51238721742266 135.86030141504398 148.03645869920638 140.04301772113877 129.24603991356844 118.49703873553108 114.39812077608258 138.87991005961157 150.85843770655265 144.44550744969047 129.61380223448577 107.09449139701383 143.54679354034624 98.5483368258192 138.05609115828292 113.01132474920269 130.02231086258462 130.3111135708623 144.8843406641613 104.43108456486789 135.59537288385764 120.55653393966577 104.40170362811295 176.62832168776185 95.27062674095805
102.03660377343613 96.20899227849031 74.87772635564306 87.24507190993882 90.75340576115559 100.74922192726808 81.47499509197587 66.17532866511056 99.98173528789266 63.73584436728743 87.03136718690939 85.0321494508089 103.90595759648477 85.68805544058023 119.24450861444302 109.4667763349753 92.21296750187639 128.09017218668032 89.96607637073521 69.89571814263081 89.07320070512606 82.23867319363171 106.22282870720255 78.6155522260542 80.79116810749292 91.08735034219626 99.26542182331923 95.40964993714488 88.66348427886578 79.03140203165822
78.63140981443757 72.5484230014008 51.67279611089543 69.94562728415576 70.13576125157579 86.46951578686821 66.4791013025997 55.249665223970624 73.5962972278935 48.79076708509547 66.86599678159155 64.93001176454709 77.67937297502158 74.0234558688544 88.56489241333611 71.71114580036146 53.929326950926225 79.38107384888053 67.79247092957758 61.65398292935879 64.1157724809159 48.4108236025786 85.19991505975986 68.77010539968933 62.49185774537182 76.3687553153818 43.89258946912855 55.28202494317338 69.27268066702572 68.34102262890747
62.30660083890598 41.55372063172922 38.67917727733084 42.2067360796334 50.52556895617636 61.235693458741935 43.3660773456545 45.203212544825874 53.49000429428452 48.10506316043575 61.832675839290005 54.777568690282806 52.195501808493646 51.17704945337482 62.05229169291306 50.84016736441572 44.65582736444162 65.49740022204196 43.848362053624896 47.05572620626799 47.370074478501465 45.156021967915194 62.272278768313754 53.06601944570002 45.50085200881131 61.484664720923774 40.122620317949895 44.61350639595889 59.39762025615573 49.06231963107439
44.75545014521481 35.68283500019561 35.100727542515415 34.78846549817467 32.788958850717336 42.62878080977703 38.10118196813005 39.641901736121326 36.259094602571395 39.66079735098833 30.97361842353348 38.748774894401095 40.82326556500243 41.8643725936513 48.28388650344232 42.93367181326562 32.55311139967512 44.182355056602546 32.46163413034651 37.45633346582417 35.46691684480197 37.9203514693404 48.85209353983737 41.16687864261189 33.17832025022835 40.82661615916891 33.513234060190825 33.73082893764945 45.18975011170096 37.50100523638571
32.706232868364395 31.059000141558272 31.71330411103918 31.033615268627273 32.13488857543916 34.64153756024666 31.4264831113735 32.13413989527817 32.557311125571005 27.168235820487553 24.356078639732686 27.8996393140676 34.84709379890046 34.00315802028376 39.96448651240166 34.32141702232502 28.98927086065123 33.200841393740575 26.57138606549961 31.402784018505145 30.557867248481443 30.841505078366936 30.776421289292557 32.45983372895216 26.34737972578364 37.92055782860598 25.55676613046171 30.537173600092274 28.772614141925033 30.716418199561303
29.90312549819373 25.55455475195049 25.97478344274782 25.46617870296882 28.580497332745153 25.691548015774515 25.853375395005287 28.893801162744694 26.118935250156937 26.63892279242873 23.853381968596295 24.576202618023217 29.161130249807456 24.139253324845868 26.991423152808693 27.740039483983765 27.327368130351715 26.132678960444764 25.725008353718977 25.188529237417242 25.611506378559397 27.163739572790064 28.57829929388754 23.517868944607926 25.31216916751646 26.20376298837982 23.458976225084825 24.115331037728993 26.596361072682384 30.070022084420543
26.212788287609328 24.685125315785626 22.948746461873952 23.406720773015195 19.54083827776458 11.983662711964598 15.282303092970324 22.49643049492238 25.21568058315961 24.30003676451952 22.312344299954702 23.29955188377221 23.06877298797258 22.465237761738763 18.215436186406578 23.457956744759485 26.8003328599043 23.188050299950874 23.879605842179444 20.3283619609972 25.37363727299885 24.005494740053564 26.475918101876914 22.42337549630747 21.579085552222523 23.739265415165846 21.983339637684594 22.881104945092602 25.172945585634807 25.553513458674843
23.754170251939513 23.692809485177804 21.79223380975418 22.797584133607415 8.604525174603623 10.629588048656615 9.276240887243148 15.511202040107491 23.52562749832782 23.99508461141113 21.84906208777693 23.02775975354575 22.55797042052768 21.83682199358236 10.836658590031902 22.30334519714711 22.58168721643392 22.335385500229222 22.241331442658293 18.124560544489213 24.52731229374558 21.73277617355916 25.061228667775595 21.566648187460487 14.534943097123005 23.452937537680327 21.929233157149156 20.992267809574514 24.369476757504344 23.16093875128513
22.631651104358298 23.246636456070064 21.412730209492565 21.660791395737988 7.244951565411611 6.441922225045573 3.984645703163551 4.122043149061483 22.431562041560483 21.558590064067175 21.317925483690033 21.710215410757428 22.458483571923352 21.11637163910723 6.459048056394749 13.223886454442209 21.75092334684041 21.845415886045885 21.42756490986335 8.012256891914149 23.653519456504227 9.94092166215637 21.685365815140813 21.42268615391845 8.973294936210095 22.988647164343774 21.892163872847277 7.678156934386152 23.221800256499137 22.185394324400704
1000000.0 1000000.0 1000000.0 1000000.0 1000000.0 1000000.0 1000000.0 1000000.0 1000000.0 1000000.0 1000000.0 1000000.0 1000000.0 1000000.0 1000000.0 1000000.0 1000000.0 1000000.0 1000000.0 1000000.0 1000000.0 1000000.0 1000000.0 1000000.0 1000000.0 1000000.0 1000000.0 1000000.0 1000000.0 1000000.0
