1805.1894286307524 648.0926664417075 1634.8990808449785 2139.5131930715743 1118.4120580164608 1737.3790279803015 1423.6003582963158 1915.286574232522 1197.1533203464987 1903.2638693990466 1661.979175733305 1392.3788553955983 1467.127424169691 1204.7021125315691 2580.470322294892 600.97746207416 1508.308016421367 2580.969896912771 1098.5539035705033 2317.5133376031154 2192.3853043147883 1471.6144357957733 1591.3725279937917 1263.6488487842907 1706.5623902514226 1276.5907055257203 1445.7076261364227 1712.2079258516642 1449.5652670717009 1557.089433724458
1271.05596690941 648.0926664417075 1525.1128971626704 1330.0461119633223 1118.4120580164608 1401.6382068558023 1423.6003582963158 1812.0044946211347 1109.9251885836975 1903.2638693990466 1079.4520813123731 1368.3303349651214 1272.379192231252 926.232278759237 1110.486059701885 600.97746207416 1461.388242123382 881.5801825073399 1066.794516874882 928.1582206335352 1264.2004964917833 1189.6237094324283 1273.7284881615824 1220.3565052790823 1315.3972841975337 1207.062766596604 1445.7076261364227 1712.2079258516642 1187.0109052597036 1557.089433724458
1103.429419444592 433.945775014899 791.0328881636756 1127.9503052268046 1005.8304244757678 787.1203454445708 828.1720265737044 856.8966813966254 807.4165058818053 1159.3160808393286 888.3265566680261 1064.4017244980832 966.2625838502922 523.078126421804 612.0226619623513 591.2747187610416 746.930365878377 606.3110666424459 889.0484531791121 763.4985400399196 1154.9522969232848 882.0651994622713 740.0097787567865 749.7296186604854 868.5402912718841 469.31143564545573 724.0257850408875 1023.2921057282065 937.2536448100545 706.510865184302
514.7310864599103 433.945775014899 599.5950719095727 562.7595514922241 636.2161799110113 460.2877508189008 691.4041556735433 613.1990583974844 488.3812749374588 545.945717427518 523.4159623418418 754.5344551824728 439.52057572103604 523.078126421804 549.0509061005969 481.45135629430115 570.391433705151 483.750232933387 441.5177694617423 605.2329360537497 458.27853055573087 774.0448204739077 549.3504710938605 627.8324362193471 582.2991781778387 383.29595463836495 523.0333401524513 623.026765753214 790.4272247332415 634.6166283081411
318.4202151360505 255.19298093105726 456.68507551839866 355.73483440791233 306.8938004993761 418.8708042510457 327.3029021102184 274.3666549609097 348.68626373749066 349.34303139023086 305.1597859850117 403.4478006915624 278.4773188598292 316.1370473669831 364.4241532878377 314.19544206127284 355.3839560349161 399.4020487947946 342.2507329913633 401.08424906131313 399.2163928346249 349.7588973801958 374.43460172122013 509.21583199629276 331.8768105974159 349.6500522882625 329.6986864780538 321.7579652000022 412.98933210205087 421.2439011011752
203.48756602249978 209.55057464113224 243.3876521068537 230.86230554023587 230.40300073705157 236.68402758032425 229.49640540077417 248.53871894727445 211.82201526518156 215.33286902315058 242.35389761765236 247.8837471022307 234.65240317249254 231.50480087538517 247.46864169611308 219.8089358834668 243.586044610116 219.33439147493664 251.47438320454376 243.70977919932147 246.987099097596 235.9671733807495 246.24015150050263 270.73967128121785 249.59547340048994 215.9779907251982 253.72928859563353 252.08085833513587 248.25830306441503 247.24318209836338
189.58843885965098 186.4726472888642 199.9830565740831 196.96883441183536 193.331129797014 191.14866772003052 192.61737918557583 193.73582203532578 185.9237653200821 188.05062785959535 199.0591339100297 190.8970379226821 194.65001003458337 197.81978878985092 196.84340408387834 192.9035004671009 200.65005083077403 195.07494791827958 190.61295977142436 192.02426595888574 198.99211288123342 194.80927312061203 196.1203886345802 203.43493614664203 194.50483235361435 186.89482366227776 192.04658473722156 193.92164166365956 192.248500451979 204.423139219959
181.87398028815278 181.32521719143233 183.6498265970904 183.99480994749092 182.00415177213335 182.2633773275761 184.20674067166874 183.24652464658902 181.83002660982993 181.62765120163658 184.4813373838997 182.98969416126965 182.63449827357726 182.8127682595955 182.56094412568564 182.06413454503763 183.63909612689804 182.82319244615064 182.48871507641252 184.82444035746812 182.8348187260499 182.83410630211665 182.82187771291456 183.5297574331321 182.80972202841394 182.02008371079773 182.27176330962538 182.826115150629 181.92647023534164 184.15353579521343
180.88874153618644 180.84731557255463 180.9336459033916 180.96638425283163 180.8669979495271 180.91397909121042 181.18369928828088 181.19105630242893 180.88082547369777 180.8479312280856 180.97331346658757 180.92994246547823 180.95829459239167 181.21646998294273 180.92898497149872 180.91572820497458 181.142595456648 181.07373172240932 181.06478589578728 181.08251947151712 180.9132946838895 180.89662606819002 180.88659148000716 181.14863129405967 181.24953781302838 180.89519313715346 180.94602238246534 180.95871535421566 180.93753591232553 181.19717957992316
180.78919557699828 180.78359407071275 180.79439926764144 180.78927952971935 180.78967711294354 180.78746145135347 180.8034226749037 180.79561490840115 180.78533717812525 180.78639075471756 180.79339294033343 180.80810485331813 180.7859749923573 180.8033434328422 180.7916548872813 180.7895138211561 180.79109458688254 180.82195952048278 180.8090869230664 180.79023666137937 180.7945681489814 180.79205400137107 180.78875092986527 180.8024369747841 180.80466897402857 180.7828110864143 180.78526387227475 180.7854644323479 180.78874707889508 180.79757223448632
180.78140909080912 180.78129734522145 180.7814117213702 180.78140825410628 180.78136104890882 180.78131434380612 180.7814280479106 180.7814192685223 180.78129035106713 180.7813282668635 180.78158580489935 180.78158661573116 180.7813234127343 180.78149679830358 180.78139455570863 180.78144923959553 180.78144445198177 180.78268644743503 180.7815957257717 180.78159896398438 180.78137616326558 180.78148611468896 180.78184837612753 180.78203511152878 180.7816581159609 180.7813017912208 180.78137174025642 180.78133813389013 180.78143780329947 180.78175148951823
180.78127168773335 180.78127167928642 180.78127168285255 180.78127170313928 180.78127169444087 180.78127168464925 180.78127171467986 180.7812716892031 180.78127167885214 180.78127171744063 180.7812718214568 180.78127180452384 180.78127167935372 180.78127181430318 180.7812716815397 180.78127178443856 180.78127168717492 180.78127204793827 180.7812717061338 180.7812717283473 180.7812716816834 180.78127172846644 180.78127174606288 180.78127177636588 180.78127170785365 180.78127168677656 180.78127168214905 180.78127168360515 180.78127174693373 180.78127184199684
180.78127167774664 180.78127167774664 180.78127167774664 180.78127167774664 180.78127167774664 180.78127167774664 180.78127167774664 180.78127167774664 180.78127167774664 180.78127167774664 180.78127167774664 180.78127167774664 180.78127167774664 180.78127167774664 180.78127167774664 180.78127167774664 180.78127167774664 180.78127167774664 180.78127167774664 180.78127167774664 180.78127167774664 180.78127167774664 180.78127167774664 180.78127167774664 180.78127167774664 180.78127167774664 180.78127167774664 180.78127167774664 180.78127167774664 180.7812716777471
180.78127167774664 180.78127167774664 180.78127167774664 180.78127167774664 180.78127167774664 180.78127167774664 180.78127167774664 180.78127167774664 180.78127167774664 180.78127167774664 180.78127167774664 180.78127167774664 180.78127167774664 180.78127167774664 180.78127167774664 180.78127167774664 180.78127167774664 180.78127167774664 180.78127167774664 180.78127167774664 180.78127167774664 180.78127167774664 180.78127167774664 180.78127167774664 180.78127167774664 180.78127167774664 180.78127167774664 180.78127167774664 180.78127167774664 180.78127167774664
180.78127167774664 180.78127167774664 180.78127167774664 180.78127167774664 180.78127167774664 180.78127167774664 180.78127167774664 180.78127167774664 180.78127167774664 180.78127167774664 180.78127167774664 180.78127167774664 180.78127167774664 180.78127167774664 180.78127167774664 180.78127167774664 180.78127167774664 180.78127167774664 180.78127167774664 180.78127167774664 180.78127167774664 180.78127167774664 180.78127167774664 180.78127167774664 180.78127167774664 180.78127167774664 180.78127167774664 180.78127167774664 180.78127167774664 180.78127167774664
180.78127167774664 180.78127167774664 180.78127167774664 180.78127167774664 180.78127167774664 180.78127167774664 180.78127167774664 180.78127167774664 180.78127167774664 180.78127167774664 180.78127167774664 180.78127167774664 180.78127167774664 180.78127167774664 180.78127167774664 180.78127167774664 180.78127167774664 180.78127167774664 180.78127167774664 180.78127167774664 180.78127167774664 180.78127167774664 180.78127167774664 180.78127167774664 180.78127167774664 180.78127167774664 180.78127167774664 180.78127167774664 180.78127167774664 180.78127167774664
1000000.0 1000000.0 1000000.0 1000000.0 1000000.0 1000000.0 1000000.0 1000000.0 1000000.0 1000000.0 1000000.0 1000000.0 1000000.0 1000000.0 1000000.0 1000000.0 1000000.0 1000000.0 1000000.0 1000000.0 1000000.0 1000000.0 1000000.0 1000000.0 1000000.0 1000000.0 1000000.0 1000000.0 1000000.0 1000000.0
