8514428177.220839 9539388921.586819 6972903190.177382 7645072441.281354 5224886673.263605 6060565254.398043 6969154545.122518 3925836263.830376 9048256095.90461 8378163517.383582 1829233589.5798194 5288130031.950296 6259203249.267881 8287565496.058443 4829082366.840838 7631799308.402792 2393721736.342609 7165559989.006389 4227450560.874547 7119831472.504208 6050147970.91157 5835955080.661625 7112721865.201941 3284295516.9376807 9600216321.753534 8960021166.474934 6995280455.222073 6428263332.410677 6422370653.395004 3568408191.501656
2079780048.8442798 1980558117.2856135 2595781358.447015 6171561847.559919 4603561988.08316 5203774608.028691 5091780792.127167 2198722163.3200297 5138733346.320691 5784649699.535214 1829233589.5798194 5012960987.250483 5796034683.308983 8287565496.058443 4249052189.1620555 6068557476.20038 2393721736.342609 3505949119.825261 4227450560.874547 3708473838.447381 6050147970.91157 3683907285.340496 7112721864.581615 2451861625.9436364 5808430228.667088 7874691230.154593 5415652127.044216 4120331050.9601784 4326085687.321484 3568408191.501656
2079780007.2421691 1549267267.3937418 2019088660.385786 1941984085.9542603 3505132543.2279124 2800501168.01321 3796728592.76616 1409968063.893532 1923788769.5979502 4460174979.0715685 1754390695.0665927 2498651802.785565 3323547110.0077405 4032173882.568683 3569954494.8916774 1844513618.6776261 2088889919.3350272 3305863007.205052 2125144340.7180264 3268932027.810928 1380568077.5905082 2231409998.7707834 2437375756.677385 2106525836.4796374 1991678469.388395 3976387008.167494 3006205634.4749236 2623045671.744148 4326085687.321484 2664296506.623842
1320858223.9815571 996908484.7021235 1202844063.0928636 989661095.3281164 836806844.779852 1575239293.040795 1218615175.960094 1104293732.7618234 1749558303.3827171 2160313321.2125673 438096682.8829827 1437588926.1258326 1579529214.1846468 1256186389.978551 1131006216.9650555 1391135560.7533205 1603627059.8179839 1402365033.7375188 977666522.1690919 769797984.1300002 1337090929.424359 648861498.0943751 1376045921.5581255 761382127.6438514 598956566.780518 924695145.5484405 973154774.4018217 896115631.8035814 2476288924.7839675 1330668791.668173
609575241.7628498 446825709.3854121 236659671.57900965 771911024.058551 193586809.85708565 556939807.7120186 719848123.4866389 478153178.8994183 564267501.8564627 576594490.9437127 134912117.30991772 494781868.33540434 750906506.5423936 521190408.81255007 482049775.6315777 594657466.7730424 470653141.64109004 766844152.5171676 771722448.2593246 545670958.2580314 364527655.7095386 293243077.4959134 438451491.12763315 390267115.50894123 321751492.9107297 267614567.89933637 644023818.6687702 532118103.778003 430510159.55061674 671421341.1997806
136814671.14254323 217378038.23151287 166003611.461801 280855694.2390933 94432996.48255624 189457098.19181386 123505047.97453329 169346676.9061175 191805615.25203538 153864857.53032148 92591269.96078268 53197699.82494703 72319809.05225351 112845650.86601703 180639779.79603317 151266292.52623168 25257160.00470219 37180750.52437495 83980395.59432282 92327605.99470426 141127961.26894546 127319921.21742499 254405361.64254275 202113119.6428054 94874557.06295937 145291141.2868245 209510763.02756792 279491084.8881535 261393072.13639125 152428446.95010796
15678822.75789155 72637271.25089383 29879693.512296293 60587713.19046466 18890235.52814974 23636244.588798482 34764928.329813 22359293.925413243 30381388.67673669 30080455.556883104 46487696.10785651 16182879.402331794 52726713.56200496 14945188.24049758 53613585.45396945 33509435.490709383 17878891.84519907 17601950.52505658 58848935.12658731 22575872.055251904 56799810.577652 50170909.73458704 36594031.66078888 27501920.308829226 80094774.53106435 34460358.384322785 118429930.23417987 76586122.29638158 44927835.89390442 26411338.98135486
11764136.843656708 13970827.179900592 13840739.209641175 13514602.706578279 9583560.753989043 5297806.726770725 12325877.8886096 12792307.751314385 17873922.7854585 15348947.435383014 4785800.079432011 12319254.06651742 14572723.880903367 13279184.986846874 11677330.865165131 8906814.654400175 5069133.652978404 8859600.685740553 12645448.91496099 11559202.034747837 10560847.655354965 15503585.244856026 23761111.666661732 13374522.190658156 4657663.991623037 14193592.79770508 16065154.005614022 15299020.265003419 10119370.724517783 14426265.675144868
2234032.000868783 4976886.099010079 8277633.109393779 6108530.351203846 4528845.2596796 3248538.2531030127 6128720.012608234 4263903.504771156 2228035.3199899364 4025366.3935612263 1753201.967618415 2520067.0746687963 3702214.0891896007 5669446.455497052 5725734.086883512 3096093.4058544533 4355123.137611807 2620188.405011379 7448636.946005239 2903546.161153845 2922815.824369327 5408662.732682907 7031788.122241382 2327394.2031331216 4437133.243731932 5094514.901372103 8555519.140311252 3211938.080171208 3934738.968041684 7645470.125873937
557437.3547845776 1411550.7315060445 696602.2183820534 1310098.2813164454 1840759.35667504 1254236.9634073004 1342285.484809737 2257069.368963673 677518.9478147951 1552819.8817386625 479542.0652434595 1561576.6788734666 1126624.8291853436 2482176.1287672315 2161607.0481380415 1124892.38757958 1131603.7147542168 790089.1041969006 1181308.8827546353 1083169.7662956975 1751504.8156718093 3286151.887301866 1679407.9706498932 700498.0855649682 1614691.4169979664 1073800.6971879953 2786921.03929532 1882422.7761547493 3892378.284984227 662087.7592953524
349078.6334854548 633070.3884505843 341723.69666450145 438043.94981591357 701772.6574911254 193890.66329725872 530743.8306391087 934063.9709210297 491397.8282402869 472693.55381498515 53824.23056332826 250996.23030617775 294989.4131675032 778753.5575056546 789456.9430530566 519727.32874952146 526745.4991273266 183938.82618505444 499203.8223431455 482454.60412051616 796868.1515667775 659821.5004141758 942145.5341952677 457567.79415663646 295085.5341665524 809531.9609323826 223532.47565417795 1254164.6336073077 1247485.8694785994 486484.9222469786
141072.48546131188 151208.93931993097 170800.5110062594 53845.54472536831 129396.13859710569 76903.96134075036 86429.05398418815 67085.36637231952 108260.42013142914 180051.0398395788 53231.91426726166 104779.85181201728 89825.95380817779 254231.7963160972 122763.83892181207 374837.16717103083 60735.86840771856 48501.106335040145 134578.345694677 87221.16283848332 204046.85896834428 540601.7759624565 230245.59248869418 67452.13207487429 116079.15522819548 149573.2920870992 192281.4087349611 380347.94336680236 233983.24134208687 222015.13590883077
28502.086157287056 56870.96170308293 50751.070959746445 47018.56728924723 24388.558633339722 35353.02361544019 33685.75487941525 59913.57219504722 88043.44888844853 52464.14702866346 19971.5963714639 25305.511323813036 34117.67954429717 39535.1045250968 122653.31735042357 176461.69500268175 11217.2833924279 3333.4594526694254 23708.500736246646 47170.351164564854 105565.25284305873 201890.3163101224 67153.89859154887 66214.3186501458 53642.20589592806 45098.25714498317 69068.96229575935 62930.20093491048 122485.72706451578 129194.70167841538
16900.753148809625 13677.114795702544 17793.419629651726 25219.388885752072 10345.754645110874 2468.292883384166 14410.791899761532 21253.056541724287 17616.93757379083 15110.157619034053 17396.118091628257 19059.670359530483 3925.497269864981 14351.82157494507 14650.15388281802 28304.522361939784 5863.566368591738 2581.2057785577435 14765.571453977645 11673.341351988029 35464.24388816302 24445.265850618336 17069.180416892195 12052.839156257976 16304.30762234395 11110.23053044151 19844.485892601977 25004.047228610678 27751.57682345868 48384.44404532852
10102.052049301949 3707.003593695499 7648.6921882406095 6853.537038440047 3448.5213656251526 2353.277212507668 5712.61682517172 8083.025519811803 5202.031083365368 2276.353492552642 17005.67043680783 3854.8136505123075 2114.0756528530897 5255.851074463564 1747.9401714415271 10327.96615776449 1851.7414675622663 953.4260430764502 2524.2437789462174 4534.371810067938 5488.631921304316 9557.114462244728 6359.596442684303 6968.25792256288 5091.817993373948 4998.114430985518 10027.090701737088 9253.295453106588 11082.836198092506 4976.957574601
1264.7256027796361 1238.5877156818506 2001.8075324803704 2485.841179142277 2513.003653898174 1958.3913658265683 2746.0474860142476 2714.0772758267503 2765.465900875147 818.498707862821 7152.430590911799 1226.2678843597519 2038.9592733755326 1454.092173853428 701.1439989522046 2755.499030482466 327.1767653751558 679.4884114958686 863.430004565846 847.0723223896057 2663.90473092732 1319.0872254651167 2490.977898950392 1715.6621758264541 908.1509391736995 1538.697396196424 4573.5601983980205 5520.622377002862 752.3646038390102 1778.9899154213153
1000000.0 1000000.0 1000000.0 1000000.0 1000000.0 1000000.0 1000000.0 1000000.0 1000000.0 1000000.0 1000000.0 1000000.0 1000000.0 1000000.0 1000000.0 1000000.0 1000000.0 1000000.0 1000000.0 1000000.0 1000000.0 1000000.0 1000000.0 1000000.0 1000000.0 1000000.0 1000000.0 1000000.0 1000000.0 1000000.0
