1429.9962614380825 1252.9080014621788 338.7322710657386 3072.5447686636144 828.9953697499634 901.599038215476 1014.8611467587534 1033.922012209695 1005.9417096766715 809.5009200727995 1068.7216345738639 1048.0270765911164 1193.1777591149444 351.58454296499804 854.6362528822938 1559.7100381254675 1485.032412164852 1387.1357331294669 520.0638939804107 1980.7824094357375 1316.2638929390996 2798.5394833375162 787.7962749269657 1642.194346052242 1907.9553803927183 2669.019123867795 4776.6065257481605 1971.8610843124252 1124.1042040997327 2272.8552681670317
926.9911773512838 1252.9080014621788 338.7322710657386 876.2180888366415 696.407242450503 901.599038215476 279.10554661649314 995.6453004545701 813.8711218782005 809.5009200727995 593.9525689785165 846.9420961684784 589.1263350256368 351.58454296499804 378.9640025390411 830.5745629704468 1414.3459012443934 891.5034117303871 520.0638939804107 546.0862170533554 795.2809602479729 1223.8027536871848 787.7962749269657 636.5922717243604 1343.7273223438212 1554.9154387638243 1289.8002094466362 1442.3128685228892 750.7380133206088 474.32913647684245
245.89025585079992 991.0527448023774 226.35898309990841 489.5100178555879 335.5745078277532 887.2862020239925 279.10554661649314 576.3301520972891 543.133993034038 620.829555699658 431.81292595030243 369.56854216402166 400.39869679557705 232.02972075492767 284.42783785634583 372.78408994639017 614.9240652096238 891.5034117303871 363.2928638867463 131.6179226937711 680.657500228207 353.2651392973137 375.85375667960784 396.3368558399485 421.21937969572446 479.75763739592276 684.3227756525198 607.4357875390409 501.57974207790437 345.9672869408125
170.18723217233776 305.88184678707603 181.94210724693585 288.93287974777934 192.97893660646537 189.92455653866318 212.18337750338264 396.60493377267267 339.74785454085986 205.68516792394337 288.96309969016295 288.26794485493747 156.01208060020144 232.02972075492767 177.41620187575415 372.78408994639017 211.06925638849816 217.89066548421874 339.499266864314 128.7154578826977 292.37335907224315 169.4567427189412 255.43453034778872 161.53231574968027 289.7555818124248 269.79469963311567 268.6378775216697 311.15196144250615 364.26603051464167 128.76240576292093
130.82298088846483 208.61154772916484 169.69260738212722 112.39859024352393 100.62103435800839 189.92455653866318 107.54352389458188 188.22541856023076 233.37589182421493 49.916436540743575 105.38898252731593 46.56796521776823 117.85214292716489 78.89767541034229 92.59497317800913 143.62578925557955 102.41853038736105 85.22381135402077 174.42742895782135 85.12650479226079 115.84851087976733 83.7398566855241 102.63165200003294 115.97219999111985 177.47767903626504 174.26719287684796 179.74624639902436 102.3685844623052 153.07460232860865 102.45965926639735
48.14762051139587 92.04195985373656 98.92430901905112 52.49188965181929 67.3016834994391 47.49886672976345 39.20306204071073 105.91245651749273 107.55251377257667 49.41741702426003 84.9083950593515 15.578942948226256 65.19154069554429 73.00574654127888 53.31204469829822 91.30939204967927 42.64281622302519 58.43584787263802 109.57374709632148 28.406952105425603 55.58081305263829 47.59103551670432 27.882615024181177 71.99956700041349 68.94469674854332 64.48409592129917 122.49602720394762 84.08823206489194 77.3544357801137 52.94402872703563
39.752583460245205 33.44947161384465 49.42356823098521 43.20099821685267 30.514308857649894 33.46261644866712 15.08921898336456 64.4660681838335 57.59657403073351 36.90907895625014 41.66807327154129 14.624542562528347 45.691709226018304 35.40875068359492 24.43865159556526 38.836883006893345 23.602055336656576 31.898139312425883 60.503490022455196 21.583401580976897 32.2918859189333 27.46176646626452 22.956962710600067 37.6108123712703 31.998560887910116 33.83093721532862 54.06478728527014 26.920747876111648 59.47422711092179 21.418728021342076
9.819959431203301 24.218558816217467 23.95481125003255 22.77710085676 16.384468639250088 14.467292662599903 10.803453698982707 18.1912978741359 24.154492476659755 14.396807290324034 23.775614588976453 9.804075828890916 25.58482067935188 24.194973251527472 12.168588028869465 22.395733613939967 13.760104607860399 14.2724103760292 18.526219607023165 13.460604063675305 14.59114349215406 16.945503006321815 12.095833630407014 20.908790596631718 15.702989672704064 26.269170179736136 31.080959735134684 19.697333033700374 14.701444151391115 12.718526657361735
9.607615507562457 7.3581817225695545 18.97177062897407 12.135195421550748 9.612515282228799 5.941720091395723 9.438228796252247 11.927251541966598 12.176190538068 12.89616151789761 11.103534989820957 7.656676939193346 12.540211717160787 10.636225931765011 9.26685608830769 15.31214316003394 9.204235853912166 9.215327115681191 13.947153886293847 9.332926854279435 8.164398778838745 9.55513158264796 9.77980740697825 13.73333123296851 11.882687633038188 13.076716073361581 15.102751150530025 10.478746884455006 10.327212889863858 9.42083137403074
8.96104893978486 4.419022395400589 5.655411944907144 9.366290902646313 8.935941974533591 1.8238705756726858 8.917368021850507 9.541177086027403 10.418448883834685 9.87288161874045 8.438499255336978 6.639320654173559 9.27934614471377 9.14947660857979 7.613717523598666 10.418985118850344 7.875170383886086 8.924053355461012 9.98772294465283 8.930936473008728 7.70429940060734 9.085414076105849 8.924092149952514 8.794551478895698 9.007344737278174 8.959874627581428 11.480257626653952 8.969223217662943 9.067323782240521 8.931086065915622
8.916208720446889 2.0341837275324792 2.7505185653736817 8.924651894022986 8.916132575361473 0.7193169629707654 8.91610350639752 8.946589995522572 9.035721928514533 7.26952466497454 7.63884787310559 5.949051246710496 8.924691951784553 8.917700198184775 7.5448713092865205 9.01573945338157 7.324228784151671 8.916111398427859 8.908439059220598 8.916148112799704 7.418561356182067 8.918216030817462 8.916106746993933 7.3641421190174015 8.92365555694937 7.4528974822923715 9.116783779724301 8.916502216697609 8.918049118908755 8.916181852155432
8.916101930308628 0.31432534206692253 0.9366041894138561 8.91610742889958 8.916101929414253 0.5695790949862953 8.91610192782099 7.608760234586441 8.919652988614814 6.338352000790337 6.498661431142182 5.700244696407253 8.916109057766505 8.916102029108742 7.195265409687352 8.917915771856258 6.846423761416304 8.916101927910688 7.5990845824753706 8.916101930326988 7.2459310990291215 8.916102765698952 8.916101927797854 5.7891533150707915 8.916114643756316 6.823595276906133 8.918196880259984 8.916102013276998 8.91610209494337 8.916101931400533
8.916101927781312 0.10022076555208059 0.33596632081156486 8.916101927781881 8.916101927781312 0.2814273889069909 8.916101927781312 7.505670291314061 8.916109053842433 5.88531723717108 6.327398696256068 5.661377874772768 8.916101927783984 8.916101927781312 6.945938621029654 7.716937535133184 6.787056646776136 8.916101927781312 7.2218332151140885 8.916101927781312 6.815870491113344 8.91610192778279 8.916101927781312 5.035172524996426 8.916101928410683 6.652916958699052 8.916103524068319 8.916101927781312 8.916101927782393 8.916101927781312
8.916101927781312 0.022866836520051947 0.23083836613699305 8.916101927781312 8.916101927781312 0.27312895867703446 8.916101927781312 7.379131243560778 8.916101927802458 0.8592351808781018 6.294401703492099 5.612002805620762 8.916101927781312 8.916101927781312 6.6595696272202645 4.683705797175946 6.64613353055978 8.916101927781312 0.5560067105419648 8.916101927781312 6.602611352813483 8.916101927781312 8.916101927781312 0.3598231072783733 8.916101927781312 6.5475362536915895 8.916101927784837 8.916101927781312 8.916101927781312 8.916101927781312
8.916101927781312 0.005844591660888909 0.08221744775886464 8.916101927781312 8.916101927781312 0.2616602204018932 8.916101927781312 2.570530191986961 8.916101927781312 0.4145481851664954 6.113678384651507 5.538420820604017 7.464638548803521 8.916101927781312 6.51965108800772 3.0639723516914614 6.531112896545437 8.916101927781312 0.3577558409620565 2.7008420034854907 6.43242765861271 4.570149339947363 8.916101927781312 0.19417772289727964 8.916101927781312 6.521774523334614 8.916101927781312 8.916101927781312 8.916101927781312 8.916101927781312
8.916101927781312 0.0023360444900504262 0.019694224055399445 8.916101927781312 8.916101927781312 0.2352421313587456 8.916101927781312 0.5459044495429453 8.916101927781312 0.019744852581538908 6.090085992540082 5.517207647100804 7.176164890422115 8.916101927781312 6.282599542073569 0.7424917232764301 6.3026477023518055 8.916101927781312 0.29785088363462364 2.610532755810482 6.103592433113704 3.402398825975922 8.916101927781312 0.17041241331025958 8.916101927781312 6.440580688976809 8.916101927781312 8.303201202551293 8.916101927781312 8.916101927781312
200000.0 200000.0 200000.0 200000.0 200000.0 200000.0 200000.0 200000.0 200000.0 200000.0 200000.0 200000.0 200000.0 200000.0 200000.0 200000.0 200000.0 200000.0 200000.0 200000.0 200000.0 200000.0 200000.0 200000.0 200000.0 200000.0 200000.0 200000.0 200000.0 200000.0
