13180.749284347898 13562.445649327585 12735.069299426948 10347.25091077745 17029.0154868322 10729.704110479315 15834.848834996934 10023.365203741421 10782.628976951808 10316.979337992252 14217.303799545643 11741.3334890411 12869.703385776524 12957.980795518031 16014.151434049501 12076.688230253098 12119.564454458607 11258.48179824325 10587.689515076894 7457.19487818346 12846.53278826569 12291.179902396332 12254.51070883464 10980.231785336573 13127.834156077866 7727.206847677484 7235.219267248494 9217.832047840451 12475.940492739386 11878.027632962201
10307.845342342434 13332.41506727711 11629.783703912522 8915.340492968253 11900.566646349464 10729.704110479315 10562.52625165725 9090.317422462162 10782.628976951808 9038.880637567885 10769.590971766327 8544.603455045288 10825.902201015677 8297.57396529655 14052.342206257043 10723.446951135385 12119.564454458607 11258.48179824325 10587.689515076894 7457.19487818346 11327.942257717898 8264.36010603961 6639.179906747532 9273.716123821861 8097.758011363156 7727.206847677484 7235.219267248494 9217.832047840451 12475.940492739386 11878.027632962201
9546.031992180382 7671.406835731981 8573.218228592004 7287.618601259434 10736.981419075028 8123.376431333767 10280.633844418933 6916.071052173766 8739.02430176392 7706.638296774912 7473.759041366453 8544.603455045288 7588.097346214556 7768.499622939051 11505.33492862482 9657.825730217031 6231.207743305917 8956.505728888182 9338.164909938305 7457.19487818346 10324.632756576535 8264.36010603961 6639.179906747532 5435.9380617626975 8097.758011363156 7727.206847677484 7235.219267248494 7209.12480572898 8536.238475216214 8636.21700924495
4521.999918477567 7671.406835731981 6669.842887252128 7287.618601259434 8142.998273243145 3391.4991916016406 9381.675206537435 4947.549719786807 7467.689879816018 6029.315963748023 5473.970080351773 7187.905904538412 6483.579618969955 6606.796979491478 6555.68345310133 6647.2573514062315 6231.207743305917 7100.344058255934 7236.535773432911 7457.19487818346 6956.523825127316 5702.092072009582 5331.214600715771 5435.9380617626975 4061.120298549792 7727.206847677484 7235.219267248494 6109.906112301414 6934.670341090538 6440.209639574001
4521.999918477567 5035.000302088877 5446.913275034044 5093.038974363147 5185.30604589287 3268.801988227533 7230.483123150647 4947.549719786807 4542.415236391062 4897.135353372338 4476.391645684513 4727.784683083824 6409.128553949939 3118.4035569638113 4444.091084963063 4779.39367292331 4912.876492723517 4582.6368962503975 3349.874063397212 3375.977379711274 6432.847967819398 3324.153877256689 4303.842133972162 3539.6968869082048 4061.120298549792 5515.891513083099 4711.49723818587 5242.413360465961 4162.577921424101 5249.001444046394
2750.9407283785904 3107.5427040856994 3301.0394838483408 4073.214793788893 3564.8459374211743 2334.05011352963 3458.785382055693 2447.6606804488224 3784.761354014594 3507.675023059799 2746.3707541894573 3594.830146731774 4215.96897093468 3118.4035569638113 3842.728967225642 3296.4694945126366 3608.188855449057 3476.0948275655846 3283.4442723214033 3375.977379711274 3933.8120579159213 2088.7424590598666 3667.8960838387666 2829.823015574954 3730.0819663199472 3566.193779550087 3362.231188543001 3157.9868006516554 2911.5738519802526 4821.85008175507
2096.8874079756247 1931.3149953839443 3014.5144047615763 1583.394853544915 1915.9220307277328 1592.088788883032 2733.382459770757 1935.9040042172246 2809.789136177809 2596.0556319739053 2105.581368676194 1771.1448295193481 1879.7426529316353 2108.513066731134 2494.2801640899947 2074.121970724971 2600.2119087389706 2502.14459864392 2186.5086875480556 1252.1199831250415 2693.4976377268126 1527.689375358792 2213.0581920874192 1846.384604430833 2197.7655342730604 2679.6544105199255 1680.3931550764983 1670.535971552194 1727.054153788788 3753.007697216809
1203.9925163427151 831.5583423518824 761.5882306137335 1390.2740948976043 807.8431386645184 866.1075502951903 1861.1924821677958 767.0776066313483 1751.645400968293 874.0152523559391 920.1984392912595 1294.145851142307 1464.5352809584933 1480.4820042664546 1166.4306319768984 1135.6877041670034 1244.4789243521755 1212.2330957236982 1606.381996025626 816.1385518334209 928.2219072105709 1144.9558868572487 1011.678577301114 1252.1855364133198 862.9406912850591 600.2607042033123 971.5561512950749 1066.1099026366803 715.4579263831056 1193.1525779090616
652.4252907601831 265.34302873987144 444.1115165779381 893.6721281865766 407.4648868463073 284.836997071257 713.4398468509116 412.4901880774669 571.6691289408136 522.206017665038 301.39636827216646 225.1849515713161 682.2443357352431 600.5713445289314 661.1421896765828 418.54076662143643 421.86948261073394 382.18277777508047 587.5065116100736 370.6992221606886 606.500705266719 298.3385109082674 545.9016357984681 627.256400970585 609.5086292850144 167.62606558734183 404.42521677033164 324.64128878241377 351.097877186872 816.3182088211463
116.57355103946804 44.227576151102426 140.46109351813743 90.21929535081972 188.25659218135593 110.97582686475721 265.9440485461946 116.34928087239268 162.03310078259597 245.78598158539762 116.19868535851947 112.68018444186123 138.29981491918147 199.7770581489326 236.9602798617193 103.8702985794082 119.24332893109317 75.10738108978376 161.9011835760109 136.88263073093503 181.35703803269985 69.63108680497328 314.52560165365753 300.4782270067067 114.05248935741588 33.443778583837 140.4873989941766 123.92780907261238 158.8324351585727 266.2779136367676
13.968051302470485 13.338681939234448 18.636135339985003 21.402522849088655 19.874257730148543 10.747720924599435 36.934055373949946 11.0163439727296 65.8094078086848 77.85792389177368 23.816839445864275 10.607627465337032 38.1191471515109 67.73718324165986 42.809670827142895 28.685957905635746 26.474003518124505 12.378331926236228 32.167174019808726 24.453018285944722 27.675201853910266 9.137279428952183 67.0343258014558 41.1390470926674 22.14009422325921 3.5300980684628485 20.678343656223547 12.129101895568283 32.91504675300325 38.515890586465275
0.6582990180482966 3.078161892325511 3.4382148527314484 2.2321794089748437 1.6486548270592039 2.2777219361561265 2.7131880492818254 1.2276615776314657 7.797199804166894 8.976605175711143 5.033619438782125 1.3218576965530247 2.450594606983259 6.0068060303538005 5.047682228820008 2.9049115153256935 3.887961839206355 1.7908443709792436 2.715805734432479 2.917343895952172 3.932124905728301 0.6910833492001984 2.869459503601206 4.790499615363956 1.8245463308015815 1.0864626226940572 2.218846579186902 2.552638394764813 1.3644597220932155 2.4461263618137536
0.007978496398436619 0.0698358639746175 0.5618802832835854 0.04626554809158279 0.08940515568406227 0.5532569310419149 0.07386099395864676 0.22345888945244496 0.5394075568393646 0.3668072889921632 0.7141414414465999 0.25485872513922914 0.941284046819419 0.5700619921445877 0.7987006670256278 0.7414739190686532 0.4407571464276998 0.715739815143138 1.074968410989186 0.354242487312149 0.5311922922663825 0.001699510351841127 0.40396015645490024 0.3661445662154392 0.2386534592129692 0.3620877891877399 0.17330249557585375 0.02333712254483089 0.033018859854450966 0.3547072697012936
0.00024174438681257016 3.0947308005124796e-07 0.0002998135408915914 0.0002611618477885713 2.9012653612880968e-08 0.12797172563205095 1.0414876214781543e-06 2.999167008965742e-06 0.00044668397288205597 1e-08 0.00046480205082843895 0.09055676732907614 0.2632605950265088 0.0036919938975188415 0.07747857888841736 0.0017094549459670816 5.1113378276568255e-06 0.020422223835453224 0.15659963348468864 0.08955339840576926 0.020658862083109852 1e-08 0.00010723330581186019 0.0001275704814815981 0.0006627423423424261 0.0006547199901660861 0.000538611124397903 3.123739134025527e-08 5.5583427638339344e-08 0.0007459921807821956
5.464221430884209e-07 1e-08 1e-08 1.758594066814112e-06 1e-08 0.010585246593223019 1e-08 1e-08 1e-08 1e-08 1e-08 0.08952896077460082 0.0005095726088484298 1.2188593245809898e-08 9.571466534907813e-07 1e-08 1e-08 6.238183232198935e-07 0.09031865023405317 0.08952825041649248 0.0006772633031459918 1e-08 1e-08 1e-08 8.538610586583673e-06 4.9459572437626775e-08 5.03952935559937e-06 1e-08 1e-08 6.663583462795941e-08
1e-08 1e-08 1e-08 1e-08 1e-08 1.9814412326013553e-05 1e-08 1e-08 1e-08 1e-08 1e-08 0.08952825041671986 2.9172165341151413e-06 1e-08 1e-08 1e-08 1e-08 1e-08 0.08952925962148583 0.08952825041649248 1.3234091511549195e-07 1e-08 1e-08 1e-08 2.356432560191024e-08 1e-08 1e-08 1e-08 1e-08 1e-08
652900.0 325850.0 464950.0 725450.0 315700.0 1000000.0 371900.0 356450.0 428200.0 295100.0 465750.0 1000000.0 1000000.0 552700.0 680950.0 478850.0 383800.0 652900.0 1000000.0 1000000.0 1000000.0 224750.0 454250.0 481100.0 1000000.0 580800.0 716500.0 311500.0 321650.0 580800.0
