1148.7902148138828 1628.5614013518207 823.0071967539852 1725.0724317216736 1261.1231050853803 943.1309768975693 1400.492590770452 1776.2167011386464 1248.6476488550352 1384.897645643614 1849.4447936670203 1038.9501020170856 1206.094371201135 1333.8337621506025 1647.925465314771 1162.1212644762336 1210.3539597316253 1079.2974223761976 1501.912707528938 887.5280264780217 1376.8976166148254 1423.2736600519765 1532.073398040293 920.5057069995464 1611.3566803643853 1117.3878813376969 1336.412948135025 1307.6591413343194 1746.3767993580504 1292.9134644379405
1148.7902148138828 1000.9440072431635 716.7198733286677 1310.8279153760272 1042.6564648447375 943.1309768975693 982.535087138629 1389.5429035634847 1221.816532109835 1379.081995791314 1487.5035498941352 982.4086498000397 836.0694349595046 1333.8337621506025 727.5390444461996 888.0610912165475 1168.6276878553335 1015.2880646217891 1155.041158355124 887.5280264780217 959.26675009061 1416.7958440062757 782.3525866022019 920.5057069995464 1226.6999204132526 941.3865598849447 852.1776237686786 1122.9323390177974 1403.725840600593 1120.5690901080898
755.1792383298557 506.008033519468 635.7862145005347 997.0023404489029 596.2018711556384 567.6987856320488 618.5105452755129 814.3605689028732 885.8684249485891 1119.1146214522378 598.0761442903668 482.80840621140715 750.0089602789103 1103.9971385406825 589.6455258566075 800.5928917992478 836.9935050618919 690.7879610480195 786.9350296394268 726.1480801227444 542.7164421343587 973.8502619944688 475.8421778467132 876.8125876239878 818.9164482104884 723.3853491527716 587.9313154805272 649.4101936712359 942.2574346584142 859.1816766041825
505.80490418114505 463.4299930201814 522.9809115783919 573.6955663511967 420.80544665863226 431.82497198409374 484.94185049184034 603.5418943672644 522.2806638264356 528.6001131718376 465.09078870850317 431.023709951382 449.72847764211883 665.5330677395232 484.93346385269933 499.9538321898999 498.41646902239336 478.56940703783494 572.166731676658 409.56782494398703 409.2697610714554 488.3255545912566 412.25219835934786 619.3063609407436 463.0721567854166 518.029245010227 447.62151833917414 562.8575626334191 526.6319083450398 695.991333038904
377.2179374812713 355.2737215881639 406.3070662875916 409.84515463573143 408.8110819958233 335.0823319943356 306.71929073404954 437.94053728840936 401.8895627834004 388.4970786592248 336.8638006904698 362.288059223913 398.11279676664844 457.35853998775883 355.27002815504466 360.5394685289011 415.700392621447 298.8706451285475 353.5172029002115 374.3676848258501 373.9252986718093 362.5459251688899 354.7125406569585 436.98636022190794 349.6001584285168 361.6168726180226 385.28930961806464 433.72772717875796 386.6603039150591 433.56640512855347
304.68865399220385 294.97513424376484 329.4168285064138 313.6348153856711 304.02829115517125 279.0584256140073 275.1693352473244 343.9571514186696 317.0503745832434 281.5090491879114 294.8736958831287 323.17860488535325 325.15646932869913 350.8686596095404 299.90431778706625 302.85317073384385 310.4933439957067 277.5816244892894 286.554563388052 315.4851628743677 285.07817869256087 294.6404598503377 294.0572887585804 317.98931377996087 300.7246447270286 308.1474907882234 312.11771704104194 341.6533129110344 318.5055826238372 361.1935162887321
276.02023490550164 274.1332758750191 289.12892332153933 278.50211228454646 277.5881113719761 276.49018339714166 262.7776308613975 264.48920227863346 285.29529433201196 272.34724420525845 267.6833041260752 288.9578072047939 278.9605635345397 301.4771464291134 276.5706953641529 263.1407690973642 273.23027419660457 262.58571870431433 259.4974580386079 269.3800048363505 261.0052003637884 274.05231021039435 267.1169741103258 276.0828728199135 264.1018618626099 272.7187273237878 273.8959154821173 295.129362688926 278.2192226990842 301.2770529539798
251.53159263651742 258.1129530178141 261.1371469016681 257.26110809525926 261.51919353074663 256.75910521657215 256.7971929774667 258.9636542787125 274.14618071933637 261.3272551607106 260.0877843605358 263.87733244485844 261.3053231795043 280.9991812696494 257.77720562191735 257.201940506995 260.4574575423435 250.86549815562603 251.22662509546308 257.55901705045017 250.65277195477756 260.1390732969876 254.6835552544294 259.6250386772599 253.54033664753615 255.96166725775993 259.5828778815826 259.4052057270169 265.5195756028115 266.8735862427584
249.75037943047573 247.32661728208404 246.97723398957714 244.31550021450585 254.6030144595511 248.31522482643186 249.87890780180305 249.38792273354647 260.9046751343117 246.09576552991984 250.99343962705507 255.0322278853937 244.3388875340661 250.45242301051394 242.68756716693952 250.67105223343742 252.533920655776 242.9685324457614 245.44776234219353 252.62955326368683 246.4483677682756 248.8176721691948 244.06088142991257 252.1082364512563 247.66422381975053 246.91820889345854 243.08158447160986 252.84341546518 255.21152248869203 257.9120493170399
245.29570340072087 243.86773640993852 240.35166472527453 238.31543314724968 249.01472051104065 241.92582289204256 247.06790836460732 246.80413034742833 257.23079726298283 242.97368436584838 241.626964890389 251.34448708999435 243.1909035398594 243.88998177464828 239.90144730491647 245.2365498777276 245.30181034435282 239.11001572325813 242.00600028357758 245.18106381029747 239.77585986031727 244.67546369707998 240.32493312579481 245.02600271834763 242.0486094475973 242.06626582056288 242.71374870091267 247.5759781809743 251.12229399400485 248.6845163075095
241.32374080750014 242.88926546340235 236.56407386180035 238.2460571110446 248.28553658715236 239.5313605974029 244.78665658719729 243.06168331229355 254.57992392334017 238.5135845385298 238.12154271921963 247.57932236135548 238.6250472740544 242.87841912985687 238.92430051239353 242.0658841262084 242.12260434841028 236.546943283347 240.9600796488421 242.35052961000292 237.12032673850263 241.55557436710114 237.5326190995188 236.23760297815534 237.54725842558082 239.24327960646633 240.2347106247771 242.97175317325355 244.6063768916183 243.10691718739236
238.13013439205406 242.73572956968565 234.3133139249967 237.48899702964673 243.80582165788292 238.90908321038341 244.11228495768228 241.90351765185096 251.59194530351124 237.84421688563634 236.19085809835815 245.00967634048357 237.64093335990583 240.36353142715961 236.7886457639711 240.0125565906983 239.34182471780696 235.70233878204408 240.57992030519563 241.6481963610181 236.783161264711 240.99765539302234 237.06082062274072 235.71331189810553 236.8040925920268 235.93920511567921 240.01712609054584 238.3323796635118 243.22116518122039 239.10263138727896
235.9648284931759 242.72295104914838 233.97712997124563 236.84837714111336 237.56286292047025 236.68220736218564 241.02970343204288 240.15219099821024 247.52571334254844 235.6158853377392 232.213671039362 243.7249331642479 236.37767856778783 239.44388321623455 236.34265858727258 238.4803680145901 234.86808523582295 235.65550254699428 240.54338831093264 240.66207999277276 236.74236433927263 240.76115572899107 234.23064853019105 234.5753411746573 233.99017892679876 235.31820045915492 235.83123861082186 237.67487021330726 242.76768737087832 238.36976580091914
234.83090022272245 242.71868835098667 233.9745836492889 235.2960960065816 237.3667272961584 235.2291591806793 240.88540091449204 239.47828169762533 245.56952149827202 235.17150371458774 232.01395928350212 239.67815523858417 236.06552628721738 238.11016656591937 235.82957597990708 238.06310419949386 233.62080795361044 235.6549213515209 240.3463801872549 239.85159868960727 234.1571948087908 240.46578078085577 233.80772863995253 234.00711112511954 233.97511744220674 234.67830160045605 235.67533182173156 237.10177022162952 241.4790013462043 234.33108562599136
234.4687273532213 242.71140211318425 233.9743009461895 233.97800550150623 237.3623134805389 234.25629584959916 238.49743760636647 239.35132641172004 244.30006147040967 235.01688165568748 232.00783418101355 238.5629559548115 235.9258483557751 236.04481213327108 235.68506120221036 237.04894263913548 233.53162137388244 235.65492041127573 240.33805804550775 239.41495591074727 233.97437328511705 237.25492234726516 233.7868960085425 233.98031626405964 233.97431215158213 233.95332203852786 235.67043284895044 235.75154795254866 239.0368750029561 234.0763339285354
234.425016178674 242.2813441665262 233.9743009461895 233.9305127755997 237.36192174840062 233.49471913179968 238.24961123743196 239.33928245024345 243.02073314691006 234.2733494462027 231.9781272293826 237.9448676424945 235.870387152494 235.91840681725262 234.04240384669765 236.86768282969342 233.526075339621 235.65492041127527 240.33754697061158 239.01399114491733 233.9743029019087 237.062256309026 233.77856784719006 233.9743396298286 233.97430094766423 233.94994474447049 235.65558533509602 234.1742371186392 238.96068447303378 233.9843150489737
1000000.0 1000000.0 1000000.0 1000000.0 1000000.0 1000000.0 1000000.0 1000000.0 1000000.0 1000000.0 1000000.0 1000000.0 1000000.0 1000000.0 1000000.0 1000000.0 1000000.0 1000000.0 1000000.0 1000000.0 1000000.0 1000000.0 1000000.0 1000000.0 1000000.0 1000000.0 1000000.0 1000000.0 1000000.0 1000000.0
