69.62816589280965 76.98824774380375 90.06740248408562 60.64410746505291 90.95425218319122 81.928479637485 100.92085653777849 70.5538896062186 55.26211835555034 63.12153347639742 77.05469138640319 77.04405602879604 88.97164807783906 46.833135246784536 71.73620502481083 54.11938891332147 94.65129310396014 85.15280614882204 94.60265320065673 77.56544752653599 77.24707558286025 81.54743042285838 82.79712285282028 60.59310097060188 87.67605613166825 63.94014686801381 96.11584851074315 71.40160472147488 57.82529979796425 69.41368592195386
69.62816589280965 74.3422803863831 79.38717256503014 46.3695429659316 81.61507914084666 78.81110186232081 88.17488440277793 70.5538896062186 55.26211835555034 53.23965340265772 62.76705873237688 59.49020632341637 75.76465024695744 46.833135246784536 67.93702078738022 54.11938891332147 59.341687519565994 85.15280614882204 87.72057302726739 60.13207151852441 77.24707558286025 81.54743042285838 67.41877586324676 56.52857603017662 59.66581523178502 63.94014686801381 81.92857267307897 67.7809411981923 44.5098287284012 69.41368592195386
57.158951119404605 41.0656111880769 68.39269280999918 38.555515891542086 71.71926362367515 71.29706471246004 68.11947135417267 48.46572778908933 48.5831820098789 53.23965340265772 40.46778938026239 58.60421695730645 32.5457434177132 42.27851597644542 46.86759941461912 37.50438371820417 43.96958048282215 58.10080209588523 75.63517370808609 60.13207151852441 53.909022783809974 66.95869943978937 67.41877586324676 56.52857603017662 55.628685331501174 63.805554215612574 69.20419666905718 50.39770550171113 44.251972808352434 55.037259481464844
45.74067976679737 37.56376085130603 47.00186323591538 38.555515891542086 41.73625270059222 38.10861198148325 53.28393664531427 48.46572778908933 45.41336160377023 47.21430177422894 40.46778938026239 46.748699601255794 32.13346040248473 42.27851597644542 37.85367084916834 36.24290001284601 43.96958048282215 34.498127669173414 45.6170626186838 49.10018873427521 42.63310922070207 38.5132718925812 62.98941701718741 40.38249967165052 40.07882148623628 52.082979750633626 57.214418296847384 37.171003818087684 36.541879674048005 51.21847137231748
40.038219580841314 27.028409645136207 22.830385989311708 30.783518759787626 23.362356438765573 29.133723518389274 30.243279858596225 25.008998540930406 34.653638530216995 38.06227072036677 30.32493794042 32.34096409336041 20.668321502170556 26.38681367513027 30.988465888523365 25.61034724905744 35.406619847919956 31.353635254646747 32.50274228797912 30.43449131167563 39.44518815284846 27.648328241460604 29.82357042928595 25.1728340814808 27.859447057373927 34.31834317603909 34.51732882965064 26.035704651655692 31.875983008198205 30.583295513613734
27.73412333156307 16.84180801145294 15.434906183009048 23.79272589580978 17.340393000484482 15.984869682653425 20.37658571149325 16.149929326240454 13.081773248696095 18.491897099583184 19.804125888904082 16.989797917218425 19.48207716780871 16.60786714557321 17.285832252873206 17.9839648637618 24.59809971249888 23.51879925222022 22.169663842253158 19.068025393061703 20.44336654201095 16.91384671043261 14.946182077503636 19.707566473153975 18.130244441106356 15.739918577605863 19.209084965083093 15.737977337178222 17.692755037972347 17.46510440399277
15.806245917825208 10.647543116066231 6.862348817365842 10.388879159467137 8.591966893739368 7.835884144657598 14.404010332452913 5.458467631620806 8.15375637390082 12.614656944012495 8.928424932079906 13.14010041509232 9.02271321616638 9.466626831861504 9.917706127467227 9.315816031369422 7.281917868606683 12.62143631337426 10.103217342024777 8.172996028524949 13.03286578462587 8.888596354901438 7.133122307989083 7.623144939909594 9.561244420102298 9.419992015141816 7.121286399280393 9.017114110285206 7.479310526860672 8.16872043101057
4.489193507736559 3.5311906463749665 4.0657030923321145 3.3804611448309743 2.7956812177026222 2.693991220944099 5.675162524411235 2.337757828955546 2.69892355663967 5.55464797845184 2.814758831756876 3.331768851677907 2.8493792758187055 1.702410502879843 4.350976250903386 2.569780888144919 3.6503704822132477 4.173829143246849 3.670220590126405 2.735734248223366 4.402654564584736 3.1874330561201987 2.500923220100276 2.581611039811264 3.1899263134168905 3.0810742048468 3.602348796306501 4.8726595727614495 3.601503490045161 3.230741055276667
0.8605915273632263 0.9695987368736496 0.6964819589401259 0.6531423056812855 0.5246917417682653 0.6934674475586462 1.3065058292102094 0.6028025031247353 0.7375196940216711 1.4922319305478595 0.6443686788340983 0.6256819706360375 0.5972864137792158 0.8002156885958129 0.8829993819192623 0.5873412222587149 0.7654371608419979 0.9971360499318962 0.7181636625030023 1.238750268397098 0.8075427971390354 0.8573223621953048 0.5405620077216327 0.6187129623501733 0.6961692285077561 0.9480454138255254 0.7369808977972525 1.0957980783559833 0.33569601204806077 0.9223208655129156
0.05693413979201978 0.0692058910464084 0.035220717102333765 0.05529451940117269 0.017431440704740453 0.04492355414663507 0.09203750990570825 0.02875499903882428 0.03738945361646984 0.1756141725057887 0.06248366638283187 0.09946638700012045 0.07085066437628029 0.06003582484686376 0.07480373747580416 0.046736254186612314 0.06493497045278218 0.13578574577627478 0.054196822630274255 0.11408121605688848 0.08232572006568262 0.08386387520602057 0.027697075846276675 0.04727628399803052 0.06686533527863503 0.07407108334211898 0.0487480944714207 0.06634130599638866 0.03437474112604377 0.08428335187250013
0.0009176153330372472 0.001228656219950608 0.0006646928601412583 0.0006213434271558071 0.0003078665724842722 0.0008702219212182172 0.0014898644620870982 0.000494706118843169 0.0002886561259174414 0.004095823955253763 0.0015030782427629674 0.0013940620412995486 0.0007326469258259749 0.0019172216373135598 0.001586088295425725 0.0010351595602742236 0.0010714392602722 0.0019231910985126888 0.0006361148000451067 0.00161026198043146 0.0012215875564152157 0.0012517674830405667 0.0005465066105898586 0.0012235457747920009 0.0019483491606706593 0.0011554214360103288 0.0006837775267740653 0.0016093025120653692 0.0004153702838038953 0.0009093942474009964
1.0297750350218848e-06 7.691370456086588e-07 1.6757842331571737e-06 1.091103627004486e-06 5.513420546776615e-07 7.202231699920958e-07 1.4332646287584794e-06 7.08106426827726e-07 4.592136519931955e-07 4.161774540989427e-06 8.103352229227312e-07 1.467823267375934e-06 1.4022655250300886e-06 1.6626099750283174e-06 1.465632294639363e-06 6.365983153955312e-07 1.6110170690808445e-06 9.85368387773633e-07 6.015536655468168e-07 8.22960726054589e-06 1.4025138170836726e-06 1.988289000109944e-06 6.29824171483051e-07 5.614510882878676e-07 1.791747308743652e-06 7.675464530620957e-07 8.909205462259706e-07 6.474701876868494e-06 4.2133740407734876e-07 7.684340062041883e-07
1e-08 1e-08 1e-08 1e-08 1e-08 1e-08 1e-08 1e-08 1e-08 1e-08 1e-08 1e-08 1e-08 1e-08 1e-08 1e-08 1e-08 1e-08 1e-08 1e-08 1e-08 1e-08 1e-08 1e-08 1e-08 1e-08 1e-08 1e-08 1e-08 1e-08
1e-08 1e-08 1e-08 1e-08 1e-08 1e-08 1e-08 1e-08 1e-08 1e-08 1e-08 1e-08 1e-08 1e-08 1e-08 1e-08 1e-08 1e-08 1e-08 1e-08 1e-08 1e-08 1e-08 1e-08 1e-08 1e-08 1e-08 1e-08 1e-08 1e-08
1e-08 1e-08 1e-08 1e-08 1e-08 1e-08 1e-08 1e-08 1e-08 1e-08 1e-08 1e-08 1e-08 1e-08 1e-08 1e-08 1e-08 1e-08 1e-08 1e-08 1e-08 1e-08 1e-08 1e-08 1e-08 1e-08 1e-08 1e-08 1e-08 1e-08
1e-08 1e-08 1e-08 1e-08 1e-08 1e-08 1e-08 1e-08 1e-08 1e-08 1e-08 1e-08 1e-08 1e-08 1e-08 1e-08 1e-08 1e-08 1e-08 1e-08 1e-08 1e-08 1e-08 1e-08 1e-08 1e-08 1e-08 1e-08 1e-08 1e-08
38150.0 37400.0 38800.0 37650.0 36650.0 37750.0 38600.0 37300.0 36900.0 39600.0 37850.0 38450.0 37950.0 38500.0 38150.0 37300.0 38550.0 37950.0 37350.0 39700.0 38400.0 38250.0 36900.0 37450.0 39250.0 38000.0 38200.0 40300.0 35650.0 37750.0
