6834.361601779408 1749.0517880649559 2665.737142818647 1201.3189894928673 549.6618112908782 17961.72466838745 338.25000051595543 3126.516992985713 2014.7526171465915 4521.421520790942 6543.6110988683795 46669.21546623456 1078.5354307918524 1924.8569990232918 623.7722092580475 10619.04079709718 1292.8909556980684 1003.5617728010052 463.7186066911354 8658.877776312645 4598.052890415854 1005.984892325007 666.0452953619802 8834.946395439056 672.983187774727 766.3464705874985 1979.2124813451364 24246.368338097527 1159.9550206009649 2567.849591347851
2694.159677197259 1749.0517880649559 2665.737142818647 815.6959422224922 549.6618112908782 9365.088986324972 338.25000051595543 1370.3930581441668 1812.7781075949433 3088.7522251297805 961.3517029816417 989.595424494963 1078.5354307918524 569.0367277994574 623.7722092580475 1112.3840965541112 1054.7819374599221 1003.5617728010052 463.7186066911354 1680.3068832988329 4162.046020115127 1005.984892325007 598.4107226267938 8834.946395439056 445.2771524963291 125.3027098408852 1111.3232284516394 1275.00375093734 1159.9550206009649 1007.5088873664945
789.9879089415108 514.1003626510478 966.2601948182828 141.3556500326713 99.72180258469689 3999.2249484228923 338.25000051595543 736.016232021977 580.5648703362681 1062.9224664080643 606.2662272201078 381.62113783803306 509.7705373554586 341.6766329367056 571.6856819439736 562.6774970264637 1054.7819374599221 754.6801194484233 463.7186066911354 769.777818429372 714.0632965442378 659.7768208012467 598.4107226267938 1464.0155270125651 445.2771524963291 125.3027098408852 409.2379439003789 578.6386930932649 376.3547415818339 919.158319204565
303.0210483550636 514.1003626510478 410.1025032312177 141.276049446461 98.44684463433623 393.02458833936544 321.17575135676543 473.0595089601011 203.35538027739722 504.5195906571221 413.11868353216823 115.71036803835568 105.83923245047481 276.51594285848205 571.6856819439736 204.92954619825787 254.4601770091026 297.5860773373993 376.04969848614064 178.25377937614303 515.4150483086692 196.58966691366732 331.38982751633694 429.202919295587 410.0682261470665 125.3027098408852 409.2379439003789 567.6223489241997 272.7623264891704 208.4929627992351
145.99331613239883 205.07940304824615 311.1370775754658 139.33841399376342 79.09040753043837 184.5922518603661 144.41411955212516 183.57342899527475 137.69175421840055 158.86607099843923 197.96318379792638 109.02459921680929 94.7460266635203 112.71395696213176 108.31357231262291 162.03590218459067 201.77882120000277 105.25335022095305 361.7946805272218 178.25377937614303 203.38688075188156 188.17381630644195 193.58022939815328 82.45710972133475 206.4905472817809 118.62075480262956 166.5488765761802 176.1903012844641 93.66441487132124 157.59175589319238
64.60288370254557 117.64678246129051 130.0899261128693 72.21019192553467 71.66098927429175 111.1897745472661 69.10251816632035 47.4357268951876 65.45569231745503 59.163644974799354 84.12103527979252 60.98342237083716 57.21457655988661 59.04012887130284 73.04802107796422 46.02083836697375 64.5970224686098 65.17431769244968 218.73239400260627 54.626833246462866 74.72051073112561 59.82502835271134 106.29184842190625 67.94700176857168 61.91708983109402 65.98464448209324 66.13934602706513 65.380833347916 55.905666154399114 53.226404898584406
39.50898978525629 42.580205745436615 65.72717240837301 43.47893509780715 56.96322479159335 61.58652514994765 37.391409590308285 37.808630913013076 60.38882584284465 48.55716385095002 44.365587541150035 46.308290692376886 41.294452323800215 36.61772387190058 54.271660877998784 45.68096298316959 41.294526444810344 44.29963221049229 46.22778287174424 47.36272872523432 44.85227987869166 55.27051415258029 65.7188709423549 43.42309309617667 50.277076830538135 47.2349251563046 46.649613585296265 64.96603068475451 55.68226169331865 42.1219151542964
37.585317666783794 39.47444532691679 46.54858655921771 41.713277363232464 46.90907249981956 43.93349388907927 35.25186376543479 36.301885905192194 34.89273177763744 37.00341119619134 38.81637875765 33.98496803637636 39.877560254675245 35.7885642515439 36.515082161775354 41.04179520193156 34.25320194524693 34.460338729119485 40.290705656138016 32.68588130339185 37.51592453549756 47.08619509517666 35.16901826915955 39.51720281956614 39.35547587106612 32.52590166670507 44.20953750892022 48.47570355810922 39.31605405745722 38.98890030597977
32.46029799539792 30.568679598170093 33.28655073095479 30.014986450055858 37.24167495632537 34.41889038344425 29.949944138802948 32.83235838020801 33.77926782030863 31.916687820451443 35.59339950317644 31.037332141701427 30.772120599195205 33.85715494996157 34.02115649935649 30.496370532739093 31.68219123233621 31.412807066138612 34.698154653226084 29.47998339550759 31.198199102075705 32.18822323841505 31.100740896443313 32.03030699343071 34.282671194464 30.227190057280495 34.250850973880915 32.86190684789244 34.07244073985612 30.666196676399068
27.673744768089364 28.049496157300382 28.924565082696063 27.932310424523166 28.30084772165037 30.428406820398322 27.217432911795186 27.161838954168616 29.73669016468557 29.11204153880817 32.124388622630704 29.347678006487968 28.00316045813952 29.24065481365551 28.492629727094936 28.43315337897411 28.45249121461211 26.323480368087985 25.637452665410365 27.543967376633645 28.546527762839105 28.93812586758213 27.624261585354816 28.81940950262333 26.92764133155697 28.12390441691923 28.977554642530777 29.09153185653804 29.140595601394125 28.08508689428345
26.158254693855724 25.583632035197752 25.51750288673429 25.09104934045672 23.899634211759803 27.298496497691303 26.104276253101034 26.056782514274346 27.166354029481226 27.04508228893974 25.6205138549185 26.52430813883484 26.43796859109443 27.713516617285677 26.638700609218176 25.52622550506385 25.627445715957947 25.55579833119282 24.945384110679697 25.109862370460633 26.304868328992143 26.6576167870503 25.52678659105868 26.104707350928948 26.550711703052457 25.484339866400205 25.448356847820378 26.919180241236063 26.2005062592616 27.005303831952006
24.221875954489406 25.39822305852431 24.862207273729382 23.667025709693462 23.89129750049642 26.180567202356997 25.79687551907864 25.216545431608665 25.12613439740926 25.377649897423453 24.01826971903074 24.86343683073119 25.049956978965838 26.203584120743017 26.006198927972036 24.57851484539242 25.05679524268544 24.31397179404439 24.93188599582345 24.80287623778122 24.570992130619743 25.479040352497123 24.19184911595312 25.0324732679951 24.142002932778723 24.176315143920874 25.121878855974956 25.271733819426572 24.425941499660894 25.846151103019565
24.053928131785597 23.82183239845108 24.29782230185856 23.60660848500129 23.585313778472937 24.694409601632287 24.370912629933628 24.656162644379492 24.52370021324259 24.776386409894712 23.807420137177814 24.119670221117758 23.897923568150418 24.44604050160615 25.356654692105167 24.347495048043584 24.356779249606006 23.798244542706925 24.720619905424428 23.30293335700071 23.488786882881413 24.51894275016457 23.84066517916881 23.793084222855214 23.999973408539063 23.969507312198857 24.910333103886387 23.95925269239069 24.401830816772417 25.359891492826137
23.965714568859312 23.667829373457153 24.13541382780795 23.19867279804339 23.0876855010265 23.99550422457969 23.836560564864612 22.834973284212992 23.066055211930234 23.725194612686664 23.739798259915005 23.275653943191628 23.22117912568274 23.063402522528577 23.688356461653257 23.697191144882254 23.743661689472447 23.018445875676207 23.7126089374392 22.80425157844047 23.488786882881413 23.05228484498275 23.33996666153689 23.3163315959182 23.986862533591648 23.486479214094288 24.00811857514327 23.38542147355065 23.536244555637495 23.789962259577806
23.331724883574225 22.548280788642387 23.709277491797366 22.928527121735897 22.52171128619466 23.076235585611812 23.502843185066467 22.517428023303637 22.74458828690149 23.045686056688282 23.5088845794412 22.461061225914364 23.165389820904693 22.457226890434868 23.04243468166669 23.511684267388773 23.15070319950155 22.438644074538843 22.951534394718692 21.721297106476868 22.43564966302347 22.583424897794885 22.89779280561652 23.276851494116272 23.111213344413954 22.61433084053715 23.151073717632244 22.589153216341856 22.987755314324204 23.00219096903902
23.006480408595053 22.37956010671087 22.54361448155987 22.822402818532282 22.003504753974994 22.240566803392085 22.922068183348074 22.191644396303673 22.159801113032245 22.436936695428358 22.78039170909051 22.413395454224883 22.67440532579394 22.02125149745234 22.137651032390295 22.005865414377695 21.890270422358753 22.378473308192042 22.335554256600517 21.683094557781715 21.964065891833798 21.779168148343615 21.891591884630543 22.961416341216136 22.563546824706464 21.838668468630203 22.76287736982431 22.15313095192687 22.62017152736371 22.835195283007124
1000000.0 1000000.0 1000000.0 1000000.0 1000000.0 1000000.0 1000000.0 1000000.0 1000000.0 1000000.0 1000000.0 1000000.0 1000000.0 1000000.0 1000000.0 1000000.0 1000000.0 1000000.0 1000000.0 1000000.0 1000000.0 1000000.0 1000000.0 1000000.0 1000000.0 1000000.0 1000000.0 1000000.0 1000000.0 1000000.0
