190.93507647796514 221.5340679072633 126.5553047252356 125.99179321441125 236.65071346143668 198.4427628798153 165.57097765913932 205.37073546409738 187.41633622090558 254.95033979796244 140.44844009961798 185.69063805874111 137.5296769581414 205.35993344976805 310.1034391700923 222.82661617492568 253.10185966663994 243.63913439911403 170.5490327837665 159.82093168147776 187.55584092652907 251.28904348012475 126.52734028075247 236.6270497971691 219.35224211423474 142.86470655968606 259.7395668147087 217.34360974124365 196.81907620427864 219.79313869926682
190.93507647796514 197.54992698132764 126.5553047252356 114.00795515743312 198.6287798754588 198.4427628798153 112.27207801902159 200.89052702403478 187.41633622090558 237.05492223315196 140.44844009961798 138.82926639586867 137.5296769581414 116.67105197197588 171.2809560589808 209.41336336328868 249.4764804769784 227.80333534071542 135.0642911780651 136.72061180252877 118.75108557796011 202.7523139623795 124.93222996448276 177.5141516227127 219.35224211423474 142.86470655968606 114.97030451774117 174.6811973576032 196.81907620427864 219.79313869926682
143.57098225297523 183.36914937208712 98.99586842986764 95.94781173700085 97.00889214794279 153.25979588694327 112.27207801902159 148.39838697480673 187.41633622090558 165.52038887683784 93.61363606401937 138.82926639586867 94.53464200112285 113.15993928119497 123.07571146981309 153.08947850450568 162.77636096529068 85.63263946334519 128.38850936638755 131.80791031532954 118.73775991981665 161.57931457238055 119.75223336382987 146.7281096995539 138.6122368218421 72.07925194402151 114.97030451774117 126.31438131738105 166.3464113480777 118.5655711974332
120.4451126207623 126.0495510779906 77.18759175445075 95.94781173700085 97.00889214794279 119.52611181350676 83.89203752609819 104.63866379402862 159.83767079232484 126.94905748064548 85.39470243524875 75.99927553146426 94.53464200112285 105.88059639840003 123.07571146981309 139.40903952013696 162.77636096529068 85.63263946334519 94.17836748866512 111.68750007739254 118.73775991981665 120.09218289522687 80.90113637371633 108.87988891667737 110.38058742668136 72.07925194402151 109.02530881387702 92.80577528466256 106.42376713184649 81.82513343855226
79.91185618770214 100.4161452796543 71.25655208467151 75.6308159481141 87.27432691524564 90.98858136235094 53.763271150388846 104.63866379402862 113.67368981640402 87.17882448725777 78.1916440686964 74.59773444962457 80.43581427928984 94.55143811880635 91.35475421070396 82.32462723557137 122.4104532682145 58.00420145003318 60.807841484311666 73.68251275620833 87.89150932874054 66.98151644013069 79.32053534895431 79.64197376408902 58.14721727254846 60.86230926958433 94.92871646188132 92.80577528466256 66.83215635589977 69.13049706284028
57.59468651095813 57.178635877301076 53.286922746734035 47.006142382266034 63.36774844922775 49.48399740354762 53.763271150388846 66.32898098135502 72.82141215761067 74.60617911047393 72.59482642891453 42.67162075371243 56.42496603092195 53.12731963658325 69.28471174008791 60.61143601929234 76.20659464311439 50.13780772602604 55.26395118680284 61.11555067838617 63.793380224223256 53.549263677796716 61.48137063455897 61.77551937898852 58.14721727254846 51.00802823306458 61.54428979568638 52.45452592830952 66.83215635589977 58.51102246837536
48.27587118673728 48.97931795556815 46.523529911111154 38.29877649220589 44.47680349453253 48.582761190143174 40.378398305126666 39.06656304819512 38.81781770663133 38.512688939356394 50.5939309317082 35.12806050732934 54.85765019245355 44.90598984141366 54.100338557545 47.25943142208325 49.58981485502409 43.79285950232975 39.82137594376127 57.05401613513641 35.791335620582686 43.55541149349756 43.557716345757854 48.384721638804876 43.11524311620292 45.38437248370906 45.5411256377663 46.799605776451244 39.133979056728094 48.161679071020444
33.668265738441505 32.039375669401124 34.21957382061828 27.15350024092072 27.688649853992047 39.30808928860847 30.688251603462504 28.867709493246366 29.841989874273168 27.878310591890568 37.18452960118816 28.440882519992556 30.142973522194097 35.15711235766321 33.153255875038894 32.54143033924424 31.162791643720766 37.68916815204966 28.797002476579564 43.47712544049591 30.424545298464864 37.92042351773807 26.373839202927456 30.827247174915783 33.43220707168439 34.00728830101866 26.665738865778394 29.744715154013647 27.0479799198215 34.94589946622864
16.386824503901153 26.197230371400565 28.59685008271026 22.62965953856451 26.4153182309974 23.461646319347892 24.54981769363735 23.653778355965642 26.844497017377307 21.76529283795753 30.583825340394014 22.702712396131346 25.578653848811882 27.571306742768 27.61237331007942 28.80704291384427 18.466103045289174 27.775540215205638 25.860626590539823 21.858088045752538 26.006329487587664 20.63077671097858 20.34482533003893 24.24771439715778 26.67029801381682 17.46354960398412 25.080820879830526 18.06220542616188 24.479509907553393 24.96437723941426
11.528265421698961 19.064382971367877 12.089471053319812 10.43887427907066 18.885797404203913 23.025380767111074 16.809795093941602 15.392960655029583 19.92440130107093 10.090133248031862 14.317058973824714 12.437975115203244 14.645330256123998 17.30616966237949 15.879300039724285 17.829644686705706 13.166379347516113 20.284392378098573 22.463239200028056 14.359252937859083 19.814009576261014 12.8064823016241 13.630174112187206 15.057853186225657 22.853027707671572 10.127765081859252 13.29892727192805 13.453918023163396 11.65673387973743 17.525040273858167
5.956761634826307 11.959798383697944 8.431819285159918 10.000653466727499 11.965640230623194 14.507413351995865 6.8784153970452735 6.855003713342057 11.341027925122262 7.6637516083367245 8.325319686992088 7.828236834931886 4.58494767462048 6.516274455474786 10.114610077770521 6.400558539157373 4.69560831078411 8.396845812587117 12.865591018242185 7.667270585996675 10.944690646049821 6.043450139635752 6.858632493254618 8.981734536800332 6.049380796647711 5.596093570823541 5.380317757716966 7.557541117690107 7.027052549487507 9.797837243971117
5.060282144812618 5.687416759133612 5.92905262748377 9.641541519543352 7.5612882842197 6.896271012942407 6.004469154208891 5.121429331025865 9.025777347557778 3.511036896713449 7.5369412208126505 3.394887535055659 1.0812850898191755 5.272655516416307 7.503129941874477 5.087235856698726 1.6490485359727245 4.852200799392904 7.764446664054503 6.232085460569351 6.920290422222479 3.003113596547337 1.7156914602642246 7.125420068889753 3.1660618425084976 2.4507438668329087 2.591572944764266 2.7560819759237347 2.4602495984984216 4.776528174132864
3.266838458412167 5.389310778065692 5.146365497959323 5.451841486300054 3.508776536955338 4.516010280238788 2.444427225938398 3.162663622628088 4.886557753773104 0.9987178529709126 5.407098490099997 1.0026089603929904 1.0396771243158582 1.796587124583084 4.434490067986417 0.5630934673501997 1.636898119630814 2.1461811746924013 4.153643688557622 2.5783200097098415 5.132693686347466 2.176855801014426 0.8853459388701594 3.4005670863743944 2.7845682051174663 0.39300125355225646 0.8268322960996102 0.1717868176574484 1.9112491885723557 0.22529191209923738
0.8197184011385161 1.0694495981249474 1.4626831185655647 3.4931482375941414 2.0190227657469677 2.5703489130075923 0.6611042220756644 1.3204698832821578 0.23321821289323452 0.06957456191889833 2.5536192698168634 0.34915780944766084 0.05473799245396549 0.4100456650567139 2.058164439013808 0.11040890099252465 0.5667380145091556 1.9263412993386737 4.153020511741943 1.0043480865028869 2.5942984559831075 0.7518499879654428 0.3619461549235439 0.2605453051671702 2.170403451482116 0.03817565982058113 0.06340359342857482 0.030644686068853844 0.8435089754366345 0.04510896951774157
0.6324017334859491 0.017634878136732368 0.15803561492816698 2.5212502571787354 0.24034551425052086 0.8347134671023468 0.12298627217546709 0.06543181505276152 0.013896248401579214 0.0004311797363243386 0.7228995504287923 0.010025316805695184 0.0005861986710442579 0.0790663233815394 1.0333844690769638 0.010483815837687871 0.016986983013566714 1.0456849890686044 2.5762947307948707 0.3099069564113961 0.95140450587337 0.04460321297278824 0.29041009600450707 0.013040815760859914 0.7636518502176841 0.000335665172087829 0.007304014475948861 0.0019602877214310865 0.029509779805039216 0.0022528329093347566
0.010138660856227943 8.165000508597586e-06 0.02097608588087496 0.17976760929877855 0.00023564514549434534 0.012005386928194639 0.00013681720474778558 0.0008286565387152223 6.183566915751726e-05 1.3907856555306353e-07 0.00032634525223329547 5.2454141950875055e-05 2.5629626634326996e-06 7.223004558909452e-06 0.05538231639093283 6.233145541045815e-06 4.086636863576132e-05 0.002032351485468098 0.17514190812494235 0.010956542247413381 0.005224995048138226 0.0013138769347733614 0.000592085542393761 3.278174881415907e-05 0.0075827605298854905 2.433231657050783e-06 3.897980332112638e-05 5.919315753999399e-06 0.0001646696596253605 1.3938570191385224e-06
200000.0 200000.0 200000.0 200000.0 200000.0 200000.0 200000.0 200000.0 200000.0 200000.0 200000.0 200000.0 200000.0 200000.0 200000.0 200000.0 200000.0 200000.0 200000.0 200000.0 200000.0 200000.0 200000.0 200000.0 200000.0 200000.0 200000.0 200000.0 200000.0 200000.0
