150.7635315740133 120.22608158907747 119.07654755227702 140.43756221172293 107.92453303590935 119.4196760824791 120.53832619826312 103.49688829170111 135.44294387307366 110.88568704664112 123.4056737906817 103.36632222760795 111.45037406152517 132.7181438996812 101.20093722150887 115.25080833321965 109.23317778661135 130.28009316490977 107.25279163850576 123.002230186328 128.61470614445852 96.76253609481898 121.06743974398955 107.47520559761165 142.71994079309457 137.9757984802195 116.34542933160697 118.62059839958101 128.09666558106483 135.071010320504
121.39915801511643 107.55075194394283 119.07654755227702 124.63355961728735 95.03793109847709 107.43691426263297 120.53832619826312 103.49688829170111 133.0879965769641 110.88568704664112 122.7427400805035 103.36632222760795 111.45037406152517 125.89505349008505 92.07793513594095 93.7225327737143 109.23317778661135 95.74725830987268 107.25279163850576 118.60992851409901 126.33346233124769 96.76253609481898 110.89948140420836 92.2164471326139 125.74637062820977 116.19220754122796 112.69245552823418 118.62059839958101 113.61424262568369 118.01253349453805
112.92626325487902 87.51109598839741 109.7304076108893 99.21196620434387 86.3900311027329 95.26235020457602 94.7097101586005 86.80522408284389 111.40498278318694 97.37930505295515 91.7112472377346 91.80472077864908 80.53150116603638 99.01138224324552 89.9132550474369 93.7225327737143 99.76555361031353 88.82829767586634 87.49227836694001 99.3030287330165 73.7383215100756 96.76253609481898 78.42960112736796 82.49828440078534 99.76125235148936 101.40465222384978 91.51612171812201 88.67892513475454 76.23326297770063 102.06146843240992
89.3575335366761 79.78564110616139 70.34923377493465 79.78513582591518 67.23781576721728 63.195596067748056 68.21692232212968 65.79134467902759 76.76152517725984 84.89995792557772 79.41137583018701 79.55321958178229 69.50428946801321 64.39720098822988 73.68826288397258 57.36401572166301 61.31729654290234 77.35741895099977 71.98675016152424 72.64651680831616 53.930902247441395 78.81110165717325 70.66722957512172 61.623276531909596 83.71231091885716 80.66321433751546 68.20931963484111 86.14426329037053 72.7421093558479 75.74846559371929
63.40369575976149 53.50012164377665 51.8617880161338 56.18778009980247 53.09684575782239 53.5442216967092 50.80146412022452 38.674300621790735 46.69293578951124 56.46476032677606 54.88837277301582 53.052282346357856 55.656513096137246 45.734155708374374 43.70402194792371 48.40113396945719 47.80394134679352 62.66751776811077 44.46188081830542 45.86666615731599 50.074975615974836 48.360826166572565 62.44748650455938 48.14444805603932 51.39958728045633 54.142871619246876 50.13141979797274 48.752586819162616 36.80613582683475 53.222009130957986
32.47837269888623 35.80253057666607 35.31867711503844 29.570050949497954 28.79021726305143 32.24041459557134 26.45512723017157 31.064082667595017 28.44787679985859 36.38517030887306 24.180182294665656 28.04383040723303 27.582202877477698 33.46730733814013 33.54104782391482 24.919002183103885 31.439071448364757 33.90402513805748 30.347442355793532 24.06297445001087 33.036080353055354 35.17429537638509 34.54867603685568 29.7060812422784 24.685247276038922 37.89860246264584 33.20057459649672 35.445734971632646 32.22044079510465 34.63824520627327
16.386979182589926 16.646362645612044 20.303581549553428 15.933785819763557 15.989214888336164 17.359769236606667 12.350516539989826 12.82569698971804 13.517935685186785 14.159188009750892 11.655558906701913 15.690369850094271 12.421171216684456 13.664290909327406 14.019973208513193 13.509493548614955 14.51496792611863 16.39322333343 15.320178223653443 11.36553905348444 12.415846831496538 19.13899817938625 15.194870792243023 14.592627270864796 16.249722310777997 19.8575956262207 17.81902145510253 16.408170684537367 15.598232309179366 13.906318082422558
4.825497818963072 5.03081854850825 6.621314167259811 4.799096170091389 5.114661205484367 6.362345171227048 2.5795772779250683 4.336108405617438 4.261239562755009 5.574939426220112 3.9535650465502385 3.2735765222503233 4.375680432326362 3.730900753038327 3.460862622005834 3.726187530798711 4.54702372317729 4.907223767186224 3.9844874226573666 3.430113411616162 4.6346972648327665 6.691752900792039 5.465629166563303 4.91446977440728 5.335694204485208 5.444544691294595 5.108222190019887 5.940083052114687 4.591109877373356 4.910921699907931
0.7629305181112613 0.49268083371691773 0.6076137422032843 0.5274887381182225 0.5896676485299395 0.9144144640572449 0.44992043865693176 0.4806788360522205 0.4060417169120001 0.5850995292307744 0.4389960799359187 0.4454882279935646 0.5055099932037592 0.6875568798716358 0.5096610401511725 0.5030670673852455 0.4444426243076123 0.6749480502082861 0.4270488199592819 0.3682778849246233 0.48244183834435717 0.8161163109106155 0.7640637360007076 0.6022027170100728 0.6415233399449107 0.7145644825884574 0.6461364403452308 0.6511787787528647 0.3863779900417512 0.5362674213382661
0.014712956299490543 0.010078907740876275 0.011122220771198954 0.009373306691145444 0.011652589379878009 0.022012201698885292 0.009063984560953031 0.012983737406784712 0.008120049878129976 0.010237498267088085 0.010261602789682911 0.007936249037015841 0.008778855550303888 0.010242364955047378 0.00880679324382072 0.009453046491103123 0.01078670259221326 0.010106266984735157 0.009050099885143936 0.007558664080079325 0.010864504917662998 0.020098669471622088 0.01928752706010073 0.013498812179250308 0.009190162161303306 0.013878620575155765 0.013074056089863006 0.013650983464117417 0.007355946842722005 0.0072863605926158925
1.139645019065938e-05 8.456892487629375e-06 1.8733106912804942e-05 1.0854319498321274e-05 9.041822636390862e-06 1.705400882201502e-05 8.473590241919737e-06 1.2556525462059653e-05 1.1004038015016704e-05 1.0838825460268708e-05 7.3536025411158334e-06 9.999185408560152e-06 1.318927741067455e-05 1.2956815794495924e-05 1.2058013112437038e-05 1.324417962678126e-05 9.595625442671007e-06 6.769498781977745e-06 5.063743742539373e-06 1.2793876180694497e-05 1.2001422078355972e-05 1.1740680974980933e-05 1.702208567166963e-05 1.3331179957276618e-05 6.4741502683318686e-06 1.281359868698928e-05 1.2143891126470407e-05 1.6004033682293084e-05 7.526397439505672e-06 1.3933028526480484e-05
1e-08 1e-08 1e-08 1e-08 1e-08 1e-08 1e-08 1e-08 1e-08 1e-08 1e-08 1e-08 1e-08 1e-08 1e-08 1e-08 1e-08 1e-08 1e-08 1e-08 1e-08 1e-08 1e-08 1e-08 1e-08 1e-08 1e-08 1e-08 1e-08 1e-08
1e-08 1e-08 1e-08 1e-08 1e-08 1e-08 1e-08 1e-08 1e-08 1e-08 1e-08 1e-08 1e-08 1e-08 1e-08 1e-08 1e-08 1e-08 1e-08 1e-08 1e-08 1e-08 1e-08 1e-08 1e-08 1e-08 1e-08 1e-08 1e-08 1e-08
1e-08 1e-08 1e-08 1e-08 1e-08 1e-08 1e-08 1e-08 1e-08 1e-08 1e-08 1e-08 1e-08 1e-08 1e-08 1e-08 1e-08 1e-08 1e-08 1e-08 1e-08 1e-08 1e-08 1e-08 1e-08 1e-08 1e-08 1e-08 1e-08 1e-08
1e-08 1e-08 1e-08 1e-08 1e-08 1e-08 1e-08 1e-08 1e-08 1e-08 1e-08 1e-08 1e-08 1e-08 1e-08 1e-08 1e-08 1e-08 1e-08 1e-08 1e-08 1e-08 1e-08 1e-08 1e-08 1e-08 1e-08 1e-08 1e-08 1e-08
1e-08 1e-08 1e-08 1e-08 1e-08 1e-08 1e-08 1e-08 1e-08 1e-08 1e-08 1e-08 1e-08 1e-08 1e-08 1e-08 1e-08 1e-08 1e-08 1e-08 1e-08 1e-08 1e-08 1e-08 1e-08 1e-08 1e-08 1e-08 1e-08 1e-08
65200.0 64450.0 67550.0 65450.0 65000.0 66250.0 65100.0 65400.0 65750.0 65550.0 64750.0 66100.0 65900.0 65650.0 66250.0 66750.0 65250.0 64200.0 63250.0 65900.0 65100.0 66200.0 66800.0 66550.0 64250.0 65550.0 66300.0 67100.0 64850.0 65450.0
