3220.869085897306 3096.590442423535 1322.1636218379836 2783.812891029895 2756.581356000438 3157.1940066218594 1752.4398123289575 3678.244283056916 2430.8635911861556 3791.509653624582 2888.5329135203424 2397.6647291412346 3103.271479930078 2711.526874341531 2905.8849524401776 2163.1162595086253 2954.7848063181996 3134.8076257265275 2664.8787996026513 2435.452444949871 1626.0022182121397 3278.1792004705494 2332.7113612712583 2339.14928528247 2207.5830378183305 2340.5735774277628 2233.4664676796274 2014.0476807935856 1747.607036746403 3480.9513347889024
3220.869085897306 1569.5953917786328 1322.1636218379836 1310.3076860707197 1795.0679388046683 3157.1940066218594 888.0478283036314 3564.5067384025115 1523.5893070561979 2037.0200455507857 2888.5329135203424 2397.6647291412346 3103.271479930078 2711.526874341531 2598.5455014377367 974.6079616676388 2545.867897845769 1863.3260609869894 1823.7536724954634 1717.3164022985902 1626.0022182121397 3118.0713856739176 2332.7113612712583 2339.14928528247 2207.5830378183305 933.4838174094336 2233.4664676796274 2014.0476807935856 1747.607036746403 2736.376740168845
3220.869085897306 1433.582335453505 1322.1636218379836 1310.3076860707197 1795.0679388046683 3157.1940066218594 888.0478283036314 1616.0737054904166 1523.5893070561979 2037.0200455507857 1747.942589938004 1244.31918649627 2513.362222005283 1595.9299806459612 1296.7326586143708 933.2001164577598 2468.1864353762408 1863.3260609869894 1823.7536724954634 1717.3164022985902 1626.0022182121397 1525.6961005529888 1450.2327321008074 2339.14928528247 1590.741749697971 933.4838174094336 2233.4664676796274 1679.2325036590228 1747.607036746403 2648.0169487832954
2452.7745025079116 880.2640562303591 989.3114262063668 1310.3076860707197 1631.1561314252644 1439.3825653265412 888.0478283036314 1102.742742247767 591.0696940267485 1569.982985743009 1747.942589938004 1085.7854680765734 2513.362222005283 732.9965661922192 1296.7326586143708 933.2001164577598 2338.0344464254467 1132.6307311497094 1561.6914064668235 1410.0887535759575 968.880385783526 1525.6961005529888 1146.7662233238239 2339.14928528247 1590.741749697971 812.095343312496 2089.7874849432555 1190.8099859447175 1455.5726528688501 1833.8270781992696
1323.9475890226877 627.2319537053957 989.3114262063668 735.0405172643609 944.9031994286347 891.7718798692363 725.37751742263 544.6862876424314 591.0696940267485 1155.5978703972614 1030.3287758230017 872.2807294599309 1439.021423749537 732.9965661922192 766.0438779319691 634.4411266995712 488.4573936408301 355.9552833126954 582.1160750242486 1048.046263160998 850.7695735516359 466.00348411094296 1057.6964471437489 1915.8702637374386 719.8465459636709 783.0002290516543 920.2271334021843 1119.376564634904 948.4914422137258 1833.8270781992696
413.26413535980555 584.7975534687648 340.7208852046956 467.82076766813316 737.4631345452572 586.6616175553959 483.57212484343813 143.71223679408922 350.76357361250166 765.0863442863547 604.4903605281665 474.00792190974425 543.3158539047677 515.6320576105732 331.92854157226884 207.31250624462086 488.4573936408301 286.70058735934754 210.09401257401692 575.0083969759182 401.7778774329561 360.8826785673459 1057.6964471437489 1009.8200893171786 368.98278807947895 403.23444214929214 736.3657706515169 600.0640839397843 591.12677788513 1185.9478428177645
97.892682263697 517.2026179815721 200.67771023026012 256.50979902612926 140.46902561267802 292.21902506980496 475.80973575735106 143.71223679408922 220.21449654024332 398.1954274434697 304.30829974340827 301.997646856101 389.29416008625117 216.6016564645322 278.024403891111 172.36185987380054 259.31085836814214 286.70058735934754 210.09401257401692 384.1076181987344 401.7778774329561 192.00223892209056 411.26378578681465 628.26742924276 360.97497796898597 199.03710809357153 341.4485111437407 239.92168148188875 317.89446695384504 595.7140638605024
97.892682263697 255.32828775679627 79.45628563947639 118.34348245644742 100.77459411556572 202.09238586954393 85.34694678767175 143.71223679408922 123.93176248212967 286.6953568334295 220.98561544604513 164.83020278430695 380.80798671607727 153.88339355781136 131.98657414526406 127.38066324763645 172.96994777734926 75.93993387174089 108.65463156181977 151.2007352761011 325.6922760302482 137.8810655241689 364.0563322861776 459.62101057173504 255.511388150602 199.03710809357153 226.42545306620673 225.99657865042423 246.24499159322067 403.0730779154828
43.201490130530146 112.24038406534726 40.497099120049825 82.61369291706899 69.81426618197656 108.52380130568781 85.34694678767175 69.37430074232907 66.72104417807884 106.84264846893029 42.1430531375828 40.443588040897794 161.3299614997659 93.60806643752903 67.21847122565202 35.20054819120537 70.44361551434406 36.84061889118186 53.33370798656949 88.77302841912945 194.82907422235326 91.88243727046529 48.4023878003685 167.91120736796984 114.06114894283382 116.39082695569937 196.55924965260192 57.80913945465318 64.66881833964169 158.978820873848
10.395969204203652 27.65262444213795 20.20581231956578 14.877907749105702 33.205432156333245 28.675482502043337 56.034046026058604 28.58073491272785 24.027483751815566 38.80742448408637 28.252832207801475 14.630800523343055 16.55987320589395 33.79941985153596 20.721460461277843 6.231477375921941 37.969970124417614 9.703593746530373 18.194482878611097 28.09476296191599 60.974617784863995 33.89342137093274 18.652552272543176 82.33257177121163 46.33686880949358 52.97813415800056 27.064698482436143 30.03060143933385 29.602896615160944 27.322426864004456
3.98049369398791 12.5685247967142 10.83254727772487 1.5322190552243455 5.5121066443171 4.424839112677432 6.371621221985038 3.4311754768643823 1.910148339812281 6.305891666190973 2.721306136969588 4.052543660344099 11.884984390295244 2.989166818711851 8.107190237408417 2.314410862421937 5.745991144581808 2.8969998431676913 7.685259293040303 4.808454233810835 17.758193922657938 5.696431927547906 7.003953906991569 12.797729782421357 14.774715526124396 17.31039416756073 16.446865655792976 17.64970672666118 10.5812624338148 9.656713761208948
0.4240539214081309 0.34483204114519594 1.146954248653401 0.7060916403120245 1.0034270831763479 0.9621670662038468 1.7783229051224225 0.9377077200806525 0.31778277727278237 2.9459791615107633 0.2036924863072045 0.4701628508785234 1.3168814617714588 0.6874925039271602 1.1216618259968527 0.1890840730217178 0.5226489435838175 0.3574407369411574 0.7982194193967871 0.678986480394201 2.694059909150269 0.5486079374044266 0.6783478597684507 1.916976835320952 1.59606622478168 1.2363856916388158 2.6434730426044553 2.6988236285870926 1.7263289714462644 0.5924254575577379
0.010588639660113586 0.1435646707907381 0.13655038973195133 0.016090934445401217 0.06074966205619603 0.18153664532485436 0.21736203606087656 0.12271429261295452 0.0023565666253944073 0.09025032196882421 0.014233338118287975 0.02760863818730286 0.20707942922445 0.09091127533076815 0.04332431490615818 0.006466484747420509 0.1612864816296451 0.0021430355556049108 0.033278186644110974 0.05784378288637981 0.2522753764698109 0.013768072231869155 0.0997201397350409 0.15870416390407627 0.032648397542971 0.16452854513818238 0.23012898993010822 0.18550869621117272 0.0714575832406581 0.07906245407946244
3.607279154493881e-06 0.0006416474623165414 0.00010603821385757328 3.26138865602843e-06 4.0466577502229484e-05 0.0042126322534841165 0.00024519511919152137 1.5920165651550633e-05 1.9638946469058283e-08 0.0010545093313112375 1.3676992693945067e-07 5.2590979748856626e-06 0.004030958395333073 1.574262569192797e-07 0.00019449114165581705 1.0063479294331046e-07 9.099180431348941e-05 2.2963979517953703e-07 2.8145575470261974e-07 1.5050858337417594e-06 0.0016488479321878913 5.71437908547523e-07 0.00016075154417194426 0.00036316030491434503 4.9394884626963176e-08 6.49682783659955e-06 0.0029377136194170816 6.924153012732859e-06 0.00023270854944712482 6.082840172894066e-06
1e-08 1e-08 1e-08 1e-08 1e-08 1e-08 1e-08 1e-08 1e-08 1e-08 1e-08 1e-08 4.1533257899573073e-07 1e-08 1e-08 1e-08 1e-08 1e-08 1e-08 1e-08 1e-08 1e-08 1e-08 1e-08 1e-08 1e-08 2.955880518129561e-08 1e-08 1e-08 1e-08
1e-08 1e-08 1e-08 1e-08 1e-08 1e-08 1e-08 1e-08 1e-08 1e-08 1e-08 1e-08 1e-08 1e-08 1e-08 1e-08 1e-08 1e-08 1e-08 1e-08 1e-08 1e-08 1e-08 1e-08 1e-08 1e-08 1e-08 1e-08 1e-08 1e-08
94450.0 122950.0 111850.0 94500.0 104100.0 117900.0 107450.0 105600.0 84500.0 117050.0 85250.0 101250.0 141100.0 87050.0 112150.0 82550.0 114650.0 87750.0 87400.0 93150.0 124350.0 88800.0 103750.0 112250.0 83450.0 95200.0 129000.0 97000.0 114700.0 96150.0
