208137590.4816895 217768898.17604518 305373622.5985566 495460425.9459468 690875729.9929483 1203331467.2336931 502458769.18122715 189601958.9771273 891054955.940649 534588806.18147147 551747880.6909481 734630216.1290795 207538739.61324894 111820163.25368662 129860356.84375712 141776932.63155043 191705619.44589937 402383961.63155717 97282177.0480324 531480254.1121179 153608976.89724815 505701925.89373225 167697534.90296972 176720417.12416118 764708513.4868792 521765406.85452646 727666084.3887407 72742061.07170042 169330726.27203113 245032266.4045115
208137587.1341072 209431537.53744444 249839134.63386002 480157523.36777955 677192829.6574808 233330059.32102394 502458769.18122715 189601958.9771273 296535124.84623337 163778591.33679688 378711657.1777146 572649657.0168922 207538739.61324894 17303802.99604427 129860356.84375712 141776932.63155043 191705619.44589937 254271408.26735234 97282177.0480324 177703367.4578292 148447835.4323334 452462716.08895475 167697534.90296972 176720394.7703274 667968420.5800327 514568552.6983228 171343935.87107792 72742061.07170042 169330726.27203113 19560211.942306563
149242513.95773017 16333587.990230914 106365300.85088617 116425364.96039578 106084578.35039215 233330059.32102394 209977624.3785145 76841793.12358537 115367137.80407788 38594972.55964947 142905855.1945847 382369929.6654724 59134799.52121536 17303775.617111914 16335953.62932546 58098965.72832777 40688560.04831795 48599495.46848383 20951603.71732298 177703367.4578292 102265513.16596344 272462105.2815729 164584964.0372067 84940057.99723838 135724064.93933663 21915113.633184522 171343935.87107792 8201091.826402183 164477912.02070773 19560155.06838654
48225388.305083096 16333574.385511693 8527967.623024503 58892399.010158144 18505307.586013835 49924135.57000375 18749825.84128144 25500034.11136603 31419491.935627792 38594972.55964947 52860013.19283253 28942690.51536118 13897818.009829 17303775.617111914 6726546.109990707 26082324.765660703 28924949.46042672 48599487.3812906 9310292.56766261 60735125.9842506 57060304.85481511 58387693.06540952 28331970.990932748 84939994.72978896 20713141.278228037 6155467.111131031 104630688.62560508 8201091.826402183 7000306.718818256 2574785.122739195
31874178.093213778 10945999.762824928 8527964.52915004 34291743.06703666 18505307.586013835 13374050.454950426 18749824.468195397 21892760.43466489 23190063.36618822 3896167.096113768 1506701.5708502561 1107333.243999862 8962718.623110877 5273556.809456072 6726546.109990707 12918151.348017938 4212647.216761174 7371675.035605418 1748435.3260515349 23352353.5838847 17104052.70549685 45723423.91023527 4665268.523223771 7949706.278544283 19327034.084896516 6155448.376114994 20937906.408080287 6799756.221731555 6709405.883909119 2560916.4611857357
6408303.775280399 1566995.6660633117 1977847.465616035 3803931.3681014273 5566034.127166512 6054495.506808622 6354983.259909705 3898341.461793675 1914908.6364460613 573967.5007813165 146229.71920865893 1107333.243999862 6244887.738149321 3431279.3992771152 1325914.7429344617 1170849.1507035017 4144687.7570211543 2514619.767541669 1748425.604419844 2055669.6540691515 7515385.287015295 10780636.587451754 816769.2482605001 5479679.097310178 2313097.6630982175 4368415.164150377 1273228.9457503923 1474604.560597985 4387729.7211095365 2560893.1811600216
330937.1316018807 523139.8989837392 1201566.9350368732 1056571.675924043 1817419.7284535116 453907.53767591744 2491518.7481407817 1018659.2341832452 911629.284256283 327380.24708808697 42027.95245064246 1107294.765833325 775297.160147339 876351.9753763049 241583.33751041352 440580.2057578226 240451.352983751 538403.8600703989 944836.878516508 657547.7582591453 1680534.6207490508 610872.9180659811 397172.1012403164 308018.0828331191 1893887.5658174932 1380132.7931308337 948752.3294842875 72649.84200397019 36395.54304009235 2159487.3823342877
85380.31035507438 466175.26395186945 531050.5314308428 398669.9691766459 136714.4214831508 124718.89065712721 128920.01354113258 116034.06677313651 68831.82973409852 55132.66971388603 42027.95245064246 55874.98435026065 195912.70435775825 163395.64138773232 164339.64629656714 58606.23128399271 105225.50596027251 61231.864971791656 106326.13159911413 120114.97994152106 402658.56636525993 51351.26658451942 7606.990425241387 116140.82782972408 1072549.1010138053 64796.89843066504 209654.02212724218 21762.03234401082 36392.21563667369 288902.4392971627
21000.43952246022 44892.74778436596 21777.158313870143 80070.60248834395 60449.26354126472 60538.57884539793 125326.2176695185 52236.031982836124 7955.269266208004 15800.612096420162 12669.395709916562 55856.66949764024 84107.54289775078 10959.46326885462 36119.645830971014 17841.92429353171 88400.11174277752 21579.520479552357 53593.89311214829 118216.56234475145 116378.40334042377 14873.140218122528 7563.630183843057 2032.5130244205575 20718.5005974597 64796.89843066504 135405.85732069064 20617.837269688793 33599.359589075146 15030.632395611741
6254.829572827714 10511.512566482132 21765.941401118424 6299.9528959825675 26852.073044063512 7449.6271608600055 14759.353327003893 1558.0234894838873 2214.698826603145 6463.838710757245 7747.859671048183 3686.1159127573883 18009.877829121087 4589.039082823541 14413.502829185054 6208.959081864059 8138.829218538158 15270.870857619335 17866.83745592963 35416.00435864859 41604.9859403087 7453.354043355743 2078.452672519058 1962.1420649813863 15904.930940855782 12493.25692402021 52027.831557745434 5170.169396513909 8558.443250855747 9451.579678771192
6252.50865702819 4357.2645945090035 2904.3122925368034 6019.639557217184 7773.629952406573 3067.332388470066 9649.57878493557 1557.5279017681519 2214.4207540241628 4343.039193507309 2576.600529876201 3670.2955290429727 3281.1377803125642 4582.932925444537 1124.4766993737148 5397.278381373701 1891.8422982551747 6942.799402548078 2675.8094487738053 5216.083794799863 9087.839813974126 6378.473720939838 2078.4282455817097 1942.570558035024 4950.656872818664 6347.657794413449 10368.845177651057 3538.4152382777575 5187.719442547449 3286.5571805602403
5436.318434629765 2659.747016287258 1012.8936335984008 662.8337856595708 2523.776769598051 347.2324663822187 3086.827251968827 1337.250851897507 1498.8239189060805 2407.1851711370773 1391.4360044736595 827.3703344918154 2275.8977966936036 1018.5880765463171 1124.2979778212375 3792.8086336303786 449.2821667349431 2597.9550671536745 697.0954086769316 1064.7315081059014 5127.109045948965 5094.617923377058 1937.1519102896996 855.221323577598 1685.5873684957446 3460.3189839474617 3027.703986222067 3017.7076374894104 1298.517789790064 165.84255504715634
1589.6857185653207 688.6818903310259 678.1987156173677 227.58932261418158 1416.749755202689 243.11441111184968 240.33272756392284 544.0225120482437 423.0244714564383 1496.7098190052766 565.1580777207687 176.60071100058212 2099.939807224088 1009.4611231476529 473.47738149267116 723.3006094817947 416.82949919248085 551.233894912833 289.02084136437134 905.4270225007863 1496.0767429993984 3502.482676763284 383.7587450909268 378.46926420182945 335.4315916966643 640.7708474845822 831.5773657721338 1695.5729446584683 921.9184190772803 162.30426090149172
133.71062346968597 113.26292782978317 89.55548292050412 152.8365230753982 439.9664233990138 93.5745512523331 159.222412112136 70.40167844990765 188.7788620283793 276.74344316017823 180.5322540066486 147.35881843745005 150.9244137278165 189.0969498897084 73.66672442931508 182.2131704204137 121.0220982858923 234.42948498113788 63.20657512406319 270.7093067756073 170.68742904597252 39.6609812436559 51.49566257623951 193.2951570181399 182.90619027615367 183.27915014558016 170.25279821084587 164.934064881096 366.46463777642657 50.823565371915265
47.352412672653145 80.38118658447706 20.12007480581542 40.43799787981493 14.72250811224717 15.386230492342975 14.30972588630084 17.84561693662249 20.545815365733233 28.833257432734626 22.71471626767425 23.784889408283107 39.74280082887958 21.262645342756514 34.298375766728896 63.62912764084513 16.317100724274496 25.28705662132461 20.78606113740716 18.286401623144457 61.54896894359649 33.38234832829994 38.684260247776365 67.13448469088598 22.60783733484368 24.039314561500532 11.038731385753863 39.86115321258262 18.96687931868314 15.203352194144827
10.333926909455613 34.382010727515535 6.658029279031098 9.761460873114402 4.938258535006071 2.294625349372609 3.467825018744179 4.20222757348256 4.845766178972326 6.364953194855616 2.4398820398721455 3.610514389500622 13.204502645452294 6.072822283365895 2.5852787236615313 11.250780422685011 4.205553848963973 6.21823572731364 4.172953204817759 5.310402924076698 6.640310164777702 5.9686385016411805 4.8497243558413174 8.449724075878748 4.7315493795777 6.296844703916349 4.435353727025358 6.7882427237204865 2.514234557645068 3.6665288603023782
200000.0 200000.0 200000.0 200000.0 200000.0 200000.0 200000.0 200000.0 200000.0 200000.0 200000.0 200000.0 200000.0 200000.0 200000.0 200000.0 200000.0 200000.0 200000.0 200000.0 200000.0 200000.0 200000.0 200000.0 200000.0 200000.0 200000.0 200000.0 200000.0 200000.0
