525.6309190364482 126.43175656539097 296.9692933254405 1534.484113608797 307.5294845868734 302.52732830355217 289.2274854697139 831.257163915046 944.1609330310494 689.8757803150434 231.9776904166747 236.04087577446035 835.3749821525535 240.7927005819056 130.8295175682556 326.2547881574669 545.4419942563113 597.9315019229834 280.6430818958165 286.85546719549166 379.65952461336474 135.26514504391844 690.1182889881084 277.1515867588032 386.31894701319925 248.08806319207497 182.8419000171998 233.9860490246283 154.20334415871912 159.878099525959
162.1081631733232 126.43175656539097 290.47644271646004 247.61588659275048 161.79727637817132 155.89650453445483 289.2274854697139 798.5256848975278 388.9615489192247 614.8756706178901 138.4655318374048 232.21700414499492 360.094076185168 223.22637045061583 130.8295175682556 136.50036192882408 336.099777082547 456.42806782953585 167.28962453599024 286.85546719549166 379.65952461336474 135.26514504391844 690.1182889881084 211.7029378674879 177.27994864743278 248.08806319207497 164.95731072528088 162.6010473614706 154.20334415871912 159.878099525959
162.1081631733232 126.43175656539097 210.35261696003 201.72239712507235 161.79727637817132 155.89650453445483 164.69920349426638 335.6264537427769 182.91692412043585 460.4473139075535 130.70797885563707 232.21700414499492 187.80371261046184 223.22637045061583 130.8295175682556 136.50036192882408 292.45639936525095 266.0594578094433 167.28962453599024 259.53249955500087 252.15757584785842 132.61256422228507 470.1084638077418 136.5118510999646 177.27994864743278 191.53713426215882 134.44549870588753 149.63784438216544 153.7335924187205 159.878099525959
162.1081631733232 126.43175656539097 210.35261696003 201.72239712507235 152.3418995124798 155.89650453445483 143.25708300248561 138.1397856293961 172.3257598920568 259.8109312259303 130.70797885563707 232.21700414499492 138.9378827896594 187.8358880390374 128.92364910251854 136.50036192882408 190.98714144742144 266.0594578094433 167.28962453599024 131.1543353565021 252.15757584785842 132.61256422228507 313.04189616404665 136.5118510999646 177.27994864743278 177.8087031307059 134.44549870588753 149.63784438216544 152.35157599749346 157.20606809007177
153.4894971399799 126.43175656539097 188.64247473951445 201.72239712507235 113.14213127676976 154.39868808374513 139.46238557107108 138.1397856293961 172.3257598920568 259.8109312259303 127.2944350049911 232.21700414499492 132.12835028208292 172.70240708233177 128.92364910251854 136.50036192882408 165.87897032802903 225.15491124256778 167.28962453599024 131.1543353565021 252.15757584785842 122.66608245334555 227.9947748829518 136.5118510999646 134.78531016543548 141.5352905052714 131.24036825122084 136.66001012366814 114.10934188511237 136.3928396994379
151.98214073056715 126.43175656539097 175.11427156503987 176.24268824861247 111.47990859897936 154.39868808374513 133.37687150893817 128.65953455958334 147.97832683492288 259.8109312259303 127.2944350049911 231.97257708232564 132.12835028208292 172.70240708233177 126.34033281523762 134.09353698805444 165.87897032802903 224.33582002477715 167.28962453599024 131.1543353565021 176.8608313341092 122.66608245334555 227.9947748829518 115.01756164881499 122.83905626895194 129.66032669161086 131.24036825122084 118.34384498276313 114.10934188511237 136.3928396994379
123.80786597738233 113.63504833716343 123.15945673760552 129.2700294283436 111.47990859897936 131.2970855517874 119.08627606718619 122.11518668014287 129.1782464253547 150.46380456026463 117.34848284124428 197.1803001123685 123.8401730865221 121.47893957947144 117.52398444133905 124.24718083405423 120.11608949565789 142.96244578718233 117.78914190374007 125.51673860054916 147.18740816717354 112.02483277365945 128.78005533298347 115.01756164881499 121.37954334948199 128.0087958700442 111.83297798702824 117.83471593658487 114.10934188511237 122.77903322702423
116.1278862372692 113.63504833716343 113.626098468088 118.38201820213408 111.47990859897936 114.18312905636321 114.79007280833002 122.11518668014287 106.45322722923174 138.70473702829622 109.73387012427429 121.1447572992729 110.31033278264522 114.63471216096423 112.88645731873203 112.54985835075695 113.0709741898454 127.80082889604728 115.84452635049774 119.71214782797415 110.85093136699925 112.02483277365945 123.09265886979665 107.19613742356978 117.80168682959993 120.00060224183926 110.26113250750586 115.56299416893535 108.2951194876805 105.52054267628273
106.44180903383267 109.23927515477499 106.3052514287233 113.15707655783353 104.16531473346868 109.83263978509649 107.83667705706603 118.74476289089444 104.99704443605742 115.48375876575892 107.01578985982815 109.67063138446747 108.5785468152867 109.37072235623373 110.00201460623202 106.80604168207446 108.65161671528949 115.82260060989984 109.62401885390045 107.61152472324875 108.72772211825668 110.82183205845149 113.75659520370345 107.19613742356978 103.1507524796616 109.2847901974983 107.71808493326625 109.49854263633779 108.15211150869345 105.52054267628273
104.07959414525976 102.80317674845674 103.68714705092407 105.03765892472484 102.838855425764 103.34147803972837 101.98153367673285 102.54899250800781 104.25107033268614 105.78425492903125 103.65488521987209 109.67063138446747 102.36639638017186 105.22027793425286 101.26801114139562 106.50538012380912 105.26054687776968 104.14644535381467 102.55342094099296 103.81835176425784 105.56999928891628 101.93975666202141 106.90802602139365 101.37786896982789 103.1507524796616 103.29036789172187 104.85283284058369 104.52634969965766 102.62208790612294 104.0078369496996
101.31628001584477 101.78370791182124 101.66332036607491 102.21539903816802 101.37455880822836 101.16180879137346 101.29160883526038 102.06227533825813 101.52968847812235 101.56865523117904 100.93946778239251 102.18524933838489 100.92090573265568 101.45565223159065 101.19055722764324 100.83550712902434 101.30675619355907 101.6173597853167 101.44824179286297 101.49242902264177 101.65915249254112 101.1849599817624 102.02608795551441 101.37786896982789 101.80187632412344 101.43689344234781 100.92136036447164 101.53980046261586 101.28991699438029 101.77532029588338
100.70453923107289 100.63105465394347 100.82621405969985 100.95446951547365 100.6461971158019 100.66397225999663 100.62231398229642 100.90226086484836 100.72287217636858 101.08248911833289 100.68715356177017 101.11416509352148 100.58472100276231 100.64397493592196 100.51698387809392 100.6830745459456 100.66270056979783 100.90796918509795 100.7988775165013 100.77918723930816 100.82943204214553 100.7496700249294 101.10532545238948 100.58940510946059 100.91788920161798 100.79689512007417 100.62938074864906 100.80426801930798 100.60024653432038 100.8672879747146
100.4847684333613 100.42430525778036 100.58408339439302 100.59391820408246 100.43164396276597 100.50647892566803 100.43704570289492 100.59900654631974 100.38841472285412 100.69754175492471 100.56221998343744 100.56177236301892 100.50543953205761 100.48243066199075 100.51698387809392 100.39158890636872 100.62381928306559 100.5467084398183 100.56983374652918 100.46954243806567 100.50096194423122 100.56062752437538 100.68608351966532 100.36595701638771 100.46547551899812 100.64564389469615 100.38981077627432 100.36161471587639 100.4257584387019 100.61117119811934
100.45939573804526 100.32229421984312 100.36639462283574 100.44355072547933 100.35337181096338 100.40794344255391 100.39906643164795 100.46492017627452 100.35947354309656 100.37133730544019 100.39884513367679 100.53974731020162 100.40624840991313 100.32278861968553 100.42145152783405 100.37018985652185 100.440424432697 100.5098196449494 100.39083096346803 100.46457450983598 100.50096194423122 100.41320503005954 100.59235143667911 100.36595701638771 100.37115070345317 100.45056911796837 100.38920194378989 100.36161471587639 100.34190866896733 100.44792204369514
100.28784736670013 100.30100981625355 100.19245036177199 100.29091891635926 100.32440331222597 100.27518730608108 100.29261733444764 100.28673043200843 100.29612348453611 100.24190749961463 100.29306509724938 100.36756087168533 100.24696133365342 100.2732287023855 100.2722200162898 100.2706640446354 100.33024384251348 100.38734302209878 100.26529557206595 100.33438312553517 100.32676024360262 100.27915277939974 100.34174946541498 100.29349951437962 100.30433794724149 100.31090062835574 100.33547623200866 100.2282966949142 100.29225513312167 100.31269834039813
100.26303737166018 100.20718739550921 100.18026497424125 100.21208825349186 100.20598175074292 100.25366807095952 100.2558845577787 100.26719026008868 100.26936886699013 100.19285308320468 100.21251268451078 100.23775795651272 100.20126232642406 100.23612663740323 100.23436648183997 100.22207326977696 100.28744170780101 100.26580993681546 100.21933284229317 100.18953647814214 100.28253460158567 100.22310127157289 100.21342786263449 100.22663564055074 100.19788953175203 100.24846442366834 100.23920986869871 100.2264757642015 100.23198544624074 100.2407858229235
199999.0 199999.0 199999.0 199999.0 199999.0 199999.0 199999.0 199999.0 199999.0 199999.0 199999.0 199999.0 199999.0 199999.0 199999.0 199999.0 199999.0 199999.0 199999.0 199999.0 199999.0 199999.0 199999.0 199999.0 199999.0 199999.0 199999.0 199999.0 199999.0 199999.0
