390692419.80799776 499791141.27732605 311073966.8045301 581893378.0378721 311109768.79251987 476267669.25261855 416839073.7465447 850688298.2961705 218538517.59107834 261396162.68961784 437080189.7082508 412745872.4436802 189851237.15683937 111820163.25368662 497669679.1438956 76640724.77236347 24077101.67367987 42275025.68838223 336788473.6961318 531480260.0046079 176901234.55814087 194413728.30489585 202906020.38651237 647427020.9692467 67374372.00466272 266691684.5510451 677855770.2395608 90131514.06775579 257174519.97862914 204213752.38900882
119898107.91783105 499791141.27732605 311073956.7914966 206708833.71779975 311109768.79251987 310478038.70895785 287194497.2165772 42039736.69946703 218538517.59107834 261396162.68961784 229698893.94659433 412745872.4436802 189851237.15683937 66122464.158164084 497669679.1438956 76640724.77236347 24077101.67367987 42275025.68838223 288804270.58813375 531480260.0046079 146496647.61357018 194413728.30489585 160341510.84501997 150740334.08365712 59948467.63089187 266691684.5510451 134367378.6334476 90131514.06775579 257174519.97862914 44646981.490454264
84759737.32443948 90791694.05511571 67060337.71968233 35530241.08829973 274915289.682464 310478038.70895785 34321713.91259733 42039736.69946703 57611568.2987434 261396162.68961784 44574034.62956436 246428482.0508607 137201466.78395817 38046920.60015594 351714308.9372982 76640724.77236347 24077101.67367987 42275025.68838223 33003581.62858285 139610718.14700654 133859343.78182484 78387800.88952084 68500786.7143978 129468176.97937025 59948467.63089187 67184272.22627206 134367354.91853005 90131499.85069789 226238508.84640867 42541502.44979091
84759737.32443948 90791694.05511571 67060337.71968233 35530241.08829973 133144432.01267023 310478038.70895785 34321713.91259733 42039736.69946703 57611568.2987434 261396162.68961784 44574034.62956436 136836923.4135578 137201466.78395817 38046920.60015594 209658092.21165448 76640724.77236347 24077101.67367987 20723469.30335563 33003581.62858285 109094228.09856355 130559551.92176226 78387800.88952084 41287946.37542534 129468176.97937025 58613855.410448916 14795244.593270242 134367354.91853005 90131499.85069789 226238508.84640867 42541502.44979091
84759737.32443948 90791694.05511571 24215855.681793272 33399096.316649128 133144432.01267023 259187391.78360572 34321668.89985833 42039736.69946703 57611568.2987434 79143651.29988766 44574034.62956436 136836923.4135578 137201466.78395817 38046920.60015594 209658092.21165448 35406740.15431415 24077101.67367987 20723469.30335563 33003581.62858285 52743759.27960536 98124024.96696413 78387800.88952084 41287946.37542534 129468176.97937025 55138919.94398977 14795244.593270242 83691380.81414925 60528534.509154476 157487847.80453604 42541502.44979091
51517386.18390445 90791694.05511571 23052283.352499545 29227574.11795264 133144432.01267023 141564188.0076494 34321668.89985833 42039736.69946703 57611568.2987434 79143651.29988766 44574031.26580395 136836923.4135578 87173227.26470031 38046920.60015594 58924656.875298575 35406740.15431415 24077101.67367987 20418218.619479273 33003581.62858285 32354248.059058927 98124024.96696413 78387800.88952084 41287946.37542534 129468176.97937025 55138919.94398977 14795244.593270242 83691380.81414925 60528534.509154476 157487847.80453604 41756804.651268825
51517386.18390445 15309818.730828635 18185572.93462739 15653334.797919024 71979745.35117963 36467542.41613413 17102656.65776287 42039736.69946703 57611568.2987434 50117822.25289324 27925976.718756706 21534975.281687826 27207451.571814254 38046920.60015594 58924656.875298575 13337705.78098569 15842010.634966752 20418218.619479273 33003581.62858285 19374649.653751075 29343801.373719495 35278464.45006706 26624977.494874813 37992199.916786924 18042756.346244257 14795244.593270242 30934474.07668187 8874556.651823908 120521514.73318157 23911330.538237352
1528272.6030737755 15220509.119164962 7578517.435384347 15653192.643549006 44262408.51400555 19794065.11722431 9964113.140439944 23852410.74557865 44472791.999475315 44621008.982207276 16519068.739889342 16069846.024896536 5939230.7153954 16836930.00168344 46282437.903987 13337705.78098569 8774053.565114459 2479168.955620386 15378710.805143153 16131873.555381214 11546584.878088567 25976263.87541015 11788151.099090382 21973532.820603516 18042756.346244257 7761481.254491776 12750410.91032594 8874514.78963364 16877093.774448123 5698681.508716883
1528272.5868567042 2164987.32101159 4039306.7773543512 4177911.7058050754 6626502.036293465 8878312.83407285 2776322.9664288657 3017404.390650232 1375023.644425099 17478722.873438925 2777337.9136853716 927438.1008699948 2679447.7213304467 108785.59040692147 4284809.382574976 6666446.796626869 5997154.777760225 2479168.955620386 7046212.488316219 15944729.761428954 7845679.505276715 3425018.3570829732 8897651.525820294 4719976.768169608 1226339.83343654 1550272.4804986771 6292390.4629775155 3515203.678431619 8589264.654393906 2928490.959574807
1423837.2064149668 695978.1192400784 1574027.253714318 834101.1244169545 1066524.9525169278 735520.3060212426 1055714.7610008442 1121721.0526978082 67288.73777498979 1726842.2887839251 2628882.254243652 682347.9544798123 1965594.6517964017 108776.77425372484 1610322.5591276858 2867326.4398517204 1691557.4753260163 2479168.955620386 5295196.368697479 4197754.62439855 670234.2109096105 1341037.8967015883 600702.1983676192 3270329.345790894 197165.1988063259 18044.05665512066 212174.66716399696 3223899.7569426005 1816423.1018000068 2562186.287584577
322416.0713981113 409089.3214595276 169380.80744530493 98057.86399578064 27573.97957598056 216741.86156314204 36980.915648907954 168106.07935348578 32424.88838533967 149319.9747208642 40552.941685175545 237610.52577735172 46860.800872929496 108757.20982065001 291843.5097470279 109791.16438588455 49380.55904243666 145115.26464402105 604669.7381102063 396625.47638505546 194343.87463370062 91457.01404692026 600675.5322809018 191851.12778857775 197155.48305008703 18026.80966262406 108220.99087073744 450733.19179083 66016.81390022648 86329.02851465432
251725.04715495845 111532.91398636972 34914.71680817535 98041.24671843085 27567.870861271953 25591.16343378419 15300.014109972952 52519.9941790573 17438.26015319887 84164.960674496 20600.75261794117 40886.69487659415 28039.435479936015 108752.61377056692 98181.041737561 99232.90579305083 4517.267017654851 111922.72424341735 55798.038597368104 61391.33498642286 48293.74249623942 31395.296048613032 2393.371105020781 39106.41012003701 6198.706182175647 18026.80966262406 14596.35187494259 41386.29192334227 65980.45630310771 30930.01319810789
6507.904690017927 9555.810038734102 10674.88335926774 38120.89209378182 19147.352889653015 3079.1608315704525 8089.655160700844 24242.36357437927 17418.487391101437 3033.121625977322 16584.53873866118 24991.624020401425 10527.384125308794 4153.003920661919 24889.619697318973 15584.444110765682 4108.369628348388 23154.79085908462 31676.415298850807 29843.49668577334 15307.462106604049 14613.20920562954 2381.0275571345946 39093.4872266872 6133.65258075938 18026.80966262406 2513.4991415538307 8001.385023125562 33133.08077058194 3967.770398507033
2583.0323727670702 3457.787257491261 1236.4048100381042 8378.678723221452 871.7560500548684 502.56373828896767 7056.308519827995 7381.821052481027 4309.519235309499 3033.121625977322 7989.2682682426075 3494.1684012816386 3234.7401053632 3572.3417609469816 1169.8893180891187 3143.8726555129742 3185.5726440969556 2739.377213048274 9407.188085609261 8638.228500122523 6710.599293183757 684.9560172322208 930.5045236340648 1677.0685696174087 570.610099460273 3107.5574029512063 1189.1723593768384 3979.4742091455128 738.3584187263864 2807.4248295380785
593.3919062216087 742.0385977419792 597.2960144398339 617.1255022875907 355.44004069120774 484.9149457338772 2221.278894350723 803.0742218683422 734.0747883549707 381.2929832083528 1199.666749195328 722.3658480595586 157.20966827212624 1111.8429647347275 613.2835231624299 1476.097659673455 539.9022150048768 397.03950516967234 1156.2880703770297 167.3134278326993 382.1170808412803 288.5748449336588 265.1194010382401 1533.8087552518996 99.89515115166819 223.03890891846436 291.328092657272 890.3191805465067 612.9466232439981 852.9211525025585
0.41853879591826626 2.630023350773172 1.4774753191898071 2.9885602369654407 0.9802799783653882 1.4235649870261113 4.513911103706732 2.170451004186134 2.2531669784827955 2.610004624987141 1.8054940894751326 3.530469699433297 1.9873280416318266 1.9995617216793562 0.8119038001618719 1.534617370019987 2.7804215526953158 9.59434645529268 3.947309923251396 1.5119067455411823 0.5514724317456512 0.3561459444645152 0.6662721547556885 1.4124811428939665 2.2685503292179874 2.460104323217365 0.9584200298627366 1.0994690438792531 1.782493068304575 1.290234466034235
199999.0 199999.0 199999.0 199999.0 199999.0 199999.0 199999.0 199999.0 199999.0 199999.0 199999.0 199999.0 199999.0 199999.0 199999.0 199999.0 199999.0 199999.0 199999.0 199999.0 199999.0 199999.0 199999.0 199999.0 199999.0 199999.0 199999.0 199999.0 199999.0 199999.0
