887.0252270731457 989.3014398338637 1833.797905903799 1214.407794775283 965.7357364432141 1190.1639655299568 706.1710114305238 1383.173780409721 2127.9685650086867 1085.125951265656 1192.4489000954336 1034.9859003170495 702.4801866109347 1089.23386852676 1458.025422945252 1753.6437395299718 738.7919138973161 623.2101591705778 691.268456939049 1456.2859297338919 1158.968413644674 621.3282221123936 863.3369633951424 817.3202382622108 618.0086245950474 1129.0219981511227 2033.2510093610208 1105.05219712074 1240.7342149492988 1330.3330543983848
666.4161781594366 725.9945237049596 1833.797905903799 833.4952254043828 965.7357364432141 1190.1639655299568 706.1710114305238 1353.9750603539887 734.6579613160739 634.635669979159 458.5341878064205 842.3532918409142 702.4801866109347 950.577352481585 635.0838382954248 1410.1502395033822 738.7919138973161 623.2101591705778 530.068123528617 1250.7612171959609 1158.968413644674 429.2409129162925 863.3369633951424 580.7790694307378 618.0086245950474 1083.8764407215535 855.618377574423 817.8337160455435 708.4343411195805 921.3530492161808
666.4161781594366 681.6380712327491 1833.797905903799 833.4952254043828 594.422224328845 795.1378361638026 706.1710114305238 1196.652356398528 734.6579613160739 576.9536812900997 458.5341878064205 756.7082819558941 424.3788329841391 595.2548796719889 540.231018365911 578.9652611557458 738.7919138973161 623.2101591705778 518.2630020596698 1250.7612171959609 1149.448822336804 423.5541680137744 603.7855915423206 386.6043429760375 618.0086245950474 564.8906590004353 563.3217800571933 817.8337160455435 489.70326134363586 921.3530492161808
666.4161781594366 520.5022203854955 1311.492653364624 630.8414344278935 393.0402868145852 795.1378361638026 502.90183960252034 1196.652356398528 733.1155777230961 576.9536812900997 326.13098571511864 708.962767680131 424.3788329841391 595.2548796719889 482.57825602551657 449.109574694055 726.9617427474122 351.898859098284 518.2630020596698 1250.7612171959609 542.4129645059525 380.0740059606628 603.7855915423206 386.6043429760375 495.608569268491 539.1950799466131 563.3217800571933 481.21813039193194 489.70326134363586 719.1900153733995
584.8371330683476 520.5022203854955 1069.0601227220768 558.5169493257358 393.0402868145852 795.1378361638026 354.10264916730785 920.9569090847854 212.06254569971952 406.64759644677815 249.91626627406959 574.8217653533775 424.3788329841391 421.7157235914183 482.57825602551657 394.0669976800327 726.9617427474122 351.898859098284 458.26834095509184 1250.7612171959609 542.4129645059525 367.08145460368314 603.7855915423206 376.399891895529 495.608569268491 539.1950799466131 548.306477785824 481.21813039193194 287.6240200274656 366.4529933491817
584.8371330683476 482.132016992397 955.7922114942498 392.4816075235126 393.0402868145852 594.0824931753841 266.38349079084537 481.94401229352616 212.06254569971952 406.64759644677815 249.91626627406959 362.7307731953856 424.3788329841391 421.7157235914183 434.7519501758966 374.4541137646406 410.2185365858045 351.898859098284 333.7819254705473 1216.3382949175598 542.4129645059525 367.08145460368314 594.4880699018709 376.399891895529 495.608569268491 539.1950799466131 414.68339054846774 481.21813039193194 235.61983621834315 366.4529933491817
450.18769185248584 308.0540461834157 280.47530346423355 238.33553197344918 291.48796218687767 594.0824931753841 266.38349079084537 435.146718358199 212.06254569971952 401.5745231796068 220.3399786257396 300.4806674244601 349.25616062644804 365.65497614800233 377.7328926528089 268.72283661955225 322.3814488693738 287.6075552754314 284.5160457569282 477.13542025821334 300.01510370819824 318.302178896271 422.1079266931547 376.399891895529 409.7681478242712 271.8410768811559 318.84855054723585 344.9811189329639 235.61983621834315 366.4529933491817
333.56273261483284 293.5860033947856 280.47530346423355 238.33553197344918 233.48255301138806 289.48039622120814 239.45630235628687 307.9672845361215 181.16570562854713 219.48602287756512 220.3399786257396 296.7859845687499 223.88177507481396 279.09631361034417 310.16532035134924 196.34512199237952 269.089368816964 212.32033086607908 244.51956766003104 342.3632782862496 246.07881987563997 237.63392950623665 228.00535101557625 224.6353295366148 258.6617149586855 262.0380717801222 276.8214761498357 239.11956802540135 229.48599710239523 293.7478222268355
233.53433722610362 208.64142976035646 215.81084092960555 192.77258763658256 218.31023655777244 196.75913318008816 198.79680816282098 218.40849090092843 181.16570562854713 212.8214242212398 203.77930231623122 224.4683975049129 204.83031333462623 172.52232973094897 212.97386540586922 196.34512199237952 183.4658061353175 206.53838597800905 203.6015901462706 198.67072071924485 212.8350873812078 209.6569958612049 198.21977133684504 203.73352743796886 189.28504065012203 211.78788429530914 206.4479598220105 207.35625862536017 203.34105930106352 207.3471706451869
180.12747889067487 172.11802305007404 193.64433653697006 178.2458003744964 175.5428092973284 174.7288598283876 163.8573044929508 186.02935558848412 173.3244224546247 185.9750269634842 174.7677370566994 180.64396203080287 167.63254589615326 167.34909291703252 161.92569565688973 174.87649587000078 171.53900263533296 182.34058400018603 166.64379991921442 180.91366548827364 183.45381093884953 177.76234360791796 177.47307085895682 175.8730622494404 181.27471093988652 165.34776549226672 176.0253867403585 169.93314225973836 166.96829344089792 191.16588009555517
156.3065460382477 154.9142033465987 158.20635997954832 155.87087060021486 154.8862757749207 160.45170355735763 133.2545962042882 162.8035248883325 154.4202019827103 155.14948882019507 154.86859895911448 157.0340048456137 136.49913982814905 149.00740323628952 155.35554137801228 150.114478833701 136.95955407478004 150.8681406970245 153.20346352351544 166.74643161167205 156.24319772464924 156.95743542186392 159.80550037451076 157.4253115350407 126.63219470279546 151.38727414114283 156.94051554484577 150.10317847942906 156.77225956154007 157.62653380149231
132.70372787899032 99.06768610926201 138.10209123254708 112.36106180936486 99.72051461427964 125.32536861309245 66.20851374559606 140.30617511991295 74.18829788042194 94.45411212822546 110.50692566021462 98.15028258238135 71.65363374484969 80.6595381895404 71.98236680568334 99.98534540842365 91.29782888752788 77.89417395253076 91.52214689615903 138.56618715017885 103.34182121485537 121.56908252839139 132.5520265828427 112.60581385314754 85.08483434519485 72.29129122543463 80.86281481577407 85.61332589242829 89.69345751283299 136.9706372885962
45.651978598718415 20.76845130890115 38.75754959183223 25.063469711076777 18.63123350557271 29.301492475347914 14.219797156997174 49.126314744209594 9.703792537407935 8.627921802846686 15.778787744309739 15.11282568029992 12.691273677565732 13.048066992885651 12.68133519522371 21.981709984672307 7.9267577859864105 17.9921664395456 13.97788509492193 32.45186547087951 22.37712636774131 18.497716417521133 26.6355422610186 12.63747846606475 19.67399767127972 12.483391660834059 20.466534228627097 14.547244782624603 26.68257264679596 23.409354018892373
0.1989785222226601 0.06162105329258338 0.23112820759979513 0.051651233058692014 0.03984297895340205 0.12227129900429645 0.01999868959774176 0.16407809450902278 0.032020730797739816 0.03489625663860352 0.040275815580116614 0.051987970259688154 0.02410469855158226 0.022904922504494607 0.04470120830910673 0.044350735277475906 0.0245646455628048 0.05624000883017288 0.026131522064133605 0.6297411132586603 0.0764795484710703 0.06583122441224987 0.060026097467925865 0.12350534155029891 0.026531274336775823 0.01893888226504714 0.03181927161176645 0.06092747188813519 0.1439916812851152 0.08484870676920764
1.414001872035442e-06 3.8501093513332307e-07 1.233413968293462e-06 6.855138963146601e-07 2.5918598112184554e-07 6.478194336523302e-07 1.2650934877456166e-07 1.271168002858758e-06 2.2117774278740399e-07 2.2175390768097714e-07 1.5111436368897557e-07 4.821981747227255e-07 1.7012280295602977e-07 1.74768047145335e-07 2.909055183408782e-07 2.111487447109539e-07 2.0409606804605573e-07 2.9403099688352086e-07 1.3249564290163107e-07 5.803527074021986e-06 3.296140675956849e-07 3.1840227165957913e-07 2.6392353902338073e-07 6.438208401959855e-07 2.6231282390654087e-07 1.5071509551489726e-07 2.490778570063412e-07 3.361878953000996e-07 6.8257440943853e-07 6.0488719100249e-07
1e-08 1e-08 1e-08 1e-08 1e-08 1e-08 1e-08 1e-08 1e-08 1e-08 1e-08 1e-08 1e-08 1e-08 1e-08 1e-08 1e-08 1e-08 1e-08 1e-08 1e-08 1e-08 1e-08 1e-08 1e-08 1e-08 1e-08 1e-08 1e-08 1e-08
143843.0 139350.0 142210.0 142002.0 137255.0 143439.0 135092.0 142930.0 137367.0 137924.0 137367.0 140743.0 136805.0 136353.0 138256.0 138586.0 136918.0 139674.0 136579.0 148018.0 141166.0 138914.0 138805.0 142725.0 139350.0 136125.0 138805.0 139674.0 142210.0 142002.0
