1044.2440151999044 1149.5737850602645 1181.600944658694 1122.1686722822988 1116.5943889595765 1370.7199512062289 1077.0780512190831 1205.8349530351707 1229.3629179823083 1062.7484422766179 973.3847162436064 1038.9501020170856 1247.0861359744667 1222.3195514893614 1396.5636553848954 1183.6747121639141 1125.4047679464566 1266.6307417487938 998.5635750336655 953.4061271191531 961.785829539745 1217.6640727776557 1343.9326490546737 1122.0639911125168 1208.6935494019808 1250.0550660027147 1211.6943671295376 1269.4365432654636 1325.6578281374827 1098.3370629490973
1044.2440151999044 875.8357595969455 1166.9613047237353 882.2148533641866 1061.0149947350083 1209.0142572828631 1077.0780512190831 952.5445817477589 1039.7703096287223 1062.7484422766179 961.9519178491018 1038.9501020170856 1239.048797586152 882.6653416217105 1239.9654943073851 1183.6747121639141 1125.4047679464566 886.2368848851202 980.0040838253026 953.4061271191531 949.1151021299502 1181.9599171479767 1282.5804694840358 982.3177667756399 1174.1011305451948 917.8417454132755 1004.7730724694338 1038.5464851039414 1037.0109901552637 1063.4331639996963
1044.2440151999044 737.764098473468 967.1677826360765 770.477504092742 1018.3706426468566 1209.0142572828631 801.6311902361049 952.5445817477589 1031.6608789170864 950.3764142143209 828.027426106491 1035.32559339922 836.3072345433343 882.6653416217105 1024.5703870149378 787.3764731958381 828.7808573132038 699.1423840239659 936.2490400712713 953.4061271191531 775.341755427009 871.8849717336602 1004.1168439330168 671.458575228482 839.5521884993132 917.8417454132755 1004.7730724694338 705.7634721075633 1037.0109901552637 996.5214798103893
784.296596876592 642.5036630261056 820.3132251937618 770.477504092742 946.7744101214939 922.819627469496 801.6311902361049 770.0057696848853 848.773037851447 798.9080419703714 799.7578034273329 600.2881885542702 836.3072345433343 831.0733915991923 768.8055373610828 787.3764731958381 828.7808573132038 699.1423840239659 722.8595632654942 953.4061271191531 741.8131609989769 871.8849717336602 957.7216608694584 671.458575228482 839.5521884993132 829.9782023189573 1004.7730724694338 705.7634721075633 753.5143082221048 956.7452025985308
784.296596876592 642.5036630261056 771.5351658698169 616.6464054592575 828.7671651910659 785.8442341921236 801.6311902361049 770.0057696848853 848.773037851447 728.6360042966912 604.2023240599192 550.1355607329388 836.3072345433343 785.6979374344774 768.8055373610828 787.3764731958381 649.7534777639416 672.7264755065135 708.9101803025324 843.262107034182 644.447683653184 839.7964730529511 949.8692415878663 671.458575228482 696.4625652764071 822.9896505310257 870.5623244996204 673.0925077258889 753.5143082221048 926.9155875065708
760.150280265234 483.9885046317636 678.1556614590822 616.6464054592575 828.7671651910659 695.7613051581202 754.3343589076812 616.6183544064888 714.0780308647591 728.6360042966912 488.9498406002749 527.8653562290488 722.3661773771291 729.1991691866397 685.1226282127082 695.7877590387297 649.7534777639416 610.851374301872 566.2121239665421 815.4341971172908 644.447683653184 757.9199199589107 872.3175522664042 660.1488565353256 696.4625652764071 779.3007541641896 744.0993647625037 673.0925077258889 686.6466125573079 835.1580821721386
617.7541930109555 483.9885046317636 600.774896799307 616.6464054592575 624.2308546317427 508.25554146620834 622.7969878441882 616.6183544064888 483.8388230910068 555.5693225795885 423.85969169898 508.8231658230493 563.7310532297452 452.63289710877734 567.4857516529228 538.9928016240347 564.840488582864 565.4596189938516 483.0733884967881 505.2754311642502 537.2539958559664 499.5925586042845 746.9736861903248 615.5821278610933 625.4229716847112 686.6882124331974 586.2788964229953 578.002362347197 598.3185512264195 620.3109685478507
422.09018211293187 376.5429025388862 388.15673299341734 349.8748256232252 397.1183939207508 377.3174952469881 388.4776093713617 437.75071423162035 359.4103068580198 430.6648367937278 363.9304453607333 467.661786082876 394.27735639657067 438.17767040691206 411.23918252817066 444.11258652693186 444.2149280075005 396.5366834599463 368.053861570932 404.3199850087317 395.33597199780434 415.14856372978375 439.5180860978976 409.44583656125087 451.9965975795417 394.6748105648703 358.22973147288303 427.7693370857951 347.84559817075206 390.1158592111151
338.8202445902375 330.642300792852 331.19593664325294 304.8594625140149 330.7268369471585 325.7861279193021 334.04228839146253 304.20335582583493 340.6864192047078 354.4188053699104 310.0739244217607 315.9728651546511 314.8554410305492 353.73108348672304 309.66409273181034 333.7432950959969 329.47753065233564 326.0775863377271 324.58090007477267 348.7896366275313 328.822433884181 330.9057002456948 332.6120343154348 323.09257259052765 343.9332704859962 346.4936616064638 311.08898218995455 352.8891545409424 323.3187948774248 329.8301145989699
289.71093576010253 274.61681218410786 298.1852812971665 278.27372730981006 282.9484456448863 291.9054250425356 287.4131372794336 272.08669872975406 288.8296076388824 291.0726055072241 269.70723931040357 264.24019184402414 271.37616109402734 292.63083044453833 266.3858741603617 291.19291208585446 273.78542274796155 292.58884110398503 278.46767886300813 282.84470562584556 292.6811603489905 293.7447869136113 261.5088836862046 287.1784464417169 281.1244874157928 294.91943829737875 276.3475465461661 277.9972197887987 288.3892210854692 277.0727028026463
265.85796790235327 255.34955801186288 268.3282410884576 255.25997924342846 261.50490395225006 260.3051449318282 255.80018755233868 254.8759932256621 267.43836009471215 271.11543728272454 260.68502141277077 251.89187266745557 257.40984971020316 266.4864298546936 262.84038138960204 254.95936327872369 256.9666253961391 263.96779271746846 256.26446371996326 259.8162175912403 265.4294456145708 266.2819258282643 256.1335820389122 261.6189172689901 261.09536368407544 261.0726502919324 254.03336113489786 266.2166242210046 260.68584969630047 254.47876262512727
250.60544147202427 248.08825084678756 253.6871412382975 247.53502237145221 251.58896147781297 248.46153659223273 243.7808712765891 248.39772863136977 252.0635272171835 255.2962099996971 250.65582996954845 249.13241137307614 247.4609584759587 253.5799960974541 250.4062568901777 248.21246467163473 247.44641170351952 248.88643862201843 246.19941499780452 252.324748108123 254.25585355421936 254.30034317882064 247.7425828841965 252.40117523129993 249.1068788416096 253.72828433081258 246.10435342399842 255.0551935745666 247.8617542682582 248.9763163351795
244.01797039021312 241.88502618760003 243.09795127277903 239.38954592723258 244.65123223763703 244.43238211746302 238.63798560507303 243.00929275891986 246.58587197483712 245.12379655470113 242.89046766852653 240.95044871084838 243.06221657193555 245.74329889711407 242.65990168307144 242.0289907199076 242.0370721033437 242.24861020448816 237.35296241426295 243.91253689741052 244.1175956736256 243.35363899225513 241.65817742083982 243.71784288952313 240.53880799590297 244.24946768371092 242.22274183090394 248.28497828747868 244.43869965321255 243.62342561992955
239.0545105180513 238.49430396141815 238.26613769798496 236.67617307770342 238.10528148237745 239.97276350598895 234.28951637044202 236.65321834170936 238.42473247257158 238.8288337140366 238.6841065791591 237.55052049588494 237.24969044651698 242.12506772282222 238.5031930220607 239.49363927989816 237.55584141325016 238.5526417240617 235.46212789094398 235.5464205375947 235.81695488295782 239.81991551775627 237.6739368802737 238.49136484646988 237.54496978408952 238.51786559751463 238.40719242038404 243.92216636964758 239.68112263612784 240.63363182394232
235.57208041425747 233.6657681590964 236.0910058992422 234.15809971557428 234.99910089908826 233.08666786043477 231.60757734730487 235.4884651576849 234.53560698659612 236.12770791927142 235.00124008670718 234.6718423811335 234.43983233619565 238.6589923911456 234.5412025401074 238.91348858084075 235.53430509720556 235.86118412509495 234.06154261645906 234.65195758336085 233.30776136502664 235.6651348567716 235.59092987423355 236.1879967774903 235.02499362405524 234.63947843344613 235.15545936781064 235.20754636496986 235.51290311784305 237.68849472280544
231.98588550702834 231.8494568170222 232.02788478424736 231.9958489540718 231.97667778925688 232.56091218986467 231.38178540039507 233.97430094618903 233.97430094618903 233.4373889760741 233.66527546409816 233.22404932941618 231.90564849128532 235.22946925624365 231.69283070200254 233.851427796777 233.01162153271525 232.21208864273422 233.97430094618903 232.92353595511304 231.97580184730396 231.627751997225 231.9753361102221 230.76836977130552 231.85393663664536 231.4624813807004 231.95485070058885 233.39126669098187 233.38959148921413 233.99810710359907
999999.0 999999.0 999999.0 999999.0 999999.0 999999.0 999999.0 999999.0 999999.0 999999.0 999999.0 999999.0 999999.0 999999.0 999999.0 999999.0 999999.0 999999.0 999999.0 999999.0 999999.0 999999.0 999999.0 999999.0 999999.0 999999.0 999999.0 999999.0 999999.0 999999.0
