870.0236880588218 813.9645786081987 1122.868258014255 813.8113327210476 1037.3105812257681 740.2948304344873 1556.3500957764913 887.5083001637017 1159.9982580284013 908.1350541175839 1381.5212671316785 1078.5217956499628 1041.7913604936102 727.1090146687575 967.3530281334952 802.4201647981336 1640.153586077704 1155.4092440935692 848.8112565006359 1281.0227419722964 1467.0833600590267 811.9444816230048 918.6658474314427 1084.0730637243892 1111.929582862455 1139.8675191920956 810.5658017129635 1185.7574770930032 1070.6185855636395 731.869142047377
870.0236880588218 813.9645786081987 862.398798125475 813.8113327210476 918.0281366810068 740.2948304344873 1345.4158956361366 885.1275502475164 998.8411345072745 908.1350541175839 1061.5225346984698 1007.2542240270286 842.4033138218301 727.1090146687575 599.2124516834965 802.4201647981336 1226.4921237886815 959.790804730048 613.1175428703436 1020.1255664967339 1262.2080061358783 654.6683982542463 918.6658474314427 910.035022379921 1111.929582862455 1113.8295102476259 783.9687325153182 1185.7574770930032 834.0095752033344 731.869142047377
650.2144711246019 783.1955684614263 862.398798125475 813.8113327210476 918.0281366810068 740.2948304344873 773.172064066187 615.9782607784978 931.6052969514394 807.8299517928735 901.7278901515756 981.9890088877873 842.4033138218301 727.1090146687575 557.3100666104306 737.0303684834798 767.4670202615494 847.1300057327508 613.1175428703436 713.9660384186764 1027.2922996900024 654.6683982542463 816.5810988706125 902.4357799760287 1111.929582862455 1005.5959346043919 690.7791109487589 733.9015721439846 834.0095752033344 731.869142047377
650.2144711246019 743.1791913298161 862.398798125475 673.1979473194538 918.0281366810068 534.1753960420647 773.172064066187 615.9782607784978 676.0253461384709 807.8299517928735 866.7616021238673 565.6199892714967 748.080464492717 727.1090146687575 557.3100666104306 644.9881514155477 564.6559992114326 433.8114415556911 613.1175428703436 713.9660384186764 871.9054893269044 654.6683982542463 688.6987529378252 690.9296749862074 1017.6046807297976 896.5849493515243 575.906733689656 531.324349123528 834.0095752033344 713.5329738859327
632.560016384768 611.6369559505056 543.3110544090864 673.1979473194538 918.0281366810068 534.1753960420647 773.172064066187 615.9782607784978 676.0253461384709 568.1843915832769 665.9954301519538 363.01216561489764 591.9880480190454 535.502544681186 557.3100666104306 583.3253605470213 564.6559992114326 433.8114415556911 556.6679048274691 600.0236470719351 855.7825412528632 654.6683982542463 611.6222545774358 690.9296749862074 663.7519020928748 681.9447271257231 575.906733689656 531.324349123528 754.2274476398234 510.99840007259763
598.3659485458234 611.6369559505056 508.3089555441611 673.0651059536167 463.07119928150905 534.1753960420647 595.4365134592899 531.0696717151368 674.8862537444729 568.1843915832769 665.9954301519538 363.01216561489764 591.9880480190454 535.502544681186 384.1267177054351 583.3253605470213 475.14122314318956 433.8114415556911 541.6851814199781 533.6453099438063 855.7825412528632 642.4941115310621 513.873839703795 530.4375782729703 594.7259932842553 675.405362196861 575.906733689656 531.324349123528 657.3025107603344 510.99840007259763
517.3465798630755 570.5832119272068 504.60106348844783 532.686056478392 463.07119928150905 494.83611692718114 529.6808936207653 515.4484983320758 503.7739005639496 525.5052224726142 494.5503916884477 326.2002594040978 533.362062175851 479.93847458259233 384.1267177054351 583.3253605470213 418.9336020914411 433.8114415556911 472.5812920533449 474.9225388453874 611.2835852593566 563.9353946415295 501.1230682133305 530.4375782729703 396.02637939187116 569.0194822374492 542.874408545229 531.324349123528 657.3025107603344 370.66481596320136
458.42097681748146 395.9926981727094 471.4159027526639 426.4699758990391 399.6121358552873 375.22143794936574 422.66737682167377 410.441595688274 377.4378221654897 447.933609763968 440.7575974656552 325.083760780351 441.64023396686116 365.4065396589572 295.1242842816964 393.4960845512237 402.01334874770464 378.28381897366216 353.68746567128346 313.8546917227818 374.7857968997496 398.3073756177314 325.4429177915904 353.21696566984474 396.02637939187116 339.0705928617858 391.6433223586073 444.3753436127986 457.1975877881396 361.98542040419716
318.6488725803465 245.90126220400543 305.1216513144582 251.2085614007242 306.6168735246856 297.6728094640657 283.93169216386104 285.249103288505 291.0830933807806 289.92093893931496 255.27204194560045 291.86821112905363 266.94617095243757 269.4629066751554 278.3737225238383 297.61733462291886 291.3380260226286 276.0729620360048 267.27022917959493 265.8427903308784 292.16867827744 269.8699892788022 272.7585965348467 281.86351388405546 312.622203368403 271.922266440828 290.3460549245692 251.00258215951226 262.84754580525987 223.16055759516803
207.9268208618414 213.50201610637623 217.27743009504547 210.68682234796415 208.87431731718198 219.28757068918003 213.8348292449782 203.55080291445393 202.4048695160809 221.9447574103283 205.60329998958514 209.24955086474438 203.45334747541392 207.81424209339048 202.78538804857317 205.9950868881656 208.19564683581348 197.7626541896002 212.84516512177424 208.26138591425706 207.17464296608614 195.52037111241088 205.08096217061257 206.23764928290984 214.48751841502826 216.43977432852398 205.5240632646105 200.244934205522 207.43952104555137 201.31870193135182
186.50454400659873 187.1014466000347 187.52953628993055 185.27913767289192 184.8196051851678 188.1786344257389 185.04442619502834 185.37640810773155 185.37251264707174 189.77266061895125 184.85426652358638 188.1442079191629 186.05037611516354 186.42962431242222 186.75876107596196 185.7407313264248 185.1854671802139 185.8523710652089 186.89805480747555 187.31476921699414 186.48009641820317 184.64836066716998 183.50815796469033 186.2423670430262 186.75984321588294 185.70214175771662 183.39244271013422 187.04506177316944 185.4901531796545 185.96454036531395
181.38148249976666 181.16807380087812 181.71172019449796 181.35679997456418 181.08523863182654 181.52958548851893 181.1704041848634 181.70694943339277 181.44177061033497 181.90150867885177 181.4404049639652 181.73365724883934 181.23676495147083 181.2794518375017 181.39114784977755 181.41358332706932 181.43859322363187 181.45478163858115 181.39801433420325 181.42842496958883 181.47277498538824 181.46098411561888 181.2765433827476 181.15438403973076 181.2765866695995 181.5051849287438 181.25172659766167 181.50369350376286 181.41986493697823 181.22678452073114
180.81017042839767 180.83280139193312 180.81903625447103 180.80672974304707 180.8086827023708 180.8148603109994 180.82696378101082 180.83261193155568 180.7972090310027 180.817092529383 180.82183926493144 180.80422333527122 180.7964725234974 180.8137924102889 180.80111532673482 180.79280083193316 180.81179170065525 180.80876800024043 180.82124623668915 180.81646798059546 180.82077273665436 180.8154387917648 180.8206680045614 180.80819739982599 180.82770724186094 180.80994100119005 180.80932826742628 180.8157367495487 180.8217315077186 180.81359797552886
180.78194552218883 180.78199790008193 180.78219126849535 180.78245620266625 180.7828763708394 180.78235252015475 180.7831448805223 180.78280393125715 180.7816844939589 180.7826727349916 180.782173670666 180.78266850885302 180.7818668664204 180.7821046215172 180.78230346412465 180.7827810762301 180.78188699998327 180.78225143420104 180.78211710615415 180.78263471391665 180.7817111913082 180.78274046357137 180.78196971507396 180.78248042502264 180.78295097626915 180.783247537217 180.78182874324466 180.7818979367862 180.78303171771677 180.78234058074258
180.78127181150012 180.78127184075584 180.78127192013562 180.7812717968909 180.78127217417523 180.78127209872537 180.78127193214277 180.78127218453574 180.7812717354327 180.78127221584737 180.78127179036937 180.78127189058478 180.78127174337487 180.78127199703204 180.78127187957307 180.78127182080243 180.7812717788206 180.78127179797366 180.78127179992134 180.78127187682367 180.78127186171378 180.7812720068191 180.78127190136092 180.781271741605 180.7812721499613 180.78127207784655 180.78127205126657 180.78127187212385 180.7812722031349 180.7812717596389
180.78127167774664 180.78127167774664 180.78127167774664 180.78127167774664 180.78127167774664 180.78127167774664 180.78127167774664 180.78127167774664 180.78127167774664 180.78127167774664 180.78127167774664 180.78127167774664 180.78127167774664 180.78127167774664 180.78127167774664 180.78127167774664 180.78127167774664 180.78127167774664 180.78127167774664 180.78127167774664 180.78127167774664 180.78127167774664 180.78127167774664 180.78127167774664 180.78127167774664 180.78127167774664 180.78127167774664 180.78127167774664 180.78127167774664 180.78127167774664
999999.0 999999.0 999999.0 999999.0 999999.0 999999.0 999999.0 999999.0 999999.0 999999.0 999999.0 999999.0 999999.0 999999.0 999999.0 999999.0 999999.0 999999.0 999999.0 999999.0 999999.0 999999.0 999999.0 999999.0 999999.0 999999.0 999999.0 999999.0 999999.0 999999.0
