79269.68182221305 84539.75609748569 114573.7939223533 126285.26620738808 76902.41441942878 91188.59805736302 71034.40271447664 54580.869304233376 76035.99586206235 380376.774735515 69220.86617861161 94999.64542521264 214987.45707878633 79092.91513304433 74439.98212138518 82730.51290679642 141402.35429093047 101313.7422396069 70753.69738531097 88243.90039887125 86653.95630215305 95400.82453972157 82734.10410310753 62809.02393110478 94281.02950880973 137313.98542990486 72734.84098736408 374095.0229121176 61175.458550977564 114046.71780411035
73459.7675160325 51955.92655850611 79305.89735078359 86824.69029042535 76902.41441942878 68615.07120093558 71034.40271447664 54580.869304233376 68604.86710694207 215820.6329426364 69220.86617861161 80056.44027362742 82554.91034635501 46228.47418745645 70931.34297338623 82730.51290679642 77180.04031424611 101313.7422396069 70753.69738531097 88243.90039887125 54616.40817579546 44822.89012460102 77256.33876351199 62809.02393110478 71047.15453606591 95747.38389085773 72734.84098736408 94893.89459307326 61175.458550977564 72614.03988284718
67758.98361400799 51955.92655850611 79305.89735078359 69631.29018306486 69134.2630906998 62808.69762405281 71034.40271447664 54580.869304233376 68604.86710694207 78530.2173420818 62595.445433287445 80056.44027362742 69487.36121208315 46228.47418745645 70931.34297338623 49803.01122943619 77180.04031424611 97935.06636501703 70753.69738531097 74168.71735123619 54616.40817579546 44822.89012460102 71022.71100085093 62809.02393110478 71047.15453606591 78040.22434280938 72438.00323697775 94065.7072151639 58732.486540219084 72614.03988284718
44256.53852534938 51955.92655850611 50707.66101378685 69631.29018306486 69134.2630906998 62808.69762405281 71034.40271447664 51831.05761722921 68604.86710694207 78530.2173420818 62595.445433287445 56088.6288942475 46209.874238333534 46228.47418745645 70931.34297338623 49803.01122943619 77180.04031424611 71025.95345828202 70753.69738531097 74168.71735123619 54616.40817579546 44822.89012460102 37081.44337177621 62809.02393110478 66374.84154021545 78040.22434280938 41220.07476698833 45888.57415274167 58732.486540219084 57573.9026605573
44256.53852534938 51955.92655850611 50707.66101378685 69631.29018306486 69134.2630906998 62808.69762405281 71034.40271447664 51831.05761722921 68604.86710694207 78530.2173420818 62595.445433287445 56088.6288942475 46209.874238333534 46228.47418745645 70931.34297338623 49803.01122943619 77180.04031424611 71025.95345828202 41758.09416897469 39863.643555730596 54616.40817579546 44822.89012460102 37081.44337177621 62809.02393110478 65746.77126616958 67443.5037094159 41220.07476698833 45888.57415274167 42837.43761545846 57573.9026605573
44256.53852534938 51955.92655850611 50707.66101378685 69631.29018306486 69134.2630906998 51365.87111152808 64815.347123631036 51831.05761722921 51896.60212873445 75668.80726572755 52328.692479131685 42039.02749338444 46209.874238333534 46228.47418745645 68734.37677952091 49803.01122943619 59060.56754921548 64510.28230426352 41758.09416897469 39863.643555730596 51592.700921173986 44822.89012460102 37081.44337177621 62300.94521274775 65746.77126616958 53862.47330527622 41220.07476698833 45888.57415274167 42837.43761545846 57573.9026605573
35328.879487146805 51955.92655850611 50707.66101378685 68672.99587169441 46100.85394973585 51365.87111152808 48746.32133347202 51831.05761722921 51896.60212873445 57048.7622140509 52328.692479131685 42039.02749338444 46209.874238333534 46228.47418745645 55051.921069378055 48685.8262997526 46964.44885786003 50431.60345078106 41758.09416897469 38847.711575599955 42141.80069547319 44822.89012460102 37081.44337177621 43611.25082323895 45242.00149476787 46329.2723481577 41220.07476698833 45888.57415274167 42837.43761545846 52585.94043079829
35328.879487146805 39787.12737035814 46667.90009692544 39659.655718014656 38110.87258577261 45548.706277707555 40145.0934548619 30337.722948728297 51896.60212873445 22875.147759039326 27507.533266886676 42039.02749338444 44800.62586385241 46228.47418745645 33401.69458029034 44935.50255755352 42093.67111453923 39369.159014657016 41758.09416897469 38847.711575599955 37890.4920454568 43081.55115586582 22613.35900219075 43611.25082323895 45242.00149476787 44227.35462726955 39274.85945978778 43473.921703506196 34431.891195936456 35173.14658910416
33539.50121744311 32409.26226285928 46667.90009692544 32296.109704200608 33062.42227019307 45548.706277707555 31067.29189661351 30337.722948728297 44792.00752828094 22875.147759039326 27484.258622189576 38785.99112729027 38634.93758905564 35947.20741064902 32985.86503486248 40041.13443307611 41556.74307032129 39369.159014657016 31096.996857653925 38847.711575599955 30393.13934874088 35338.22773936864 22613.35900219075 27949.703339036663 37076.981383757964 35658.80061135683 31997.796137554607 37338.18270363904 27123.975441064347 29210.044093436427
30103.850266708574 25315.070849147804 32732.586985487855 29115.307543143972 24625.55413748697 28133.35355031105 26712.640787844884 26235.87160933231 35154.95356591417 22875.147759039326 21105.017331706018 24223.983321107356 27936.184178160293 35947.20741064902 27515.070446660957 27613.219722733706 35789.762208560656 33125.71892825797 24122.638208475073 33581.044084675435 24204.901569672114 35338.22773936864 22613.35900219075 27949.703339036663 28816.393405031646 27750.624048502694 22310.447356085246 34608.096111988525 23579.5737373191 28101.14710700425
30103.850266708574 25315.070849147804 31747.55716084606 27704.534376511936 24511.493588917972 28024.296826269274 23949.51783694986 26235.87160933231 27366.00920869018 19173.838001932116 21105.017331706018 24223.983321107356 23520.524421767666 26324.580600254234 27515.070446660957 25850.112743195845 30264.29904775037 26074.03083477008 21919.943142893146 29123.607319542887 22486.58261159769 29385.827588838994 22613.35900219075 27594.31809994198 22672.93842932954 22489.755976844765 22306.13077486383 29264.14782204364 23579.5737373191 28101.14710700425
24557.142944754207 23618.33643807804 29738.519206753346 25807.174969066753 24511.493588917972 26097.18244371112 22955.122466809575 25023.066281423096 20731.117605972762 18138.99950010555 19165.13617764189 24223.983321107356 17639.952850646034 26324.580600254234 22647.075508723792 25717.081350435692 30264.29904775037 25861.917610203815 21909.93285992967 25710.475105331418 22486.58261159769 21611.60276058085 14897.974889907788 23313.2101736888 21672.426600594998 22489.755976844765 22306.13077486383 29264.14782204364 12347.134777721518 24771.214581770677
22784.956916924897 22238.800508231536 24911.86118667746 20958.887800986195 22955.901667929505 23895.590834740437 19761.716232536386 17081.266819108525 16981.554705380262 18110.576752034067 19165.13617764189 20502.0124406658 17090.945588415125 21639.337304428424 15034.980070726462 24380.698128644348 19900.318447619728 13885.370179502195 18181.891418447492 23410.686761907848 18402.951551366263 21206.445014135345 14897.974889907788 18996.46205142019 21672.426600594998 18332.83749442674 19711.33084301972 26304.19852133194 10784.058906039549 17567.15466961371
12221.19987359807 12074.19363880242 19790.378632771448 15987.141014823394 16192.46962833805 10868.53068817498 10460.434821532337 14839.648440835685 14488.567770737282 9108.567679345513 16041.345718462686 10616.091995178696 13823.876141507933 15841.11379856485 15034.980070726462 15835.894758072553 14153.198172738068 10422.513632975886 13562.986604449105 10951.59202937855 10838.280109462072 12598.804135864651 10251.611228334348 14206.01469440358 11189.652792208146 15039.751884268193 9420.179171619458 18684.860864896233 9674.275785057074 13937.306373652442
6046.767253018267 5226.725570128161 5039.44942248419 6055.914662813458 5648.960056501083 5695.075830391012 4442.46783303024 5815.817630454483 4403.9012376343635 5652.62216861641 7051.736761875715 5646.290441671327 4783.98220865113 6308.519232921482 5846.092711267175 4274.989339061278 6118.950572309246 5862.705206783766 4769.127975954697 4902.064042822082 3960.993441395857 5396.023150384415 4134.352200494999 5924.9659456629715 6777.8459231609195 7350.36894042006 5758.134714147147 5960.167674959835 3995.4624154328394 6636.014051263218
1.830933911151078e-07 5.963016747045913e-07 2.2787579041505523e-06 1.2657916840908001e-05 1.9364847503311466e-08 1.3076339087092492e-06 8.914033742257743e-07 4.0522616018279223e-07 1.2545287972898223e-06 2.758276309577923e-07 2.447490601298341e-07 1.7858238322787656e-05 5.281116273181397e-07 3.4832453366107075e-08 7.582058628941013e-06 1.3292062135406013e-06 1.993095679608814e-07 5.299883696352481e-07 9.468598136663786e-07 3.7279005482560024e-07 2.3329879468292347e-06 2.6349431436756277e-07 8.270045213976118e-06 2.945754658867372e-06 3.514616241773183e-05 3.752816837732098e-06 6.091393061069539e-07 2.0894225372103392e-07 7.384911668850691e-07 2.711564661694865e-07
999999.0 999999.0 999999.0 999999.0 999999.0 999999.0 999999.0 999999.0 999999.0 999999.0 999999.0 999999.0 999999.0 999999.0 999999.0 999999.0 999999.0 999999.0 999999.0 999999.0 999999.0 999999.0 999999.0 999999.0 999999.0 999999.0 999999.0 999999.0 999999.0 999999.0
