847.8634666068922 259.81506374900914 834.406824778488 1198.0722878978831 1135.711944533011 1110.875959230985 1166.9100687185787 1311.327399267739 1005.9417096766715 1727.8690244714671 1878.6614347838322 1416.4925701089273 1245.0421601490173 588.148005041763 1416.0984488084134 1018.2782685155335 1469.839215321123 811.4162197314456 560.7414818539866 1066.3347312535843 1690.9207675877487 1313.5936276783866 1117.668647886645 284.54950970749655 1363.959929169816 1286.7146636258296 542.5077353752084 430.7454303968707 1580.124098406437 1970.9926417306747
547.1075663136443 259.81506374900914 834.406824778488 1100.8580618312876 987.8678392749114 714.357157903248 943.5195880517504 868.1119616869805 1005.9417096766715 975.1317410163638 1358.6308364511137 1014.130363091909 1245.0421601490173 588.148005041763 622.2322397809855 1018.2782685155335 503.55787797733205 811.4162197314456 560.7414818539866 575.1085864616131 1421.155440765773 1104.3985332149969 677.8160264486785 284.54950970749655 497.08514877697553 1269.751817180838 542.5077353752084 430.7454303968707 1580.124098406437 1930.1506483616631
547.1075663136443 245.52358113486787 524.8374632643444 1063.653965470211 918.9816308793788 407.4206924225523 735.5772251599303 541.54585784426 954.3109368590121 975.1317410163638 1095.3166908739036 1014.130363091909 946.2158704466606 317.6380509389147 340.73497105050114 800.7513488654629 503.55787797733205 749.3464937495216 437.1753558747739 365.78060601891355 1212.0892170816799 1104.3985332149969 677.8160264486785 284.54950970749655 302.9622312033299 1014.1596055318878 542.5077353752084 354.9569973406767 727.1997817673655 478.0222158553273
458.91632476906625 245.52358113486787 432.6866366674683 346.93582244075276 391.60550067174177 407.4206924225523 483.2553018507067 475.4226950387897 954.18326033626 298.5828815806699 671.1313308984722 609.5521254849232 585.1921237628976 224.56145699758054 340.73497105050114 640.6754824558725 407.96044891475435 518.1456902168663 357.74766104408036 365.78060601891355 463.06175984903643 879.8208105733438 509.0514039308915 284.54950970749655 302.9622312033299 342.7270913052728 465.269377162129 354.9569973406767 594.9200349679926 478.0222158553273
458.91632476906625 245.52358113486787 432.6866366674683 191.45491929095863 369.27682512914384 234.15440758032742 369.8891164972806 475.4226950387897 698.2152451520315 298.5828815806699 494.3917036550047 370.99197181494253 491.9232157435274 224.56145699758054 340.73497105050114 560.853548878016 287.1099665331874 518.1456902168663 357.74766104408036 365.78060601891355 463.06175984903643 222.91581797069853 509.0514039308915 284.54950970749655 302.9622312033299 342.7270913052728 465.269377162129 351.2198634158714 568.5146510648684 478.0222158553273
255.5088702092837 245.52358113486787 290.66325614971277 191.45491929095863 237.1771306352067 234.15440758032742 369.8891164972806 453.9939958891208 407.18427553273443 298.3389556570813 494.3917036550047 359.4395590544941 491.9232157435274 224.56145699758054 212.6117280510938 319.6464193116416 287.1099665331874 292.8156045531068 197.77724993506263 365.78060601891355 463.06175984903643 222.91581797069853 509.0514039308915 284.54950970749655 302.9622312033299 142.40299539721548 465.269377162129 328.4814998775362 317.8130487386436 478.0222158553273
255.5088702092837 245.40237493235065 175.9249344791849 145.4306395664396 96.84393264661355 126.06020041880004 300.11153310128543 156.04652925530854 265.4416007582994 298.3389556570813 248.18925821032678 245.51139326288455 227.05777629131194 137.88139453091117 200.20909693437125 319.6464193116416 175.8045211211304 292.8156045531068 197.77724993506263 216.0352490958909 252.18752861976657 222.91581797069853 204.21703555969805 216.43095681585964 155.27380751465057 130.09063560817071 281.242787180405 129.26254182546063 317.8130487386436 237.75293338462018
128.51643138771283 99.31982707891086 126.94301284216147 136.29267218712812 92.74512876914537 66.72358240110628 166.30900552291655 123.37052809876866 200.24955382014502 246.72410784471435 166.8551767993456 164.5332350150179 158.3994547095565 59.18386874955115 153.69549765725208 55.328437224475806 130.0625480274308 127.71588670039694 151.89735199128768 160.3362189269343 117.93767961438857 157.96270002949814 116.44848469538908 165.6870364193461 75.16324248900901 125.89244762744875 196.02090945393775 99.42524522411918 95.84083558944116 124.23820685878889
66.84144735943971 96.6631502721263 32.045145955016324 86.74865884537326 50.77740138916988 52.27579931712256 87.25918979270853 70.30207056427514 81.97670033650991 132.06598619666465 73.25922109057939 65.75657132370168 33.52475629322936 59.18386874955115 97.51143304154209 39.92275646815028 130.0625480274308 108.57723139168809 87.501844316438 75.74390654041508 69.14293955001745 74.87926284310959 90.02874636682628 35.490847643504026 35.144917740741334 80.76225314433339 31.964817383178286 44.24009308588063 89.80407335551797 67.42495901427526
36.201205484548154 41.352447540452204 32.045145955016324 23.575259847760606 36.56774172974002 43.20343659830837 29.426405551323455 33.93474012680849 34.98500483362727 79.33202122442867 29.64687983223223 54.06088007182353 33.52475629322936 43.556302622315 54.86660192980264 34.86659435044896 35.739759096579576 48.65879641949573 30.895326634706237 29.966788516274846 37.454090618928376 37.392187593740914 44.493421242633076 33.89107358681241 23.83923738209836 52.964277011466834 23.44269532211115 37.82411253272744 57.47874624511354 18.559403385407563
14.394456880984023 25.95715810989475 16.59529807081873 20.83596485265639 20.041487600369464 21.579666842785855 17.98763960782634 12.993670418195563 20.814213108088666 19.509230554874705 19.32497356350831 26.210081515496483 16.475297955672204 17.915196517979894 16.350770058912758 13.088708170574193 20.821440186253085 21.636599810490907 20.412185306486663 26.17542809545307 17.760993059264422 26.00084668419504 17.542208305955057 16.357693923684735 14.75360508754045 21.090502484219826 18.898487771733244 16.13056947903783 19.798255073272742 18.559403385407563
8.980162830142376 13.491953800778845 9.027583208355622 11.115072935901935 9.872143891632277 6.193326459525736 12.225339282292225 9.621075648082012 12.41720867974334 12.002181084778385 11.985233587066318 11.15352873618383 11.036409733220353 10.112532610212781 14.281597644085593 10.6737345025806 11.701475234606448 18.590738023009067 11.92651753660192 11.92720749677278 9.87095141468842 12.275895567595626 9.85282032932696 13.340517931287025 11.064902146519842 11.812504885493809 11.725196222417196 9.775966589604195 11.589435696768135 11.355521531201646
8.088038267672573 9.17113143959648 7.672165640484707 7.910843103703712 9.0010220353617 2.4504054402726183 8.120479304487105 9.010194202580408 9.17466332850654 2.9093905056750486 8.979100180318426 9.11466046242515 8.991188084935914 8.02077144104868 9.197194066309748 9.293494798641689 9.350381511379908 10.97376765143241 9.058745501212002 9.254250426317185 8.94916096357224 10.299522399383648 8.122856606566813 9.185365254794874 9.023357506772072 9.13435349343331 8.222860752002305 9.162430910365742 9.161397216946852 9.00674582238878
6.64762485153517 8.916148815870486 6.085552022698437 7.1547069936527805 8.916105311735237 0.6908053264090199 6.699660185020889 8.916130545193823 7.665775203351018 1.1153467934506125 8.916116263046092 8.916145614705954 8.916107673249996 6.226230206627974 7.369663477473466 8.917065706051233 8.916215525152609 3.5915732452703537 8.916111739060398 8.916475865567122 8.916105055982996 7.358262106339964 6.898137528262453 8.91620458127602 8.916108809396633 5.866111914839735 7.12605372301789 8.916161913423593 8.91610937063706 8.916110547666221
5.49227228321314 8.916101927781654 5.473579534646774 6.574465520748788 8.91610192778137 0.2323085461997607 6.219688005791568 8.916101927781938 7.4405319092225 0.31343472622967283 8.91610192778137 8.916101927781995 8.916101927781426 5.119957270381178 5.691623471343178 8.916101927790635 8.916101927782165 0.7834384795770006 8.91610192778154 8.916101927792113 8.91610192778137 0.5201421927877163 6.138943367955278 8.916101927786144 8.916101927781426 5.109359448042312 5.877253843864821 8.916101927781881 8.916101927781654 8.916101927781483
4.394850175780448 8.916101927781312 4.459790080881191 4.853918707471337 8.916101927781312 0.0064191590817586075 4.578685432370662 8.916101927781312 5.9189000344863985 0.016925700521824183 8.916101927781312 8.916101927781312 8.916101927781312 4.515012367457189 4.207855364845386 8.916101927781312 8.916101927781312 0.02395556895004347 8.916101927781312 8.916101927781312 8.916101927781312 0.10108364991953067 4.748628574810255 8.916101927781312 8.916101927781312 0.5444202582827415 4.387705065276009 8.916101927781312 8.916101927781312 8.916101927781312
199999.0 199999.0 199999.0 199999.0 199999.0 199999.0 199999.0 199999.0 199999.0 199999.0 199999.0 199999.0 199999.0 199999.0 199999.0 199999.0 199999.0 199999.0 199999.0 199999.0 199999.0 199999.0 199999.0 199999.0 199999.0 199999.0 199999.0 199999.0 199999.0 199999.0
