292.20030307671414 57.15059028591122 328.0247778253315 222.9163337985574 229.5009137206498 121.99632662099248 160.41165576281492 86.39277910298597 86.20868185536801 300.27966670349133 77.07740537130121 79.88722660904978 227.04129109037785 59.017636398587 120.24631297380938 171.2341451033135 417.00227881803175 68.81408800926783 70.21992603684885 221.22791045736903 83.29947095073658 153.73515722062848 151.3299097557856 71.60950515068862 62.30680594377054 88.99774778185702 69.41520651403061 217.4587076310736 135.7194073778237 69.6917176109555
201.68548160131832 57.15059028591122 328.0247778253315 126.7292349570771 78.80694249070393 121.99632662099248 160.41165576281492 46.91704539813509 86.20868185536801 80.21301411281638 70.78329978667716 79.88722660904978 186.4189695431669 41.36495521910683 111.94305975392854 68.5868520665972 87.51331736859083 66.7224995391125 69.54380026840272 112.54197733301498 62.15077908100102 153.73515722062848 147.4520673881034 71.60950515068862 61.08778606934584 88.99774778185702 69.41520651403061 217.4587076310736 66.2922413968331 69.6917176109555
179.36873188360642 57.034290037654046 192.34933731008687 126.7292349570771 71.26881532567268 106.73314699958837 41.56964635764689 46.91704539813509 86.20868185536801 80.21301411281638 70.78329978667716 79.88722660904978 184.3575365863394 41.36495521910683 111.94305975392854 68.5868520665972 71.21105052254279 66.7224995391125 69.54380026840272 112.54197733301498 62.15077908100102 148.70092549542187 59.04931965324886 71.60950515068862 61.08778606934584 88.99774778185702 69.41520651403061 68.32656693627905 66.2922413968331 69.6917176109555
67.2485082371204 57.034290037654046 62.373927454198565 126.7292349570771 71.26881532567268 77.36814166801332 40.481295861592116 46.91704539813509 86.20868185536801 67.51051590917677 70.78329978667716 79.88722660904978 184.3575365863394 41.36495521910683 68.79272527887315 68.5868520665972 71.21105052254279 66.7224995391125 45.96520034650348 108.60072170006106 38.96563878355255 148.70092549542187 59.04931965324886 60.17099610133255 57.78720783152903 88.99774778185702 69.41520651403061 68.32656693627905 66.2922413968331 69.6917176109555
64.48405993578535 57.034290037654046 43.4724590398705 125.65627653049341 71.26881532567268 62.82363345769363 40.481295861592116 46.91704539813509 64.50806831205227 45.39175051953225 70.78329978667716 79.88722660904978 91.38556097568699 41.36495521910683 68.79272527887315 45.434334444101296 71.21105052254279 63.26417422737131 45.96520034650348 75.98458776038251 38.96563878355255 55.02675762267654 59.04931965324886 60.17099610133255 57.78720783152903 88.99774778185702 69.41520651403061 68.32656693627905 58.53456276804536 69.6917176109555
46.2586173510158 57.034290037654046 43.4724590398705 115.35776143652492 71.26881532567268 62.82363345769363 39.16448581336999 46.91704539813509 40.612161665169424 45.39175051953225 54.35474908575088 78.29753993553322 87.20908299499297 40.908925789858586 68.79272527887315 45.434334444101296 71.21105052254279 63.26417422737131 45.96520034650348 75.98458776038251 38.96563878355255 55.02675762267654 54.747250410435754 60.17099610133255 41.925264589230665 88.99774778185702 55.139326867364616 68.32656693627905 58.06136432575522 69.6917176109555
43.107426575175396 44.64731077348824 43.4724590398705 42.8394771491503 65.44269562621776 43.06332414229291 39.16448581336999 46.91704539813509 40.612161665169424 34.710300932623795 54.35474908575088 46.72396378580606 55.9760451415882 37.64269905072297 43.11376092887758 45.434334444101296 57.88047260956864 40.624314099912226 45.96520034650348 49.31232879272784 38.96563878355255 54.24442889367174 35.24621950549863 60.17099610133255 41.925264589230665 60.61851583179123 52.56892737278804 45.16172124657487 57.7583778234939 50.921070709119704
43.107426575175396 34.60091858320084 43.4724590398705 42.8394771491503 56.78367402092135 35.54782841180986 39.16448581336999 44.34211474094991 40.612161665169424 34.710300932623795 39.92118973782226 46.72396378580606 51.06532932523396 36.633585222388774 41.98327021326941 38.9624881714999 45.83849953630988 32.573566863830365 43.24545992213007 44.856222713464376 35.85722608366996 37.92435288691149 34.418672867490386 37.948722555840504 34.38816169270967 40.07780203530547 50.36726466967457 45.056906615407115 41.163665044397476 47.30139359337636
30.544229030919723 34.18243625815103 31.888426390177756 35.699608550547055 44.43064168395904 31.538219734165523 35.22326892214414 33.480548680257016 36.83627517399236 31.638579629497144 37.77554268459062 40.34356531681715 34.311006431110854 35.175600682296135 40.312817409626405 38.9624881714999 34.7492792210428 32.573566863830365 34.14906091572311 34.30186987907882 34.93230467015292 37.92435288691149 34.418672867490386 37.948722555840504 30.617499698764277 36.000205178621854 41.831581816460584 34.34436132773453 34.404075871540954 34.49878103901028
29.1341310792086 31.793788361987026 30.734969995532538 28.441474270177423 32.15844857531965 28.41248836578825 30.46689054726312 30.089434818090922 32.37861941334677 21.777799031325685 32.006706320606554 34.13171377020626 30.81195758586864 32.73951345299429 31.414200356934998 28.884777437416687 32.777860831692124 30.783858746119222 30.552696137473504 31.173947261063404 26.185720460647644 34.19511782228756 34.15397144923645 31.91661558125861 30.123601993559987 29.605639229931512 32.93903046867308 29.580565406556616 32.143119589843536 30.121753582377096
26.926119782316164 28.19161562133513 26.457354568554365 21.633227468425048 29.712676124044265 27.86375921922854 26.829035177932838 26.19922076564717 28.497474478217555 19.89055285735003 23.44553161254771 26.790105643369316 28.703903886791068 25.653705709916267 28.11747635122083 26.50430006043507 26.960715003385303 20.00292529173612 24.623044152351213 27.110969050343556 23.620033619635706 27.223731577411854 30.546098339702894 27.632912409582786 28.359707123361204 26.452049205820913 25.273407966800733 27.942899240506904 25.956069823825146 24.511856459119826
24.002900725016843 24.29042496414513 24.82283425200967 19.037493451149658 17.565593199103205 24.760997839709034 26.407431904041914 24.761297946140985 25.457320403360427 19.71486246273207 20.42437349001011 24.257548689555733 24.590375989342647 25.48834782933045 25.787453218438714 25.737695704040107 25.273866763666774 17.91332654479902 24.50012239992884 22.966168214104982 22.463908191779865 25.549205127188543 26.19329009353305 25.92229832049452 25.21128327429051 18.701108380600544 23.693476844405268 24.381600641539535 21.65873364527397 20.265298329565667
23.32931461033695 20.921190586254852 13.939191755391676 12.706744521046858 14.47922652110492 23.09635883445162 19.346732857447478 23.222619825801303 23.603596144526364 15.85436419820553 16.214833159573573 24.12818428626315 18.18274775297914 20.003608426651226 19.097814990856477 22.038643907179903 21.499290316277893 15.037519655273627 23.19242758327664 21.542076628258656 22.058671130355833 21.767600380514068 23.667512158535374 23.857271563038466 20.387375114735732 16.28967980473226 17.571373087801476 15.516071509050562 16.495607010450385 16.25255593188922
21.652839706069244 18.749905716444573 9.926245327330435 10.635623738057802 12.89870818182817 15.095250798738562 18.947545087824437 22.719702887047333 20.253109117365057 13.251411479474882 13.903954742831502 18.095181500748822 14.942548006685229 16.264030716109573 14.920158914957938 17.082858722329092 18.199156400321044 9.91374406811019 22.646677234378785 14.900094694767631 19.59195658523913 17.9619138409048 17.217328427637312 23.219458564299657 19.570902795193433 15.501160939839792 15.611538962349186 13.455931102059367 16.175627799971153 10.871085718812992
13.222995759912465 14.625293553105621 8.242524812883858 6.986292594142469 8.63045876148135 10.544601621071706 8.400172234376896 10.629142350009715 10.936663895990023 7.002610969312627 12.918807555040985 10.257321532603783 12.452296392913468 13.12934754301341 13.800669545299115 6.800403110880779 14.84828965099996 9.156499707294188 17.61035809501027 10.67572107742626 11.817430704994877 10.874067124738758 9.454210477273591 22.00597020087389 14.5392130628029 13.810454796755948 14.172177291436128 7.98666970676868 9.722922591143742 7.840532319395152
0.6030545474413884 0.3936013201218884 0.6964458343441038 0.7075591468646962 0.5821750008990421 0.4484807596959399 0.3433675032542851 1.7236643134169753 1.0451254577506006 1.0078432408240587 0.6802111075194262 0.2779344399796173 1.069885583800442 1.0092127431717017 1.2619003622135097 1.0421440649506621 1.2581120331924467 1.1198056010375694 4.574563431030583 0.16302496004846034 1.28030268880957 0.48366088441662214 1.3322665495797992 2.7847989055017024 1.21449128313634 0.7642165685224427 1.1929773190581727 0.2503799795035775 1.0238905289124887 0.2388219994231804
199999.0 199999.0 199999.0 199999.0 199999.0 199999.0 199999.0 199999.0 199999.0 199999.0 199999.0 199999.0 199999.0 199999.0 199999.0 199999.0 199999.0 199999.0 199999.0 199999.0 199999.0 199999.0 199999.0 199999.0 199999.0 199999.0 199999.0 199999.0 199999.0 199999.0
