108.13845739363137 98.18877936032345 95.3971458959727 112.40763014102151 92.63905581052529 86.2036873107811 64.6138232018086 115.99898843075164 95.75341330707329 103.57856045147071 104.18176007066427 91.03827863300876 101.7065781846668 116.04277351167912 94.0052661134614 118.58554769348143 104.0172110092825 98.99363476919109 93.6765683962933 109.14675538771667 83.84521971691049 111.63934740335685 105.2795858547687 116.68123488080039 98.10277389252383 89.37387134486767 99.26579460942935 126.69948893264348 85.2705777511436 106.48154796857739
91.21360389525773 93.5817384239092 88.82890336806702 85.08434800723296 92.63905581052529 86.2036873107811 64.6138232018086 86.82771846806816 87.25588396148873 90.84080953670036 98.0369569836871 81.25984435182431 101.7065781846668 104.80644387863504 92.25108696790619 94.15642638136649 104.0172110092825 96.47028436221387 74.95575778855027 108.25508431936555 83.84521971691049 97.18924442681032 100.84481872049378 84.75542026962216 97.34323509449075 89.37387134486767 97.52554340444556 98.74326983145295 85.2705777511436 106.48154796857739
91.21360389525773 85.21449506585384 88.82890336806702 85.08434800723296 92.63905581052529 86.2036873107811 64.6138232018086 86.82771846806816 87.25588396148873 90.84080953670036 82.75065668539366 81.25984435182431 86.84883292169457 83.3004837599691 92.25108696790619 90.56612737036767 102.0202918162239 96.47028436221387 74.95575778855027 86.84827060374084 65.97588399111544 86.92001693828672 100.26955878887111 78.13350382276201 78.92065106817597 77.2543901645937 80.27751729629449 95.37838256405712 85.10338257378487 106.48154796857739
58.099350242381774 62.91444621411472 78.3200843124066 80.89541193902528 92.63905581052529 82.093237718404 64.6138232018086 84.78874979476768 87.25588396148873 83.67046653402883 82.75065668539366 78.5509543528758 86.84883292169457 83.3004837599691 92.25108696790619 71.10743817627588 95.1696945003888 79.0562810097125 71.37020595932063 86.84827060374084 65.97588399111544 86.92001693828672 85.13487410156745 78.13350382276201 77.58705186734869 63.85955155039221 80.27751729629449 89.40506310600688 85.10338257378487 58.53208960423126
53.986409522478766 62.91444621411472 78.3200843124066 80.89541193902528 88.08436874376753 77.88943412069352 54.87128082250922 84.78874979476768 79.21218339885525 83.67046653402883 61.633306429929576 78.5509543528758 80.1066256394671 80.34548096109097 67.00966696360024 71.10743817627588 86.48974090355205 77.57818452850233 71.37020595932063 83.54593101569162 65.97588399111544 86.92001693828672 85.13487410156745 78.13350382276201 77.58705186734869 63.85955155039221 80.27751729629449 89.40506310600688 85.10338257378487 58.53208960423126
53.986409522478766 49.08116617509677 60.05105761737127 80.89541193902528 85.01985579297684 77.88943412069352 54.87128082250922 81.1314009793831 79.21218339885525 83.67046653402883 61.633306429929576 78.5509543528758 80.1066256394671 80.34548096109097 64.5184555267956 71.10743817627588 77.65380881452688 77.57818452850233 71.37020595932063 83.54593101569162 65.97588399111544 85.01762133385569 85.13487410156745 78.13350382276201 75.01822659616676 63.85955155039221 80.27751729629449 61.235115584381106 78.02432781149832 58.53208960423126
53.986409522478766 49.08116617509677 55.86403615114375 80.89541193902528 71.35446985165754 77.88943412069352 54.87128082250922 79.96850517210964 64.9387161755086 71.42863785327404 40.943219548686216 73.38528892211525 80.1066256394671 78.61119992402098 64.5184555267956 71.10743817627588 77.65380881452688 61.36457749155545 71.37020595932063 68.93512159391969 65.97588399111544 76.19943325342797 53.795916587254965 69.17179214934049 75.01822659616676 63.85955155039221 74.28064140365518 61.235115584381106 62.470576351339105 58.53208960423126
53.986409522478766 49.08116617509677 55.86403615114375 74.12290529334973 67.13176796113771 70.04717892742212 54.87128082250922 60.41313576423829 58.739920315519726 66.79609829617141 40.943219548686216 48.69505160779681 68.08452497576502 65.13931213019623 62.673653683389944 69.62817400334063 76.42154007757813 43.13828997688506 64.42861995422334 59.98460498445991 57.28577784002482 68.58794474413821 53.795916587254965 69.17179214934049 72.47024968138953 63.85955155039221 60.26645869698598 57.11792691305743 55.383249553239466 58.53208960423126
53.986409522478766 49.08116617509677 55.86403615114375 56.340312456887204 60.889155823872215 60.36375332416753 54.87128082250922 60.41313576423829 58.739920315519726 64.26832405714913 40.943219548686216 43.52416129083986 60.11324970812143 55.12251182981811 57.562713781010984 56.362228648270275 63.96918637083331 43.13828997688506 60.72083982914614 59.21676534450535 57.28577784002482 47.962676614036354 53.795916587254965 59.53258041220738 45.85433553603741 63.85955155039221 56.481276876782545 55.54900433074272 55.383249553239466 58.53208960423126
48.014007997926 49.08116617509677 51.98070077519412 50.737218260362965 55.05292790980957 58.22324602062304 52.9283535592773 54.90735141041398 45.5921707685535 53.24374086831688 40.943219548686216 43.52416129083986 48.19781238399105 46.198476512039065 55.574903508272314 47.23143435466659 58.32648213633422 43.13826951990336 54.74966328137725 45.29087826265095 54.90894212231592 47.962676614036354 45.53375915903928 47.78334156594269 45.85433553603741 53.09736099503357 56.481276876782545 53.53640086244582 55.383249553239466 55.48706404981044
48.014007997926 49.08116617509677 49.622453371800816 42.025977179446386 39.58583490351032 35.44937063529176 45.10544508734256 39.23954006444842 38.83454020917645 39.8301109649326 40.943219548686216 40.62512975097388 32.92314687017108 46.198476512039065 48.02303999791582 42.771111741052664 50.75654419511159 43.13826951990336 47.669543794508286 43.908165240233984 32.813838680248864 35.67828436726961 45.53375915903928 36.148897967509356 43.76613959395502 36.963235401957604 46.91705964917162 44.75466366265937 35.49922014693345 43.52423985517203
41.531809738427796 40.56532887773096 35.83621970031322 36.319991522373925 37.54236156882985 33.32948922092078 28.872505120607798 38.55376243863975 37.20402788348383 39.8301109649326 39.95625102715917 34.22483732853959 32.92314687017108 43.339167156385656 39.14041283342601 42.16971486504826 40.483063494278326 33.03665577228003 45.56142597426037 37.74829305842627 32.813838680248864 28.045382948448378 39.27527877086311 32.78755785199871 42.281609593850476 34.23429069752285 41.50556390789893 29.827519166224988 35.234043487091185 39.97754282842948
35.816587152881084 29.30941409898901 30.809566397449203 24.538753288966404 30.449782200527807 28.59969683978113 24.460992158146723 36.676795068797674 28.07303549946471 25.079299690520998 29.240762953051217 26.02445697010569 26.91633630341437 39.36883914104442 24.813354105130884 21.860821388269983 30.84341679801389 27.748291612432467 34.90315062759805 19.660750780703324 32.813838680248864 27.48846466394116 22.725635048283493 28.843796072256737 24.43441590203463 28.49739278326058 38.3624134421849 28.107263714972987 23.36126023830093 35.60007193709839
23.986250940842297 18.285370855676092 18.807565872957298 13.666831638489725 20.498002881883508 21.449682319990075 19.834999700689764 24.71679261045324 16.919302088906306 18.508012223844617 27.672041757727698 18.127104028588064 18.35604307594599 21.804568894344357 24.00650947599445 17.529380765117935 27.759744404303547 21.377880433129008 16.212122052787322 19.660750780703324 21.0021012438375 23.54461383743819 20.13281387474501 19.25329995507775 24.161801743715046 22.611190986928932 26.04300726050758 24.05388855455999 21.82092633255388 27.70818330351085
11.941149191590512 10.604149866060766 12.36038750927753 10.376225265473181 10.962675885241424 9.5744337233034 9.859596135500738 5.896611077223497 10.657900648702139 8.142722986051467 10.641668632256142 7.828246586265095 12.088570456186517 15.108865612518912 9.70010739546592 11.00060019619957 15.062888243800671 8.596225316816913 10.684494992075088 9.78657220068294 10.99807089157082 10.378589064842231 12.204785287244931 9.477082498333175 14.247151407793467 9.499312577882392 10.769991888955587 10.713882861038314 10.693485819197122 11.764674434747349
3.007130108125466 4.038062333626954 5.99799299440474 4.008109009303894 5.985000237558893 7.9733670817516895 4.001033165300441 2.987877088934056 2.998878832274613 4.012731523538832 4.98361730855288 4.01990713389398 4.006111130766726 5.973700404221745 1.9933492993691289 4.009308676654314 3.001513092449386 3.004758199909361 4.005682716891897 4.005640160963026 3.987629265247506 3.008045716308402 5.045692384575091 4.980116741711754 3.9992316891332393 5.001094964203617 3.060017642105663 3.0665229733971273 5.974158401115346 4.980113406742362
199999.0 199999.0 199999.0 199999.0 199999.0 199999.0 199999.0 199999.0 199999.0 199999.0 199999.0 199999.0 199999.0 199999.0 199999.0 199999.0 199999.0 199999.0 199999.0 199999.0 199999.0 199999.0 199999.0 199999.0 199999.0 199999.0 199999.0 199999.0 199999.0 199999.0
