2381.967158270864 2359.0612291998505 2465.656661313955 2360.5350452099774 2467.671002476864 2454.1849734079233 2007.5611101539607 1798.963181291897 1354.9238885221666 2595.559069505954 1873.6577738072592 2294.0968239315816 3041.904400573915 1441.2458468421482 2760.1511422225963 2198.2982778406213 1673.9547652115066 1871.6321312071232 2418.0606852147125 2262.4512326592485 2825.0380019364115 2209.9560546164803 2807.2403272034985 3162.0751207881967 2690.6846499568383 2340.5735774277628 2777.1526427864196 2247.752747126114 1880.6693073936344 2296.2728933629937
1505.9754092876856 1132.1762597935794 2465.656661313955 1554.5968123854636 1977.3277584887874 2454.1849734079233 2007.5611101539607 1798.963181291897 1354.9238885221666 2186.1399909992074 912.4856512188164 2294.0968239315816 2699.009300400682 1441.2458468421482 1639.3687109689245 1204.734926884083 1279.7062239901638 1871.6321312071232 1504.7825836355323 2019.483763330607 1698.7008155889835 2209.9560546164803 1796.05982088477 2954.04993611395 2690.6846499568383 2340.5735774277628 2314.7763638108786 1431.7855728843142 1880.6693073936344 2296.2728933629937
1505.9754092876856 942.2795908592605 2278.218147028008 1554.5968123854636 1977.3277584887874 1874.1536625479548 1769.5552740271214 1587.2615625027538 1354.9238885221666 2186.1399909992074 912.4856512188164 1996.2957112394542 1612.9723994166957 1441.2458468421482 1329.50512639729 1204.734926884083 1279.7062239901638 1871.6321312071232 596.0766928432558 1586.1590919010655 1698.7008155889835 891.3334620829578 910.4535416490885 2315.8369021526632 2264.8139858177365 2340.5735774277628 1671.8127113731925 1197.7979679311125 777.3020408667344 2040.1049942703485
1505.9754092876856 942.2795908592605 2201.511727019802 1490.3894274497588 1688.7869368958895 1434.1057343597868 1458.2100708466005 843.8918214118335 1354.9238885221666 1688.6547882493246 912.4856512188164 548.0507035987653 1612.9723994166957 1441.2458468421482 1329.50512639729 1204.734926884083 1279.7062239901638 1871.6321312071232 596.0766928432558 1300.73735190362 1698.7008155889835 819.3577486458773 910.4535416490885 2073.863015612889 1184.2325528232063 1525.0620871923243 1630.746647013444 1197.7979679311125 777.3020408667344 1110.1773195649807
1175.9192624041207 892.3316020643424 2155.281423342907 1342.6908322846439 1688.7869368958895 1434.1057343597868 1300.3891688878257 843.8918214118335 1354.9238885221666 1688.6547882493246 912.4856512188164 548.0507035987653 1612.9723994166957 745.7797154100076 1329.50512639729 1204.734926884083 1279.7062239901638 1630.2717728012835 596.0766928432558 1224.7845988313966 958.7197069964727 819.3577486458773 910.4535416490885 1258.5349881280436 1184.2325528232063 1462.5408840865703 1227.478994305985 1197.7979679311125 731.9914307131087 1110.1773195649807
1167.116408191153 715.3855208014072 1738.7916539895905 1342.6908322846439 1688.7869368958895 1434.1057343597868 614.2956511960665 830.1183915074016 1354.9238885221666 1360.963215795451 543.2414809034713 548.0507035987653 792.5143644460381 745.7797154100076 1329.50512639729 1204.734926884083 1279.7062239901638 1630.2717728012835 596.0766928432558 426.7989059326828 958.7197069964727 652.268977899585 910.4535416490885 1258.5349881280436 1184.2325528232063 1462.5408840865703 1094.1316714701138 872.3533251641791 731.9914307131087 1110.1773195649807
1167.116408191153 337.56178429941747 1589.7572557501153 1037.5090424927646 665.1204884690796 1434.1057343597868 332.5222476213771 830.1183915074016 1237.6623156991313 1229.7569175285535 543.2414809034713 548.0507035987653 792.5143644460381 520.8662233985276 922.2226306664525 961.8670507432423 770.4098737250397 1246.24291279437 596.0766928432558 426.7989059326828 758.0402913685157 652.268977899585 910.4535416490885 847.3336481118583 827.2356200644008 1016.6106974682762 1094.1316714701138 848.0981633685819 731.9914307131087 989.6458534491908
920.9087662494239 337.56178429941747 1237.9311654084254 410.96718992109163 604.955485028735 929.0995547887419 221.62381736844168 692.8905370237223 784.0861584842244 950.5776712233828 543.2414809034713 435.8143547011041 546.1391607209816 520.8662233985276 730.1749473626228 608.6807238836445 664.7021677348032 575.0976476455867 425.1848528107246 426.7989059326828 381.8061960944742 652.268977899585 882.1405053077328 693.0436185324743 520.6089383160465 831.9815764727177 548.8695367152316 679.9508713643825 555.6073563879722 773.7739185498604
687.7653102057702 337.56178429941747 559.6203681051088 410.96718992109163 604.955485028735 454.1594911424627 221.62381736844168 493.9755105859874 644.2124878787536 781.3542740317571 348.0490126948682 435.8143547011041 386.0736956187393 520.8662233985276 531.2294797599388 295.6593070377048 399.6450597290843 378.0705334881877 311.78647118875415 256.52399983141936 302.7043207720767 545.2239993430758 338.37176448617424 276.8691101397965 520.6089383160465 528.4310126534592 440.9529117613804 466.4222742478901 392.72849092009346 395.9414677236384
262.7364261259406 169.86680225592067 316.06616171573546 310.03856983779724 256.82726914586806 395.27887644482735 221.62381736844168 493.9755105859874 232.90216617777173 437.9510161803396 137.3433246866673 334.2480768929788 378.84388193761924 253.73020803639747 266.9712898484004 295.6593070377048 137.03693400363 216.41029810493842 153.0734445545877 224.75874574381396 162.63550061099932 364.3435833070514 318.2499890484296 182.48106317641214 276.50512957544925 249.19448776075137 296.51533626287073 336.84914102511857 337.799449561305 268.8759817774137
158.95631374383788 169.86680225592067 131.13209545822133 198.61687988852486 132.8266882549667 94.5738496796813 173.21541004929009 191.461757166835 83.02675807688229 193.1945776964444 129.49993704061876 185.99725913720613 179.01395009480302 209.67772078862777 113.45432320301609 175.4557027866672 73.39953270186209 137.0089239008703 153.0734445545877 148.29369776129306 116.96414799536467 263.3907804448254 113.63743940892414 160.32545441497382 103.52541127705376 78.94530398083111 157.80577018121744 144.17080870210975 119.45721767485998 190.6864193496599
70.4787663921802 82.71805128054496 106.87219202942185 54.66248986904293 76.2239195026649 88.65036531679209 82.09885832306702 64.56648141775509 35.95685910168652 74.46025258280235 57.58605664351319 61.64785393408249 37.73938461277032 96.12126074092487 72.18742162884962 61.11793245819945 70.07985784991627 93.58659785409122 62.39199609753496 60.05339228175956 74.7555243347748 68.86010363727371 68.8228022242206 43.57760180151183 48.36189067845828 41.18017776135093 63.99012949799203 56.25906353738492 72.84463525710817 66.58637428460463
27.62027076855668 13.950843373227372 13.642137765355756 18.436975139532365 37.03343553124819 30.761081055379577 23.414426872381 36.445049462201155 12.33458589651741 19.926998216824927 21.95046427114437 23.091001293657882 13.068022142574478 23.8305305146107 30.911766012113276 19.03726063463239 21.74539388455753 11.033790511539223 17.763521672946354 26.822070124009088 20.758550809028293 17.06446602420158 16.925302139946552 19.865008613838995 22.924487028040858 16.037279323197026 15.650657407695462 22.24540855467876 31.090238625423808 18.6602756302226
1.4891499037521498 1.2637221809371795 1.8889099642497058 1.7335656465240845 2.1541875403797803 1.065952710250258 2.1939998937856444 1.4609859414110815 1.125802422582865 2.026751542484817 2.059481888448204 2.345358732828231 0.8843916460880337 1.2937771229397868 1.4082193058866324 1.9781434593936638 1.7984062253431148 1.7803973304519332 0.9045947334817583 3.188686936152635 1.2363507592993983 0.9530895384535825 1.4436837201320714 1.0564233756973636 0.8701796583177384 1.2375654866914374 2.0831766946334938 0.5600373715649312 1.3572571285893673 2.4512098699601665
0.14166011579641236 0.06288751903366574 0.04895617272279651 0.11921894703118596 0.061256891661400914 0.09300548446753965 0.05279288084966538 0.06806547247310846 0.030261898034041224 0.098309570749052 0.08406482003408655 0.10116906064683917 0.038350332542790966 0.045067525069839576 0.06522972066670718 0.04028226831201209 0.03287311761289402 0.06934118073502304 0.051175432480135896 0.06677482576435523 0.01195231004226116 0.026274566004872213 0.04377031905005424 0.05467438360926735 0.08625113439950383 0.07974719096000626 0.04848993716916539 0.024511031190286303 0.053264119743630545 0.17088561330194807
1e-08 1e-08 1e-08 1e-08 1e-08 1e-08 1e-08 1e-08 1e-08 1e-08 1e-08 1e-08 1e-08 1e-08 1e-08 1e-08 1e-08 1e-08 1e-08 1e-08 1e-08 1e-08 1e-08 1e-08 1e-08 1e-08 1e-08 1e-08 1e-08 1e-08
184215.0 179241.0 181433.0 179751.0 178841.0 178678.0 178637.0 178391.0 173651.0 183453.0 181577.0 182892.0 177891.0 176420.0 179161.0 180628.0 181966.0 177338.0 177252.0 175466.0 172131.0 174952.0 177723.0 178801.0 180288.0 178059.0 176773.0 176060.0 177596.0 184858.0
