7989.935594021714 9612.530520625087 10182.808175052898 2892.140276682492 10453.4955517081 6379.064065211845 9997.108096106924 9658.95017435318 7435.061365523368 6418.465680322874 9119.19471707114 7799.973564739834 10253.543805697853 10376.456459499852 8513.182036950779 9348.464657092092 6304.119147946778 9392.54584630475 7605.678991504912 8831.964357479397 7749.475346014342 5108.6887296208 6242.47201792747 7292.082492146339 7129.328763077076 8634.076523618225 10417.142786435506 6448.48131382728 10248.935804791481 8665.120867274141
7144.87952249077 7854.700148649084 7580.819581147352 2892.140276682492 10263.859563646934 5655.495400751115 8748.244538018525 9420.115906567537 6485.469852955979 6231.848138827732 7249.935708419744 7458.788473838613 10022.996268210387 8585.658081454576 8191.0168017961405 8625.106417728517 6304.119147946778 9392.54584630475 7007.907685490733 7931.426576463135 7749.475346014342 4576.9577684785945 5446.690120592014 6819.455839661179 7071.4515932853155 7434.669765497329 8163.445947740616 6448.48131382728 7241.842038016297 7198.607692617461
7112.33961683145 5945.989606123145 7421.603335023501 2892.140276682492 7313.0692430398685 5655.495400751115 7333.350364863558 8156.414928109807 6485.469852955979 6231.848138827732 5683.033857043221 7031.817682790883 6307.417310548517 8585.658081454576 6962.6035371484195 7505.102785003952 6048.281015052256 8884.560678044574 4622.470069335996 7931.426576463135 4301.965420669214 4576.9577684785945 4192.20544003162 6819.455839661179 7071.4515932853155 7434.669765497329 8163.445947740616 6448.48131382728 7117.0071356868775 7183.1835169465285
7108.28771500324 5945.989606123145 5617.593439502791 2892.140276682492 7106.181167047722 5655.495400751115 7323.480590720634 7104.754512458976 6323.8763572951575 5209.234476414152 5683.033857043221 5932.597113335283 6307.417310548517 7417.693065030182 6962.6035371484195 7505.102785003952 6048.281015052256 3229.3289524751317 4603.899183521088 5711.603956766412 4301.965420669214 4439.2520008419515 4192.20544003162 6819.455839661179 7071.4515932853155 7434.669765497329 4907.298307735905 5694.229744068101 7117.0071356868775 6979.060651437278
6143.164444713502 4428.545176042072 5617.593439502791 2892.140276682492 6883.772258556504 5655.495400751115 5565.558239733858 6578.558118378778 6323.8763572951575 5209.234476414152 5389.559362844467 5808.780438516245 5151.075642982807 7417.693065030182 4134.879928283747 7505.102785003952 4505.1773236538575 3199.937708709718 4603.899183521088 5711.603956766412 4301.965420669214 4086.2091970862602 4192.20544003162 5637.972739453431 6087.31177948306 5993.753597626914 4907.298307735905 5694.229744068101 7117.0071356868775 6511.612673500025
5702.471961660714 4428.545176042072 5027.474349190141 2892.140276682492 5737.758976947691 5655.495400751115 4165.719589216831 5244.647748525141 6078.646875554341 5209.234476414152 5242.346428797628 4621.285708633148 5151.075642982807 6137.735330937747 4129.246572421613 6519.102195917738 4505.1773236538575 3199.937708709718 4603.899183521088 4844.7174114853915 4301.965420669214 3853.543882150546 4192.20544003162 4923.7655439087985 5246.101962050845 5737.619329298885 4907.298307735905 5694.229744068101 4686.915787187415 5931.1442103405025
4968.705383177763 4428.545176042072 5027.474349190141 2816.4420633891996 5737.758976947691 4739.183146718007 4165.719589216831 4789.775324433341 5056.472910173267 4830.464030690298 4110.737811010415 4297.0736668652635 4465.217919892761 6137.735330937747 3751.9221042878617 6274.289776555872 3545.199906083175 3199.937708709718 3452.2810320430663 4519.199253944534 4286.831094206652 3375.917792859943 4192.20544003162 4869.768527447685 4459.196913213864 4036.871518277885 4035.155482678114 5564.60423559337 4686.915787187415 5488.291860355669
3717.6857654080222 3246.381198098279 3355.92207186835 2575.687375099382 3601.0401686778296 3489.4012082192658 3112.525961799939 2801.111545137469 3292.1389672687783 3273.4989601066463 3241.3458337879147 3019.330227822572 3919.781716796846 2673.792157117543 2094.5497626688802 2512.0682180751846 3269.017867768138 2503.4332498220074 3294.5135636043124 3387.1721749790922 2902.6478349310973 1957.8893073461777 3337.85007946081 3414.051621081655 3267.0375462567245 3855.4526385991066 2950.6758612942167 3275.888575178453 2765.976373528759 3898.729351651492
2264.5857185682526 1547.7464235661755 2113.2284001693715 1209.661434467132 2837.6455136374752 1290.9786939504302 2591.22813121171 2096.958101893575 2238.691076146918 2114.8340363763828 2247.3309847555083 2241.3709995780173 2622.995037173063 1784.9855172815878 1608.4879096070626 1688.1043938737048 2185.290032292134 1433.3527038992706 2121.5148551102575 2375.514230519766 2369.338199097033 1460.2642754022881 2021.7120637819744 1747.3346215956453 1831.324739140592 2652.6445863006375 1390.8218127354112 2565.489268942698 2696.77705011175 2338.26286467488
1506.0130505999414 1018.7181055810088 1007.0764935900097 913.8650036763383 1832.2979884214838 960.5031258270569 1483.5326459426715 1435.0373064327396 1365.7437105935396 1018.6595501778315 1395.323534781975 1451.2196069689362 1621.6576373361459 1065.6038890173304 947.6364278030014 1058.884683200085 1421.9587434248765 976.5620103630745 1295.3155162052954 1427.0643125627967 1424.6719340968348 1007.1854812935217 1008.1302288348356 1071.2455611901423 1469.453775168301 1685.5482396354437 1054.719717095024 1564.118558825703 1657.4499467344112 1374.635159570008
754.662691455107 765.9806752455484 869.7966722121951 764.1862675171355 892.8790174969372 778.6541676935808 610.0983967209268 644.1636814466278 522.8815224298678 826.9342032431618 667.9665771461869 688.8428370043953 706.0625608116306 816.3431581172708 755.3049789432089 794.361194877501 665.5207108151694 807.8130916117248 688.3582390154802 687.9029831923513 687.6920827791982 774.3301415327774 770.082293636016 863.4459922212045 666.4598661603941 747.6512515083477 812.1910762529778 746.6270708891034 995.5940197831633 666.5778287804042
343.36930419690725 598.3668560263413 738.8183157050053 662.4022107876604 369.79895711142854 706.3919510918299 347.66227688015806 337.9406763689731 335.20455706991606 737.6267442571866 338.98092458236215 337.8842893679075 346.03746949519063 696.0879715957672 666.7732531431975 628.4336535001685 342.72226683670533 643.3073740453142 336.9226162747341 339.5342845094242 325.0028587793504 684.8939245454276 669.8700737243585 736.0238998757345 341.24903120775934 355.7083701083661 659.8484421528433 342.6152134558056 747.9800760676972 336.50350272536116
300.40424783350045 447.52781678070596 677.7653497975625 500.39512150001565 300.4861796930991 522.1079322327046 300.3124094855557 300.296067406819 300.2583662790894 663.9414315372455 300.3533477082515 300.32052096366306 300.3535474465298 520.3563511137886 496.0264130132027 452.983760085679 300.31582697027306 482.1740722871232 300.28305849200206 300.28425799736624 300.2421666304617 533.3663233374773 456.98392077519884 623.0663489376893 300.3134925516447 300.4194466179151 464.6713801750034 300.424994443993 694.1379581888705 300.2177110706825
300.00001127345195 400.01472003486924 605.1661452122107 403.99412531322605 300.0000150220021 408.9886727625535 300.00000816995407 300.0000101834571 300.00000746889964 511.45803136442555 300.0000103730463 300.0000082054189 300.0000121583066 416.75801301754836 400.5668161527392 400.0518147879993 300.0000082236429 400.2650913722741 300.0000078788653 300.00000966293965 300.00000682890277 400.50417148093356 400.03202784855466 471.96478492475944 300.0000100848606 300.00001373807754 400.3439205635632 300.0000121027483 604.2179413684898 300.0000064018327
300.00000000000045 400.0000000000009 410.77286278012434 400.0000000001892 300.00000000000045 400.00000000146656 300.0 300.00000000000045 300.00000000000045 400.0135274735012 300.00000000000045 300.00000000000045 300.00000000000045 400.000000015295 400.00000000001774 400.0000000000018 300.00000000000045 400.00000000000955 300.00000000000045 300.00000000000045 300.0 400.00000000002 400.0000000000018 400.0779921171543 300.00000000000045 300.00000000000045 400.00000000001 300.00000000000045 408.5074395338588 300.00000000000045
300.00000000000045 400.00000000000045 400.0000000000009 400.00000000000045 300.00000000000045 400.00000000000045 300.0 300.00000000000045 300.00000000000045 400.00000000000045 300.00000000000045 300.00000000000045 300.00000000000045 400.00000000000045 400.00000000000045 400.00000000000045 300.00000000000045 400.00000000000045 300.00000000000045 300.00000000000045 300.0 400.00000000000045 400.00000000000045 400.00000000000045 300.00000000000045 300.00000000000045 400.00000000000045 300.00000000000045 400.00000000000045 300.00000000000045
999999.0 999999.0 999999.0 999999.0 999999.0 999999.0 999999.0 999999.0 999999.0 999999.0 999999.0 999999.0 999999.0 999999.0 999999.0 999999.0 999999.0 999999.0 999999.0 999999.0 999999.0 999999.0 999999.0 999999.0 999999.0 999999.0 999999.0 999999.0 999999.0 999999.0
