4916920674.657659 3260628563.0255594 4789704478.639201 1989638301.2774649 2833669285.4264226 6060565254.398043 1733816288.3209794 4425939942.512176 5291456768.780101 4356932650.582402 1829233589.5798194 2187616348.5977497 2614663208.185338 1973187759.1291509 4022628567.8736258 2061318162.147236 3231869306.5013013 3518064814.857577 5173589594.296579 3446868276.4033737 4189524033.7596903 4562899065.426227 6738976987.708114 5137544743.011773 4179445764.747035 3576863972.168384 4187544930.1844378 3837786698.2556763 3763990896.8090835 3005786021.8689704
4916920674.657659 3260628563.0255594 3958973798.53555 1989638301.2774649 2833669285.4264226 3947349631.6138144 1733816288.3209794 4294913390.8893404 2576542832.5122595 2554501244.0884585 1829233589.5798194 976977873.0152354 2569668346.469581 1699017343.445783 3018556327.322338 2061318162.147236 2523524075.9075766 3518064814.857577 2973270535.079093 3230083008.735477 4189524033.7596903 3805954595.433911 3891506671.7909703 3529322812.482904 2517390150.3627763 3576863972.168384 2891910152.6888843 3686972537.935399 3292850718.682291 2693324933.2996497
2623643320.8445034 1437786165.8046434 3756388793.74806 1989638301.2774649 1647111175.597702 2633394656.414509 1730887939.6844442 3336519891.316514 1665610177.0356405 2554501244.0884585 1829233589.5798194 976977873.0152354 2265524215.657357 1699017343.445783 2491008923.9373026 2061318162.147236 2131217603.2421525 1576625663.2768574 2154129719.981917 3230083008.735477 965328578.2594225 3176654773.9460645 3683869717.7966466 2282309569.8149824 2517390150.3627763 2275612644.327615 2891910152.6888843 2623198925.5201926 2908386388.8694124 2333328243.9626307
904288821.3795485 1437786165.8046434 2961779547.2591414 1989638301.2774649 1647111175.597702 2633394656.414509 1730887939.6844442 2616014331.3250747 1665610177.0356405 2335159703.2845736 1455243909.471952 976977870.74646 1691442145.2570584 1417533138.3438122 2491008923.9373026 1815688292.9426093 1212283213.369096 1576625663.2768574 1806751826.1677942 1828240831.40752 965328578.2594225 2460685271.840059 1316933723.7588913 2282309569.8149824 1388560780.691698 1415009775.8653126 2008127474.4750643 1933016900.8124766 2477135686.9388947 478352298.22754544
620964071.3120211 1437786165.8046434 2534548165.241021 1631956961.4599857 1506457388.4525414 2633394656.414509 587904820.7713863 2071668093.2776809 1665610177.0356405 1365886053.3438122 1455243909.471952 783714159.8708214 1691442145.2570584 1417533138.3438122 1566580214.0807235 1380034383.8548372 1212283213.369096 1576625663.2768574 1632822600.8070588 1526797455.1649616 965328578.2594225 2144563042.4169023 1316933723.7588913 2282309540.6937346 1388560780.691698 1415009775.8653126 2008127474.4750643 1830364586.431385 2477135686.9388947 478352298.22754544
620964071.3120211 1437786165.8046434 725502706.8378057 1631956961.4599857 1506457388.4525414 1663362701.3747005 587904820.7713863 1328511304.0118446 1665610177.0356405 1365886053.3438122 1161851793.1414135 783714159.8708214 1033246057.7154559 771118350.5987391 1566580214.0807235 1380034383.8548372 1212283213.369096 1459628170.3166146 1062705315.2122766 1081630340.985541 965328578.2594225 1322110036.3253484 1316933723.7588913 1925085546.4842377 1388560780.691698 1415009775.8653126 1078339586.4102342 1830364586.431385 855496370.1090194 478352298.22754544
620964071.3120211 601628754.143024 456621517.61547154 1265237251.1881878 1134073296.2798083 1401849337.9754574 531654812.3983677 995130323.2177291 1431072845.8344924 1365886053.3438122 318632059.1725467 783714159.8708214 1033246057.7154559 714260746.4675624 577881585.4428269 907728163.6348011 682409485.7742395 1255596434.8247352 1062705315.2122766 441562363.22119296 904650410.4260502 1157415134.9621348 1316933723.7588913 1114401885.66368 1353295049.5686414 1415009775.8653126 1021490776.7527578 697675394.5054533 855496370.1090194 478352298.22754544
592597606.7165492 289527930.14542246 397177410.3870019 290261228.1619575 679122951.5471144 120228073.30912933 362912461.0006363 450615052.9065174 554504435.6963043 608265299.8929042 318632059.1725467 501451382.41984653 346650197.4776653 587233013.3951367 238609842.50932813 297549765.265673 511506741.4548218 412300116.6390936 370066876.80762386 441562348.0612011 524391458.00692797 304879877.2708054 542036025.2712058 516309183.62119025 637054893.7827226 483709689.41810006 504425316.88572174 379090498.5074283 442032059.72307265 455516891.38045615
264482119.1124093 273593136.41967636 212079905.62278602 164461791.44948244 178777343.8562533 118532369.05164988 215119507.1603145 52026612.43203602 193457973.07146972 223879809.18673444 104112473.52148771 210303645.75935403 197772597.73452547 244640807.18069467 179215650.6982637 37026029.18658228 195881907.38216284 226660743.46403173 279429654.7034115 60278160.96929014 124154174.61243576 170445655.90151775 321461082.96165323 184041795.39813614 231335635.03076816 161711286.24744773 187822631.212479 126865486.84591433 244989246.14669764 117952402.99959497
54193000.458722316 58087100.810890466 45397201.87851178 51700680.61001305 69557189.40490721 43758363.03634817 65325696.76378988 52026605.00770388 82767215.68974239 46915507.273301296 70482660.34135143 96398532.91782849 36104349.75800095 55758642.55681495 73222847.27449709 37025949.72097868 58171599.38233184 53402890.70939423 55296382.5274794 45155405.93747731 67233210.49372824 38945221.32334859 67952504.21363862 83020482.83253893 78569656.67115603 58231137.82229435 65153844.569302134 88217046.17922288 42960794.16911515 57804885.167175196
18127693.903399885 7338011.81342196 23652266.539556287 16655046.411794702 17650696.199817777 12824217.657683263 12777739.976990836 16436686.190955352 12748611.240108171 9958834.617413167 13788963.936448574 36334820.55658421 7705375.635191938 16772309.338839082 13093876.487631168 8423430.669979861 13083134.932503786 13028542.405213634 20633088.183378913 16147785.050268084 12188514.09764379 12514908.797899509 13648984.732788438 16600399.89583047 16357770.939898264 12958886.251576532 7722157.46536453 15331662.777359 14288892.940740183 14222124.509011453
4491124.118936714 4714869.079041016 6651707.899082566 4162003.81402644 5126433.841741853 5779399.377448591 1121669.9498580997 7317528.344543812 2334183.0894803302 3641653.197466094 5435983.185611812 10620806.74580117 1320541.554912112 4526760.446575393 2224034.3347984017 4420595.35753553 5833890.501827297 6442526.521788393 2062756.8455129375 2476956.7824206157 4272140.21328978 4425054.19335848 5041464.476683134 3081577.7595874546 3577236.3666226165 1572812.6583105016 3616942.64503932 6459884.503791107 4354998.520599133 5296520.493782477
2597624.1760171806 1502655.2853140146 1390361.1168817224 1068339.2217405015 621347.70296292 841997.2096276723 972956.5741670689 1259071.1586625623 834996.9651359074 1779719.959002857 1304516.7741895984 1808064.3698842365 967348.9990944369 478407.14013667306 1244145.869664433 1713716.5059590773 876646.6106165126 1490291.85148627 656211.5014608697 1093689.1121610631 369572.4029438438 730021.7382293091 1502690.6465306135 990594.1466111938 1279095.363160349 881659.7899648659 1485194.5945596425 1347247.8067187911 709292.7903181441 1082970.8861017996
695593.6474791475 529556.3348562265 375722.6851649832 195690.15167473565 419755.2595865447 271840.1137549457 347668.7382491836 123468.38382626812 406370.8898092356 149659.21058086317 111523.40058140215 660700.2811607963 321829.0766815286 277851.50581949315 233189.2437062753 366050.32197911706 268999.6437017067 257986.74842701032 182818.21179158243 241612.5315338201 109249.99104547266 463831.64494306897 287208.35325795657 291824.33320157335 334263.3500129805 194448.27405737538 294702.3704390799 96423.047914667 113059.2538298564 322718.5053980433
33386.497235002804 55707.26724774333 65377.942167040164 40197.83792206207 86552.97031153955 59303.390357433025 22342.74620102781 21538.502317686623 100945.96291592787 25800.443444412544 31626.895968522083 172970.91429751134 64241.11198384818 20366.696047762827 34131.50610112804 53509.82462546651 40894.71745311573 41228.35328181189 57060.42282829556 31613.14693435619 24812.660769135382 53186.96500424252 69705.58640576774 50278.815318830195 60796.58947148789 28309.15832978802 70455.24586826882 59261.60133235372 27170.08907614814 76531.30401946612
91.34688739669605 87.23392319430832 147.41814814546115 77.9037298842743 174.05280868648424 385.5872979959945 2549.7577296059135 44.936791022367515 937.8138170403727 238.68263928826445 109.19534255026815 87.65781644971548 136.79755981039375 144.4450795501789 88.81923598861772 30.646204816879163 118.51026567028453 100.9730685640227 86.48102852940383 86.38068183427117 64.12977064903953 154.44601006338144 92.40433726066544 62.49071128264313 124.69749264850839 2607.1979445742018 29.337165849035955 143.61900503231755 254.86783527791385 185.80587573117305
999999.0 999999.0 999999.0 999999.0 999999.0 999999.0 999999.0 999999.0 999999.0 999999.0 999999.0 999999.0 999999.0 999999.0 999999.0 999999.0 999999.0 999999.0 999999.0 999999.0 999999.0 999999.0 999999.0 999999.0 999999.0 999999.0 999999.0 999999.0 999999.0 999999.0
