1246.7654673878442 395.0540836139053 1146.7396434991529 1040.1689503373882 807.9488799977794 1229.9551923708805 338.25000051595543 1240.94839631469 806.0976555469997 806.7415918686611 606.849195744498 573.2317659898872 500.81243376707744 614.0065510305685 623.7722092580475 590.6950808543411 689.7941278584335 1003.5617728010052 800.2753668438704 634.2094731783063 561.324046441724 939.5167593057122 240.72174292286718 215.62416562138924 672.983187774727 1156.3618170922036 1031.9762133231484 558.419324516597 1006.1716577163515 790.6827390881717
578.1228463768975 395.0540836139053 386.7571895164883 1014.5672024052051 708.3686005637405 742.235687335562 338.25000051595543 698.9127396736803 806.0976555469997 613.1292252231924 606.849195744498 573.2317659898872 500.81243376707744 421.71005012329806 381.94097257375324 412.3179092157188 677.5623019438431 405.1763272517719 749.1087492048127 634.2094731783063 561.324046441724 601.189049446225 240.72174292286718 215.62416562138924 672.983187774727 499.6641114992203 673.7957732173445 558.419324516597 419.4498369005537 348.033387735049
569.0599778616124 395.0540836139053 386.7571895164883 552.4661276650268 708.3686005637405 395.4652523215864 338.0964460033847 698.9127396736803 585.4946322812916 611.3946426245875 606.849195744498 563.5945242607249 500.81243376707744 421.71005012329806 381.94097257375324 412.3179092157188 677.5623019438431 405.1763272517719 749.1087492048127 634.2094731783063 561.324046441724 601.071393497924 240.72174292286718 215.62416562138924 672.983187774727 499.6641114992203 480.92450808383364 558.419324516597 353.6715236600976 340.634804010514
447.5010572407209 361.2761166214177 384.1702965490372 426.3412248522236 380.6657894819705 220.39960110225002 338.0964460033847 667.7691038355683 585.4946322812916 562.986114587779 606.849195744498 563.5945242607249 500.81243376707744 421.71005012329806 361.9419869251442 412.3179092157188 246.0702533809922 381.35277248203374 551.4702602570669 634.2094731783063 561.324046441724 469.2277487725846 240.72174292286718 215.62416562138924 208.69971024545748 499.6641114992203 480.92450808383364 558.419324516597 353.6715236600976 340.634804010514
269.57400177177533 361.2761166214177 384.1702965490372 426.3412248522236 380.6657894819705 220.39960110225002 338.0964460033847 667.7691038355683 198.47841212175535 486.6323533340483 438.64946949442583 563.5945242607249 500.81243376707744 421.71005012329806 347.6038892484412 412.3179092157188 180.59507862823284 381.35277248203374 428.7457957937895 589.18968960948 539.7646533033567 469.2277487725846 240.72174292286718 215.62416562138924 208.69971024545748 499.6641114992203 443.59952015916997 549.806128210133 342.7761691672504 340.634804010514
269.57400177177533 361.2761166214177 384.1702965490372 426.3412248522236 380.6657894819705 220.39960110225002 338.0964460033847 569.8579933739175 198.47841212175535 247.65240599955496 438.64946949442583 563.5945242607249 479.13699447559384 421.71005012329806 347.6038892484412 386.3984922732052 143.7583496537045 381.35277248203374 428.7457957937895 355.61053152356544 511.15251654459144 442.37889919953614 240.72174292286718 215.62416562138924 208.69971024545748 499.6641114992203 438.00081523951985 360.3331234323823 342.7761691672504 175.94679541037203
269.57400177177533 140.678697566153 251.348700191812 263.3182515544886 380.6657894819705 202.26060560096266 287.99147776187783 368.93774705853 198.47841212175535 247.65240599955496 170.60559211083864 257.27781447337475 473.82554972490107 196.20953874049655 280.8183495602884 386.3984922732052 143.7583496537045 317.8009739328895 428.7457957937895 353.7819324898237 401.76337346700666 442.37889919953614 219.8798710953738 215.62416562138924 208.69971024545748 478.37191723895467 404.615262907696 160.2567336207403 342.7761691672504 138.10281154624
83.2914200389273 140.678697566153 140.48494801647576 219.28576102855595 259.1696902557069 63.2739595822527 243.3477626922836 103.2228446600925 104.44085915095957 94.3455741005082 170.60559211083864 118.9149975031537 79.99249192360776 196.20953874049655 109.91914797712616 187.31474433272024 63.788832908147924 101.25172591841601 147.82962924469712 236.7620331114349 194.7947044467678 203.20942190224469 112.64880561899099 215.62416562138924 200.01049669680242 143.08553901040523 114.7491709966107 65.05666979487023 85.27655988748847 121.74944056746244
60.871620943658854 62.674255462293786 108.57853795964502 70.99329356957242 85.53867702185062 63.10468360058849 83.03310302562113 81.00652383332772 79.85072012536602 58.65644290743876 128.48689398123634 64.80074084576654 50.611000419661195 65.35148641031947 78.75314868129817 93.41304126146088 62.678617160700924 40.78368804251795 80.66513088616193 46.21347549936036 76.06008209068023 63.6777964201292 83.91015896563476 110.77373758757994 86.24637401962536 110.36662821063192 107.78872659822946 51.39315562766524 83.62745127814605 77.36386248499184
56.211310786830836 49.948195648594265 49.40012935811501 42.03853834236543 47.608711505527936 41.23133192225532 44.254465644725315 45.636092364446085 48.271732299914675 48.06239884742854 47.133223357427596 45.41988837991994 42.99194649331503 46.19684928195511 51.600939561208634 58.36950135439929 59.2561236773422 40.236569138711275 55.419306689997484 46.21347549936036 50.09880183277892 63.6777964201292 63.29428172266307 53.851079710455 49.55906164119597 51.36137158490192 66.56518660717165 45.65067173309126 51.82397095722126 50.11966770251729
38.399876516185486 43.503234872830944 40.7953958946091 38.677661739183804 38.787162916652505 34.56351342236758 33.87289212866244 37.63206612004387 39.82922399326026 35.35202931460162 32.95059554302861 37.96341770098252 35.87181371882525 36.601930278441614 41.288311457464715 36.478408750978815 35.52613734610122 32.09174251523791 41.03580365797188 42.3088806404603 39.10486938894792 40.38478606845956 39.56742004579519 39.33537827049804 35.32184676829729 42.435086719066476 42.10755522892896 38.31109790525397 39.28143834602679 34.492896644409484
34.52181166430364 30.730608364457566 31.958041271693673 31.27250036914529 31.632121929019377 32.11526473418007 30.580320114753704 31.719704945724516 33.88886679424195 31.649532407744573 30.30467486348607 32.07979256417184 27.76962440114039 33.637149091790434 31.996354627117853 32.20572870656588 29.695326266756638 30.366183789464685 29.5138822778722 31.056990188958935 32.663973015997726 29.87995799606142 31.53603978523961 34.3792361830383 32.42282198263183 30.780581086458824 34.87329048030642 30.62773369102797 30.457720554804382 32.39121788466991
28.299188067442174 26.643581436502245 29.121713509828624 27.150980640146372 28.592691246509276 26.810396114689865 28.81684223183356 29.11736104034162 28.091397378529564 27.69186820440973 27.076510350933404 27.984909074251846 26.318757145568725 26.8723045767224 27.43836186480985 26.86988819989847 27.87761617967317 27.51103124848305 28.310310634500183 27.277269229415197 26.79904143837075 28.248742553412285 27.139457281332852 27.78452251258932 26.23754277258695 28.95450026490562 29.557896492727195 27.12762186873124 27.536067116881895 28.138524525598314
26.108052281207165 25.341740661763197 25.594651398483165 25.485894332217867 24.243631295072646 25.818004330297754 24.915297167378867 26.45288283722448 26.315516106817086 25.94944554728454 25.684171012865136 25.595118065152292 25.03083802462379 24.996388292732718 24.9516058011518 25.237309588443622 25.784502116467138 26.43671941687171 25.916099306292836 22.998441714329147 25.527300246094 24.49002727905645 24.46809089383578 26.45675976621351 24.53298145609142 25.31387618545068 24.18090115306859 25.399123171662268 25.294304806909167 24.828632474566348
23.47571707312909 23.02355557552619 24.28015035869703 24.002786309662497 22.585988805305078 23.830843590035784 23.91486021389983 24.015205066494673 23.765047614647756 23.68959318972429 24.229429962201266 23.701590330289037 23.512618816640042 23.59168645236059 23.995531858695813 24.235619607939952 24.49941429589626 23.658481223824765 24.209376563324895 22.998441714329147 23.98730565150663 23.72568828836802 24.092074078775113 23.70854298519089 24.293210867611833 24.050750215036715 24.124268546956046 23.60211659438437 23.55012822791241 23.278488880504938
20.61891634753556 20.557700406982804 20.540111790548508 19.81277766994799 17.079889279124473 20.59540795187877 20.668947757474143 20.427604626733228 19.458378522216663 20.796522471728622 20.76627612817083 20.758609120013716 20.816854102793513 21.02743892090575 20.893236652802443 19.413596607315867 20.68405513217749 20.625294584830954 20.825219821875635 20.578827749322954 20.737302588596776 19.524907646138672 20.64444561206483 20.810709768107245 20.880952151403108 20.667092145373772 20.752211317963884 20.738547135079898 20.860552567866307 20.837836696834074
999999.0 999999.0 999999.0 999999.0 999999.0 999999.0 999999.0 999999.0 999999.0 999999.0 999999.0 999999.0 999999.0 999999.0 999999.0 999999.0 999999.0 999999.0 999999.0 999999.0 999999.0 999999.0 999999.0 999999.0 999999.0 999999.0 999999.0 999999.0 999999.0 999999.0
