281.100110088918 267.17388599045444 270.70335749457695 233.68762487964045 271.70130967233445 246.76329550235687 297.1491863427409 192.20908199319615 270.15259332773803 283.55151963626645 273.00112636615904 243.44965365745088 264.87237996606973 265.51506655378944 282.0214030468685 254.51330738363754 275.2920106261322 244.8420993724435 254.82617159521146 284.93078965266704 247.76977596848928 263.42261444752717 274.65017250877236 284.46751914165793 239.32990962811323 282.3159399571964 252.5694518633693 274.11966756299125 287.2522330316451 280.17118746489655
277.5757716502426 267.17388599045444 226.26082909818933 227.27033891250994 257.24832071915625 246.76329550235687 266.13953065973783 192.20908199319615 235.96500811912847 235.82400590971406 245.825836006416 243.44965365745088 263.89607778296954 265.51506655378944 269.28841028054285 233.96252390027598 249.72456912593975 244.8420993724435 254.82617159521146 224.8336560829532 247.76977596848928 224.14708187703081 254.9870397489558 248.22048038398384 239.32990962811323 249.5576881174252 234.4855068976367 259.877133830194 228.96752141995444 267.1448813731413
263.47061080964363 236.72833387241167 226.26082909818933 227.27033891250994 231.45187624292134 242.58042441874954 266.13953065973783 192.20908199319615 235.96500811912847 229.41001820429574 224.14850782991516 226.00449613614887 263.89607778296954 255.41221734125497 260.2202911589013 233.96252390027598 206.42929153903208 244.8420993724435 213.03514880302714 224.8336560829532 247.76977596848928 211.77080290537424 234.51545307831543 248.22048038398384 239.32990962811323 232.23835756858352 206.65811762400983 259.877133830194 228.96752141995444 194.51550310493383
263.47061080964363 236.72833387241167 226.26082909818933 187.04284929905816 227.4528166909447 242.58042441874954 180.29001034240514 192.20908199319615 235.96500811912847 224.6709180610428 217.6579417292038 208.86184571977424 263.89607778296954 235.7513145810376 238.81250016819422 232.82022638085232 206.42929153903208 244.8420993724435 213.03514880302714 224.8336560829532 234.51223391362987 211.77080290537424 227.20574345558794 248.22048038398384 239.32990962811323 223.79964715871506 201.4530931746524 225.2135667271541 228.96752141995444 194.51550310493383
231.07663821486904 236.72833387241167 226.26082909818933 187.04284929905816 227.4528166909447 226.47430714374786 180.29001034240514 192.20908199319615 183.1665779814549 224.6709180610428 217.6579417292038 208.86184571977424 244.29206520607408 229.7504968557903 217.08555965007918 232.82022638085232 204.3200345222299 224.52980398138925 201.5415674464723 224.8336560829532 234.51223391362987 191.7116841618647 224.30810073283396 248.22048038398384 239.32990962811323 223.79964715871506 192.9838589329853 180.70087943617978 210.75366179151388 194.51550310493383
218.1793300806412 207.04440553921745 226.26082909818933 187.04284929905816 205.71966808025286 226.47430714374786 169.0723874013397 192.20908199319615 183.1665779814549 205.4788485348506 217.6579417292038 201.4023198670792 238.08692032027898 229.7504968557903 215.24529721511396 232.1160479443779 204.3200345222299 224.52980398138925 201.5415674464723 224.8336560829532 209.40654404333714 191.7116841618647 224.30810073283396 228.72072316729555 239.32990962811323 220.0395362658776 192.9838589329853 180.70087943617978 210.75366179151388 194.51550310493383
210.38251816709317 207.04440553921745 214.50634107433757 187.04284929905816 205.71966808025286 215.251659463122 169.0723874013397 192.20908199319615 183.1665779814549 205.4788485348506 205.01690098115114 194.74407349549153 213.30748387924928 189.97788701655395 189.4159208052854 182.89936685256316 204.3200345222299 194.3511115176492 201.5415674464723 170.98919797644987 181.10562409772479 191.7116841618647 215.04428624560046 209.29997074063783 220.7256030850201 214.3233132614323 186.31969276835298 180.70087943617978 210.75366179151388 194.51550310493383
195.88340931290395 191.27533215373126 191.21658554520695 176.40906829205267 182.83357192710707 180.95403256260659 169.0723874013397 192.20908199319615 183.1665779814549 187.18596435044935 194.94515024477187 191.0117774679802 187.43619758281704 189.97788701655395 166.39377550119775 182.89936685256316 163.3385222802326 178.92429560182427 188.39723610370754 148.8005661459473 143.96595079993926 171.97009560595427 181.33034475528734 193.26842837541562 187.69477313278105 181.9135816563695 182.12637637307216 180.70087943617978 178.21350235816612 185.39565121812086
177.28297062094384 182.78144081764958 162.74892718496926 169.822003513985 164.78412354058776 153.15511402042898 155.54340786022624 182.6906809760245 161.544541242376 176.50898268466517 179.62512934956226 156.0223843457353 169.99421221197167 167.7262672151304 155.87521861240202 171.98550767866857 158.5162671905565 160.361090766364 158.26978637738534 147.28786645155424 142.26642674561197 148.45650837323353 166.54655069696366 173.94011038135 170.21314625553498 127.13746477787504 160.0059206902729 162.26712037788536 162.70665870601624 158.25577336642198
146.61135768933377 137.29698202702116 152.3366507513672 127.57848205657933 142.53873302496697 149.6055596243766 136.69247259940676 151.20534023540915 139.05139322417028 132.74841590040137 150.20568969721455 116.27780722160401 157.56652380424725 146.11594126919385 154.70609455301098 127.91626458217047 144.99898725672654 143.82098834798705 150.82961286179375 147.28786645155424 142.26642674561197 139.66315476627528 153.7274820943387 144.11563602433932 157.70369832071333 127.13746477787504 146.7651811144185 139.670893985563 150.7466774701145 124.51213303874192
134.95593035246156 120.56780892878533 131.6179322279786 123.908667410877 121.05391662936654 112.95643782028696 126.60087932561953 106.51912314818105 135.027008784818 120.761764197287 131.37546057830627 114.59066888748475 125.82648373568304 122.05312992698441 134.98587458881934 111.67963453245886 119.77758454892546 132.05775586752827 126.45528537087466 97.81664519859157 126.5320400569168 127.5566516846842 136.55515180162593 117.47012381616707 135.80572308578405 102.36528107672268 127.86395463774579 119.62302935137905 137.02764005511278 121.41184689707643
99.33801332138967 114.50083031207748 117.64074971924765 110.49475068069796 113.96272637231607 111.10001374487865 109.24091872799875 60.523681194900064 114.99339341344216 107.27260133015034 102.78628612510124 103.45023971426531 115.7464115254943 109.47132189055719 111.67226651345686 104.06346443744519 104.5752161419116 106.52881286714785 113.14747693411118 97.81664519859157 121.34289415580292 122.43286886358635 117.02897520243391 106.48894273571841 119.9569595394803 102.36528107672268 111.71533788120337 110.82579025369807 110.47121695674332 95.84498474959764
95.56194711415412 100.44596069179966 94.07214252227288 101.08478615382205 92.72400716160905 96.11361566336723 75.51543275150505 60.523681194900064 87.91468029556688 76.12483806220234 93.19736366992458 73.3095038822072 82.2947521282398 92.85394546059251 100.79615565591291 68.90125282265092 98.81918367089054 68.9365326944203 95.8390658408324 86.92647721439027 98.60678324995342 91.30864939385378 95.82806261847395 81.14738681724816 96.27510080095863 75.75978645171506 78.03146444925744 93.03656729126226 93.17497249076132 88.19638843872326
77.33978973599528 76.95098810961497 80.9815221870656 65.54828328852875 79.51550263163779 76.51708642074254 70.76323784262877 56.762211303855906 50.09179585149104 56.397236926282744 64.46877652801288 66.28758078545081 68.44662661169127 79.5528547658671 71.2959120073399 61.272848553562426 73.37843873453505 64.93098625480695 84.00251294292082 74.95431573653207 72.5648717561744 77.54171010521554 57.032010396166584 73.18403186403384 55.42118886687797 72.35619017584747 72.82600238527345 65.50187039672448 62.61890506342377 78.6057593353504
42.86727169473306 39.63895950819813 44.35902553073731 41.4429299868292 41.14224044125581 45.25768403559073 46.54509367414914 33.616182906836 33.365025399846104 43.939365814910616 35.50318651556768 48.67907698816009 45.77433601689552 39.51578893295698 38.89945006050243 48.089592454593685 40.31780017233518 43.4903830094803 47.17132130350819 34.23627608234119 36.245774950313034 51.718498008263396 32.85716655408271 45.84385045649117 41.13437435813353 50.08708710120493 48.934706255528454 44.8819066246715 38.851050162165734 44.18355384750805
16.92508177636296 21.028406510742343 17.943568267015962 15.941009998436812 16.96863616888254 18.976913612269186 18.070319496520597 11.989508671198564 19.010630855823024 16.93605906168557 13.984652767888974 16.92135753113098 19.92791966381901 10.994689600760125 19.949016857062134 14.94892275404311 17.95107154473419 8.98317287931252 16.973042972373605 15.93757518864868 12.979796140286908 19.300266267102188 19.967158640058983 16.945730031078256 19.916446053990626 13.954538399992657 20.994312253648786 9.966391627919847 13.939121186542707 15.953888608528587
999999.0 999999.0 999999.0 999999.0 999999.0 999999.0 999999.0 999999.0 999999.0 999999.0 999999.0 999999.0 999999.0 999999.0 999999.0 999999.0 999999.0 999999.0 999999.0 999999.0 999999.0 999999.0 999999.0 999999.0 999999.0 999999.0 999999.0 999999.0 999999.0 999999.0
