217.0543873800002 198.01861331833197 126.52492822068007 125.99179321441125 208.64254668501144 154.5137525801165 165.57097765913932 177.14538083047228 173.95632320076083 131.80326117471122 146.2212425087473 179.59264084618235 150.5900522686061 192.4979508663837 148.0550166430544 154.13224640237468 134.84681860144292 137.07727409360268 156.30648543951156 106.34632405185494 132.71605000806267 155.85522631716503 142.86617563326308 176.23432690465006 188.83922033206773 178.05350297590576 178.275751736252 151.95637317917272 219.9990188312363 133.59962883817389
169.9398744069531 198.01861331833197 118.86717414792656 125.99179321441125 159.59117284741615 137.09818043228688 165.57097765913932 154.0092837556117 173.95632320076083 131.80326117471122 125.55502512480916 172.41119936974246 148.34815591530923 192.4979508663837 148.0550166430544 154.13224640237468 134.84681860144292 125.58969913993269 120.014202230911 99.03001500675146 127.6163572081905 145.971821632495 142.86617563326308 175.97863580169678 188.83922033206773 178.05350297590576 178.275751736252 138.22293509011342 208.1890598230957 127.20331681891548
169.9398744069531 171.85968002720756 104.64709651761586 125.99179321441125 131.65815588107625 137.09818043228688 146.55485809531 129.77353068506227 125.01912608215025 131.80326117471122 125.55502512480916 133.0483510070285 148.34815591530923 192.4979508663837 148.0550166430544 111.72045458486855 134.84681860144292 125.58969913993269 120.014202230911 99.03001500675146 127.55020097542001 111.15309867606265 142.86617563326308 127.44965439426642 188.83922033206773 169.5238770953647 132.0834135884379 138.22293509011342 103.44039756411894 127.20331681891548
139.86508522988606 148.89394611619628 104.64709651761586 109.13308446712472 131.65815588107625 137.09818043228688 121.13045503137892 129.77353068506227 118.35212318088725 131.80326117471122 125.55502512480916 126.76646451032775 148.34815591530923 64.87861708567516 148.0550166430544 110.51205037368709 120.16356722556748 121.79636004137365 102.953572826671 95.54398369675027 127.55020097542001 111.15309867606265 142.86617563326308 127.44965439426642 159.0441601140219 133.35853441528388 132.0834135884379 138.22293509011342 103.44039756411894 127.20331681891548
139.86508522988606 148.89394611619628 104.64709651761586 98.74593115557082 117.4829910370895 137.09818043228688 113.46912742082804 99.44643520221871 118.35212318088725 131.80326117471122 116.16229893655509 93.22590145499817 148.34815591530923 64.87861708567516 138.92815717065423 110.51205037368709 120.16356722556748 121.79636004137365 102.953572826671 95.54398369675027 127.55020097542001 111.15309867606265 102.3966272706216 127.44965439426642 158.80534829223325 113.63770731888144 132.0834135884379 138.22293509011342 103.44039756411894 119.9995726888992
139.86508522988606 125.66926562047865 94.99080546984123 98.74593115557082 81.18908773840712 125.3463986681054 113.46912742082804 99.44643520221871 118.35212318088725 109.44476218830641 116.16229893655509 82.78447472280641 136.6724836329895 64.87861708567516 130.84663957226803 110.51205037368709 113.16374016284453 121.56166898601668 98.4321461604709 95.54398369675027 107.69358606245305 102.28558917616601 102.3966272706216 127.44965439426642 123.70070767855805 105.21182590552735 132.0834135884379 103.5618736142792 103.44039756411894 119.9995726888992
96.02369496055871 71.1642837456161 94.99080546984123 73.50042327828214 59.93524092961252 125.3463986681054 104.48293276500544 84.27885810702173 87.29603411526341 85.29307838880959 83.0232113379625 82.78447472280641 100.96634124597495 64.87861708567516 114.69452441726025 101.41153602659915 113.16374016284453 72.8349053450961 91.94491707762927 73.52803084457992 84.17772415355466 102.28558917616601 98.25972612421901 98.44641592148764 116.56378088941528 78.62580255578769 132.0834135884379 103.5618736142792 103.44039756411894 106.21686878028004
96.02369496055871 71.1642837456161 85.20202350218369 68.84580170628033 59.93524092961252 79.3563559217705 80.77758787322409 84.27885810702173 74.59631302410389 83.64806872567215 83.0232113379625 79.23995259143521 90.56464276418137 64.87861708567516 83.36822011056984 64.58837154814864 57.11456378613275 72.8349053450961 75.43738984194351 64.95994301906285 76.26216898683742 99.32403662360821 91.33674755075663 49.45129374249973 80.602154406321 65.97775462931395 89.59442572215585 83.99023507355423 88.32523051836552 64.92717312553305
66.44690893458255 58.48061893782278 70.8400302341397 60.46159414460817 59.93524092961252 62.669275200687935 65.23501784126438 70.12208098873862 47.18521170584677 55.477707710577306 66.77121235034383 60.0131710488231 62.95662015862172 64.87861708567516 69.51699274772636 56.056225620832265 53.449969252389565 60.798753365217635 65.41175428533279 61.8818699333774 73.06142286998511 53.55319260476108 69.95608273640482 49.45129374249973 73.3320908675978 57.305336787241686 51.857648679644626 46.248545498798876 66.38149416353554 56.31829046574558
39.014910836776835 56.283205598906534 54.88669705225084 43.04044489948433 50.337828166202144 58.54267123438922 49.47302257987121 49.94416338271776 43.34924642982696 42.69757950584881 55.8326686673754 40.73959643323042 40.216445207320476 55.238385995960016 56.88757072411772 33.81455723184445 48.65739678370619 45.468221068230605 47.090815577549165 48.311062499638865 51.02212418168574 38.43855291349678 61.69759128223677 43.549149545126056 38.351406228269525 47.50024492204784 49.0522835212646 37.343180991889085 47.91025684521583 42.05040880821184
35.80119126528348 39.61679620733935 45.06472054782489 42.505710797644724 35.554381374409786 38.10418000783261 40.17264687325746 34.8826002411181 36.72555545948808 34.866153312586675 42.0468949434503 35.555184853169976 39.20596431301192 36.43981342000416 44.32067464037118 25.847046032572734 35.90835459787331 34.84456665953758 31.718172515871174 40.139991942739925 35.10060222464267 29.33864663668828 43.495658505034726 40.56893806134394 38.08451931938248 37.02228540550573 41.47984581820151 34.437377792099824 40.98716473577656 39.071318801128655
27.33048108576463 29.591397142295364 26.056393721488348 29.353319997173003 31.357138299690178 32.825020641311085 33.44532885234412 28.05978491619726 29.871618223818814 30.253399043440595 29.07434102280172 32.2507407787557 27.85801018949769 28.189965071506776 28.378779688584473 25.847046032572734 27.912450654952863 30.26929187310884 27.713955159837724 29.7102258771763 29.074939189931683 26.705914616540667 35.85177878606646 33.89801967411677 28.561862553848187 28.53617681416972 25.37670059961647 27.92925701116542 28.542944564604795 28.00030071937772
23.787343318928606 21.739830476360112 21.91351081058815 17.12597915359538 21.234726830426325 22.01990595085067 18.867685161996405 19.09341211326 26.082394910416042 21.567571297205404 25.46860249209226 21.116414661134286 24.15073167950368 18.91138914912949 26.108490138975412 19.922844860368514 14.619836868483844 17.80347571526977 20.992226451997112 22.206840008901736 19.959868501163328 17.38231044584063 22.63013052425572 21.61839676599925 24.056688013974508 21.315677907823556 12.52841507007156 22.019436479921296 16.402368612901682 20.412151999226126
7.277124471075922 15.101502265191357 9.688918912806002 8.881823933210853 5.4296422714464825 10.586921370188975 6.980613701527545 11.633693377709506 7.316624930922444 9.897931167650995 6.733401859477681 9.017697552876825 9.553367716319826 12.384831178393597 13.499034362379462 7.808445166387401 6.268395946114879 7.437001508019193 11.852755389877302 8.315359237575194 6.833391380169132 6.829403915790635 12.534128974712985 9.497299513233884 21.382784672002572 13.102847775043529 8.370981235550744 11.331237974259693 10.878951477496685 12.488001045358487
3.3232202254059757 3.649402164653793 3.6622559045802063 3.3049710486200183 2.621921997387517 3.717222535529345 2.9413398568162847 3.5514871881907766 5.037414331868149 5.200606897170019 5.317111363236563 3.8568498711917982 3.125949599075966 5.304324424678271 4.059344107138713 4.238445591101936 4.200433055795429 3.505620199613304 5.276490924713698 3.117964776126655 5.064901978369562 3.9859665743892947 3.9706536929563754 4.418886388987403 7.94709476538128 3.842254318062487 4.634443040710494 3.700897075406374 3.5810927264933525 5.743134377811884
5.855702056578593e-07 0.003545591524016345 0.0048426530825054215 1e-08 0.014631682799063128 1e-08 0.0050747114673868055 1e-08 2.8230995212652488e-06 0.0094274263801708 0.002826539600846445 0.0009669371252130077 0.00029438356955324707 1e-08 0.05935864088064591 5.5304781199083664e-08 1e-08 0.007045163267321186 4.130220077058766e-08 1.3045337254879996e-08 1.9877643353538588e-07 1e-08 1e-08 0.0005783779752164264 0.9957906328727404 6.547891189256916e-07 1e-08 3.2716318401071476e-06 0.011699890807449265 5.472888915392105e-07
199999.0 199999.0 199999.0 199859.0 199999.0 198465.0 199999.0 199186.0 199999.0 199999.0 199999.0 199999.0 199999.0 199939.0 199999.0 199999.0 198003.0 199999.0 199999.0 199999.0 199999.0 199196.0 199915.0 199999.0 199999.0 199999.0 197872.0 199999.0 199999.0 199999.0
