2348.977879222648 5138.598895829807 3012.690542959831 5548.964340171283 2465.5012870274513 5575.545019245688 5246.220070011751 1752.635513467977 3980.9428856039867 4348.074399936059 5375.547631842879 1481.8979572351486 1332.3633805583727 4222.666921475939 4951.275340857194 5611.932156395098 1009.675934833966 4239.1123110723165 728.4313074801516 5323.0458647320265 996.3671861586072 5268.512961405141 3267.0352651177836 5131.06000898783 5517.411884620229 3415.030198671626 1344.4928963734774 4617.2777479917295 4638.199591031273 1543.3971667103178
2348.977879222648 2072.194492936005 3012.690542959831 4402.863546193812 1046.8058095592946 5424.113087441825 5246.220070011751 1227.8875730616533 3980.9428856039867 4082.1067098397925 5375.547631842879 1106.3549557425467 990.1955313731341 3449.4009428606705 4909.06052202908 5432.049530209153 1009.675934833966 2762.4943746773024 433.71738851390637 4283.24808316781 996.3671861586072 5004.610036864044 1766.323851990699 5131.06000898783 5517.411884620229 3182.963245395492 1344.4928963734774 4617.2777479917295 4638.199591031273 1543.3971667103178
2348.977879222648 2072.194492936005 3012.690542959831 2120.446589133555 341.9443660972306 5184.106582385294 4362.187675312557 662.237004031766 3980.9428856039867 1158.394449340843 3087.201550401286 615.5075870135815 734.4064703088238 822.1668576659413 499.96072390841437 5257.310819223134 1009.675934833966 2762.4943746773024 433.71738851390637 4283.24808316781 996.3671861586072 5004.610036864044 297.6165897050396 5131.06000898783 597.8852282256789 372.22247665127634 847.2209026864102 4617.2777479917295 2516.8280225880935 1543.3971667103178
2346.8461007410842 1558.3722063717414 3012.690542959831 2047.9178380193061 289.23641815299106 5178.475082680373 1820.3327529926682 662.237004031766 1678.8097330684495 422.33624933300507 3083.693278443123 615.5075870135815 477.0199240446568 741.2858303474736 391.1724294374808 4985.7577172793135 408.32392635860106 2762.4943746773024 433.71738851390637 547.9319761418183 753.4335956267287 4495.4046182153015 297.6165897050396 4869.52838058137 597.8852282256789 318.70322514850477 648.5005115785557 4617.2777479917295 1534.8701588823715 1543.3971667103178
1389.0918978468253 1558.3722063717414 2050.439516208029 542.1391216915072 262.0377359136419 5067.969373134015 540.2132561301046 324.7844791925154 1678.8097330684495 201.0936081831619 3083.693278443123 615.5075870135815 218.1619026751382 390.9575404725415 391.1724294374808 3724.6027157121844 408.32392635860106 1925.7696591980057 344.2212955659925 512.3242378371388 753.4335956267287 811.5383900465413 186.82275691205405 2014.3549520339566 597.8852282256789 318.70322514850477 648.5005115785557 4115.958002947973 1478.209066973358 1347.3988047189441
719.7576373302363 317.0641659049311 1098.3852405741309 542.1391216915072 233.05360490805742 4892.743881364806 540.2132561301046 222.1246261741694 1678.8097330684495 201.0936081831619 3083.693278443123 390.00004392380424 218.1619026751382 309.12626351054996 299.1435379200284 3724.6027157121844 359.91812531382266 1925.7696591980057 344.2212955659925 512.3242378371388 753.4335956267287 637.1439709799324 186.82275691205405 1169.0453059387646 597.8852282256789 318.70322514850477 628.8029307223383 4036.833907517572 312.64056043513165 1347.3988047189441
339.9640830624535 226.2291611760952 472.18163062420535 384.193817456734 229.8680709770456 4643.177983798522 470.02388406610226 209.50132168967275 644.6427679328626 158.015808726248 462.73647248663974 263.4337839902423 208.9195766894086 264.9277660857224 217.83669989527198 2186.993007548899 240.1687743951643 398.20012236068396 271.50055558111353 322.95168216991306 753.4335956267287 543.1724439126956 186.82275691205405 864.3497302557098 597.8852282256789 275.4867673000481 294.92661361726005 4036.833907517572 223.09368032482826 397.2420164447303
163.1427007873881 167.60499861339895 210.65574920016388 167.05575893618106 163.6026262115829 406.9791641599236 217.73781700190102 174.2251368033676 318.24649246719946 156.43735532942128 213.278677423496 149.09510072878902 133.74818082815045 156.3235534184455 168.09938914982786 338.58641788649265 170.07934366458812 192.43648986140443 157.302439267276 159.75030518883977 377.1941048937874 165.45856500977789 173.75912556141657 175.81619490174626 200.14899187780384 170.95136446968309 177.876884678637 394.8941859352972 163.85824973869148 174.46191243604517
134.34995800995284 147.84180341291858 123.12227531822327 144.00482660509078 135.7781324525913 163.3894967295446 136.15086172766405 143.48817170033317 263.92666552591527 145.89973888289978 130.16584711628548 139.43346993021532 130.69616197422056 120.39366649571002 129.8825586378507 159.20514551764018 132.61968254571457 153.39511545893174 123.3521887306124 141.79398035415988 204.8641157024067 132.16483436657927 143.3825474005439 149.88002706940551 160.45009370949174 142.9142320977394 128.35852663643936 202.51851074445676 144.09233310943682 156.65853135513635
115.86766225832753 125.58962790339956 119.80366613537217 123.48620757533536 115.3428783672889 134.61753889560714 118.07104315686001 118.91825551110787 239.11444237417072 119.84574692557635 122.98944974754068 117.8716697175978 113.5803889845647 113.79933588066478 120.03788765771651 120.62782099249262 122.60783896823114 123.26733610765268 117.24306164314066 123.06977904140967 142.7185374347514 126.16406687424933 119.03165424910048 120.70067205727355 124.5408033435283 119.10194232617914 118.84042443772614 146.3275583644663 126.32565691648597 122.76050804259648
101.84813472772657 101.61798035613947 103.71424952519692 103.64176698089386 102.26113179359209 114.1220513557264 102.56632531552987 101.74877343400249 212.2186372820488 102.43419767073328 102.23557942072102 102.49998954598323 101.26862614723132 102.06090485292361 102.31668684078659 110.19189254016692 102.15984412707212 103.32690426228783 101.3078854954847 101.93380038702571 114.24290089423539 102.02220657846738 101.75207075479739 101.49010106081369 102.65895329370369 102.47873643445337 101.55117225231652 112.7116070054949 102.59592175663965 103.0925536711602
100.61650612118228 100.41436926402412 100.72186759334318 100.64728111478507 100.69653087854977 100.73639874271703 100.657451620757 100.81846200165273 159.8252504964471 100.57130355732352 100.5860335954585 100.70351832379492 100.56370829842263 100.52375901359846 100.72461352042319 100.78405641545714 100.74705612318348 100.59160210325672 100.65852024036712 100.71941897994338 101.85382060406027 100.72417290205703 100.68640973115635 100.51181415971996 100.68473331798077 100.58953163443357 100.65768338605176 101.27021363216318 100.73324373712512 100.68587216040714
100.52904167785164 100.39445355045154 100.61057631463382 100.53161879243316 100.59944897945707 100.48605895723676 100.6301707585294 100.57216312930677 101.02690109663808 100.57130355732352 100.50804074385724 100.58448627614825 100.56370829842263 100.46333864272037 100.58847200836317 100.60847311972702 100.56720794233206 100.4842004197726 100.5074674691291 100.52817286484924 100.66887186036638 100.61250217580982 100.58995546267306 100.51181415971996 100.5421425485556 100.52488523083503 100.58513939941622 100.65139147808532 100.51952305365148 100.59454976308325
100.51970792368184 100.39445355045154 100.48762319822254 100.45263472720944 100.4483829013302 100.43434169934017 100.46023461393224 100.50310983372901 100.78492147163661 100.44960901326704 100.50804074385724 100.34010455760335 100.44537711168323 100.46333864272037 100.410143424137 100.50968311154656 100.47497408639765 100.46862051326525 100.49810566523911 100.4870522312176 100.58557542845438 100.49232140313234 100.46588440335199 100.45220855950538 100.396133066949 100.50543656859963 100.5543664828615 100.46344498121971 100.48006295238793 100.44141210693533
100.34346924885767 100.35505331250761 100.36660648079487 100.34396718921198 100.37521111820615 100.40319633085574 100.38593652482587 100.34917629011488 100.64769628411477 100.3082709995333 100.34787241829463 100.31995294946319 100.28885997324778 100.29898024488921 100.31001246836104 100.38129292901431 100.3826281279953 100.32599533288885 100.40730903472058 100.3567219292986 100.36873903271135 100.41894021522876 100.37142173117536 100.40108437663821 100.36515049366244 100.36141729191286 100.32630744945936 100.28296939645134 100.37694357641976 100.3774586863592
100.32018167892329 100.33025667300808 100.2986875310603 100.30086055567062 100.3321690796206 100.31165508628101 100.32634369701373 100.3363449684316 100.5004023794504 100.2831586008665 100.32792047540079 100.28162651520006 100.25667836516232 100.28845346740218 100.2471985034149 100.36597237448314 100.29945372552038 100.27310093867209 100.34288980120755 100.30882298742608 100.34527561142113 100.36224910400642 100.34642748865963 100.37073108164077 100.34958978163195 100.33465910152836 100.32328737854232 100.27207269994233 100.33255273993882 100.33046195294128
999999.0 999999.0 999999.0 999999.0 999999.0 999999.0 999999.0 999999.0 999999.0 999999.0 999999.0 999999.0 999999.0 999999.0 999999.0 999999.0 999999.0 999999.0 999999.0 999999.0 999999.0 999999.0 999999.0 999999.0 999999.0 999999.0 999999.0 999999.0 999999.0 999999.0
