5982.051238754818 4728.747936351614 4369.731987269882 6394.004779299307 4474.909688654099 2823.825120125772 5235.9407111602995 2432.436390979035 4714.551691343499 3950.693267338371 3559.0973148154685 4996.6272222973075 4965.279417541785 2065.1305409373576 3541.1656049396615 5930.1899549219725 3061.4583766347037 5868.811988106391 5258.649554591904 4203.715305728464 5856.98437705046 4820.776440854066 5592.7689174484785 5244.009491751072 4776.261164429829 4546.792119898426 3757.957264568804 3243.229501559982 1538.4869362334364 3751.7775312815384
4589.49939058719 4728.747936351614 3589.147806101015 5642.576601898625 3264.3446292543667 2823.825120125772 4328.703049399925 2432.436390979035 2009.6067032017954 3950.693267338371 3559.0973148154685 3997.9414134086674 4309.272013457816 2065.1305409373576 3541.1656049396615 5890.988995192154 2920.4787710908413 3459.4951102990003 3266.822902090334 4203.715305728464 5100.653747201795 3621.1855784238683 4503.79960543911 5244.009491751072 2849.2822757006575 4007.527129622993 3617.7175986486664 3243.229501559982 1483.571308624009 2779.738233589142
2583.8767155948476 3637.0691281674876 3589.147806101015 3863.7329452178556 3264.3446292543667 2192.691215313941 2982.8400490155773 2432.436390979035 2009.6067032017954 2003.520721910837 3559.0973148154685 3997.9414134086674 3669.645215661902 2065.1305409373576 3541.1656049396615 3186.0902194495834 2920.4787710908413 2453.7890834231575 1921.0667489627003 4106.715808901094 5010.007606405956 2712.9579478665823 2996.934593298518 4073.712007910188 2849.2822757006575 4002.4192348092947 2997.8932711307934 3243.229501559982 1483.571308624009 2323.60668752806
2501.173931251763 3629.7995329610053 2692.037515337533 2323.9506483618684 2834.374456795473 2192.691215313941 2256.948535894051 2432.436390979035 2009.6067032017954 1623.0454702581783 2821.6312404624136 2339.0699488901423 2353.526523579921 2065.1305409373576 2977.971037948283 2946.014656109486 1228.3996566853605 2453.7890834231575 1921.0667489627003 3144.5434452595346 3064.5788231041342 1876.0514116563927 1826.0925876957126 3279.2901750278 2284.239144449666 3090.624196419571 2055.0805700494675 2703.6839012969094 1483.571308624009 2068.451325139772
1296.9218361626497 1949.7299593201888 2319.564414277836 2323.9506483618684 1620.0470720676078 2192.691215313941 2256.948535894051 2432.436390979035 2009.6067032017954 1623.0454702581783 2814.5643447573466 1898.3947494798977 2353.526523579921 1916.5247157618924 1516.1848886919586 1879.7216817308408 1228.3996566853605 2453.7890834231575 1921.0667489627003 2609.0054167794624 2094.6268583184074 1588.9886499307095 1826.0925876957126 2928.403665919077 1797.792522297234 2415.360515680015 1812.1420177023738 1384.3252816911604 1483.571308624009 2068.451325139772
1296.9218361626497 1949.7299593201888 2186.774872322492 1964.9015055892105 1268.663261271677 1909.656020130572 2052.82524972024 2188.8865088295406 2009.6067032017954 1236.106265488018 1241.967886608607 1714.0622150724703 2353.526523579921 1852.6991990664728 1516.1848886919586 1701.1834761330529 1228.3996566853605 1929.0753939891679 1921.0667489627003 1699.1471026371787 2026.7453380101447 1419.439559969678 1544.9977940505971 2568.7602383050657 1259.9359326379229 2359.087229030948 1637.5792318382623 1384.3252816911604 1483.571308624009 1457.3414629748781
1225.8951074889287 1751.5540859608745 1010.7337158062278 1616.5846305548605 1268.663261271677 1535.072287417728 1784.962789219183 1837.123158803408 1530.675473947112 916.613355690517 1155.414650558761 1298.324686975053 1628.404267404458 1548.3632186189946 1087.600178634811 1701.1834761330529 1228.3996566853605 1597.1188389724778 1148.4892618940576 1577.7083328125027 1421.278223738295 991.8394107654062 1284.0334060980197 2031.7246429594638 1259.9359326379229 819.8666651190442 1402.63798649122 962.3099709154894 1483.571308624009 1350.4019771330884
826.6899871908606 563.643811020484 504.0745294567887 619.2590043841262 605.0112597660649 624.6459254970484 697.9072258965055 793.7060648516335 331.8574710173077 330.1424365690141 798.42117034849 623.7735888700116 812.9370491816862 769.043433226389 688.5515407937214 942.2833735967693 436.02730076704836 602.8691357827346 906.5025579382639 961.5384688637737 873.3976853587574 567.9362467322782 721.5083011967581 767.2628608016857 471.20469850744325 682.4046990219713 695.1334606640494 602.7870135935062 731.777550097024 536.4580603870938
329.10949502437256 266.5297476351391 397.3855586979861 360.25443513240805 296.26397010705216 340.0968730879364 189.50183853190242 204.11394610364914 311.231312238393 308.73264946453924 375.1799775185401 387.2917058645521 407.97666441199726 287.46502456286476 380.7243726961233 328.6170423517119 250.20115329052953 325.8948006913241 380.08701910585023 416.0396437826115 270.4522333540575 360.9018393366075 418.3109044118879 296.3202117485798 360.47329797014254 258.63498168328556 344.18263507915105 318.03597664884467 346.46645223664746 327.11106748593556
150.39080979043138 102.72753235212349 167.2661242552258 123.21327285476934 170.16378056988617 142.67747320748185 122.37060216933901 163.73427027991363 145.32260827050914 106.8124136744675 161.29437006652938 121.64102132214373 194.95508316295297 165.80438961638447 166.82983793357835 128.03058928194537 179.58073508922246 129.41463008443202 148.22019384708983 212.66998256497413 140.94340947097226 162.38191812862942 169.45953767267565 160.52921854816714 152.37804880061276 136.18504506422425 140.06096242453918 162.3397518649573 157.93115029063995 119.73045415645424
69.55697466547485 63.56585954374145 83.11990797779185 73.00071168741931 67.17685346380404 81.38284088036079 68.82780725429586 100.12647454368175 66.41117769848262 63.41681797391573 78.74093402784621 78.44714428591556 81.40436089519079 79.22088271908763 63.957905537373904 73.01474811357878 79.67250361281742 65.43536663484065 71.09182151366412 89.31844867148322 82.78517418969795 91.30220128342864 75.74555772002589 81.13900662737683 73.34913451689869 78.86236088751792 75.7586510615979 70.98314285942507 78.7114536481734 66.41278496923422
47.98419187951259 51.369496151678845 50.90595482240502 50.32750585519187 50.57086953443127 51.1352495269179 49.644376333736204 55.12017007253024 49.940432215866394 49.90876390498249 51.45903291391534 51.209123557990665 51.69063004113087 52.13574123187783 50.30606547202825 51.204591101664505 52.70258472849372 49.817462845399064 50.31304800925818 52.861653350298525 53.398648908679945 51.080002664053495 51.037335531104986 51.54689977904553 50.015065171620904 50.930495608562865 51.11130904830566 50.1807995545355 50.97397143422569 50.279721409801766
45.076703738252206 49.09941145977638 49.08958656026164 49.08918479843766 49.08704279422318 49.09150352815715 49.08959540013791 49.173180511499766 49.08583214435498 49.088843106250124 49.093586304059556 49.09498700232052 49.092535982723916 49.09416224088426 49.09105864578078 49.09303796951667 49.09485830489763 49.087369415678836 49.094810925049615 49.094371325163365 49.106653000415974 49.09733247970627 49.09225415829644 49.096192672597 49.08986661802186 49.0926602891999 49.09060746306341 49.088578537006356 49.09493600349532 49.08996357014041
44.895515551537414 49.08452593687883 49.08450478408855 49.084516939449145 49.08448428297237 49.08449378568736 49.08454472305573 49.08465381018971 49.084482616626815 49.084500885341356 49.08452059447609 49.0845797297585 49.084495299369905 49.084544602076676 49.08455930693907 49.08454017276165 49.08449981493311 49.084500331757 49.08450192571223 49.084515478250694 49.08456216185499 49.08458191201288 49.084512030571375 49.08455244085894 49.08450586669818 49.08453896921168 49.084496504407184 49.0844867069012 49.08453053876411 49.08454475850368
44.89546931745133 49.08447908387677 49.08447901597759 49.08447899056097 49.08447898325517 49.08447899014294 49.08447902631099 49.084479074997375 49.084478981915595 49.084479059657156 49.084478999261876 49.084479048330934 49.08447899795016 49.084479004685534 49.084479036091864 49.084478998899385 49.08447899614714 49.08447900113356 49.08447900355685 49.08447900770568 49.08447901324246 49.084479030230966 49.08447898830127 49.084479006975585 49.08447900179783 49.08447900099452 49.084479018704656 49.084478983255735 49.08447901848359 49.084478998093914
44.89546931745133 49.08447897948122 49.08447897948122 49.08447897948122 49.08447897948122 49.08447897948122 49.08447897948122 49.08447897948122 49.08447897948122 49.08447897948122 49.08447897948122 49.08447897948122 49.08447897948122 49.08447897948122 49.08447897948122 49.08447897948122 49.08447897948122 49.08447897948122 49.08447897948122 49.08447897948122 49.08447897948122 49.08447897948122 49.08447897948122 49.08447897948122 49.08447897948122 49.08447897948122 49.08447897948122 49.08447897948122 49.08447897948122 49.08447897948122
999999.0 999999.0 999999.0 999999.0 999999.0 999999.0 999999.0 999999.0 999999.0 999999.0 999999.0 999999.0 999999.0 999999.0 999999.0 999999.0 999999.0 999999.0 999999.0 999999.0 999999.0 999999.0 999999.0 999999.0 999999.0 999999.0 999999.0 999999.0 999999.0 999999.0
