66.79821948335143 72.23963528896252 74.11111881923603 85.7487875388623 86.78004911642586 73.1115602602589 65.70419646749338 75.11868753163105 66.48520756372932 77.76641498692697 63.639419020619584 69.09585706172822 70.7967230466453 79.59699077749747 78.75205540861623 67.98791939732735 73.36008065211831 79.0406630300082 85.82988442321243 57.30975536077767 63.18176770761568 62.84046944683246 56.50712947194995 87.83770443527351 78.32035396202036 89.8994809947302 82.44484697523876 72.44040687668826 77.1339341894294 74.00138382322268
61.17872636097343 66.78726271685298 61.91389777601319 79.5586217148765 75.33906044463538 66.96832508377656 65.70419646749338 70.83226067236137 66.48520756372932 77.76641498692697 52.27537546770395 37.75651369736511 70.7967230466453 79.3510989345341 55.336838531306626 61.75431951370035 58.88517671918294 55.24880546378051 79.00998599351863 57.30975536077767 63.18176770761568 49.04324514870564 56.50712947194995 87.83770443527351 59.903867342225 77.99025796943681 75.78908849101992 72.44040687668826 73.52058124904352 74.00138382322268
53.84882809751025 66.78726271685298 61.91389777601319 63.88304204763051 70.58210183193955 55.79898624012117 65.70419646749338 56.377237074838945 66.48520756372932 55.162107486363084 52.27537546770395 37.75651369736511 57.41833039288497 79.3510989345341 55.336838531306626 57.00229528835803 58.88517671918294 55.24880546378051 79.00998599351863 44.056224644257554 63.18176770761568 49.04324514870564 40.07279080892192 78.4259170838152 59.903867342225 75.87734101591855 69.77930930240382 72.44040687668826 70.21520756367784 54.213372398147385
43.89237487698722 55.500395432801156 59.165976912299584 63.88304204763051 65.33738132227609 53.05738862639862 56.529925518450796 56.377237074838945 63.9191693628693 51.64806692533557 45.292076257156396 34.32346875684459 53.47307331193713 67.34525699198196 51.90388850870454 57.00229528835803 58.88517671918294 55.24880546378051 63.317059041489415 44.056224644257554 45.45598903108635 49.04324514870564 40.07279080892192 71.91075916490524 58.140490056730414 74.27316425683637 64.63066989190838 52.66371359982554 53.63159842503535 54.213372398147385
43.89237487698722 53.904386703269324 47.307089844817824 59.17228851057132 62.546203717859726 53.05738862639862 56.529925518450796 49.357427275831924 36.22128217825639 46.40281686122444 42.04027094114895 34.32346875684459 53.47307331193713 62.445979045829404 51.90388850870454 55.75258400638836 43.88838129162036 51.49807971062489 61.28482423081664 44.056224644257554 33.4593690401241 49.04324514870564 40.07279080892192 65.47754059882254 51.8315623488686 66.09751649650343 52.52663663868782 37.67046044177573 49.94123591104744 52.54740800372656
43.89237487698722 48.46509698502132 47.307089844817824 59.17228851057132 61.399684000344905 46.54979718190157 56.529925518450796 48.170871443575265 36.22128217825639 46.40281686122444 42.04027094114895 34.32346875684459 53.47307331193713 62.445979045829404 38.84382617560914 55.75258400638836 43.88838129162036 49.610201484884556 57.003761279807236 39.66669580483995 33.4593690401241 49.04324514870564 40.07279080892192 60.49159501337681 46.77477802564135 60.33062871077618 52.52663663868782 37.67046044177573 49.94123591104744 51.81930135814696
43.77158418851434 38.684984400733924 42.020283339894945 57.06250075030164 47.974842946258946 44.93075629470309 52.353015157663435 36.53524195725697 36.22128217825639 42.33945648987458 40.25539403865321 34.32346875684459 49.07335152836902 39.35511490046849 36.86452988845167 44.079796007685445 43.88838129162036 41.021878387813786 55.34230305279584 37.63851636509389 26.35271836504228 45.057569785470605 33.192557301848524 46.534325278766914 42.297718905485794 47.131838943110324 52.48847389728667 37.67046044177573 30.926540461605555 45.411837842111254
26.290285954853402 30.872170416351764 30.230389452727422 37.35720602605329 26.523527197061867 38.4954695083901 34.83056882196581 33.04103445748012 32.92918390213981 36.74752255700878 26.34510824566007 34.32346875684459 28.2402405908972 30.460688338137288 22.616329188677355 37.85388306521804 41.53761783647042 29.839241360504047 41.2741598614341 26.767804943827173 25.082523212626256 38.1912781601103 25.750988110202343 25.53463335386732 29.831782256812858 43.78952693483336 31.4415883218187 34.58072416650998 30.926540461605555 35.32308078643905
19.294915350281713 15.353501307906527 18.400518470645125 24.818306695734236 23.13250658486936 23.019487734211225 20.929415025664525 20.808677102302227 20.710517970995056 29.439085188192053 22.06086658287427 23.993620913376958 18.21788150258533 27.32753940644625 21.689528788330676 27.1587148264324 29.550338281595828 20.50070312538037 19.754485773586453 22.859554860146886 22.90475538638418 27.561656944389597 20.10238073616597 22.874235766720744 27.370560531635874 24.892057022369272 24.243421684693885 26.18967475148895 25.28821627884372 9.407811288827247
13.867977577739907 15.353501307906527 11.538497183600157 16.112911408735272 14.503449666642155 13.888856194859613 17.143411647211906 15.19195996424628 13.466611629262275 17.086006977556735 9.519234524025592 17.338879948881868 10.217285124375053 17.162342090022776 14.918080790461886 16.02252390816659 15.877301917962768 9.603993448167103 16.373293484429723 12.430454331510191 12.007338802356117 13.544704048136964 15.557317176266906 18.515569079140846 14.427908872907096 14.625074659997154 17.449859769687237 11.650490564499137 18.167894014704416 9.407811288827247
6.090607964785136 7.077061058292429 9.191014739017646 8.305413068727262 7.98906882449603 9.255068075935355 8.26680359664499 7.224263212632877 5.089579515544415 7.550177092814238 8.30548126212966 8.206346146581382 5.837158904841203 8.884480546266332 8.040638420474806 7.1601974803375015 8.589095144838893 8.215224908984169 6.411264406023292 8.020464422512305 7.270397894794428 7.18086644896789 5.964211107985989 5.993745315630463 8.243832670440952 8.993243094494574 7.864478523511366 7.885244208481936 7.5317645874001755 6.56388678122039
2.6790846723282584 2.221389049999061 2.495908975111888 1.630965892772224 3.6228026960325224 2.13473551249308 2.460211753847716 2.6195819470800643 1.9816371455582384 2.3878231871104845 2.349050786667931 1.761292668003989 2.883073676659933 2.6510072624381564 2.5216225693502565 2.637740686892016 2.5388992431925317 3.134167249287998 2.7825234048949596 3.1113013760345893 2.2439527241251653 3.033010389444712 2.384210617789222 2.596522592718202 3.3113542798499793 2.490938503220036 2.457600639784687 2.7503679656299482 1.964143544596368 2.4307506621162247
0.363951863074476 0.3944215614685618 0.4582664328698911 0.3118601275555193 0.3465734569878123 0.43635489692144347 0.334220317361428 0.28223398062914384 0.36277092555826584 0.4388402411811967 0.30651227392718283 0.4935823614991932 0.3337014194028143 0.5297641931168755 0.5070101268001963 0.40004583514064507 0.46742937424687625 0.37455202622538764 0.48039497760032646 0.3744597591346519 0.3366787479295681 0.43715133246416826 0.3567603375207682 0.4281094383712798 0.4439890434524614 0.5175939867804118 0.39535741259544466 0.42226051262616693 0.3758727564650144 0.4179642053977659
0.007397452243822045 0.0062742892112055415 0.006031818110045606 0.006123285177864091 0.0060788100595345895 0.007824334481824735 0.008452448784396438 0.005795954454811181 0.0060901864198967814 0.0070333674501625865 0.0053700655033708244 0.007971033033641106 0.006319843713299633 0.003066843536430497 0.007564999125975191 0.006902223420524933 0.008098989352902208 0.006551484486976733 0.0048455521437063 0.008147756640255466 0.008538507886896696 0.00895756965894634 0.005213367466922136 0.009240819778938203 0.007300153633764239 0.005543355185182008 0.004023735540613416 0.007196422008291847 0.0054235036949421556 0.00529417193433801
6.4195529603239265e-06 2.2075433889767737e-06 4.368256099951395e-06 6.1880448356532725e-06 4.796584676114435e-06 5.658893314830493e-06 8.913229180507187e-06 5.124385779708973e-06 3.559793412932777e-06 7.668302714591846e-06 2.6993976689482224e-06 6.928439461262315e-06 4.185443117421528e-06 5.697972142115759e-06 5.562482442655892e-06 9.403275612385187e-06 1.024863513521268e-05 6.428332312680141e-06 5.872875703971658e-06 7.3445572752461885e-06 8.818252467790444e-06 9.592717105988413e-06 6.648839416811825e-06 9.15351790808927e-06 8.423747544838989e-06 7.689104336350283e-06 3.4839656564145116e-06 6.138455546533805e-06 9.530598617857322e-06 8.380182180189877e-06
1e-08 1e-08 1e-08 1e-08 1e-08 1e-08 1e-08 1e-08 1e-08 1e-08 1e-08 1e-08 1e-08 1e-08 1e-08 1e-08 1e-08 1e-08 1e-08 1e-08 1e-08 1e-08 1e-08 1e-08 1e-08 1e-08 1e-08 1e-08 1e-08 1e-08
148852.0 148018.0 150483.0 150125.0 150394.0 151192.0 151804.0 149945.0 149945.0 151978.0 151016.0 151456.0 150215.0 151717.0 152065.0 153766.0 152837.0 152837.0 152237.0 151804.0 151804.0 150928.0 150035.0 151543.0 153346.0 150661.0 149583.0 150661.0 152667.0 151104.0
