533.1320122994553 560.4189077057426 571.6491299161735 687.9711501031375 528.7552224604033 412.9891483575675 518.8160756579555 474.5737595264518 538.5049619652991 472.44742870744903 476.4404576680363 415.2110455408474 622.5451052589333 555.523406304731 446.7851400512045 475.9486506111043 353.2127134572188 633.2636783293615 512.4721152819357 541.9214929754603 578.3305316949936 542.0853785056024 604.2358063398992 640.1053978010332 409.78663002382746 544.8580165814019 491.25001676531156 756.1388510039133 601.6279632673122 398.18976272772034
533.1320122994553 560.4189077057426 438.69223091486583 569.2562482769972 432.0095865256949 393.27509052481173 518.8160756579555 474.5737595264518 512.4612075779796 457.2914270049305 476.4404576680363 415.2110455408474 542.0528792733367 517.1068656015605 446.7851400512045 437.38376650617056 353.2127134572188 615.1241486742028 512.4721152819357 541.9214929754603 502.561132132329 503.7005814538961 560.8728568169408 623.5504063740918 405.0783158556528 544.8580165814019 491.25001676531156 649.1951156088412 601.6279632673122 398.18976272772034
515.1429309128921 435.7760954926198 432.41287037565235 403.6058024245799 432.0095865256949 393.27509052481173 518.8160756579555 474.5737595264518 451.3771989134252 457.2914270049305 453.7517876585007 415.2110455408474 466.6450279775131 450.3765184278309 446.7851400512045 437.38376650617056 353.2127134572188 476.1205713937188 482.4751059405162 541.9214929754603 455.76299164178727 500.73375456491067 542.5686813032266 520.8243116764816 404.8541655540125 461.4271460516461 491.25001676531156 396.76446493016056 598.5271026672731 398.18976272772034
419.3286362006429 435.7760954926198 432.41287037565235 376.81719471202905 432.0095865256949 393.27509052481173 335.64093681067516 464.3956502602805 451.3771989134252 457.2914270049305 453.7517876585007 415.2110455408474 450.65304673060655 450.3765184278309 446.7851400512045 413.3580035907012 353.2127134572188 435.0142257228772 457.0481962138956 498.7989761432418 455.76299164178727 500.73375456491067 464.80131971866876 391.16661687543865 404.8541655540125 426.60749687577345 404.73589360325195 396.76446493016056 425.931092945405 398.18976272772034
419.3286362006429 400.3293190269219 387.8371706033049 376.81719471202905 354.9986031941662 393.27509052481173 335.64093681067516 452.2055607919265 449.28081037691436 433.8072731743264 408.347562648084 377.03160928344505 450.65304673060655 450.3765184278309 446.7851400512045 413.3580035907012 353.2127134572188 376.3472338377578 457.0481962138956 469.8174507319459 455.76299164178727 500.73375456491067 368.078853486531 391.16661687543865 404.8541655540125 422.85846166706415 404.73589360325195 396.76446493016056 403.7510800326331 392.36798607025776
419.3286362006429 400.3293190269219 387.8371706033049 374.79313319621406 329.6179675053463 393.27509052481173 335.64093681067516 441.9471338509443 449.28081037691436 424.2411780429866 408.347562648084 377.03160928344505 429.78696860334094 375.7486521991236 446.7851400512045 366.4414794814129 353.2127134572188 376.3472338377578 457.0481962138956 457.03766921864644 455.76299164178727 447.11334284995064 368.078853486531 385.3016567897189 404.8541655540125 422.85846166706415 404.73589360325195 396.76446493016056 403.7510800326331 392.36798607025776
419.3286362006429 375.1814743475684 387.8371706033049 374.79313319621406 291.22683425528794 329.54018888606197 335.64093681067516 353.4216034035271 300.74592002827467 406.3490836393953 369.12346522140024 377.03160928344505 405.683699318909 361.8550063602411 412.77661619665287 362.9131516014536 353.2127134572188 376.3472338377578 382.2760794127057 414.02702694500067 392.59759052254003 413.2485530682052 367.9191415578507 385.3016567897189 307.1342108578051 422.85846166706415 399.7780817169828 396.76446493016056 330.85586108472853 351.3454115747386
338.1616888441181 375.1814743475684 344.5004186029191 374.79313319621406 285.46953685440303 329.54018888606197 305.3715021424232 278.80603123903575 300.74592002827467 379.13628437143416 319.0540223250937 377.03160928344505 363.54058422858 334.57512576219733 333.2451074395981 351.4168648913601 345.7926018844123 348.4918233274893 344.5616309502029 323.8531140393634 384.7193392156405 377.3330475528178 341.1247948823311 373.0957891372518 307.1342108578051 348.69757337504507 348.8461324013497 360.29576131316753 319.13526972774616 307.9340729831224
308.4518240605844 325.955942873597 307.0294007416487 320.5329451240236 266.6842042751223 305.77495025259304 271.4891385918563 277.7869473528508 286.31575703314684 333.214274373674 266.8035108932281 316.30216028116683 291.6727600294953 303.436226000043 274.59754214168606 289.5724677839107 319.2691631681578 307.38259347122585 307.4121149652192 304.2877709380191 272.64891207347137 307.30521263818446 282.8459433044318 276.4754230372405 289.9917550112573 308.768740667535 260.63845447041695 274.1202563639572 304.87857662504666 277.7970575626541
263.780500530308 258.62831971998 258.07760635234126 250.24120397774868 255.88607395700365 256.9551557899872 236.98270378811822 244.54853768086605 246.42630790487192 250.92473088817133 244.67537163663428 266.3737819604976 256.0292960153197 249.52767836794737 247.20629997420838 241.4581463473446 259.28345825769475 268.6183867869181 249.81926965606817 265.4569070263178 248.37164697334902 258.84374206501616 251.58739265028453 241.57381112556186 259.5954258133447 260.98893103071714 237.854680340738 271.6790757080107 241.82686612939642 244.88300483343255
235.7584189309032 237.76565612565037 239.33122651182748 232.41156836366508 235.4935542656749 234.41131518582324 234.3216031640177 232.8792472926507 235.89822671357751 231.93109796046429 231.78436679096922 243.77772760207836 237.63754324307502 235.37120675978076 231.88166172930778 233.93781732905882 235.00923036682298 232.77026804447996 234.1262197134638 234.23692877029862 235.59186020839707 232.68349590916705 231.36576883817315 233.28764814642182 232.2811344186598 236.12834798745598 231.50042344622898 231.79870622431463 235.06438547254447 232.8601661596499
229.610314343774 229.94303870423937 229.76839995506134 229.97096829770726 229.773992229746 230.01645563347802 229.81772039926818 229.58412126751864 229.64687498635885 229.43072177019667 230.28171909440744 230.89421639136208 230.57480558531188 229.75751926361727 229.60248428172463 229.37738554893303 230.2144150099616 230.16857067228466 229.80359996251127 230.27196430994536 230.44352244389438 230.19268775534192 229.59926413127005 230.16481563039542 229.53436690611898 230.61418419949905 229.98163220062088 229.45345909313755 229.8302375122953 229.94786475960836
229.29944343240413 229.32350708078457 229.31876702601812 229.30350517753732 229.29101671187618 229.3146831471572 229.332944312383 229.31330615661636 229.3080949707387 229.31707352916328 229.31025748068714 229.33444024440269 229.33924234006008 229.31164673994044 229.29962361926482 229.3190915164132 229.34575214788129 229.32401448365226 229.325634151724 229.31084604110993 229.39174787990532 229.31743453185163 229.29972240865345 229.3046079576352 229.31913310926257 229.30459186023154 229.3218720637692 229.34045757531203 229.3388021527253 229.3249038073468
229.2848092951417 229.2849425259651 229.28494225442182 229.28473484696906 229.28445851422384 229.28462650769325 229.28450309076652 229.28442388759868 229.2845782319655 229.28574459151287 229.28443368308763 229.28519107333477 229.28599209415916 229.28486075373212 229.28471142531907 229.28479417450671 229.28533242604317 229.28453789351806 229.28443785213085 229.28509101837426 229.28588438374982 229.2846227492214 229.28467639417204 229.2845400093197 229.28497869099465 229.28465806092663 229.28454221224138 229.28493823436156 229.28454505189802 229.2845010895012
229.2843827084912 229.28438270849438 229.2843827084962 229.28438270849256 229.28438270849028 229.28438270849165 229.28438270849074 229.2843827084871 229.284382708488 229.28438270849983 229.28438270848756 229.28438270849074 229.28438270850666 229.28438270848983 229.28438270848756 229.2843827084971 229.28438270850302 229.28438270848892 229.2843827085012 229.2843827084962 229.28438270850847 229.28438270849028 229.28438270848847 229.28438270848937 229.28438270849392 229.284382708488 229.28438270848756 229.2843827084962 229.28438270848847 229.28438270848756
229.2843827084871 229.2843827084871 229.2843827084871 229.2843827084871 229.2843827084871 229.2843827084871 229.2843827084871 229.2843827084871 229.2843827084871 229.2843827084871 229.2843827084871 229.2843827084871 229.2843827084871 229.2843827084871 229.2843827084871 229.2843827084871 229.2843827084871 229.2843827084871 229.2843827084871 229.2843827084871 229.2843827084871 229.2843827084871 229.2843827084871 229.2843827084871 229.2843827084871 229.2843827084871 229.2843827084871 229.2843827084871 229.2843827084871 229.2843827084871
199999.0 199999.0 199999.0 199999.0 199999.0 199999.0 199999.0 199999.0 199999.0 199999.0 199999.0 199999.0 199999.0 199999.0 199999.0 199999.0 199999.0 199999.0 199999.0 199999.0 199999.0 199999.0 199999.0 199999.0 199999.0 199999.0 199999.0 199999.0 199999.0 199999.0
