276.22849420382 315.580697900155 498.25016681475336 356.926403691592 350.52040306413255 421.377011951864 445.80770384996913 227.7475602649838 372.4072681591206 378.2590108908971 355.0899933349374 353.11093943441165 269.5619428999594 271.0206675490326 393.8137728664292 272.7819926375223 356.33604914701664 291.73453763161024 375.7248929469688 325.4352892430561 321.60753339378743 357.00222495719163 387.5489757713185 483.09255846939413 314.4288467391816 284.2614869622266 326.9200390705719 362.6872801713771 281.81326531346303 311.02281417015547
276.22849420382 261.51115190290056 390.81304025990903 287.34200173563113 337.2801308223502 363.43179707881836 367.28580391048445 227.7475602649838 285.9636192261419 290.8711202867539 257.72360949955873 324.9921879803851 269.5619428999594 271.0206675490326 330.0058163139338 272.7819926375223 323.7675250286893 291.73453763161024 336.42320613105585 312.9067324360699 286.6806038167174 314.2386279076077 320.05032668678496 396.55418011799793 259.27465640551236 284.2614869622266 271.15234825103335 320.4856187357 281.81326531346303 266.5010946837356
276.22849420382 229.66045661657017 376.86855967040174 287.34200173563113 337.2801308223502 313.0795741882416 317.34937391007134 209.76618909051922 251.90680328128656 277.92643015589965 257.72360949955873 277.73080313871424 269.5619428999594 271.0206675490326 330.0058163139338 272.7819926375223 323.7675250286893 282.67493726324483 272.6600592156683 312.9067324360699 286.6806038167174 304.66385667632585 320.05032668678496 396.55418011799793 259.27465640551236 284.2614869622266 271.15234825103335 320.4856187357 281.81326531346303 266.5010946837356
256.8663718049502 229.57377639906645 301.75161699158707 287.34200173563113 232.53318705899846 269.69524702601484 238.59127826585336 209.76618909051922 239.0443458715299 242.84763448344665 234.92982775398286 277.73080313871424 269.5619428999594 233.75315179261042 248.12016570824562 259.56026053761025 306.6257504274399 282.67493726324483 256.4849738104376 284.71021926661115 286.6806038167174 266.1357689855049 256.4077440183555 271.62169419735073 259.27465640551236 284.2614869622266 271.15234825103335 320.4856187357 271.1164795108043 266.5010946837356
244.7923820806286 213.66376640118233 288.9061412021747 227.9094142063118 213.37165811399336 269.69524702601484 222.39276503354722 209.76618909051922 239.0443458715299 242.84763448344665 234.92982775398286 277.73080313871424 257.353329419238 228.69048182679035 248.12016570824562 223.59259086823022 306.6257504274399 254.6488379140883 247.30143006525168 233.93024646050526 277.7817627885115 264.7351931403646 242.70576391263057 261.48921214843676 259.27465640551236 275.26420340572486 271.15234825103335 260.232199127835 271.1164795108043 222.68612307569356
244.7923820806286 213.66376640118233 238.79252053854088 227.9094142063118 192.89482721288869 243.26805820138907 222.39276503354722 209.76618909051922 239.0443458715299 242.84763448344665 217.41384854036642 227.8943084445018 247.17739176233545 220.76769186751062 241.9749557432183 207.01383794127514 277.75537428244843 254.6488379140883 200.99764438750572 226.263739641538 242.884181830309 243.88125418682148 206.51122076898673 229.84593491736996 259.27465640551236 260.61233832815196 271.15234825103335 260.232199127835 241.43446783362742 222.68612307569356
200.55663774625054 198.17781605018035 210.9804077407648 196.76874971377993 192.89482721288869 236.87803741830612 206.67521684939084 205.4494102729559 192.84417173965676 212.12985892962297 193.45117948877032 190.5897553093364 213.50590394188657 206.7271618577347 204.6822927271851 200.0311179560863 213.84898457470354 210.79216422991203 200.99764438750572 196.17207147015097 213.80438079884698 207.72081503590152 205.46462135922275 211.5830266580765 210.33951642659986 203.48017098175887 198.3397062869508 215.5717329696281 213.81374379183626 191.49998997950524
179.88498488819687 178.64832732595505 174.8562655208966 179.81114752314443 176.87103524085433 189.67319425731694 185.29042897649242 178.11087806098794 178.26529954977104 170.69415575536732 183.79174206328298 178.01000299394036 193.2147214387869 185.10450832333345 185.15251469548002 177.52368925747487 191.25588527652144 178.5574511955365 181.2899056564047 190.9179221807035 172.50622379537253 191.040497484149 179.71212919690743 194.3433161127432 201.1996992705126 187.0149408597631 179.4039773526365 183.06895703890996 183.54870433327142 184.77138622801158
171.48203607568712 173.66820361355485 168.73115574970916 173.47424867680456 171.67582762448956 172.9631398933534 174.96837113844867 176.6172024444445 168.8781303421465 169.7587336353031 172.2773418062984 173.94366009907571 170.22240570825034 166.50580823924656 170.83261808889438 167.95595602994308 178.57546684890895 171.10636858379667 169.4841679093115 175.34363633686098 171.81577232239943 177.8761542353268 169.37004772925957 176.23592130624002 174.0493375422452 172.82068003682207 170.10476997765318 172.55748164588158 173.670836931572 176.74769754672616
167.144288135637 170.4885956896169 168.73115574970916 168.79901320691124 168.24092792769443 170.21706025973435 169.00166013132957 169.93220442024358 168.36656276158874 166.68221558204277 168.12718556126038 167.25429125836217 166.4160837333975 166.50580823924656 169.41267228999095 167.95595602994308 169.04950752128707 167.3278264237697 166.50512041931597 168.64351581083656 168.14655597268484 168.25146830904623 168.38639425442761 170.47086867923963 169.91919861593715 169.277706862159 169.22006405852017 168.3183256413554 170.35610158159898 168.21453858035193
166.86250213031872 163.07729871456604 166.18813823607388 166.67255591076992 165.91082588538075 167.3575923612484 164.84329607081736 166.33523027306 165.78339630963046 165.4009645806509 165.87091964333922 165.79521895398102 165.3169189731043 165.31153005078386 165.6944719667722 166.88294971617643 168.10475198904305 164.79501893681027 165.3925642494528 165.14076644863962 163.6766058873095 165.493556512939 166.1927686552276 166.4891618406159 167.5767724964703 166.2734382536919 166.1012556958167 164.8636455615556 166.91893190247538 165.69598584193864
163.94840417239175 162.87044792029883 163.8192271198809 164.57806312341472 163.61778906094742 165.3878841859173 164.29227344294122 164.39755522781752 163.94086675287508 163.8688335230072 164.6337502308961 164.18195323168993 163.16543337636267 164.0378584426894 162.014840349093 164.82260310037327 165.8199748394686 163.05581870044898 162.09524587614806 163.30429858994557 163.6766058873095 164.85657567670296 164.81790773048215 164.18455181106174 165.30283735321564 164.72622008771305 164.91431962815068 164.57085505100076 164.3464462872489 162.9705279901309
162.6082314564792 160.70574082660096 160.98915571320322 163.01951419095076 162.05784368299237 163.71951953124108 161.9059784480146 163.12340174579458 161.71290078263564 162.81685317300116 163.63925487920824 162.84509698357124 160.19547203339243 161.57206239539664 161.63386678321604 162.84873441751142 163.20501636749805 159.59102057440623 161.63763381108856 161.63320089836816 162.19305065724393 163.1089089303464 161.9674283253039 161.42323433783986 164.5834985529914 163.05784601202822 162.01804991856216 160.42295834012157 161.98621388081847 160.42638027288376
161.54908147679134 158.8722120064217 159.3992481991654 160.98046439545124 159.4329056422048 162.61345479344664 159.646839671399 161.3004402583624 159.135022834138 161.41559765776856 160.2275887244964 159.38206843011767 159.6331390657906 161.4275128163854 161.41909055984843 160.91882204717194 159.82026085068173 159.43526431984174 160.76810768534187 161.4406637296138 159.55249528539207 161.43428759162225 161.51279434482967 160.04173842657883 163.7002402825433 159.8960386522549 159.48152843681055 159.02475794835755 159.75742275130597 159.4354961679005
161.40594787942246 158.65094056269345 158.6881143568785 159.3714525503692 158.79566689734975 159.6735376413726 158.8097710044649 159.77965185423682 158.89663741693403 161.4053814329459 159.3396642096768 158.7232241602037 159.43723987855674 161.40646666736802 161.4053453344045 159.2907044462213 159.41590315173926 158.77969653319133 159.40968495064953 161.40572793320916 158.66581169055326 161.40681862011206 161.40606539343753 158.69732447198749 162.74059436482094 159.4300736198402 158.77341489639048 158.66892772588335 158.8923241968455 158.80824054773893
161.4048807587492 158.61835492870796 158.61835659300596 158.61835779102785 158.61835527599533 158.61843651854906 158.6183579367903 158.61835762745432 158.61835517814325 161.4048807587492 158.61835460123666 158.61835527766607 158.61840568416392 161.4048807587492 161.4048807587492 158.61835459275653 159.36873363703762 158.61835478326884 158.6183627780606 161.4048807587492 158.6183562877236 161.4048807587492 161.4048807587492 158.61835486624386 159.36873363703808 158.6183658757409 158.61835644410576 158.6183545605145 158.61839637454386 158.61835645527572
199999.0 199999.0 199999.0 199999.0 199999.0 199999.0 199999.0 199999.0 199999.0 199999.0 199999.0 199999.0 199999.0 199999.0 199999.0 199999.0 199999.0 199999.0 199999.0 199999.0 199999.0 199999.0 199999.0 199999.0 199999.0 199999.0 199999.0 199999.0 199999.0 199999.0
