111.60114256626309 120.22608158907747 101.5490972500379 105.82399555590553 110.78811016459451 110.26741926467935 87.816277523483 113.22203161333141 105.78199113401092 105.3872065613167 103.43503875921601 92.1500585805743 83.13459954301106 113.01138519690039 120.72209815779263 111.73458377895781 113.05503327665315 114.94225269053038 107.25279163850576 105.72769991880318 97.3836585656071 114.02257913694746 108.52973420183184 119.32243469586331 118.55105158399317 119.36747399589933 108.93019055234731 103.62644042242528 109.84767518527383 91.23076981581653
111.60114256626309 113.62235303033196 101.5490972500379 105.82399555590553 87.84666849275902 93.17380620547681 87.816277523483 110.897196402835 94.85267201790907 102.27876445402705 89.93910763331382 80.44169316953537 83.13459954301106 106.0505950126161 107.3574941832585 109.67322883617067 104.87674109950478 82.35665555310561 90.13101934756548 86.84145069980775 97.3836585656071 99.90617147231444 101.66527656901974 102.332154495939 102.24217979926777 99.36126988735555 101.99143522495785 99.74561475054588 96.18400582465028 91.23076981581653
106.63461310630441 93.94453627292887 101.5490972500379 93.74866248341255 87.64471439718568 93.17380620547681 87.816277523483 100.18813199366377 94.85267201790907 102.27876445402705 84.33842618256563 80.44169316953537 80.39549357117835 93.65216181363928 96.62256675314848 109.67322883617067 92.63788750934032 82.35665555310561 90.13101934756548 86.84145069980775 97.3836585656071 77.41515761764526 96.35350588320273 95.33646807112063 102.24217979926777 79.69671918764016 101.99143522495785 88.19000453403294 87.61958196351725 91.23076981581653
95.23887544129911 88.51725923227195 93.29276275857421 89.69029885732334 87.64471439718568 80.4170100513569 76.99482061176775 85.02036394665913 81.5086636050446 84.36263496932497 67.46712859465424 80.44169316953537 80.39549357117835 93.65216181363928 96.62256675314848 109.67322883617067 86.3131420820406 82.35665555310561 86.76738462702053 86.84145069980775 70.96520993466243 75.99722088399596 89.52682098764171 92.24719802536174 93.7809983548866 79.64712722240324 73.52101689494111 88.19000453403294 86.13227218216798 91.23076981581653
87.90775779036653 88.29730493482145 87.74507733090763 86.71243709624844 82.48001410341078 73.0441320984446 76.99482061176775 73.68028056299568 81.5086636050446 79.35756087132438 67.46712859465424 78.18398472241472 80.39549357117835 82.11289909266009 73.5381765725241 99.9206879581817 78.3638654542433 82.35665555310561 86.76738462702053 81.44483632796562 70.96520993466243 75.99722088399596 72.2011495715683 90.92827563308185 88.28545121163825 76.14922448123491 73.52101689494111 88.19000453403294 86.13227218216798 78.7087983833461
79.68330939034524 83.75684183915644 80.37762644124291 85.63815541247868 72.41254815082823 73.0441320984446 55.82884385900809 69.06634807158832 81.5086636050446 79.35756087132438 67.46712859465424 78.18398472241472 74.98868604265567 82.11289909266009 64.5832920648977 86.05781384978013 78.3638654542433 79.59673713947461 84.64064230741678 73.87805601508308 70.96520993466243 75.99722088399596 72.2011495715683 85.17324569716845 81.0233573293782 71.97139989762263 67.72303434380967 88.19000453403294 83.52949703048228 78.7087983833461
76.62314385505306 66.7520656787899 70.16148893907234 62.27815627276675 72.41254815082823 60.724299299444624 55.82884385900809 69.06634807158832 74.91283879821026 64.70502536448203 67.06749279781718 70.41614227053822 67.724959861412 79.55735073620565 61.90018462532532 84.14574889612959 63.81495042489212 68.4184522403167 73.9671605923528 62.516644915614506 70.96520993466243 65.66752573050292 72.2011495715683 72.70088007690731 72.62595967719176 70.38109343414271 66.3501690680913 77.29366502338905 70.04652369954545 78.7087983833461
50.33811819902064 61.492391007892934 53.87621253775433 53.37995963422941 54.995511775487216 54.34418481260582 54.3772798340982 53.69891560711005 58.32113326343972 50.73128387180418 52.529631197573394 48.87022611107909 58.682659943717226 60.89006390919326 57.734756220788995 55.3905119791234 58.24205820026896 53.18790333909703 51.28483912364072 61.57513997248657 61.09229750537361 52.4431117290535 59.931090662045335 53.46054273399386 54.46427824936154 51.68630760834935 54.780917216659645 62.09931717078314 55.44989755449478 57.93491399095774
39.36592359455244 42.77803749134364 34.346232708908474 39.033837559843505 37.96372934072508 36.800830180284606 39.213547068930666 38.3334815025396 37.50997876005192 39.25777479329997 36.10394586045231 40.67274864817364 42.330965201337676 33.97006019507489 39.27242808666733 33.5629352224945 43.55163846321784 34.31847554895103 41.341207108715025 40.32647624190918 37.72373771669743 37.399569601208555 42.204692904146555 41.485093570289564 27.658718562124022 38.99556034310501 34.906193107397485 36.462902512508094 40.29777266924373 40.356983688161904
23.035338522998018 23.53601711983231 23.76482806962258 25.989043116246307 23.49705465928139 22.588777134690645 22.713565973246546 23.96749001052831 24.700333426388852 21.1064813079106 18.624345475936025 23.55591992000018 25.022424189294043 23.640021178769416 25.493398227728562 24.757965485037857 26.30888557626315 25.589425747442874 23.013292725357246 25.725356263308072 23.836835401339385 22.892119456073374 26.29656687051238 24.8933069665635 22.107250588745956 23.769179040343033 20.00693145789046 18.462735611842163 28.027442012767324 23.76385501098389
10.437865705021636 9.81206533580621 10.612907291483793 8.530732229882801 9.517566956997257 11.156229806061333 10.508986604647475 9.37960719373018 9.150917300586116 8.943772780153381 11.159104948900108 9.84890418669022 9.585457500735515 11.728841497917529 9.773765194838688 9.7776876944057 11.637541343773023 11.122209318417163 8.136339229683472 11.378561245640299 10.752142256467891 10.020825198790703 9.840517783335372 10.192010511532317 9.150053278800101 8.966133214839374 11.542756875128362 10.524723834431256 10.043197484017469 10.910784972999522
2.6971917018178146 2.509418154840091 2.611421345799954 2.4441360741003564 2.507143644293251 2.59811420867004 2.220143528507265 2.2853449989878527 2.2770738694316606 2.2555898219353594 2.531594753320519 2.1461771932841884 2.4219905730933533 2.6317881974893 1.72417616599148 2.126705077037059 2.9009844484569385 2.3064996046429087 2.361897741713051 2.4196878951262306 2.6016918577211072 2.420807815772264 2.5662678586774064 2.0752386622440326 2.351752562687693 2.409232617671023 2.785769931800587 2.2770780947590765 2.5993921153834663 2.633878894129907
0.16264383673831162 0.16750705402319 0.14044086234241604 0.15205794059295386 0.14887481786877288 0.1485508782349143 0.1588732269491402 0.16492078175019742 0.1453929955177955 0.11947791906754901 0.13392429142231776 0.13685361625869064 0.14159601673873112 0.15298281663388025 0.14807946142684614 0.12646892175439461 0.1938906295797551 0.12930850040970654 0.12198248548031643 0.16509846338112766 0.11848167123082476 0.13334139217840857 0.13366267294543377 0.14989972791670425 0.16551018227664827 0.14727787330593856 0.11596945713961304 0.12939514580807554 0.15250405341214446 0.17519474974835703
0.00022028773378224287 0.0003428828908909054 0.0002311937690819832 0.00019694958632499038 0.00022181165354595578 0.0002010827233789314 0.00021607790688449313 0.00027580175321872957 0.0002961568790169622 0.00019673782833251607 0.00020951587919171288 0.0001893067612854793 0.00025725077648530714 0.0003429806619124065 0.0003142767372992239 0.0002543791399602924 0.00031781771019723237 0.00020079452758636762 0.0002764578193819034 0.00031384757562591403 0.00026783811586028605 0.00017526777958210005 0.0002722908852774708 0.0002057357899047929 0.0002966443917102879 0.0001600004600277316 0.00026942570775645436 0.00027982772076029505 0.00026164442476783734 0.0002501497898492744
1e-08 1e-08 1e-08 1e-08 1e-08 1e-08 1e-08 1e-08 1e-08 1e-08 1e-08 1e-08 1e-08 1e-08 1e-08 1e-08 1e-08 1e-08 1e-08 1e-08 1e-08 1e-08 1e-08 1e-08 1e-08 1e-08 1e-08 1e-08 1e-08 1e-08
1e-08 1e-08 1e-08 1e-08 1e-08 1e-08 1e-08 1e-08 1e-08 1e-08 1e-08 1e-08 1e-08 1e-08 1e-08 1e-08 1e-08 1e-08 1e-08 1e-08 1e-08 1e-08 1e-08 1e-08 1e-08 1e-08 1e-08 1e-08 1e-08 1e-08
455516.0 466001.0 458231.0 458231.0 456120.0 459134.0 465407.0 462130.0 458833.0 456120.0 456120.0 452482.0 460634.0 467186.0 467186.0 460634.0 460334.0 457328.0 463622.0 462130.0 458532.0 455516.0 461831.0 463920.0 463324.0 453394.0 458833.0 457930.0 457930.0 461831.0
