136.45397346497134 120.22608158907747 119.07654755227702 137.62829360723958 110.78811016459451 119.4196760824791 120.53832619826312 136.60968555428474 135.44294387307366 118.23062457453739 132.4380066463815 103.36632222760795 122.07850597817276 140.12318245401605 129.5873345011613 121.2782162228765 130.20799182183282 148.07514987022046 96.19337909129365 125.49865032299886 117.34385211119888 131.8976947864063 112.7595782780819 118.19885831575607 142.71994079309457 145.68604504931045 126.86989013070831 118.62059839958101 124.41729704600084 127.19728338871914
127.46520718093143 120.22608158907747 119.07654755227702 118.71363569256982 100.94684049282785 113.98051720134629 114.2727623626298 123.86611442688593 121.39179768335441 118.23062457453739 112.58298020304551 100.20791980194838 112.60168209109816 123.17307355671255 124.31784530291065 107.19304218685375 130.20799182183282 118.40958498085934 96.19337909129365 116.88407261885425 100.35030389056271 113.42631864763848 112.7595782780819 118.19885831575607 115.95818843303448 144.9570822470207 104.30661982861159 118.62059839958101 118.20301557523328 127.19728338871914
121.85594350287579 110.1228055894992 105.34538979081583 103.4322905792344 80.23281752499042 98.04578286984099 109.97413740873185 97.21124766400669 120.99893346044007 107.32648137750198 112.49859254623925 100.20791980194838 107.81175089628528 116.14303916368328 98.8957296368012 95.2291625933168 114.5217691914853 116.41269528524606 89.80406196200101 107.39241705142445 100.35030389056271 98.02913401981698 89.07891012024618 91.5289962709079 107.72466965968533 123.28140260837802 80.24573488970236 118.47631202114621 106.89866323482681 117.9305483960186
89.61952595799323 84.80524484825753 77.23478447788227 95.97870440568818 80.23281752499042 84.41117155439201 81.52141650693773 97.21124766400669 90.91861170463437 82.94349278870402 74.52225405642821 87.51190164332832 98.01430214002141 91.89024649202315 98.8957296368012 78.62224021603777 88.70472585887444 92.27281830468587 89.80406196200101 74.6005885523391 79.9361215038698 97.70359690419264 88.69154226972489 70.72581447662196 87.4715232323158 88.54052106302288 80.24573488970236 87.6888300271961 69.94344258586318 95.99178675210646
62.25828349598669 71.76388083280722 61.814661336539984 64.48294503342038 65.04016897097813 77.24232855188825 55.88570731030177 76.17197555358644 76.04113723282194 69.09085693464976 71.4346003403291 70.98788408324981 65.15684424510312 72.16321348368956 76.43430650515143 57.58485400237805 65.30392104391035 63.17163735124609 66.3812340637827 64.1892417894021 62.93417351018877 72.0488827885132 72.1832615568419 59.051307448920056 72.66912538669521 82.16824208811158 61.02056918753976 69.91526328241594 66.1128230137524 66.23803485165502
31.92429275326367 45.210512527537844 46.75607071185573 38.860739476138065 41.450764022926364 45.60243339263752 42.62604275961712 53.34081731227889 51.528083914906915 46.97030858244227 45.81307070799198 49.490987883898356 48.06196669022347 44.22471136515696 41.067152117617525 39.241977236783214 47.12301309247971 45.90568887493396 46.890529393522456 35.72420454747635 41.02163742425455 47.0677004624082 50.51697590502931 44.542964835474095 43.32533916918146 52.2899046915652 46.93434035206951 41.922185713252475 40.352515899888886 47.6948741802853
27.568304423072163 24.17999717381133 30.654861868738635 23.694807850249617 23.96796246318638 25.12791791332154 20.163204039101515 26.232010371554907 25.49471847828727 29.357601629002374 27.976747883091775 26.93015827515353 17.922398691083345 27.231767074849017 23.419415619092433 20.797505333304912 22.43921788590842 23.45516865390016 22.113784959983604 22.08339428394163 20.50830505956401 26.090789503572182 23.778094029240606 22.560677812906988 20.591632376087773 26.39980089985113 23.837464530860302 26.956175545297583 19.28728126638839 24.2540076053848
10.92017537910965 8.894314457672749 10.221145415172373 8.573575985930688 8.433643253297078 8.885850791814391 5.132596717585784 11.181923272242216 6.484957607868864 10.11381049153681 8.0306525458127 11.956609094887199 10.366420816634445 9.378036355134554 10.537146653852574 7.834181984349357 8.165222795693126 7.311259479627779 8.147472789678545 8.257848229851788 8.443465646004142 9.879633554537236 10.927249802545248 7.790775962559337 11.145449695112802 8.940164540717888 7.437508163844427 9.33125575517829 7.344863605918135 10.256812890921879
1.4934545634613414 1.8664479452460228 1.870438668564475 1.4621712017080881 1.3064677322831812 1.57426557220208 1.0231929442144292 1.8870652288170504 1.498481486534729 1.472094770318563 1.6702005469895767 1.6812572840154871 2.079266675490203 1.875665404489041 2.261388560122441 1.3946128954311234 1.6835589114975846 1.4353128596234228 1.0894222344800255 1.2202747970223982 1.749450600936143 1.528182718480366 1.7155909651379488 1.5216623509254532 1.7035088750674277 1.8467194884686933 1.4573774865176574 1.5699011922426962 1.582912445167267 1.7785705119218846
0.05763906904405758 0.07871657638702345 0.06407556098167788 0.03478606023656994 0.06127960895037177 0.06300308955655964 0.034619955934772406 0.08888306987887518 0.05445692177863748 0.07099802688162526 0.06060535431493008 0.05621158252301939 0.05219587412443616 0.05241418870616599 0.06315506419093708 0.051691883804096506 0.04719615684712153 0.04334209561216085 0.038206150715836884 0.07609294146084267 0.040217640700348056 0.06267239271448943 0.07098059604913942 0.04261706563545431 0.07415840265559837 0.06194997725799567 0.049004364773850284 0.04995216653185253 0.053816367461536174 0.05231973590650796
0.00011739852777736814 0.00015636376792826923 0.00019076267051332252 0.00010383168421412847 0.0001520048841712196 0.00018452966514814761 9.264690652344143e-05 0.0001839366969988987 0.00014144602357646363 0.00013498334988071292 0.00019553299432573112 0.0001494473042384925 9.632608589527081e-05 0.00011490562837934704 0.0002506241363562367 0.00014761412990083045 6.221388014182594e-05 0.00014056745374091406 0.00011053631601498637 0.0001414907726484671 7.016239817403402e-05 0.00017070877277092222 0.00018693098695621302 9.407632717284287e-05 0.00018902182864621864 0.00014481086225259787 0.00013178445067296707 0.00011682001616009074 0.00011858601260428259 0.00013523749055366352
1e-08 1e-08 1e-08 1e-08 1e-08 1e-08 1e-08 1e-08 1e-08 1e-08 1e-08 1e-08 1e-08 1e-08 1e-08 1e-08 1e-08 1e-08 1e-08 1e-08 1e-08 1e-08 1e-08 1e-08 1e-08 1e-08 1e-08 1e-08 1e-08 1e-08
1e-08 1e-08 1e-08 1e-08 1e-08 1e-08 1e-08 1e-08 1e-08 1e-08 1e-08 1e-08 1e-08 1e-08 1e-08 1e-08 1e-08 1e-08 1e-08 1e-08 1e-08 1e-08 1e-08 1e-08 1e-08 1e-08 1e-08 1e-08 1e-08 1e-08
1e-08 1e-08 1e-08 1e-08 1e-08 1e-08 1e-08 1e-08 1e-08 1e-08 1e-08 1e-08 1e-08 1e-08 1e-08 1e-08 1e-08 1e-08 1e-08 1e-08 1e-08 1e-08 1e-08 1e-08 1e-08 1e-08 1e-08 1e-08 1e-08 1e-08
1e-08 1e-08 1e-08 1e-08 1e-08 1e-08 1e-08 1e-08 1e-08 1e-08 1e-08 1e-08 1e-08 1e-08 1e-08 1e-08 1e-08 1e-08 1e-08 1e-08 1e-08 1e-08 1e-08 1e-08 1e-08 1e-08 1e-08 1e-08 1e-08 1e-08
1e-08 1e-08 1e-08 1e-08 1e-08 1e-08 1e-08 1e-08 1e-08 1e-08 1e-08 1e-08 1e-08 1e-08 1e-08 1e-08 1e-08 1e-08 1e-08 1e-08 1e-08 1e-08 1e-08 1e-08 1e-08 1e-08 1e-08 1e-08 1e-08 1e-08
77650.0 78000.0 81000.0 76500.0 78050.0 78550.0 76600.0 80350.0 78850.0 77250.0 80150.0 77350.0 76700.0 78000.0 80950.0 78100.0 74750.0 78450.0 77400.0 76850.0 74650.0 79150.0 78150.0 76150.0 79850.0 79100.0 77900.0 76750.0 77850.0 77650.0
