7847085739.820145 12910809262.983818 7577029928.002494 9279953308.597406 5514568372.853028 5921402532.609575 6969154545.122518 2913308041.445882 10337203380.226402 8378163517.383582 1829233589.5798194 6903253044.004363 6423371337.475243 5854639483.293405 4829082366.840838 8653033184.07653 3231869306.5013013 11946134415.716137 5173589594.296579 10003369577.298073 5733600975.376867 5894609005.787913 7990362539.731661 9809311117.108753 8337603303.252325 8419758520.411544 9614646084.426497 6428263332.410677 9217857107.12528 3568408191.501656
6203188020.836913 11688376646.031706 7577029928.002494 5966621543.546448 1980978228.8648617 5366255201.128761 6969154544.486239 2913308041.445882 7231937794.60301 8378163517.383582 1829233589.5798194 3453952105.094452 6423371337.475243 5767571805.057176 2894488828.193002 8653033184.07653 3231869306.5013013 5527615296.848116 4119703163.014725 8517348331.776327 5733600975.376867 2377738507.466494 7990362539.731661 7830062435.54008 7436640174.661034 7669395113.898851 4031490112.9704146 6428263332.410677 8760670963.86737 3568408191.501656
3342701368.324543 6008946129.448216 4838989663.369142 5188769003.7757435 1980978228.8648617 3993834079.2432714 3869494051.4791903 2913308041.445882 3687323487.6753907 5569161686.721912 1829233589.5798194 2846990604.8919945 5305162874.541998 2967705751.097382 2894488828.193002 5065109968.1016035 3231869306.5013013 4798214171.180546 4119703163.014725 4372671160.767708 617485015.305148 2377738507.466494 4702298269.639541 6384560288.58944 3208900902.297891 4461335870.176687 2976416053.5061584 4063272684.552985 1527333097.2098346 1589117802.0518136
2485624150.383923 1328103325.7821455 669211407.4074852 1499161891.0025291 1838992872.145888 1869375675.2129803 3254716878.4688478 947047213.0965238 1402235504.4374871 1724890844.1023686 1829233589.5798194 2525247302.702007 2169588337.6824875 2367173758.2382493 2415284119.32172 1044009731.3837111 2164773474.401108 1964253712.3227959 1820253725.0111341 777083761.4219106 562449876.6293439 811376035.0099591 1354456076.525094 1775322964.1723454 3078216773.7146506 2148664773.6275587 1122825732.9776134 3634512348.2304993 632834846.679826 1589117798.777942
1088659332.3070908 605147519.8990868 612448421.7641286 983230121.6964403 878128278.6002785 757381891.6832318 1532819179.0947783 413793328.008451 1389850730.6436152 894533475.6571561 848687230.9401293 848641183.649052 1009155985.3295485 1111945905.562527 504215912.9725959 383696318.70338035 913865116.2061223 1316496179.5103266 898148660.327967 503559174.3013621 386116880.6380812 738067563.8016444 810587971.78231 1471030470.859773 1028329743.0799928 1386691593.1166153 1122825732.9776134 779200285.3429998 632834825.9471179 888228730.3403708
291184651.6845063 345691310.77709776 242652509.54159182 405018106.1142962 372666145.64842814 390914286.212832 75555655.06874765 213586154.45768884 419223981.30847025 201752133.41817108 165153435.98186874 588159872.1407493 140423632.31438977 329318109.55297476 228398770.54693484 237158800.5463812 301861505.56904835 413889864.74493665 283326095.8553104 175783525.13867557 237982010.94648486 588870080.0380734 370790566.65283626 264672063.8022724 212833081.6332045 464174290.75547606 260247620.7142844 410096503.0933244 388542011.6963754 139189274.90240178
111167768.9897025 74351902.97004503 128872963.23096672 75191933.65774518 154370483.20852986 139964155.67243952 67918953.29730472 25158565.12790297 125040867.94887097 32340665.333628483 73830425.0596534 80416520.38290592 111254007.03364904 103548314.32800916 155566520.8195348 76847592.79672147 47934596.048123606 73741570.8090972 173107254.9213646 175783469.75411612 181298015.60532537 208021768.20857906 161471337.0781374 165150852.8689902 91187813.49571075 48107936.09109073 137547970.46877483 43190666.09348989 122818871.75212818 87701165.88612604
19983701.202462252 43098014.942490794 64998077.980182126 12125197.560505148 54848858.709237576 54965342.92703929 58913483.61556649 25158459.68802362 44781795.809703544 32340553.50085335 22960924.35017958 20816606.61131573 26414665.011225294 55445939.78531546 17535963.566888586 28207071.056099616 34858536.27177549 20285399.40708269 51071251.72083996 30019604.78313789 15911218.00522924 32547037.187075447 75788717.6091977 41806975.37840033 34354410.56380943 40197387.195137866 32545229.463211287 30645078.16679951 48398339.94774003 14697214.891679823
10628891.009523902 14022747.005868508 6158120.561995458 10343456.728907619 18363049.207333274 6278055.311563173 10484816.553862114 7166512.571728956 8697846.121435652 20464419.724917185 7392645.4496323755 9026430.767070627 6668018.246158973 12004060.711526318 8379842.626613885 4297780.653159686 7261476.431376498 16516668.312754152 7626168.866189218 20959417.973893974 8538166.612939224 5982279.254378493 14265713.569601312 12199600.587601742 7459333.989046034 15561078.667181302 10236195.481138365 5209819.633721016 14468437.757458195 9476731.802362964
2980103.296183592 1457579.3942940505 4597665.120308344 5277032.9614676 2566190.1500762836 3111684.082484767 4034794.31792332 5433461.787625637 1757985.3717553965 7733038.741154347 2920035.0490176566 3199075.621183802 6218216.755162838 5410519.544856032 5880828.26283944 3318566.4499893845 3474675.245311273 3496871.031372227 1191182.050936206 6613328.240970961 2666634.614367705 1403885.9194241734 8596896.491418732 3577159.4774784306 2692004.6717516137 2627798.7644528463 7065983.108939752 930490.525094915 3400670.3098725714 5854216.947230935
560257.621089578 578623.0430013273 1410147.1183512725 1223575.0607136288 1128283.4572558727 264845.8290741868 2007151.8445217388 1514688.262996102 1453789.0591801538 1795596.4349582286 1964413.698078651 1013985.0499986759 1563919.258491258 1192373.7393959993 1054465.0103195154 388259.40369393054 722610.7280611005 1973172.331063055 1191167.0491464003 1076008.0701629268 1936488.7164199194 1003234.2297928667 539185.0725759686 2157072.211892764 482650.459356574 150207.38285678017 2827893.896196138 825731.706951618 877762.6981193781 1492562.024659932
316486.4205019679 94840.77061206911 193997.95364966203 279750.0719018525 1041208.0415830339 230388.0724528103 567741.856024367 340022.8748917171 219738.17618274916 604731.5300065455 151121.4403390438 232104.73612514872 605272.7207559448 542230.2151505762 441883.5677604296 327804.0868653706 222485.7440728509 650074.8837441477 283310.3224113407 365927.02392849873 339457.47400194843 479058.2473940479 493766.55809069914 356740.2556878674 386126.62442189694 123277.6326850765 744961.1776058435 433061.3621870672 710969.7147816549 589357.9536505679
98488.6593284701 78123.74007721791 137139.21789038397 54020.79486328962 242214.19020847906 65965.29302067625 180670.37593633466 192441.58423940095 77562.74134441867 89567.40353261287 86281.8997577163 91703.60037865298 102090.13552526978 174152.5889655145 174905.73409294468 100375.74382891836 70479.95293535349 165262.4589888203 164868.9415997287 125882.11465164884 131222.0491911606 121130.49393708142 199102.88337765748 56859.825768871735 89474.97682514078 86355.82565850805 216350.42301534017 186166.33438485913 237115.94677051622 181506.0992799166
27771.539570981444 21228.30781271333 42197.163073377014 18810.88187465065 70872.0532511416 43925.65863766824 63925.02800166496 21993.998632710187 31277.791325989892 84337.9137455662 38209.67885093872 29731.40972404771 12085.01517257302 56768.157894435775 37441.79070425047 62746.67878846991 44037.25754625449 66461.11510351487 96971.92369678427 86848.31953054936 62525.08061204202 26434.041362427448 121258.35184572286 54439.25321449799 42248.35977028251 49232.622770921764 41058.15807558336 60170.99800301916 65747.20758037386 22191.50154631071
9573.042265801354 14456.341616733873 9622.824911302585 13156.682220129569 33208.10317319118 12579.296221620398 8973.486151215655 14634.959461305192 18031.043806359106 19671.404284226337 8209.52762420222 15366.414910847248 8304.004283228931 17742.229496098873 23307.520446873077 23019.103234087717 24353.83764583115 25234.012855725105 28834.11930986858 24381.550259194675 27600.595437719076 14324.232742823307 12400.0535298431 25512.930796841578 32507.218568292294 20775.802976192506 25470.250763684886 24811.92903504054 20463.04494083752 7840.252696232186
3329.429538903296 3435.3506938814735 5328.806733717742 6089.983912954433 17461.094125279404 6900.297392376295 3692.0233777540325 8431.178312580376 4833.396175099648 6255.972354676845 5125.639782721093 2687.8593974002615 8088.997581464075 5097.949754219984 9531.43893429432 9330.035844831533 5158.816514595867 5888.5637869407565 7604.363768398434 10113.815901240192 8125.220968810863 1227.040553325206 6970.168261478877 6996.6577228716305 11160.516672860038 9838.101588029685 9269.954411493261 9136.886763920967 5761.307565680982 4113.483067632043
1000000.0 1000000.0 1000000.0 1000000.0 1000000.0 1000000.0 1000000.0 1000000.0 1000000.0 1000000.0 1000000.0 1000000.0 1000000.0 1000000.0 1000000.0 1000000.0 1000000.0 1000000.0 1000000.0 1000000.0 1000000.0 1000000.0 1000000.0 1000000.0 1000000.0 1000000.0 1000000.0 1000000.0 1000000.0 1000000.0
