2799.988728591161 2055.777073465306 1001.0052823676492 1801.6200404739957 1423.0043504092644 1779.866433638771 3530.985088225163 1122.1019603657055 834.2921440258624 2117.311283850779 799.4049177206884 2710.398231965507 2685.767174416603 528.606196577294 1894.490170777538 1729.5226072297942 2871.9579246015155 2285.464379905217 1596.0854422860166 1854.2579414470465 3010.881998622434 1344.915450347041 1295.322364589556 1801.0347470384586 2763.1153738602006 1104.1546285445659 1564.9652769702811 2086.6768773972526 812.5111535406045 4258.451345986591
2799.988728591161 962.3313682267426 1001.0052823676492 1801.6200404739957 1399.6972830328293 1779.866433638771 1958.1013988005216 1122.1019603657055 796.3365532894729 1358.5517159703775 799.4049177206884 2078.63046758202 1311.123929212916 381.01118032935847 1894.490170777538 1593.117783155592 1002.4902133443811 1961.3347622154151 1596.0854422860166 1598.3489958681334 2494.8932262637936 926.0761658045462 984.7233492348291 1801.0347470384586 2679.707738592152 1104.1546285445659 1564.9652769702811 905.3386885848513 812.5111535406045 1892.0007552568645
2294.9102188862307 567.0873656846825 667.5205558015407 785.2312813309122 1277.386133066425 1096.9266174959514 421.8493790095015 1122.1019603657055 796.3365532894729 1232.010782247554 268.52736812427554 942.372123067275 723.398367140421 381.01118032935847 1209.3587054947097 700.2999124671555 944.4441204722189 540.4638496356607 661.2208920178209 579.1868249331267 837.797011744914 784.7875359738518 892.5702917277627 1101.7238340382276 644.8406740273426 1104.1546285445659 1415.8799305191155 905.3386885848513 630.5670598786064 1172.2425220402793
380.4981968450152 567.0873656846825 667.5205558015407 382.6344849841653 692.6594038427506 561.1904012773634 411.76067316303454 1122.1019603657055 675.3746911828734 364.2719874906144 225.64517731110186 437.9694436367928 441.79655544395246 381.01118032935847 787.5225778353602 615.4643896110315 860.774968509061 235.63497699886875 310.9968945807814 579.1868249331267 400.0883420890532 628.3120010868436 570.4218198196237 432.4767260198021 644.8406740273426 659.7785407347765 364.05206894813557 460.9398553461501 470.1415758780455 541.7068952482567
191.10069936324044 84.70077294859618 153.6649773727753 240.58749496590895 199.08532097129228 198.53721618925283 145.35695105349225 222.18604240884747 300.9520683527288 182.48147801264497 180.00116191591565 397.32596569342945 237.03124767669533 157.27182389510335 372.7269068650918 354.9352536392091 263.64256023400867 201.83841428054313 225.48729516935373 231.92286982721419 282.9581582022006 225.25876576511814 135.95561553700304 303.72643619868177 341.47092012408643 166.57316987672607 156.3793061130084 376.4411179871671 171.61170737077555 250.40590355559334
152.68410889559595 66.16854782956796 105.8067256039543 136.09803714565624 104.55918420195513 101.84079018538011 80.32164717258541 152.03706841229996 160.81561754331483 134.44996588957395 102.03285900372668 157.5461354963942 111.15211482932392 105.93490481641697 144.9062950168816 132.2337497951794 93.77016166782079 139.9893370359557 188.85623526787742 156.06736510980727 155.07071356174254 83.29440564834215 121.97599532881623 163.24102214368247 148.8015423861973 86.90028472034402 92.03795755424704 91.1966183477249 140.56857595621454 144.03137293670477
66.40113968547206 61.886291739176784 61.31697209999078 60.42783219502985 27.062039226267075 52.4578985518217 32.530081023401635 105.64700693455569 97.08085528573724 72.80838215872848 53.685135404726 52.4046784419441 67.48475067752241 73.12346559602082 91.87893866945711 26.792164005315783 58.242211805219256 93.84495131068996 100.68804635624906 70.28581569657547 83.37591389586083 68.43672919087459 61.94105879794802 72.33566792525039 73.15940643109718 45.91559870461805 81.84973285638063 77.67267577181798 51.188937852289826 86.56420400608607
28.634066060094938 32.51792206601658 56.60837665404728 37.01842591242854 26.75794140847205 52.11409021287369 20.540862482503826 29.59404797293405 40.783168032230606 41.87089200242747 37.536295093180456 36.72314305210665 52.6859015742732 29.47652826659771 16.57731502712835 26.792164005315783 35.03084573323139 34.12095258854765 41.54283518310575 32.08756326835646 31.68999525436152 40.584569926864276 31.051755705118183 47.025701907652035 35.77254799123 35.89520683691745 41.4176259828115 29.588744915630002 38.491152349158995 34.407064934547975
15.173762627298288 14.974025784096455 19.293200911991107 28.56704648017643 17.360132763562433 34.899770936595985 17.797056968939955 16.190971410261795 32.36331595613939 21.88507590025432 13.237931324823592 27.381724829213283 16.341876158915056 17.418558280138427 16.518720505326428 14.50621692214952 13.771824989517995 12.275373139028261 31.035219121287014 20.731609473104584 17.935547892662896 25.65161791593266 19.365057352271947 20.902856642392067 18.895241372011867 21.933735722483163 28.62854460085441 21.848072273488413 26.75077773743368 13.901228513807553
12.293649018509086 12.867709815449416 17.69591068817249 12.462790650857528 12.318347276477141 19.89038315976245 13.743493975909757 11.330863691156708 15.368735185725427 13.038575419848883 12.270164110582186 17.345396859840207 9.638610289298413 13.534448579225568 13.168177466089674 9.497749636712172 9.4925533362088 12.275373139028261 13.04186336339643 11.685050816631133 12.911030948909513 16.102532750409182 12.741803809223882 13.924433901922157 11.527744996249567 10.299194040048917 10.800491426901317 10.00128703035142 20.060609084397584 12.883688240480069
8.38187564682596 9.888023256632835 12.2386213612441 9.585147556753327 9.69923226557188 12.018051860093806 9.394304401481065 10.94644691218275 10.00426181200504 10.622962185500569 9.580078360756659 9.746571734090253 9.003692568338238 9.36554216842751 9.97356664560209 8.272084772253265 9.19205293746893 9.318423009976584 9.523851800795569 9.78233538851191 10.186833441584554 10.779041718893836 9.107454772937956 10.217427335010484 9.154771398502874 9.198662666873588 9.656434124861391 9.333862629576004 12.777352960265489 9.63329684306268
7.999983200919132 8.16579619086923 8.430994440337201 7.089134227631064 8.07651572216895 9.635801595255089 8.634216277553264 9.01510052064009 9.2243364764293 9.034901371063597 8.709600581280881 8.420404177441526 7.901984423930003 8.349414828558508 8.354647348250694 7.516256905444834 8.134185016804452 8.527890733836784 8.959174240773223 8.30866512042013 9.120242558691928 7.943198007462684 7.880185855328307 8.070733052205128 8.92657712830055 8.044384747586491 8.587808826415767 9.126027559564307 10.306056822567541 9.008028914667818
7.531152524149604 7.659953287679855 8.050617324067844 6.880908051404845 7.552741661516393 7.397320289037168 8.221447854797532 6.470735638431279 7.961530305995666 8.20398265816192 7.822607223036073 7.678349681622592 7.5682042858383625 7.780319470148754 6.256465409506347 7.31470442028575 6.636775424994141 7.734800478483862 8.916201245116895 3.9513078029342523 8.311406226897816 6.46390952136602 7.5820208649951155 7.705263900261173 8.017350156876603 7.931322644713816 8.25812820976114 7.86243794232513 9.144475955167252 8.089165561590448
7.309993059238593 7.421415461095648 4.457144775561062 6.693162081691469 7.392022732263285 5.00806856406723 8.018179472817963 0.9485286095876972 7.095292874186157 7.780769774442433 7.592450831658084 7.588907619089014 7.556039099845293 7.621810833645782 5.268825321138934 5.132797551409396 6.133381955421328 7.310092690635031 7.6976082752863135 1.6802215353204701 7.867910596172123 5.89061777094804 7.427945295421864 7.572360729310503 7.362873555900308 7.914774506838626 7.731851728037157 7.55108883703133 8.688795192058535 7.671429443285433
7.17732291465893 7.220660702321766 2.4875500440608107 6.591681255035155 6.650105284389781 1.1338515831001814 7.991749460211622 0.8034080021121781 6.740331846059121 7.719596592637515 7.559882560082542 7.562453253621015 7.554648046567991 7.589351782695758 2.2142913578979346 0.9460665889020561 5.546862671230144 7.067503507830793 7.627523917064536 1.0836514082002395 7.661134018974849 5.62434570610975 7.395312068021099 7.554255035502024 7.289047441491391 7.913575667711882 7.574314247750294 7.097963525968282 8.012057745063942 7.6506333187888345
7.132842456126184 6.1957921379982395 1.6433812557326632 6.5831842466337775 6.222355827732997 0.40896591566837515 7.991747204466776 0.41800044797571445 6.372242374948939 7.674828060163065 7.556320038243939 7.560512159924485 7.554474038826413 7.375325667213019 2.2103685815314407 0.6124424562383979 5.376828030739944 6.140267111891774 7.588397680633989 0.7099940606015593 7.427198449518073 5.572892809843495 7.3220695774391515 7.554122623084993 7.282284475106621 7.911951864062473 7.567495373728775 6.635484311234677 5.2387186208848675 7.6413374792850846
200000.0 200000.0 200000.0 200000.0 200000.0 200000.0 200000.0 200000.0 200000.0 200000.0 200000.0 200000.0 200000.0 200000.0 200000.0 200000.0 200000.0 200000.0 200000.0 200000.0 200000.0 200000.0 200000.0 200000.0 200000.0 200000.0 200000.0 200000.0 200000.0 200000.0
