1711.190552449567 1580.1950482779066 1181.600944658694 1462.6151205832157 1261.1231050853803 1447.8377090057647 856.4750456973279 1776.2167011386464 1248.6476488550352 1900.6668652076278 1520.2435534122724 1038.9501020170856 1247.0861359744667 1205.4190192068936 1744.7370060714175 1312.8904532934912 1209.0184135707518 1397.8494005385355 1427.5088853160541 1640.3055905211022 1621.9825242982097 1423.2736600519765 1506.0407456564626 1456.0628425817613 1565.7555037399543 1316.1457655480126 1288.0798090570806 1303.095326322155 1759.2101247446135 1291.1924928557128
1437.3973739035973 1220.9584504168379 1115.7216549661512 1221.9601491900703 1136.9156317894453 1447.8377090057647 779.2874427796569 1568.8169412815332 1248.6476488550352 1487.8359637231024 1434.2201736203078 1038.9501020170856 1247.0861359744667 1205.4190192068936 650.1728473333687 1312.8904532934912 1209.0184135707518 1397.8494005385355 1427.5088853160541 1281.8657009829622 1332.36854849167 1274.6208034744946 1338.062597331902 1319.8076755955612 1565.7555037399543 1286.9343790906923 1035.6312798615154 1195.2058683237474 1143.078150369538 1291.1924928557128
1019.6290045324276 1016.9945042808786 731.5660095623671 996.3718127981924 1102.724515365178 995.9385417322792 779.2874427796569 1142.6547814341207 1212.2098462085114 1019.1573864154707 795.3318964495165 870.5853951059107 1012.1772387234996 1205.4190192068936 650.1728473333687 833.6407305306889 719.7655439861433 1166.1208169770462 1080.373286149449 1093.8787239565218 1047.7649221929832 906.292634603019 610.2331109293632 907.7966210944633 1261.8048295222316 839.0870011957577 704.3559969775665 863.493461858824 919.1568789777693 1291.1924928557128
730.1274083893868 768.8948051486677 477.6755375113403 731.6652721857563 511.72777416041936 728.8140482600747 594.4183685675994 752.1373282298423 836.8539699120438 634.5262813780628 635.1012400070881 802.020941729159 727.8994157967613 632.3550230747014 650.1728473333687 667.3486054467148 628.6039647621355 484.05622011254127 629.4938191952206 664.5836096523253 731.9110457229831 666.00598486435 474.8218321743816 815.9028636133726 880.2405414568566 755.1938866959672 646.1792488058882 594.9569214330941 619.0769012754877 840.0097108194504
493.066683294624 538.6065630254257 396.38003400673324 459.2337998705075 410.9277538906272 528.0237488405392 374.5749099374939 453.85898399059533 478.95163931133857 583.5207518865741 457.0112400719381 562.5175320558733 437.1945125837433 446.0676093898687 461.701048060484 478.09527510148837 488.8388208055744 434.89045363036394 528.683757275498 515.6374695428294 582.2135462040633 455.0546139275739 435.3780289360552 493.5537642109425 558.8071277209765 435.2897744486504 503.2476711433046 443.5088156898523 490.5451633983771 463.46484894014793
363.066394160036 330.6305347396201 369.23597302699636 361.5840263767959 372.08943384402755 375.2163710715822 345.9566576107695 356.6240016461279 376.8313537773911 348.9720243565898 346.27498317082654 354.99274743443084 338.94683046773525 394.53123752127885 382.5407714802236 334.6352025445067 373.94447784804197 349.3566436389374 320.4566495386043 381.02896081576 357.47755628314826 355.2463875591229 315.57547656329325 318.4746524059651 352.35971439308605 307.74140915765884 369.26098474906667 342.52710240908937 375.4492205907941 305.67703103832355
301.7797455128516 291.2881152588998 318.1604218509715 288.5894689322731 289.40577682696585 284.4283787895688 300.1011553782464 281.2185301231548 295.1275838523334 285.06701893210584 290.62508112826026 283.48405801487525 283.04267437599265 295.5364611233913 299.82837549421856 276.0440700635618 304.3514497935266 301.56319525878644 269.63832678820654 308.43064407335623 288.58708669448697 299.5365587673955 283.7313295375684 290.53548343280636 299.2328865323261 286.2711400334474 320.1823246269073 294.88694832045667 291.5437634160853 293.24960607740104
265.08515040145403 265.3900671896322 272.3140665176461 266.73242232034636 256.5760315294947 264.65193371041096 260.05449302183115 277.68879636667225 265.4260649831349 260.0042152085748 261.00236912352284 279.2829632131952 267.1325905790163 277.23669453900766 260.82143609137665 261.85334452500456 272.1034995447685 267.66355548683396 258.270380255959 267.9886888242054 266.7349417632777 262.5122520851223 273.74396918255843 262.6537448142717 273.6143766796122 267.7702781139292 257.89200284834305 275.4421428594319 266.2383991370252 267.7932756951159
260.07382033363 257.57443669323266 261.09098605811096 254.8550184845326 250.2978103891046 252.78261572225074 257.7889060474845 253.15090669409346 257.1839511785138 255.7079503343998 251.01641857042978 263.7716436736637 254.2277710248386 265.85274327189836 255.61789930764917 251.62097911616775 256.407068797218 255.45002452020344 250.62171445656804 260.3524805418019 256.84043744806877 252.66239099856466 261.4103948130323 249.19460779216297 263.3065491011962 253.15205495085138 255.13551120859574 251.79045312982907 257.2122706162786 249.39272959256368
249.04054607231365 250.151630880046 250.0105440781963 252.40437088721137 245.45936446654014 242.50264705549853 250.97122353256918 249.85395362367217 252.65918736476488 245.4137630054497 246.1295809694434 251.18690362226926 249.65010871987306 252.52337123025336 249.85578603868998 247.79249884537649 249.45033593242988 248.6948966397349 243.07503698637356 251.59643716620758 245.65099802977102 248.39544076938955 251.28232671693195 246.44598989219548 249.3185656100718 245.30199752344924 248.80229242513315 245.2813229161684 248.79545307126727 245.32995781992759
246.42107824131745 243.06319561819328 244.46344990460648 246.69344156905072 241.67052354014095 242.50264705549853 240.8347157053181 243.82715614872723 246.45969436009818 241.80395797904112 243.16718182319346 247.9323172552322 245.36209997641254 247.92911217253186 247.44194889691107 245.66675372472992 243.13161590142363 243.1624117317201 237.49547394079582 249.85731750122295 242.3094517118002 247.26523746509292 245.0758336444137 240.55761306246586 244.65599750772162 243.55249605275048 244.37034037772628 243.0718373060704 244.549437452245 240.64871228644733
241.92601509015503 238.8429680091267 243.31310316433974 243.0983061887414 238.23052596405296 241.07642415551254 240.52814439455415 241.1759047292503 243.82024410581562 239.058328472448 242.66899071440957 245.15539220447 241.70219560302894 241.11931155036882 243.66877392917377 242.3493466025502 239.55992130873528 239.91928409409502 235.26651362890243 243.40287153068266 238.83090950870837 240.6750536920572 241.96852200574176 238.26976943657655 242.4085240894933 240.0332976042955 242.51066052489432 240.69973325537012 242.54030789459148 240.17842886191556
239.6931340484739 237.79379578694625 238.09450177797135 242.14897474693134 237.62283920104437 235.66991219344163 239.20869694284647 239.41823596598988 237.9736222029428 236.83261187350945 241.36953034231828 239.5229152472466 237.55592492553114 239.06901073570907 238.90156997852318 241.10202242874766 236.7966648376978 239.07549927993477 234.85913912428714 242.383349789141 238.5166327681095 237.22680580764882 240.30160274967557 237.02322721051405 238.87762409210518 238.53134308585686 240.71497582715574 239.9419602272701 238.5872348833359 237.86424514575947
239.47291579653847 236.9641974502597 237.29396643776954 237.75788231763227 237.4882879247316 235.23009003836296 238.92015310666693 239.14948075258144 236.31344792123946 235.73890226719823 239.28865867456307 237.65655483065484 237.02939304114398 237.41239428841527 237.3132166411301 237.1832090101325 235.1205138882965 237.10573385634189 234.70031541851995 240.27854985180193 235.90223602151173 234.79893643702508 238.87300389092616 235.78384113908805 236.85812775132217 235.89766917500765 239.62192248458268 239.53710787982573 236.5214837169533 237.41712122864374
239.1032261931723 235.85023504757692 236.79455145042812 237.52813369588284 237.12693649360244 235.18856026199228 238.48540874049922 238.35616946672144 235.91007444149636 234.64737575965637 236.39624285850232 237.1018464104286 235.75121780545624 236.45262563527103 236.86371475160195 236.48783544743537 234.87907472183178 235.15111603472178 234.68793380458328 240.1451318597169 235.254439434304 233.06630626155038 237.27855340168117 234.1447666768081 235.99728171727202 235.04123014162315 237.13348546782163 237.0633241034211 235.7638232229615 236.36409991279606
238.02246994051848 235.69191405219 236.5190830732945 237.26243906757963 237.12057897456498 235.15845257450337 236.40403588417894 235.6705053907549 235.7441738374182 234.61988626574612 234.65289213609822 236.0914290961764 235.71191681942355 236.32755074440638 235.13815263343122 236.26291654162833 233.8474179837599 233.9316892120528 234.67968845322048 239.57464596905356 235.17015317220648 232.77909805567697 237.17367488438686 234.07413166219658 234.27563817867258 234.40126454509164 236.71483631202727 236.94278719501108 234.15100778662008 236.16530239455597
1000000.0 1000000.0 1000000.0 1000000.0 1000000.0 1000000.0 1000000.0 1000000.0 1000000.0 1000000.0 1000000.0 1000000.0 1000000.0 1000000.0 1000000.0 1000000.0 1000000.0 1000000.0 1000000.0 1000000.0 1000000.0 1000000.0 1000000.0 1000000.0 1000000.0 1000000.0 1000000.0 1000000.0 1000000.0 1000000.0
