2148.1850164580264 677.1933789932964 1443.1967222295025 1667.728085519684 1508.8159058948986 1213.0173079569995 753.7944079527142 2213.340147307852 1761.2206015859756 710.2313950714747 1393.5251676050893 1057.2583517151843 1796.7375314431756 2389.824671900502 1643.4263231278428 1594.687382246313 1463.4822298655245 1579.0877318314688 1528.502420357866 1456.2859297338919 1960.6673872407255 2577.9951730450266 406.51726737048375 954.8577475776237 1014.5208576221876 884.4581466924092 824.0868563447539 1864.446638635398 2523.3424294206734 2138.0774209546116
2069.818051709364 677.1933789932964 1028.225099905897 1148.4214936446888 559.7465959588844 1091.251726161804 753.7944079527142 1430.201234180865 1606.7744770481604 710.2313950714747 1393.5251676050893 1057.2583517151843 1287.2645575255397 1857.792923582313 1643.4263231278428 1528.3774168807413 1374.7113376293155 1244.259637405246 608.3584855720319 1456.2859297338919 1774.9013660627834 2577.9951730450266 406.51726737048375 954.8577475776237 1014.5208576221876 855.9436778542417 824.0868563447539 1108.3796139943188 2168.403140131548 2138.0774209546116
1886.9957269760644 618.0957236437002 957.2206766577265 1148.4214936446888 559.7465959588844 549.3888572727733 447.8480652862768 908.8574583558166 617.6687084640098 710.2313950714747 614.3438834501812 1057.2583517151843 501.99238888714353 1045.415519600484 1035.2992872422283 1208.2030281085872 1287.0522251119178 882.5853414331195 541.0540710057167 1182.6161561613135 1240.481059488764 544.116241282823 406.51726737048375 954.8577475776237 938.8785678761092 855.9436778542417 824.0868563447539 754.1231562969774 894.6693215019577 1805.39292186875
1025.9247945906272 462.797119584985 957.2206766577265 526.6394530207072 531.3010573657562 549.3888572727733 447.8480652862768 642.7951227925214 570.988935834383 262.7034837842248 539.7262075915442 1029.9137023541616 501.99238888714353 522.225287430043 1035.2992872422283 493.534343722431 1096.5908428130579 824.157197522255 541.0540710057167 666.4452270898155 568.828306178696 486.7223559425802 406.51726737048375 586.6835075996987 837.9969173832233 656.9605943482484 503.4898044533229 473.72003027943674 894.6693215019577 946.4418106944368
1020.830451873876 367.46961154950486 396.87621134868505 453.0826684198264 367.88010732952034 303.4061510121601 447.8480652862768 285.13130752800953 560.3793678611282 262.7034837842248 302.1321779111727 651.2133525797262 391.6622922129395 312.922412611817 716.630732336746 420.6214932196667 558.8865418425285 290.55387039480956 342.08471589866076 299.18564824179794 465.39666329789407 355.2996699148416 406.51726737048375 381.61533145900876 616.3605546656836 408.5294284290867 433.77579115865683 316.3075948429355 515.7440106025356 848.0672574789569
313.9762442422566 298.73905600098624 389.1075762321648 272.2136387978303 340.9820628002253 252.5075180739268 228.43262305729286 285.13130752800953 321.24701553404884 247.0181769663168 266.34525022223806 324.6706965557091 309.2329003837758 312.922412611817 526.2214832624131 341.078422316813 439.9924507379633 284.0497945725501 227.5489147097237 226.4549627327333 440.7957730060789 265.4220854167056 338.28896419772263 300.3909534247723 375.7032361974875 275.0804922979646 269.0507590675693 316.3075948429355 216.76228579011558 506.76372035631584
235.51428820180445 230.89941780395884 199.2466613262941 232.5923848187549 222.4607599316937 196.7056482149428 204.54829999582398 211.52041387824738 263.3377425534086 237.51053225590886 200.81650997539236 244.934064407395 215.66694682902698 248.4581517274787 220.02685858844097 219.70458642133235 247.7139550125762 212.03142846016544 212.9288219066907 202.06085296635501 222.8530634254612 212.5036948147672 232.22297869871136 239.9772902977793 245.8394201597921 223.92276196672447 206.4463042005873 200.53521605037213 214.51275154607356 269.6153092939876
202.58846390001918 176.99273202528138 180.10651407658588 184.38235893020965 210.63675266274004 177.79020249598943 204.54829999582398 172.84498634035663 198.08076463923408 181.324445291747 186.17570919641548 206.681578161385 172.64623170993946 201.06430365574806 204.47757204000982 180.70794543658167 185.46890048606656 185.00240148405146 195.7485657069601 171.7191000927587 214.52934103787084 204.22219945029383 207.68262560831772 188.05674327408087 204.70429180657447 191.73156760548045 189.33809202817838 175.8642866322375 189.07380198028386 200.50647471111142
179.28189756637994 158.12184049134294 158.27117385107567 171.98450397251463 184.8911732492179 159.91295249766927 181.7945937285499 171.157109640184 172.33371769340283 176.88229175484867 168.8868045786512 175.7235298115097 167.19229497008973 176.18047867031964 184.97954899277875 159.02019393072806 179.23783861859692 169.621353293639 170.78799192846918 158.5806736734521 186.75308854822197 172.73485799136597 167.2389149710625 160.98031617131073 169.43605324218333 174.0833880535838 162.97038235611626 163.05570518556442 166.0161108709858 172.40961702967888
165.0838973083787 149.2860134763023 152.80997615235447 156.45006894315156 157.6448943917976 156.02865482953257 154.51559504212673 154.8582263112412 158.2308507620446 157.9870634025201 155.27010063759235 153.87660059009067 144.73244618639956 156.57816824285828 172.10254766948765 149.423996787938 156.44146459677268 160.5885451553495 159.70735081305384 147.35372374682856 157.61452623887362 157.08746432701037 155.37040916098658 154.66030300126886 155.60752542172577 150.8761027368937 156.17574940506347 154.0612856437524 153.11543941861055 155.86427516502772
151.99164085127723 141.8998217942758 151.0108724990273 151.95388807166773 153.18906598021158 142.7442796841351 149.8593779576986 151.47892272906347 149.68959957134348 148.01600490001874 151.98586121163225 151.6239106182411 142.1151421454574 150.66855528843053 155.47846325481942 132.22360319799418 151.96089296775472 152.52199577303008 151.13979530483266 129.6986803675254 151.61173893684918 149.95837824035516 141.68584970584516 149.2285819155154 149.35245972492612 126.97552708461535 151.5847256809093 151.7134054920757 151.35432082118814 151.9642748454462
147.84177240261488 71.08598349354133 149.23617823231507 149.24973409843324 142.7984443322921 103.63980830255923 130.5862581843562 139.3135523809906 147.2969266968048 133.62218173940846 146.62071324078215 147.05384388795483 118.075892905807 145.83568142903823 142.37125849724862 70.55156738885762 150.77525850425263 134.0513800089716 146.49097439089655 53.82084939443848 143.6310020972869 138.83472789974803 126.04192518609943 98.58141368170527 146.67112352404638 105.6027298859658 142.46646431909494 150.58804369560175 149.8928583205984 146.74609535029958
135.58928558359275 8.350146432673682 144.90953019286735 135.37204534769626 116.56100898884597 16.247102921708574 28.15762624922536 53.21141948256809 145.42092071008392 30.773778757445143 99.34934973588861 121.5396183562707 48.75075246223696 71.18920677260257 138.18158359373683 8.585569204466083 139.14808045319342 68.62170088339917 59.551331250176645 4.313112343503235 136.4299506015259 97.06862668686654 43.83023701672482 9.22097937557055 126.55808784940882 75.52097022006319 43.496561416812256 150.4630055382554 143.5003619207955 127.47754447975876
66.04715349586286 0.23731420649028223 76.28272501788251 26.95252544934374 23.845165815940163 1.0723789626949838 1.9542351627396783 6.026495291895117 137.7256895581545 2.4107081502093024 28.70923604984182 21.806482789834263 6.228272493885015 3.9451457342856884 136.33721240143723 0.2547559017207277 118.69772217283935 14.076522930769443 2.0293431123436676 0.08536290331221608 83.2883306522831 41.706708186413834 1.342374813290462 0.12759665297062384 34.24096415178292 20.4748661666531 2.359030417987924 150.4276664504764 138.35702546416542 32.002733040789735
9.39378258738634 0.00014891480532241985 29.997818849858504 0.43074100490321143 1.0668629808747028 0.008658469063902885 0.024150973803898523 0.19750866599042638 88.60254822190609 0.11782744017273217 2.670221785184367 0.1717402785266131 0.6578851149211005 0.12364736098970752 92.95992728935016 0.0006750755978828238 51.958560289836896 0.9332470086578724 0.12090656409236544 6.0114095958851976e-05 10.039804922253097 4.026140351872073 0.01584459336800137 3.932738763978705e-05 1.7017729346544002 4.244704715264106 0.08486753903798672 150.4271777148524 119.93417162296873 0.5403468779804825
2.141023416440021 1e-08 23.15238968439462 0.008672042156831594 0.012167184639110928 6.831378414062783e-07 2.4156456674973015e-06 0.001037847976476769 46.82161987890595 0.0008484429245072533 0.05430464271466917 0.00026293174050806556 0.007084447327997623 0.0002741740186138486 47.88060545699864 1e-08 37.5093207542659 0.0142787273639442 0.00048559146671323106 1e-08 5.23624475945644 0.7022683073546432 2.3972253075044136e-05 1e-08 0.009620267927402892 2.245862207380469 0.0003013639070559293 150.42716987813355 82.39207118075183 0.0004037619878545229
200000.0 187550.0 200000.0 200000.0 200000.0 200000.0 200000.0 200000.0 200000.0 200000.0 200000.0 200000.0 200000.0 200000.0 200000.0 195050.0 200000.0 200000.0 200000.0 176500.0 200000.0 200000.0 200000.0 174800.0 200000.0 200000.0 200000.0 200000.0 200000.0 200000.0
