5536.104083959363 5939.362235743829 6456.268421217506 5622.81110613998 5668.9567506834555 5586.278441162682 5987.743287700172 5345.847543156011 5595.236394559477 6211.201715503921 5787.541776136646 5817.244216483723 5382.23222883475 4222.666921475939 2991.021144758044 6075.078017071661 6166.6671643363625 5948.714715679773 728.4313074801516 5519.728544315314 6198.531877219561 6284.602359347735 5449.136235419354 5851.297796497962 6181.893851002658 5734.065361632007 5591.8916895979155 6034.3340925117045 5465.48518415628 5139.529301653475
5536.104083959363 4308.092287161097 6117.478851443051 5622.81110613998 5528.959732604536 5407.3974234905645 5651.223668639344 5345.847543156011 5595.236394559477 6211.201715503921 5707.403101283661 5596.659294069847 5170.4040154290315 4222.666921475939 2991.021144758044 5880.260613056202 6166.6671643363625 5948.714715679773 539.9482847733134 941.384914970994 6198.531877219561 5100.159258570232 5449.136235419354 5833.012362773468 5885.3893615788165 5247.709219997197 5591.8916895979155 2669.6360459765665 5465.48518415628 5087.002927200908
4148.2792794610705 3757.8759344143373 5617.11272426045 5151.76537140623 5142.071818646393 5331.6279088723 4827.9987209155215 4958.673955729421 5064.524497911126 2719.6154736238823 5009.61618171634 4466.783418281679 5056.372358707897 4088.002136354341 285.9502596961047 5480.884571519641 3550.813789368339 5074.92149201464 437.38296816340335 197.6571438063288 5523.407341329413 5100.159258570232 4495.204284517425 1968.6461285409978 5635.52430440192 4973.383460882934 3521.2519272190666 459.2912132433521 5307.533463573248 3611.969551481092
4114.084202336149 264.2125780440033 4581.7398033867885 4655.205737789332 1141.0347970489229 4913.080394783091 4093.236918928078 4066.6664122582606 1986.6817525940369 516.9739805805252 2159.8938469267996 3888.7521666228895 3538.8169616261393 1636.2511058347409 222.29805630020383 4993.745648776009 3522.0905041632413 4681.913594823601 281.6598357075941 197.6571438063288 284.30261009083324 2413.6136606601194 3934.7903482137663 1926.067831227092 4767.984420230724 4854.165216569378 666.2832918330773 349.97727308180765 5082.2593281677355 393.65789579672946
246.96602909784406 242.75289913510687 4052.927758051921 2689.118162929114 679.7970281828025 3484.9693014200648 3914.4978055543324 3590.9307412565777 821.0865197479411 367.32589444246105 1998.9430938316964 3345.8279473695584 3538.8169616261393 976.6984120050834 196.48910656456064 3898.5817419148207 2764.1821695622275 418.24871161657165 212.44255120060006 178.8317369643205 229.21662227925162 1279.2065060686305 2298.8055178599334 949.7938344942577 4073.864147184051 3610.9598495354285 598.7767395277042 251.15112109530673 671.1664407690309 369.1176940847595
232.62087206776732 231.83831523096796 1182.3485065516334 1329.0789578765207 223.78339035359704 1172.567624741846 3149.709640358754 3168.239275566688 249.34494598045785 217.57550245094717 845.8725133866865 1122.3978258495317 1615.9858233376026 588.1346570220408 162.2735212461971 3344.14625558686 849.4085049979394 260.5662582475502 176.79295631543255 158.7685236645425 229.21662227925162 740.2353775443166 429.45617590243955 791.6788870372093 3239.268010886719 2733.2258018992798 240.33408500155974 245.92599171808433 248.99935691458995 271.6371481401261
183.66263127125876 197.8722913346901 200.7952288988913 226.085673922561 208.11415648435695 282.9279074456017 2347.3236190969783 2153.593930324376 231.69120613565974 177.98429573817612 290.19236686540216 274.77420794425007 538.6087389589761 212.37294441283257 158.98863266595254 1308.5703552213217 209.01932504095976 182.69000048675707 166.31402842170155 152.4737907284707 190.1043602731611 309.80605452187046 249.74635852280244 404.53365591588135 2554.6078833507754 306.7949303701703 144.31246790931255 178.82182653511336 168.13354513626382 193.11720321232224
165.75162709532242 124.73385174202531 153.77821726687944 166.48670018147186 148.57311075339703 188.95737157657186 1614.5706448839192 1534.7502824594676 191.72247550574866 138.80116555640643 147.78296357399495 181.65127484892855 313.8820456866433 151.8685141203955 138.0743453735813 223.90952947685264 146.39484211954732 171.67496473518804 154.77571277035258 136.37116670739124 137.6433596834445 209.97419328448223 167.83594032469364 201.70234325405863 195.13209437902833 188.30082210913997 123.93358443532725 142.81673732178342 134.48859152817386 175.880487100736
138.47904988002665 118.0560096492959 120.03592891699691 132.1946139081092 122.63963907610696 134.80885114927878 588.828841801539 762.5216514966469 152.38038451733155 113.93362278317818 128.3150956935201 149.51723593456245 246.33211354446667 121.25615879317138 103.7326395674877 154.94306216175437 128.49112042310207 137.82720460815608 126.42146510710745 120.54614955047737 135.21723942229937 144.4743363379671 129.83317601389808 127.48534396844843 141.2088673741905 133.15949801197257 114.65016763954691 119.50127112439031 111.86398656583515 134.70280446440574
114.99415165163191 110.12254173766541 112.91111800369436 113.15986032125647 117.74899165675788 114.12581545731518 117.87440713829346 156.19379448925065 100.23442997791744 101.85882031915389 102.40775893071168 129.56545783627462 169.0266356016159 106.79162882157243 100.792537734083 124.77648311864823 110.77469814816868 109.74428703953163 110.02547321593511 102.15973294337118 120.12113182465146 116.98362224683888 124.78550773752886 121.71332832713142 126.40303956377556 114.12381390933206 111.90345215946081 101.57092112244709 105.70134949497424 114.89137142511981
19.742852012958338 81.9515879102255 48.007508236029025 42.95102111805636 10.502211915293628 5.6117810469472715 3.689302432417662 6.104926163352502 11.070138049580692 101.29157570169491 95.31307493219947 9.523948234639192 3.3214436281523376 77.29463393051446 100.7053253971626 12.784965024196936 68.83568116922743 14.240463919455124 101.52701442471789 100.94433978636971 9.826325488414113 10.797253134612674 8.19171212712763 41.24312283921154 10.353481709717926 17.96536190662073 20.23609653055064 100.883357963457 101.45797244308642 34.63739995001015
5.8838818475410335 1.6537000966068263 19.885369638001066 0.4203793652936838 1.6301877164155485 0.09368755197510836 0.06246239274196341 0.0936860026317845 0.06252937848648799 72.86066813403113 25.631758686402918 0.12491546597902925 0.031230572385993582 4.09874156635351 100.56193307812555 0.09368751923148011 2.5666297472662336 0.15630129158898853 20.752447971518905 44.88686943154062 1.7700052182194668 0.062460307121455116 0.15615659623881584 21.39725202862337 1.7387808865682928 0.12492327660129376 0.12496284115240996 92.23594537125064 24.085917267413606 0.14770441324617423
5.883850849431838 0.12491960686429593 19.88487127507915 0.31910099236893075 1.6301870293686989 0.09368753239550642 0.0624623927178618 0.09368600239895386 0.06245994091977991 20.297939380269327 0.2855643890916326 0.12491543001124228 0.031230569280523923 0.24985168668445112 100.50673274709015 0.09368738908051455 1.8950761407290884 0.1561444832050256 0.28169669679346043 1.9375459902566945 1.7700051975598399 0.06245909646895598 0.156156541450855 21.397141569604628 1.738780882478295 0.09368746319569254 0.1249154136062316 32.43174892926345 0.20796028714403292 0.12491723368611929
5.883850849431383 0.12491960542456582 19.88487127507915 0.12491765852291792 1.6301870293686989 0.09368753239550642 0.0624623927178618 0.09368600239895386 0.06245994091977991 0.40523525459775556 0.2186096265895685 0.12491543001124228 0.031230569280523923 0.2498515294923891 54.56227507892845 0.09368738907869556 1.8639416923006138 0.1561444832050256 0.28106523603628375 0.06247828177674819 1.7700051975598399 0.06245909646895598 0.156156541450855 21.397141569604628 1.738780882478295 0.09368746319569254 0.1249154136062316 7.849389001321924 0.1561482149081712 0.09368673684593887
5.883850849431383 0.12491960542456582 19.88487127507915 0.12491765852291792 1.6301870293673346 0.09368753239550642 0.0624623927178618 0.09368600239895386 0.06245994091977991 0.1561470395949982 0.18737503346437734 0.12491543001124228 0.031230569280523923 0.21860775156665113 41.875556995311854 0.09368738907869556 0.18738041692313345 0.1561444832050256 0.25812403147756413 0.062459544375542464 1.7700051975598399 0.06245909646895598 0.156156541450855 21.397141569604628 1.738780882478295 0.09368746319569254 0.1249154136062316 0.3073865906821993 0.15614821490635222 0.09368673684593887
5.883850849431383 0.09369015446100093 19.884871275078694 0.12491765852291792 1.6301870293668799 0.09368753239550642 0.0624623927178618 0.09368600239895386 0.06245994091977991 0.12492060811609917 0.156555375896005 0.12491543001124228 0.031230569280523923 0.21860775156483214 26.929653992690874 0.09368738907869556 0.18738041692131446 0.1561444832050256 0.18737902461043632 0.062459544375542464 1.7700051975580209 0.06245909646850123 0.156156541450855 0.3433414048886334 1.738780882478295 0.09368746319569254 0.1249154136062316 0.22930944086692762 0.06246206181731395 0.09368673684593887
1000000.0 1000000.0 1000000.0 1000000.0 1000000.0 1000000.0 1000000.0 1000000.0 1000000.0 1000000.0 1000000.0 1000000.0 1000000.0 1000000.0 1000000.0 1000000.0 1000000.0 1000000.0 1000000.0 1000000.0 1000000.0 1000000.0 1000000.0 1000000.0 1000000.0 1000000.0 1000000.0 1000000.0 1000000.0 1000000.0
