476.5857123399346 294.598646989572 253.2028924538049 392.55945559554766 285.1351477288267 373.6342643026119 319.2992584379663 219.3225681678332 376.1581451351508 331.6262954728845 315.14462679925373 370.09513881898374 254.51241456079697 402.88458320104974 379.8721225778272 357.9147173850479 420.0854647466176 514.3073093214862 341.91010454094885 382.32927721681244 293.54674654768723 445.85302311393207 387.5489757713185 493.1958583858418 338.3488219691012 255.31837183066182 403.32667865740723 429.3977979076808 262.28372475413926 409.88164276211864
340.83603552403656 277.3495691674352 253.2028924538049 392.55945559554766 285.1351477288267 323.9520978356286 319.2992584379663 216.91271129874576 376.1581451351508 331.6262954728845 303.27708904198244 327.1055071073815 254.51241456079697 335.892186605337 379.8721225778272 334.965203141016 420.0854647466176 504.69516256840006 341.91010454094885 382.32927721681244 293.54674654768723 408.46090611903765 350.14319350340475 299.0738775721129 301.27610030341384 255.31837183066182 267.1177287381324 377.9639369751708 240.70368691022713 387.3654946290585
249.46798316666582 199.04408980927792 237.2425090851052 194.703380878188 273.20510126033514 245.5022770875148 306.21250716806026 216.91271129874576 250.47056261980424 253.01612932071612 245.58832830931988 309.9272455556288 220.75849538879675 316.4690904899694 232.555063113718 305.11781852066406 350.0255169422335 259.74320342442434 296.2064450754601 218.69074674362446 217.58947013379156 271.41135862894043 289.2026750154678 299.0738775721129 234.35253216866658 255.31837183066182 267.1177287381324 289.3074546012035 240.70368691022713 248.03398728877573
196.37477299101647 199.04408980927792 237.2425090851052 193.99261442100988 217.38573149848798 207.77092616741265 266.4608546215709 216.91271129874576 239.15392350084585 196.57846981002604 199.27284924179912 221.051256916307 210.24455355015743 252.44070071756596 231.3977131447591 218.91069323472993 267.00322681586704 259.74320342442434 296.2064450754601 211.96381176106797 217.58947013379156 256.4533591379345 233.614467471612 239.1523315412569 229.55277071860428 234.31918854295782 242.48270875521712 225.30061577836568 240.70368691022713 229.22392115368984
179.88324447444484 190.9118742381752 220.7261452978919 193.99261442100988 178.4254469291236 177.72832260282803 226.909709725197 174.01074267854756 201.10889229594432 196.57846981002604 188.42548529307987 205.15610473654942 189.36558368182114 205.03769654582857 205.28465339360264 177.1569747965782 230.03612870174948 219.672474934629 196.82719279136336 202.59342306778126 205.77506200518883 212.31001094641215 194.23948986868345 196.3862121721004 201.64207666185803 197.19174109635242 185.8412146032265 183.22124785312917 230.50361240489474 190.56938583414376
175.40175056723638 178.7411964904204 179.76210456321223 175.93120078430866 176.44430201767227 176.2726885680122 178.94126541481228 171.36317224632285 188.91366760395158 179.00939587288758 177.66709313471074 169.6868396632458 179.17672871591003 176.35920793799914 189.85464076188327 173.08521920387966 180.83165295206072 182.56155526265275 196.82719279136336 179.1713674270104 184.89593280080499 174.38158318314527 175.79341973222154 189.19920896970734 177.1549886318171 173.79549615755604 173.92382898159394 173.1367601174461 177.0140910323421 173.05901593652652
170.34721652274857 172.73459286132493 171.04692327525345 171.42859844828808 172.7987858709398 171.62761157722116 174.62663726111577 170.54942068928722 174.46332334142153 169.76868471327816 169.79346310265964 167.86009205252913 175.49364359479705 170.53209757767354 172.4724264340075 169.15101808246436 172.13369007228994 174.45922692451404 186.55144325901892 172.87950156546776 177.005696258454 171.06403399940564 170.86560675054216 170.79568446898247 171.8556093665511 173.79549615755604 170.55488805985397 169.0027075715957 172.81665046854096 169.97186641278267
167.52171715080385 168.46636132315734 169.23900766785755 167.89611905409174 170.55583820386892 168.45248730879212 170.25539688606386 169.17452430437606 165.71757517369315 167.0436351597932 168.7001347578812 166.72904710919784 168.71299313920872 168.05929719405185 169.23927696914097 168.32446060596794 168.95244205231938 170.58177418453624 171.71869997556587 167.17224747147566 169.3497667946417 168.69736295152416 167.91831574524804 168.0547181617867 166.67892098390166 170.68084716368912 169.06073594699865 167.8458420488414 168.6981862361913 167.73719208410103
167.10441683789168 165.78121129071133 166.39667044246016 166.21465243452576 167.46364583326795 166.75473088727495 164.48429309966878 166.9006054923084 165.71757517369315 164.13867616949074 166.69102062516686 166.27108046333706 165.51744398240453 166.9640082057358 167.11266742158568 166.67420909182374 166.5916481517702 166.75383500628004 166.9706554656691 166.06552726063774 167.35093668093123 166.07627750621305 166.05853744418982 167.2676888391793 166.1674669588515 166.51441885076065 167.5068880809299 163.99714664673593 167.16701969743872 165.93497263310292
163.9257034012412 163.56109363993437 164.8925583797345 163.66323156871704 166.3917682001802 163.624724054514 163.77212445690157 164.40069166747253 164.67448558831666 163.60209763389275 165.1205779765446 163.8746364044532 165.28115241554906 164.39993684260298 165.71013041094193 164.49613068594272 165.08321244671015 164.62642952012902 163.29455060419878 163.88601545081747 165.61301176783036 163.6384994167961 165.38920297108825 166.188093673612 165.34158224704424 164.90892501848793 165.98396465658288 163.5702036316543 165.39527830498128 163.9795228678331
163.390893785127 162.83589712198727 162.66751024412406 162.77421544983736 163.8400578699484 162.64755315225648 161.59961294264212 162.12729309433962 162.80537548011125 162.82365217926008 162.66089160101365 163.6392371157035 164.3660222834933 163.6102496942026 163.72711470939157 162.07744373294054 161.26159692051442 164.26522481603706 163.17749472696005 163.08859828175946 164.05164076301526 161.58278491590636 164.06894368831536 164.52997606043027 163.0926204402881 163.96117006307895 159.44266398286936 161.59311216519927 160.2838522741945 162.9307548380084
162.2503528295506 161.9927415824459 159.1277571637006 161.4705284379006 162.8517111812862 161.15289653933814 161.5706913768554 159.90561085132595 161.54399395051178 161.68081771468633 162.24388674074908 163.27587603752227 162.22683556241418 163.45881534646742 160.63608423045162 161.81070010662006 159.57821157491662 159.96045697460158 162.6332921723133 161.9226856094283 161.4338914493237 161.22244108775794 162.00721139501275 164.3335829414118 162.50308460068118 161.71612307835494 159.17657862348642 161.4480590626672 159.5451179293832 161.52478594045624
161.72359052312095 161.02903674219033 159.07715131696114 160.01841159891 161.45400802090035 160.57836198923178 161.2941852494946 159.38642358368452 160.21010815052568 161.4859097199137 159.9750081027919 162.52479527430705 160.6496843698951 161.9578639819224 159.70413592732848 161.02752476706928 159.22221942597935 159.23807043265242 162.0527135845191 161.54053264482764 161.4338914493237 161.13119465441378 161.3564661409241 164.00409157226932 161.7017530295925 161.4435690296782 158.87051835331386 159.9048014834375 159.23748992483115 161.40691844043977
160.54238154763834 160.48211308682085 158.80831236401264 159.6301048827022 159.81075888355736 160.22650806577758 159.66555088983296 159.22310981777036 159.67516684159818 161.40740031182577 159.4372664104103 161.59438945423335 158.82619271178828 159.66539956362885 159.10214152004164 159.7625116079389 158.75889192863542 158.89430835793792 161.56111847876628 161.4360059976775 161.41606839154474 159.32673711920552 159.95092059279568 163.34565263078048 161.4993629958958 161.42445158807914 158.7633270771139 159.67255038331177 158.8210480449843 161.40515702418224
159.09726495153882 158.98595011121688 158.65848116204506 159.4371427281567 159.28545603587736 159.46744714800388 159.35863101219684 158.69257104786357 159.41119443291564 161.4048807587492 158.92015320541532 160.19007882774804 158.71424234151482 159.44794051125427 159.0337974167569 159.59838023562952 158.66629487053206 158.72042994405092 161.45233136979869 160.31211158151928 161.40498038790747 159.23427792740722 159.47134158579593 162.30658272000528 161.3608023793172 161.40502966484837 158.73265576716176 159.39288310034863 158.64323939593032 161.40488075874964
158.63250275266546 158.67570720051208 158.62268364229112 159.4011644466741 159.1699924195368 159.41494916356714 159.30348679820918 158.64416085318317 159.3934464071276 161.4048807587492 158.8556782953283 160.15568097301548 158.62344476112048 159.40028452652587 158.86959704297942 159.57976093911475 158.62789668657342 158.6417240905148 161.4431695161852 160.00323035156407 161.4048807587492 158.67589918834938 158.7872667664683 159.16772990729442 160.0712880890228 161.4048807587492 158.6712614866924 159.3924556991219 158.61898598638663 161.4048807587492
200000.0 200000.0 200000.0 200000.0 200000.0 200000.0 200000.0 200000.0 200000.0 200000.0 200000.0 200000.0 200000.0 200000.0 200000.0 200000.0 200000.0 200000.0 200000.0 200000.0 200000.0 200000.0 200000.0 200000.0 200000.0 200000.0 200000.0 200000.0 200000.0 200000.0
