94.98053935042526 76.80764396076472 94.33052111532311 80.78361966962052 88.86665969711873 91.63313374541622 72.14372003293863 71.99399955098386 69.07247089215775 64.07731138818565 83.87861568663095 86.25949030667789 93.31652396712434 79.8651410266466 101.51320807971683 85.3779370442569 91.42951586773643 86.23572829222326 81.79125959236421 91.7487530719801 77.9420299866955 98.30529869407314 70.4469647146318 70.8204824182684 85.70384996208088 84.16108384513439 96.11584851074315 84.95312089623349 92.74741812474258 96.07972638096214
76.29947939559986 76.80764396076472 80.66999359879401 71.71794200470254 88.86665969711873 91.63313374541622 68.41791004565357 71.99399955098386 69.07247089215775 64.07731138818565 67.58739916035313 83.79663244747144 87.10085896929718 78.93671029386314 95.11830225701055 85.3779370442569 91.42951586773643 86.23572829222326 79.5040869333809 78.9974305302444 77.9420299866955 83.10129417696487 70.4469647146318 61.72157502374 72.98662201068578 84.16108384513439 96.11584851074315 84.95312089623349 91.38021093178338 72.29465272316656
76.29947939559986 76.80764396076472 73.28689150394894 63.985968713808916 67.91251559989223 51.48807552838093 68.41791004565357 69.64881171555066 43.115442123716775 64.07731138818565 67.36025673676477 65.58014428019328 80.88699031259716 67.17009404853661 62.30353917389664 57.814415606931675 65.77581303318937 79.65701717528259 58.68519945393325 59.56762554817499 63.71929299280305 58.96413323519096 62.91938359914104 48.02493740552518 72.98662201068578 75.01006857123605 84.92488002934579 83.77239171966846 84.18124309900008 59.38453238277509
44.52695554455909 66.88237685380852 64.66867591570019 60.384658449970175 56.92688956781444 51.48807552838093 68.41791004565357 48.140679775070794 42.244010927457 53.309034162080025 63.27376830346225 63.32610199083285 69.82824969842056 52.30514106358885 52.484175801970196 57.814415606931675 59.34454684641753 56.49611812153648 49.494006128744104 40.679773066581674 41.62096979371586 54.27086611762752 62.91938359914104 48.02493740552518 68.67789727276227 62.48008548289954 53.81408404160368 79.06271897353713 65.97190088009711 55.75067754457416
33.06393500405147 47.00793214089333 41.33164170538612 43.49846031569598 52.74541569071448 43.951765407408516 45.60334687411205 41.84261596033343 40.49851858918748 33.17320658906783 43.49229642602711 52.57273170015117 58.55414720865144 44.63366753537093 41.10558356581282 41.794893754645955 49.52613083868812 42.46463039528669 37.40256168757833 36.32699661600134 36.22549823241616 35.29322275670688 57.6952234182412 47.15498948460038 42.41011272980984 48.839223400381684 46.48962150257444 47.55576407296212 39.55317015312494 41.53993946914454
27.790048599312968 29.0831540855811 28.803558919320267 24.546416170108955 31.421880323719506 34.00943763827365 30.394429854191912 27.61279650969982 32.91725179091668 28.42098307560491 21.51868861353489 34.75933834211344 36.56937041506944 29.66088224605221 24.568310454513266 34.06960897770796 31.279807532253358 36.59264227223969 36.131647419670685 28.574944986361857 20.3172235709103 33.041300875691604 27.649137082874972 28.507079433867034 32.48167048158871 31.041089057958743 28.728728314363593 29.983811234750647 25.3805383618253 21.26407917029701
15.362960553933021 14.477746339842383 15.501705280263991 14.09495490354459 18.45859405185763 27.29615884294344 17.665993223242594 18.477569909592262 16.86167154200723 17.368344355981435 14.210652163534405 18.922787018056738 21.626929888539053 17.86558458556533 10.420812581748464 21.43886172567727 21.520903595869072 16.012682695696867 18.433155897011943 16.392375524703652 11.48430658845325 21.540729944564305 22.351267841657545 21.406858723248774 14.21638684645768 7.945885201883129 27.89458701120077 22.181162499137827 25.3805383618253 16.91466846767844
8.156296032603336 6.569883364407133 6.380172180859972 6.735872904144912 7.455567864187742 7.7736771102213424 9.330197966983519 8.892497936835639 9.343209676251945 7.106279872771552 6.446115545709745 5.053625529412557 11.51295349586394 9.55013771559311 5.632091848694245 9.245663691295817 7.0105702651753745 7.008073002792685 7.736561517553014 8.68075803048373 6.415793959522603 9.367507844776128 7.088087029158714 8.025502757731601 8.098799239713685 7.383972898425554 10.549180232012873 10.580096703583308 10.152498415459604 6.01480563045709
2.6014651738065595 2.1444074395958523 2.4408599258329104 2.056821318223001 2.16437633745727 2.4874550150314008 2.1662894602627603 1.9520615585528276 2.2387487299142776 2.4460901301802096 1.4442114436146767 2.1773771964083153 3.174325499265592 2.658033204982985 2.1484354353383424 3.277288903200656 3.1988989706203483 2.4414136419025 2.674656021064493 3.8292131511079788 1.8442255713996474 2.426698041410077 2.8245726313660953 3.2258560435584513 2.3708456695569566 1.7842762899609852 3.434228676656062 2.241735099214452 2.0670139446249323 2.1731951432894903
0.2904041794488421 0.37965572272389636 0.3958756790789266 0.4688882400989769 0.39418623036567624 0.3931014711586158 0.473182179267269 0.34667034492974835 0.5024054073199977 0.2958856696742487 0.2162835589141423 0.21309971514074277 0.435783243327478 0.430278194390894 0.41172671753076884 0.436261855674843 0.3816136986569063 0.365601111672504 0.3817262486830941 0.3993943563045832 0.33567115665869096 0.5233359616063353 0.25394842324033107 0.34569478814819377 0.36834219322133777 0.3449333210595569 0.3716451623787407 0.5119408860093699 0.43875808578889064 0.2061166953922111
0.01594818865282832 0.015945061637467006 0.01807197506968805 0.019927531240909957 0.024312858294479156 0.013843745402709828 0.02830460054701689 0.03606647810022423 0.014004907132402877 0.024420058659643473 0.009039383780759636 0.015516172518914573 0.01792993910896712 0.019152206002672756 0.0205969318053576 0.021790238485891678 0.013189943916472657 0.01728399371722844 0.021623507381946183 0.017568934804899072 0.012986400785052865 0.015691172904666928 0.015605454927708706 0.02176223547257905 0.018451398031174904 0.008178532123110926 0.022836238750528537 0.025978646937801386 0.023429349907928554 0.01694643776704652
0.00019232692056903034 0.00010566279763679631 8.4312789795149e-05 0.0002223115471906567 0.00019530267775280663 6.335846865113126e-05 0.0001028457620577683 0.00028823350680795556 0.0002209756746651692 0.00014189707371770055 4.8649759605723375e-05 7.331770405016869e-05 0.0002385735126608779 0.0002136898582421054 0.0001374092178139108 0.00020538881494758243 9.071538579519256e-05 0.00014711922756305285 0.00019812221944448538 0.00011200643166375812 8.69648843035975e-05 0.00020928306196310587 0.0001772807920588093 0.0001721008969752802 0.00011002571534390881 6.190320050336595e-05 0.00017572996137005248 0.00015076586112172663 8.329944580509618e-05 0.00011438773219651921
2.2919721232028678e-08 1e-08 1e-08 1.901696577988332e-08 1e-08 1e-08 1e-08 4.463322511583101e-08 2.7810301617137156e-08 1.703926955087809e-08 1e-08 1e-08 2.037108970398549e-08 1.5345904103014618e-08 1e-08 1.6903413779800758e-08 1e-08 1e-08 1e-08 1e-08 1.0103690328833181e-08 3.413776994420914e-08 2.786532604659442e-08 1e-08 1e-08 1e-08 1e-08 1.8717514649324585e-08 1e-08 1e-08
1e-08 1e-08 1e-08 1e-08 1e-08 1e-08 1e-08 1e-08 1e-08 1e-08 1e-08 1e-08 1e-08 1e-08 1e-08 1e-08 1e-08 1e-08 1e-08 1e-08 1e-08 1e-08 1e-08 1e-08 1e-08 1e-08 1e-08 1e-08 1e-08 1e-08
1e-08 1e-08 1e-08 1e-08 1e-08 1e-08 1e-08 1e-08 1e-08 1e-08 1e-08 1e-08 1e-08 1e-08 1e-08 1e-08 1e-08 1e-08 1e-08 1e-08 1e-08 1e-08 1e-08 1e-08 1e-08 1e-08 1e-08 1e-08 1e-08 1e-08
1e-08 1e-08 1e-08 1e-08 1e-08 1e-08 1e-08 1e-08 1e-08 1e-08 1e-08 1e-08 1e-08 1e-08 1e-08 1e-08 1e-08 1e-08 1e-08 1e-08 1e-08 1e-08 1e-08 1e-08 1e-08 1e-08 1e-08 1e-08 1e-08 1e-08
51250.0 48550.0 48750.0 50850.0 50050.0 48450.0 49400.0 51850.0 51500.0 51400.0 47850.0 48350.0 51200.0 50600.0 49400.0 50450.0 50100.0 49800.0 49550.0 50150.0 50250.0 51250.0 51450.0 47850.0 49300.0 47800.0 49500.0 51150.0 49650.0 50100.0
