815.1132045223212 627.0501067144578 571.6491299161735 609.4766455846675 764.2535169072717 734.2212294190685 698.3773405110105 474.5737595264518 549.697786669446 491.47973048776566 574.4883115955572 415.2110455408474 691.8893753145503 516.7905611664 547.5315201178391 561.1161467230095 565.4896424782919 375.69872919178715 730.8658643710519 701.9862950958277 650.3337858289133 542.0853785056024 575.8064138242153 436.0355940477443 610.2776448040786 544.8580165814019 876.1233912148437 618.2529783795362 836.9410344452817 473.65872681669225
815.1132045223212 560.8853569641392 571.6491299161735 604.1219410632393 512.4812767766944 630.9408454431159 698.3773405110105 474.5737595264518 449.4769930289235 491.47973048776566 574.4883115955572 415.2110455408474 440.28495477091155 516.7905611664 547.5315201178391 561.1161467230095 565.4896424782919 375.69872919178715 730.8658643710519 628.7106133793277 560.4099783650222 542.0853785056024 575.2951794076635 436.0355940477443 592.1235637527016 544.8580165814019 693.8292052428333 618.2529783795362 550.6004976870049 421.0715778336489
565.8662787184367 486.95507212814437 442.5607555115389 523.8200819958365 412.80620412112967 465.53027125124845 524.7115382065895 467.1612314453532 449.4769930289235 430.6122051903799 397.6536342757099 407.0617768912566 440.28495477091155 509.4494695766789 498.00199955656717 550.6841626448722 479.27264086763626 350.5239764246794 647.0615889602059 560.3535295092406 546.7215821607288 542.0853785056024 575.2951794076635 419.15590233174726 592.1235637527016 544.8580165814019 649.5979930366557 514.1328319434738 322.0629096648436 417.6625391387197
520.4928972694825 486.95507212814437 419.26828742625366 476.88116172970285 392.3470006407874 373.60370590237017 506.23352795968776 467.1612314453532 449.4769930289235 430.6122051903799 359.921314897239 403.1523708391169 440.28495477091155 448.0078308157413 461.74929911234403 422.53697866423545 479.27264086763626 320.9225910174837 389.29967928642145 434.0453106537607 444.5588879135071 542.0853785056024 368.10332186462165 419.15590233174726 510.0068075484437 500.93605941490387 530.897088210621 514.1328319434738 322.0629096648436 413.82807788662467
451.86026454497824 386.1717058536142 359.5062870319889 417.2455992492014 349.7345561324919 323.5713071806563 413.72329461251684 399.0256354826888 377.4988851855078 358.4673809357714 359.921314897239 353.86045346568653 426.28549412674283 385.86970731743077 410.7321266874451 373.969050998835 372.3355558328594 303.252318315499 370.7396429905998 352.3911601230652 350.49230920986383 409.2757469893727 368.10332186462165 370.6618775810998 379.9583102277952 402.1681453330766 420.63006891664827 421.61892038572023 316.34473727902423 372.2418957076402
380.2326645154085 310.91078330378014 349.7563167449639 301.61215935035216 336.3956570091309 302.51069969239734 335.1129370811577 302.5267370423867 295.94674228228814 326.7632899317291 258.40127180915306 292.48724746284006 332.8297135960893 301.5375963472911 306.7885896149419 309.7056218324219 310.0382316475293 275.2196590218655 254.68948261198602 345.15899982056544 330.055113741063 276.08336375302133 276.70348930937234 305.29126252858214 288.2579130009058 322.62539580298744 356.64424544366693 317.96989892470083 306.9333335807032 299.8185343152236
314.40920714642834 265.90139052127824 309.9073185303214 262.6153491241557 287.8488406594961 264.8436499978575 270.8790546924711 247.22409477801148 269.5912071174853 286.64787713577607 253.97836612289666 241.3780896893768 264.0910529641801 257.90517848352056 269.28039535983 254.55880416863465 239.2521533726749 243.49792564783957 246.28596325422723 266.7228323298068 269.7183404198422 262.34525073445775 246.0664308653777 254.60435367400396 275.51483124784363 291.0389250297885 300.04212435308045 261.0742784297945 270.785200955424 254.96488697627956
241.91808543202933 238.42169205967093 253.70969012155683 234.61518321658968 234.16253570846584 236.1503083782991 244.4994170209534 235.06914426812455 247.45366558018304 237.70765670251103 234.66147181539054 234.35701634957513 234.45532482917042 236.5380651919063 236.0101690648662 237.83683695902982 232.09282167783522 237.38444166145337 240.2888465680776 242.4231325476012 244.47751645376775 232.18879225402588 234.03192888639296 251.10253414646968 234.54970147579297 239.4463740964943 252.66585598781512 236.86210600146023 251.17554063222815 235.25850896052907
230.18010175829068 233.51810288064826 230.61375323084303 230.30584373187867 229.86293855980466 230.72550688822957 229.8262543179817 230.44522241532877 230.72502909550985 230.9286342677142 231.08861253735859 230.998741852668 231.4215309800461 231.80527282428739 230.04101231435834 232.91682919312643 229.7763331389915 229.7845751507184 232.22649760781178 230.703320420213 230.5248450320646 230.4983844720855 229.74014231471438 232.83804193784135 230.13908852684335 233.32163685777687 234.02920066995284 231.79844709785039 232.52637708705788 230.84459983677516
229.33834062632013 229.89754567009732 229.65865647611918 229.6227034935605 229.335195576135 229.41561816732974 229.63683574764855 229.44713661123342 230.28679997382278 229.376715776134 229.48617113978844 229.35131643404384 229.35257603301807 229.42299943321768 229.31334230894345 229.58628540074142 229.33264898198786 229.3311875139425 229.87637258303766 229.55057590874594 229.5814231322356 229.36633132039742 229.3618696118574 229.48675544343587 229.64303085104984 229.8808019265498 231.23503841843103 229.46795357369228 230.07333950540442 229.75513715048737
229.29843864469422 229.28838425132244 229.44615305048774 229.2867123996807 229.28741673842205 229.2873717669363 229.29400386659654 229.29364798916822 229.30921243815828 229.31069935559526 229.31481776857163 229.29072548538397 229.3048008417568 229.3469243416489 229.2985297883506 229.29934976414006 229.28930956314025 229.28747876227317 229.29761632954296 229.29246377255004 229.413848836547 229.28773156164425 229.2873493822276 229.31394402220667 229.30091691081634 229.35428275323056 229.3291252641884 229.2948413800259 229.39206671952525 229.32648535284034
229.28462853855854 229.28438461623 229.28538127056072 229.28438310086995 229.28442181730043 229.28438277116447 229.2844021001456 229.28438581275714 229.28439093203815 229.28442569802291 229.28493810424834 229.28443964498229 229.2844444715156 229.28608429476526 229.2843835217118 229.28451116585165 229.28438288964662 229.28438311275704 229.284389470537 229.2843939204331 229.28444734311415 229.28438860831966 229.28438286457686 229.28479887782123 229.2857487495139 229.2846012070322 229.28446325689902 229.28438368512116 229.2854016556489 229.2844079470724
229.28438270848937 229.2843827084871 229.2843827085253 229.2843827084871 229.28438270848892 229.2843827084871 229.28438270848756 229.28438270848756 229.28438270848756 229.284382708493 229.2843827084912 229.2843827084871 229.28438270848847 229.2843827084921 229.2843827084871 229.2843827084912 229.2843827084871 229.2843827084871 229.2843827084871 229.2843827084871 229.28438270849028 229.2843827084871 229.2843827084871 229.28438270851393 229.28438270856714 229.28438270849074 229.28438270848756 229.2843827084871 229.2843827128786 229.28438270848756
229.2843827084871 229.2843827084871 229.2843827084871 229.2843827084871 229.2843827084871 229.2843827084871 229.2843827084871 229.2843827084871 229.2843827084871 229.2843827084871 229.2843827084871 229.2843827084871 229.2843827084871 229.2843827084871 229.2843827084871 229.2843827084871 229.2843827084871 229.2843827084871 229.2843827084871 229.2843827084871 229.2843827084871 229.2843827084871 229.2843827084871 229.2843827084871 229.2843827084871 229.2843827084871 229.2843827084871 229.2843827084871 229.2843827084871 229.2843827084871
229.2843827084871 229.2843827084871 229.2843827084871 229.2843827084871 229.2843827084871 229.2843827084871 229.2843827084871 229.2843827084871 229.2843827084871 229.2843827084871 229.2843827084871 229.2843827084871 229.2843827084871 229.2843827084871 229.2843827084871 229.2843827084871 229.2843827084871 229.2843827084871 229.2843827084871 229.2843827084871 229.2843827084871 229.2843827084871 229.2843827084871 229.2843827084871 229.2843827084871 229.2843827084871 229.2843827084871 229.2843827084871 229.2843827084871 229.2843827084871
229.2843827084871 229.2843827084871 229.2843827084871 229.2843827084871 229.2843827084871 229.2843827084871 229.2843827084871 229.2843827084871 229.2843827084871 229.2843827084871 229.2843827084871 229.2843827084871 229.2843827084871 229.2843827084871 229.2843827084871 229.2843827084871 229.2843827084871 229.2843827084871 229.2843827084871 229.2843827084871 229.2843827084871 229.2843827084871 229.2843827084871 229.2843827084871 229.2843827084871 229.2843827084871 229.2843827084871 229.2843827084871 229.2843827084871 229.2843827084871
200000.0 200000.0 200000.0 200000.0 200000.0 200000.0 200000.0 200000.0 200000.0 200000.0 200000.0 200000.0 200000.0 200000.0 200000.0 200000.0 200000.0 200000.0 200000.0 200000.0 200000.0 200000.0 200000.0 200000.0 200000.0 200000.0 200000.0 200000.0 200000.0 200000.0
