76.30912311916609 590.0722237257614 220.1515422835414 387.2269287345375 227.95505474084985 202.013707545947 522.6000667858971 42.7083510806433 201.27025090667485 350.6037867322384 77.07740537130121 131.5108081344256 379.9486824282144 270.34031920147845 120.24631297380938 286.3207169293637 858.9294570778461 82.58983669988538 155.20092479249888 256.8725065473941 344.5067046318122 212.95092044688317 187.46532534736434 877.7963216792609 62.30680594377054 282.30444833144156 107.48461776309978 514.123060447399 388.93024105289487 204.3814133025935
76.30912311916609 337.4687562626041 212.72990968401336 250.07941814976266 227.95505474084985 176.58722237100756 466.5875942934231 42.7083510806433 201.27025090667485 282.4551287207237 77.07740537130121 131.5108081344256 253.30756652492664 270.34031920147845 120.24631297380938 145.1840259451301 411.44451586383457 82.58983669988538 155.20092479249888 256.8725065473941 112.26050558998259 202.69169987403893 187.46532534736434 298.7807640918131 62.30680594377054 107.93123317825984 107.38682420290752 315.29233576575325 45.02315453363235 189.3200037801139
62.28431580992037 77.0077130658392 132.46807564190885 250.07941814976266 226.291229098666 176.58722237100756 62.66594060859961 42.7083510806433 201.27025090667485 265.0558532410769 77.07740537130121 127.50673743685411 216.31321706683184 104.53845761787943 68.05551495249165 65.63081029396972 411.44451586383457 82.58983669988538 155.20092479249888 93.4321138553637 95.0417405485664 202.69169987403893 112.55397980156567 296.1625476313493 47.898395604852794 103.17592226437137 102.82450176249267 250.17866658639605 45.02315453363235 69.30364718732972
62.28431580992037 77.0077130658392 86.85444113519088 87.72606781483228 193.41705478596168 161.79207185388805 62.66594060859961 42.7083510806433 133.77758978912334 147.50070769443482 48.8722338007924 125.74714822278293 75.19458112591701 60.854893335360885 68.05551495249165 38.50399055344769 307.41672703556833 76.88554319310379 123.68905977142003 88.49484663165731 61.928870497559274 112.98292396229135 65.30623359665151 50.7336411991937 47.898395604852794 100.17123386205321 84.53536212064137 115.35640418354251 45.02315453363235 69.30364718732972
44.043782492606624 77.0077130658392 70.91583113903016 80.88493848830149 68.093793159489 58.41074865241626 36.652139588072714 42.7083510806433 85.92133326396288 35.119297124983405 48.8722338007924 60.30655462949835 56.515878583914855 39.41927784885138 65.40889925162946 35.86019691906813 40.869947897460406 53.029478144588666 88.24345416760752 73.92018821099236 40.32649153978855 71.12969472866962 57.24004506343954 34.63523105210288 47.898395604852794 40.37389542439678 46.557349040277586 49.905563734439056 36.79547146074856 40.85555721486344
38.155472998133064 40.2365556021814 42.65637439717875 50.85188091722921 46.25882634416894 54.731180210209004 30.143648350758667 42.7083510806433 77.49092688146311 35.119297124983405 46.22546786206021 38.912809274619576 39.03113512809614 39.41927784885138 32.23844407412071 35.86019691906813 38.29585330251848 37.16153874580323 38.747298444584885 47.58465863072115 34.29512739069878 42.95946253457987 42.59254572812779 34.42888288869244 39.55092157375384 37.83011588872614 39.38269873124045 42.67431802661349 28.97333644487435 36.641176062552404
28.059046917467185 28.62292138968087 26.046975829663552 31.58416866873631 29.7684706850805 33.5000828399111 25.821501824630104 36.359004846037806 35.23318522915679 29.915954296358905 29.27083997806858 33.25588852545343 34.30854674748616 26.364765078994424 30.880245382578323 32.26363455475803 30.35723342066285 30.924837481633404 38.747298444584885 29.455134084197198 31.901112751693745 28.292414139486027 36.31907061495713 30.888760831873242 32.76827073550203 31.37902361941815 32.38002366687351 34.65670692047206 28.97333644487435 32.29845228760087
19.280256921578257 26.152900204790058 25.200029007953617 30.411582650198852 29.050078294247214 29.322751725349008 24.570526170883568 28.884139632977167 28.604349285736134 25.009869934216113 27.41853740678971 27.20349148794594 29.958762118598315 23.938761157237423 26.12691745283064 28.196104738367012 28.814198124012364 27.704933658144 29.963599087402145 27.921377101372855 26.706337294334844 26.69184229229586 31.243145552003625 27.175523300950317 24.55852194335057 24.956243047089174 27.285349001118448 29.880734352668696 27.39803654451225 28.07154042533648
18.701988402188363 24.819061653712197 23.509097019433284 25.24772815850156 24.339069044562166 23.43980036518633 24.570526170883568 26.70282822738136 27.808115662786804 24.864610266354703 25.391482056569203 25.990749472149673 23.685344990717113 21.363790597789375 24.704809802868567 24.848568864241315 25.83070040924349 24.56872891514149 26.407232411100267 25.793451288031065 26.419754794994333 26.10008857620778 27.21012076707666 25.260942257387796 23.25342671758699 22.975171091437915 25.228151615117895 20.558640931228638 25.684069220490983 26.800691721365638
18.701988402188363 24.27215239647103 22.584849058711825 22.873900342301567 23.128780400762935 22.73426045462702 22.260423186850403 25.14897757603694 21.510572592223525 24.39749043044594 24.787037932165276 24.186553093743896 23.685344990717113 16.987068604467368 24.20714837642936 23.804258778161056 23.903579652956978 22.68441788931341 25.029235712201626 23.572320446021422 24.243069314324657 24.598156823526097 25.225349194116006 24.970746036080982 22.761255570502726 22.568421510758526 19.90384322279624 17.099481844845286 24.033886958559833 15.68061976685749
18.607101105474612 22.53724687932663 19.43072659814152 21.645789707345102 22.752712745455938 19.51067590884486 20.60346123091358 20.235139488536788 20.161980321040573 20.813647882808255 24.364999181496387 22.849917278790144 22.66212566576769 16.71830648142759 22.86338296399481 23.196189599374065 17.437025939009345 20.699702503015487 22.976854473423828 21.914745601742652 23.159008683734555 22.678746324164877 23.735229274532685 17.90080255326484 22.761255570502726 21.740795573424748 19.372126990446304 16.434468257742992 15.139473849310434 14.489468347975617
16.603867137740963 22.16694789662779 13.136020956022548 20.22721547954052 21.963898838073874 18.109590609902625 19.95187416025192 18.903919149577632 19.164685845103122 17.35512531169843 22.883629853630282 21.428300717768707 19.29723192401343 13.879297046813008 21.23349381190792 22.3592719601138 15.839413526770386 12.876217138683842 8.981475386222428 20.375368923354472 21.70808463532603 20.73894291429133 22.023771695131472 17.720839737340157 22.4204904060598 21.62981009534269 18.49375168492952 15.498941352389465 14.272188010795162 14.489468347975617
15.037365504785157 21.92508783805488 12.824764306274574 18.941473931590735 21.637026031095502 14.709630720964924 15.648396272024911 18.903919149577632 18.917961653119164 16.1063485014015 21.509629362211854 16.43757883642047 14.285385033125749 13.592249871796412 20.871894090816113 20.650442886738347 15.108562233776865 12.566478201506015 5.905415067839385 18.053404773000693 17.544834794304734 18.485995413151613 21.44593685100608 17.019673483196584 21.251016346142478 16.800254085695542 17.89777966808151 14.547494142206688 6.851037780157185 12.04784369934032
14.643538970183272 21.277167687446763 7.216867224593898 12.630597636730272 14.14612164170694 14.470378493581848 14.276555640609786 18.86566032431847 18.722558469026353 11.406722139267458 21.217378852013553 16.263792226821806 14.029968482520871 12.345476042894916 18.822301757547848 10.304972522236767 12.931881192572291 11.396810339051626 5.689755175186292 17.66979732208938 17.390688682703058 11.235239867977725 20.744987001680784 14.776506742117363 19.781256754097285 10.245704114360706 16.634674163887667 14.280485854232666 6.2418485135463015 1.4209826416386022
9.151610118344706 18.054289234151838 4.33034311175561 7.296404347953285 11.968118921970927 6.31853045284015 13.995441054684761 9.288287152452995 8.387341098328307 11.406722139267458 6.015257896144249 8.54097232295544 11.67101390933476 5.673683701283153 8.683377509020374 8.59417807736645 11.976627953470143 3.1465084009523707 5.48535400654373 10.465819817830834 16.404513025206143 9.813652438819645 19.65188001435672 14.635176751879499 17.074510333902253 8.511950530155445 16.340898824117176 11.254823175842375 6.091673088877542 0.8825352529356678
7.250311835420234 17.349158262300534 0.8845005748589756 5.305636084592152 9.679314454973337 4.51254728189042 1.6449319191087852 5.433902980979383 6.048913613696641 10.072255300369306 4.975219996754731 6.527378883433357 6.59325572592752 4.1110795835311364 5.710151520562249 6.732886261847852 4.203462987455168 1.4454182356353158 4.193237580354435 6.756754124861345 13.97645822216964 5.71468603086214 16.42873196892333 5.123981668692068 14.195688405887722 6.960700373854706 6.036325450572349 7.733528928464693 3.191576888864347 0.33890235674880387
200000.0 200000.0 200000.0 200000.0 200000.0 200000.0 200000.0 200000.0 200000.0 200000.0 200000.0 200000.0 200000.0 200000.0 200000.0 200000.0 200000.0 200000.0 200000.0 200000.0 200000.0 200000.0 200000.0 200000.0 200000.0 200000.0 200000.0 200000.0 200000.0 200000.0
