267.96546666247923 232.61472845669823 97.88985079855638 125.99179321441125 291.24476941173907 198.4427628798153 165.57097765913932 206.73255714549168 202.43471346931483 258.0072501270215 166.22465427043744 211.6495674642665 150.5900522686061 187.6880378802366 242.45131006409838 232.31329983980504 279.15179212359544 105.73527710298549 170.5490327837665 162.13069279685442 228.6924836438393 269.59830262458854 202.3006438193238 207.7461421775197 219.35224211423474 278.67457200992885 214.36906894087633 173.71338926636145 296.4220334268739 274.1588195052468
261.61161169595107 232.61472845669823 97.88985079855638 125.99179321441125 274.87638129486913 198.4427628798153 165.57097765913932 154.08697833929 189.4167169374482 186.98688382306864 166.22465427043744 192.53259145620132 150.5900522686061 184.7906549517611 242.45131006409838 208.66917131096807 259.75444006264206 105.73527710298549 170.5490327837665 162.13069279685442 222.7137048376885 148.18991440137688 128.87693821006042 207.7461421775197 204.00484493966042 278.67457200992885 214.36906894087633 146.26540487953298 258.8680667712242 168.87835378656018
201.54385143285162 161.79151633425727 97.88985079855638 109.58663151406654 134.69744744875288 167.99791997524426 165.57097765913932 154.08697833929 166.24653749435856 139.39746515909746 131.1434987087987 150.22987263375444 150.5900522686061 181.22938279427171 175.19954029825476 196.64387798091502 152.65894547804783 102.49066781269266 127.9073971492262 153.4514023428651 219.5499378330751 148.18991440137688 128.87693821006042 151.0973131581186 160.52215261181982 278.67457200992885 169.02466328402807 146.26540487953298 193.9412730250392 94.4646913953402
169.8836019953933 89.52791732722153 90.38315741803035 82.52491648569003 122.24895260453513 159.70497950823074 129.7872962745596 97.06691015229308 143.09527521084829 139.39746515909746 131.1434987087987 147.8320011761416 148.98163256248927 136.294426651506 144.06553362256955 172.49689233582012 126.56258070161584 96.17456976711173 107.0724402019082 153.4514023428651 204.27946225227834 138.3300707405465 128.87693821006042 151.0973131581186 159.33373648278302 129.24290883107415 163.60163463386607 109.27971871238651 178.79855794655805 94.4646913953402
128.21526521271107 84.25530183989304 90.38315741803035 82.52491648569003 100.3581258285135 121.54079604513026 115.2432720783786 97.06691015229308 116.82835072630496 114.18835913958128 87.92654642169873 108.43267066973158 94.06806718796452 121.74750001899429 111.16852481471687 138.183524186044 107.66323578827996 82.85019153734629 84.97810618989024 87.13920116270629 132.3604569831059 114.42539161011655 101.16896753317269 111.07539082154153 81.29039639058101 111.15055637685509 117.79340359076332 99.30172902638878 88.53548493532708 92.87801863575578
85.20846141949596 68.42695460527239 78.5107754018195 82.52491648569003 75.55056430704371 108.31559180154045 57.623322672533504 51.70762779313918 92.30755225394205 85.93885580700498 73.02774615513727 90.30130080871277 68.35732354569473 78.22553371606455 68.00273869567764 90.63056560251971 107.66323578827996 82.85019153734629 71.40130057108672 62.18268605944331 90.37621661845378 112.50774157033811 73.46347378252403 88.26378112706698 74.85982029157003 89.1743825778135 82.27712657846041 68.42543411910538 71.74322834707664 61.98866522329263
55.753819341780854 47.00060327192023 46.9929006676266 65.22954318541088 43.73658410750386 83.04147254862892 43.90556564968006 44.81812770933652 75.83589871194727 46.146694010138845 50.17041621602857 60.8411197642954 58.93077198917581 65.86244097857616 45.21934911908011 59.1762018710001 68.03267220525277 65.34310631683411 60.52427449378092 53.960341508900456 39.31685381085822 68.1865631221558 63.00494549083396 49.67899530151135 49.70284260135077 46.332631523070404 47.84406577698883 67.14919012720247 48.75784436816048 51.787750552342004
44.436517131977325 37.34901147950427 36.080418501195254 46.60687472030236 27.404955969100683 46.973220358158414 32.968290108586416 36.0663094574893 46.361952418578085 33.30876244175056 35.3680452250112 36.89052638155249 36.08086848864741 39.54869200781104 42.59840542661482 38.81749264786231 48.249459300207945 40.51926616020046 42.194707664533325 38.25098757298451 36.53993774754099 34.73005976836657 45.33949449298302 46.27559946786164 45.172462707478644 37.22327841725155 40.56161049919342 56.23137710815354 40.67580172810153 40.25782452459475
29.776528294339414 32.728060311591435 25.142488532247853 30.54280791501924 26.404189319637453 30.679977717743668 28.65009980310083 28.054402213082767 33.3459313188298 33.30876244175056 27.596743533445533 28.420680071953484 31.50709839975957 32.03937348027739 34.78713370615833 28.750981951011454 27.806374767597617 31.230656724340406 27.896381028493124 29.491004784918687 30.544083411219617 31.886379417406715 26.02293740749792 35.690243344902456 34.42314034494643 31.477511429562355 30.86017770177091 33.48828260315213 31.156424556460934 27.75304123410183
23.31637083880082 19.646435975944314 8.183574497311156 17.482803669085342 22.295617127873584 21.475830854109063 22.40452832590381 22.48080711486773 25.4426190486588 24.447495330235824 23.08057714239885 25.13074188564633 15.826306636174877 22.316320815850304 24.370205584754103 23.386946803534784 23.20558551765407 21.597728505459372 24.90741511520355 20.85695430619853 24.74938229905274 24.12423771814224 22.80561979492586 24.01167349147795 10.064035630748549 21.624820905205524 17.06791964333138 24.328397236104365 24.955921431301704 22.700808778442024
11.635276198608835 7.921568910939413 5.373538202277814 7.185087607484093 17.19441866164243 13.95099402074743 19.028668449843053 15.964165671628052 14.70873815738446 10.242565156011096 20.773630010033685 13.868991686191976 11.10595795168092 6.208976650427303 15.970750953547167 10.501959420289495 4.759602953407239 16.716091959314326 14.915698477275782 12.89489186073979 20.76198333366392 17.797723731689075 7.712936853648671 13.381946183115815 4.979505218875374 6.589064653188416 11.242506519034805 13.350958171542743 9.47590923390635 14.055122672241168
8.316660344409001 6.901979913624473 4.803932852346861 6.780335066826183 5.843552761857154 6.190538951430199 6.104767531441212 3.8426189973367855 7.211464986362216 9.384785749184857 19.712985154410717 11.50393836860485 5.949241768013053 5.041375855305887 10.435863120645081 6.593786728144551 4.675835125377034 7.380363772459987 5.589926048334519 9.652615208595535 8.030350821198908 12.965466142750529 4.357434583197119 5.073405987910974 2.748095681119139 6.158627647943376 7.2626793588783585 5.745157618290477 7.344927291599561 6.774390869256877
4.512939750574333 3.9841036165157675 3.459154349859773 4.4362893640770835 5.628341831966964 2.171754695378695 6.101547751904036 3.8414886849441245 2.8665989154881117 6.872767702411011 6.677010242649203 3.8179305140629367 4.810963721529106 2.8238310199296848 4.481557479128469 6.088259315032019 4.077826607022189 6.197550522909296 3.2519591169932482 4.712126871562532 3.9613730124729045 5.742209271662432 4.353353213213268 4.364740535155761 2.417556730440765 2.143213211831153 2.880963038382106 3.9707169349085234 4.187367310597438 5.008228394726984
1.4843843373218988 0.825020871794095 0.17293816440064802 0.4443122513623621 2.2255453036336803 0.44760859076632187 2.9344574791498417 1.1669659849032996 2.683245595746257 2.687951648058288 4.129798634018471 3.8179229953484537 2.4489602693072356 0.6521464405350343 2.770967291754687 1.3097851997431462 1.5173854009101433 1.3464747689081378 2.3214867847927962 2.3180184205552905 2.0071271654669545 2.1668319141067514 2.242260776813282 1.291203965863815 0.6366946205419026 1.6748652969090472 2.5864576119633966 0.4744765897430625 3.69927195467767 2.318043450241703
0.29504343228018115 0.0032778263296222576 0.003559839159152034 0.07629060293220391 0.4454668323344322 0.10487989365947215 0.6993404644317707 0.06539388366945786 0.1054097156120406 0.9255097695247514 3.610331986194069 0.30678286373449737 0.031948479697348375 0.08909141330582315 0.734912967336868 0.44763233178241535 0.2252049851551874 0.3704518816955442 0.18336535317234848 1.874724051174553 0.22099363216852907 0.16042135350903663 0.17601902007027093 0.8093588202837054 0.004347865171212106 0.10568119416439004 0.4504195011236334 0.060845545284792024 0.1882031057491531 0.06641631498291645
1.224918833031552e-07 1e-08 1e-08 0.0010859231856557017 0.0002153431551050744 0.006550927428406794 1.7930553894984769e-06 1e-08 0.0010780669024370582 0.01703905859085353 1.3688938695893285 5.650190360029228e-08 0.0005212411804222938 0.00010471394966771186 5.4488737077917904e-08 1.7697266230243258e-07 0.006532782490694444 1.0629310054355301e-07 0.00018628106249707344 0.049900169729426125 1e-08 1.0314579412806779e-08 1e-08 2.689562279556412e-07 1e-08 0.00328747289245257 1.0927055882348213e-07 0.00016804085771582322 2.5272174752899446e-07 4.6481295612466056e-07
200000.0 169400.0 152350.0 200000.0 200000.0 200000.0 200000.0 198550.0 200000.0 200000.0 200000.0 200000.0 200000.0 200000.0 200000.0 200000.0 200000.0 200000.0 200000.0 200000.0 191250.0 200000.0 195900.0 200000.0 190750.0 200000.0 200000.0 200000.0 200000.0 200000.0
