6279.056399192723 1749.0517880649559 2852.02933534158 4461.543457706947 962.3748004748186 94949.57332072596 338.25000051595543 3126.516992985713 892.9314981698326 4521.421520790942 19524.80014441821 13902.12619308956 2367.1011317271095 1034.4339314304916 623.7722092580475 2444.8011422495656 1292.8909556980684 1003.5617728010052 800.2753668438704 18165.31749852994 8796.583535589663 1005.984892325007 1371.9758339403006 1198.5594271937107 672.983187774727 951.0028207876703 1979.2124813451364 60445.8591337909 1765.8489571976825 2567.849591347851
3626.145315973102 597.0587468875274 2852.02933534158 4318.099591014456 962.3748004748186 15791.887415227891 338.25000051595543 3126.516992985713 660.7807197969137 2568.2345462725807 1073.3379874847888 13067.822998251619 2367.1011317271095 970.7555434765895 623.7722092580475 2186.6188330688055 1292.8909556980684 778.5099132362438 623.5612364534136 2979.874561757373 1531.362970531719 877.0172414025023 1371.9758339403006 782.3818171899693 672.983187774727 735.4630346937747 1490.9095804420276 60165.507909257605 1275.3971582128797 2567.849591347851
814.8217959039875 597.0587468875274 2832.0880956834335 693.716373573182 962.3748004748186 15287.399656231057 338.25000051595543 2243.3717842256438 660.7807197969137 908.675561219407 1072.9515350007387 867.2153259214024 2367.1011317271095 671.3109047621692 623.7722092580475 2186.6188330688055 1292.8909556980684 778.5099132362438 478.7069764742564 676.7344488808781 1531.1542770998703 575.2158891448626 1002.5674580295736 768.0094459754669 672.983187774727 669.0165564634935 411.2768677312438 1219.1831796704514 648.8505815294766 2485.242445314172
784.0098790810698 588.6575197485404 948.4665034156305 270.8721247314161 413.68231918279844 641.8306473919565 337.79114341243485 513.1981678845 659.5801190211432 694.7002199288381 823.2329676129848 724.0212725481942 1527.9706598579623 516.3405757745336 532.6900870319682 820.4823693882063 1248.9474574096312 424.9481957649955 341.03612895963033 336.97009871198907 645.1404674991154 496.69439668530913 506.0106977682485 710.3101959792116 557.3397155613366 618.087599074282 411.2768677312438 1148.7392831201068 473.97757864464256 492.35390313962307
373.10883867561324 252.03050903763733 632.0872728482286 184.2435838493725 257.6633988165836 97.19245112361796 337.79114341243485 513.1981678845 442.685998662836 272.16144991760757 333.71188168656636 269.8628510971371 244.9182605758815 207.78033384453147 416.60352275314835 159.3199660305263 245.14304141127968 360.4533358267472 315.24887998210306 254.3554044383386 516.1555314871125 340.03366468499553 350.93447178078713 488.8624823753321 287.08109141360546 223.66370175304792 408.93832544349334 270.2442997977146 472.3135627619713 202.3818016644068
155.14480359790923 74.3574164460756 87.51951014414271 95.52486530649412 208.31907223926964 80.59030383931304 116.12075435752786 152.8563865972219 165.83861733136018 173.83851884680826 273.6350735021351 254.76104302740896 68.09319360540167 67.99876716423069 101.4793242362748 153.8996307238449 128.28458263759012 172.7683687675858 68.51470132199574 110.41255695543668 278.8873324895785 85.25485141537138 184.82647219082173 157.47336193716046 81.23824014065258 142.3723292899831 170.9776639995357 109.88472325971816 133.71702139110357 181.74511769161654
85.76198660927457 41.23516936352735 67.5835019713727 58.27070310582167 51.37446692427284 56.67350311302198 93.42282506593574 84.42829123877846 62.26332603213132 93.47896874637854 72.35873468199361 120.40095864126215 52.60976350153851 43.5209523782346 58.72776523478797 64.01798504935232 48.23382730530011 43.6620545343103 63.81830232544826 58.96146427448048 60.04724828003191 47.444525315946066 118.20782647629221 62.10639822099847 55.954250777509515 78.52840078619101 65.26579449580413 106.26345725602323 91.37618127052247 74.8697377391095
61.141890841229724 33.69158549895519 43.80025975506442 39.43776764847962 38.56638576211844 40.400928834209935 43.02178894972758 42.12081171750788 37.20503150277136 48.71309760269651 53.139905562393324 73.074355708849 40.54481503776515 32.79708877615394 39.81009464647832 53.89890198541616 37.867497886970796 36.01738891338255 47.93198672013568 36.08794730428235 36.33165844070618 41.4502417657377 36.46973437112774 41.59222639280324 39.595831336022 40.04240307301052 44.909009587758646 44.900449029540596 40.958487799500745 36.047844693479874
33.73915520728133 29.656417092569427 34.60304848284932 34.13314005770053 35.549848817426664 31.891824659873237 29.517759723785275 36.58352060887228 32.19882193674539 30.48872209374167 34.38596358636232 37.07096944038403 30.322553965265797 30.552721154033406 32.51359061210542 32.89005185986616 33.511330789301155 30.314271663924046 34.93020431883315 30.885273428772962 29.95583082703706 30.41424552385797 32.046550738156384 35.81712188782012 30.64220023884127 30.9111933747472 34.77756784217581 32.390105561776636 34.87752156433635 32.085085781457565
29.46982510936232 26.296728439418985 31.36821406221725 28.212651626696243 26.865842198133123 27.797657782752594 27.287609087949477 31.037715832490903 28.442888284912442 28.20183917260283 30.45099325017827 27.99935639754176 27.26130051544351 28.42109846274252 29.921275253257136 30.223195488159945 29.586608897225233 27.115190409057504 27.500042693336127 29.763402812675395 27.078713746090216 26.969089543169048 27.98791668330159 28.985095384658962 28.733750080294612 28.409341266105002 28.093396951042905 30.733253702839193 31.604473388037604 30.329846869160974
26.730111156086423 26.20155788043803 25.704295227602415 25.253787949132857 25.585180198051148 25.521748214488525 25.842586658709024 27.373921741943832 27.03288315168811 26.753769483668293 26.347216039735486 26.20283500662208 24.76015235849036 27.49139716579839 25.63346041084378 26.067262543270772 25.902117781688048 26.37933879267939 25.721416136003427 27.42456675270978 26.1531617408109 25.94973981205476 24.61815980975325 25.654671791184683 27.871042430568195 26.01076861907586 25.665853850656276 27.013395658389072 27.081011986076646 26.998532155234898
25.520124050583945 24.77734294909078 24.668638557765007 23.718603865527257 24.837666567053475 24.618919110226216 25.339891978018386 24.515519373575444 25.63436758359603 25.385492469857127 25.12293236282858 24.92381212337432 24.422630707952976 25.03410927684581 25.63346041084378 24.835665596931904 25.209292997482862 25.48471405778764 24.70311480830651 25.459003075262444 25.496537140656073 24.85398640386302 23.73855865150972 24.329988272654646 25.29892031943791 25.609690629019497 25.26909189154685 24.813012249154326 25.88552861489643 24.90855142969758
23.891412648930782 23.9788548723227 24.316132956176716 23.279356183583786 24.257404866153138 23.97178803323186 24.251025882901104 23.824682622189812 24.165916923259374 24.03485222048812 24.3892809680151 24.544234817497454 23.577658153798893 23.827804556302 23.003033684192815 24.088057104995187 23.295129547788292 23.353747778638535 24.302334785237235 23.71998987944744 25.02792204791149 23.969569437520477 23.201611028861862 24.303388317092413 24.30687492860443 25.137822185132336 23.746937862786126 24.787614818171733 24.583731644160707 24.04582296613853
23.103731502120354 23.324727840723426 23.77541033593525 23.028249993678855 23.312620898417208 23.054556063600103 23.717605079491932 23.657114187866227 23.910600706239165 23.600416777117516 23.00977859991599 23.567600124264118 23.374358222857154 22.64150365106434 22.996925861881664 23.626428779664366 22.67715050390234 23.262382388811147 23.261455061024662 23.212713081099082 23.83472658806204 22.692809876046795 22.864009333019567 23.32045554633123 24.21038146241017 23.77624844717866 22.85082191603533 23.65996208413617 23.734935592251077 23.45177903510239
22.329852998816477 23.0864205320745 22.53651152471093 22.18691187256354 22.832793770737226 22.48939451803426 23.214470110970524 22.60497361307125 22.773710803851827 22.99656142524782 22.667501133399128 23.102402180831632 22.80888405308042 22.28318109212387 22.996925861881664 21.931139263007935 22.427132639090814 22.75883216402599 22.98405774884077 22.49503372492245 22.471108143788115 22.499379201103693 21.993698148188287 23.060140215580304 22.959818928088225 22.95030153867401 22.448358153057143 22.963445475550998 23.519667177574775 22.929287229277634
22.222323088195935 22.22307639307428 21.863580833054584 21.90547525937427 22.34710395376669 22.17613181706338 21.906958220209162 22.42016571180193 22.079545697683898 22.54404944702037 22.41952647742619 22.106861283608396 22.11480406095734 22.174672199155793 22.38136226634242 21.803145209233207 21.980233176433558 22.654902686759215 22.716429183490618 22.479379997942033 21.93509580721502 21.85587540710685 21.810525152900937 22.757994313161362 22.41710107496965 22.304900677221212 22.448358153057143 22.072510271260853 22.531367943010537 21.944547480062738
1000000.0 1000000.0 1000000.0 1000000.0 1000000.0 1000000.0 1000000.0 1000000.0 1000000.0 1000000.0 1000000.0 1000000.0 1000000.0 1000000.0 1000000.0 1000000.0 1000000.0 1000000.0 1000000.0 1000000.0 1000000.0 1000000.0 1000000.0 1000000.0 1000000.0 1000000.0 1000000.0 1000000.0 1000000.0 1000000.0
