1338.1361177171666 1583.703119029983 1637.187984531687 1317.7110017330588 1205.1602935092815 1220.6276577054223 2045.9435031925732 2591.0524404092794 1197.1533203464987 1264.0840398913679 2669.5883513629988 1362.68662280004 2076.739827963791 1972.3972099174925 1225.275124253992 951.1259445008004 1423.709904594075 2580.969896912771 1258.8655909720892 2317.5133376031154 2268.5461953836984 1478.3100761384444 1813.1434463900005 1666.4311645347912 1706.5623902514226 1887.2981423985566 1854.9155072251633 1209.4363626253016 1449.5652670717009 1557.089433724458
1240.7242089224842 933.7035358024714 1637.187984531687 1317.7110017330588 1205.1602935092815 1220.6276577054223 1594.6641021275818 1482.917452913744 1165.747763546428 1225.3749763211026 873.7569329450721 1362.68662280004 2076.739827963791 1904.3986035293328 998.9074733937045 911.3460047403987 1364.900241834689 1116.6419664864434 1258.8655909720892 1243.7542529962675 2268.5461953836984 1478.3100761384444 1268.1677400874378 1666.4311645347912 946.3965897998801 1048.6121286372804 767.8255193144955 1048.084594466076 734.7232483255066 1471.8738023327878
1240.7242089224842 732.5672268388294 1030.0246811590314 1075.5502840486324 1140.6658384097482 1050.7382155204496 1108.3434797173568 1079.0428141693815 1072.0835106910708 1150.1031173634697 873.7569329450721 958.5739736727651 1811.8741826724963 1018.6848288434549 978.7100709678957 886.9830094935255 1339.6739172667712 939.3162632107083 1258.8655909720892 1074.687048459482 1655.655340442153 1081.351641457357 1131.0015522555582 1567.212529859616 842.1568366508122 930.1767062348904 767.8255193144955 1048.084594466076 734.7232483255066 1228.1810853429124
905.2757141007173 612.6954556169189 839.2391064037756 864.7377536126178 816.5319799237386 762.9900126452781 714.3377903406267 892.2144421000198 607.7996774420772 982.5431160883209 752.7842571096835 944.5669285888321 1105.5759246115467 561.0462663697635 821.4580316717338 671.7195159091398 868.6176515634347 669.5582437265052 685.6450446219001 948.1255551287691 731.9416131751841 672.284272981844 508.95988295007373 852.1166703836425 659.2750942506391 593.8999435602873 684.564553790643 615.2456430824109 531.0006459413321 625.1455608176047
557.9218883210879 612.6954556169189 456.3697911771819 514.8150720658568 536.3922010531278 420.66113657288497 415.3722774138191 682.0501420646901 456.051323137719 521.2565874674365 721.3731628221667 529.1133905364186 550.9377547428849 441.5153230951346 431.3881625979261 419.10067052683326 532.7575520984105 440.9918109779037 436.6930596417783 596.3122021799604 452.0841804801453 520.199513228411 479.39958488030106 439.9593641885476 550.0887318965333 461.3597697515629 544.1099324537236 480.52159098607126 531.0006459413321 470.7311614643818
337.919738264578 247.93574520579614 337.9259714263517 353.78852540781463 284.77015523084265 288.17927667806816 320.07449508340005 282.1735685866438 313.40687263581503 282.45932527300647 298.61842503453545 354.8152639797113 273.42810427194445 294.8221438603996 272.59465541998134 300.90564384437766 300.0831319281806 293.01700353097567 289.6419031248138 359.3562270642915 291.0039824585342 296.8934909017853 340.6392286418695 313.0412246673973 318.0703287455376 340.0133455006858 334.12541134680123 299.0491957457948 289.4628440669044 290.00182117696204
216.378617710438 207.67036742656774 208.52556317907647 211.2548488296461 203.70444295396783 211.70637363734022 216.16524109849934 204.52410881536343 216.4703774789573 218.66424460768894 221.7698629977749 224.7463954131581 206.98832242776416 210.9963266376185 202.37925242393203 203.05848938382678 203.8539593633236 220.59157590998484 218.10035897423177 218.9119098671399 223.34859247115492 206.76885700344883 203.23981591574238 202.90700017636254 214.92819058593568 219.4524436252227 213.02393381003594 210.35848427595283 216.54861818466588 217.5140869284628
186.39700601800996 185.30119391910557 190.5139396506247 187.6620296210449 183.7507660675583 184.83063166455167 184.76270159886735 188.4975582192933 186.64571950269192 187.01890158078004 185.8614406413658 187.02349226666274 185.25158114368605 187.28971387966658 183.90739849518332 186.71367009350797 185.19692143840757 183.6359217637205 188.0427627615627 185.92700930968022 187.34066004907163 185.596505307406 182.88697588615878 183.59201683633864 184.99556356084213 184.026518502194 185.1401650450448 184.70001905772097 185.9666043795878 186.76729641990005
181.58906409346082 181.26213854236494 181.55035779126547 181.7937707305805 181.15990190413186 181.25900553270412 181.50727747566816 181.93318116121964 181.53171016134365 181.01206938322957 181.26407382672778 180.9830602242464 181.17125990529485 181.5924385143153 180.9459563281116 181.21669218958414 181.08655094016422 180.91860860201723 181.26828195509825 181.79820023311186 181.4983703292719 180.93884733896675 181.08635653011197 181.08110803725822 181.2508554117926 181.52527240031623 181.25916536462955 181.18096111909063 181.28616916931242 180.985417668835
180.80432089431724 180.80394060996377 180.81147179139907 180.80383634885675 180.80013112998085 180.79790046988091 180.7971803916471 180.7949125568971 180.80577736042642 180.81124524803 180.79772538204043 180.81097956970007 180.81006052650446 180.80269331519185 180.79291108562893 180.81749464592667 180.80947328633056 180.80069182706302 180.8237789353002 180.81712842514526 180.88045384193447 180.80207462818817 180.7904689868119 180.80921789583545 180.81394693926995 180.88065249613055 180.81004152622563 180.79226462361567 180.8096745923308 180.8059483538109
180.7816931556863 180.78141389243865 180.784004612452 180.7827050982587 180.7814623858676 180.781693107946 180.7816245519698 180.78193287773092 180.78214371830336 180.78229632926605 180.78235595829574 180.7826994763027 180.781835307027 180.78157494794186 180.78146787546257 180.7829062687092 180.7816126404664 180.78162430917428 180.7818867141168 180.78204470685614 180.7841494266172 180.78180091646163 180.78141955859928 180.78228344188437 180.78143839854965 180.7831514755203 180.78169255184594 180.7816683744304 180.78264514034436 180.78259383452223
180.78127196108653 180.7812717398342 180.78127500893243 180.78127329725112 180.78127193787032 180.7812718787859 180.7812717049983 180.78127190380246 180.78127198068069 180.78127176323687 180.7812721582859 180.7812720208517 180.78127172507038 180.78127177368788 180.78127179810735 180.78127178108434 180.78127201297275 180.7812718004734 180.78127182709522 180.78127186545953 180.7812738422558 180.78127176988255 180.7812717237316 180.78127183507377 180.78127176270846 180.78127288561973 180.7812719286876 180.78127265093235 180.78127256627477 180.78127186764232
180.78127167774664 180.78127167774664 180.781271677748 180.78127167774892 180.7812716777471 180.7812716777471 180.78127167774664 180.78127167774664 180.78127167774664 180.78127167774664 180.7812716777471 180.78127167774755 180.78127167774664 180.7812716777471 180.78127167774664 180.78127167774664 180.78127167774755 180.78127167774664 180.78127167774664 180.78127167774664 180.781271677748 180.78127167774664 180.78127167774664 180.78127167774664 180.78127167774664 180.7812716777471 180.781271677748 180.78127167774664 180.78127167774664 180.78127167774664
180.78127167774664 180.78127167774664 180.78127167774664 180.78127167774664 180.78127167774664 180.78127167774664 180.78127167774664 180.78127167774664 180.78127167774664 180.78127167774664 180.78127167774664 180.78127167774664 180.78127167774664 180.78127167774664 180.78127167774664 180.78127167774664 180.78127167774664 180.78127167774664 180.78127167774664 180.78127167774664 180.78127167774664 180.78127167774664 180.78127167774664 180.78127167774664 180.78127167774664 180.78127167774664 180.78127167774664 180.78127167774664 180.78127167774664 180.78127167774664
180.78127167774664 180.78127167774664 180.78127167774664 180.78127167774664 180.78127167774664 180.78127167774664 180.78127167774664 180.78127167774664 180.78127167774664 180.78127167774664 180.78127167774664 180.78127167774664 180.78127167774664 180.78127167774664 180.78127167774664 180.78127167774664 180.78127167774664 180.78127167774664 180.78127167774664 180.78127167774664 180.78127167774664 180.78127167774664 180.78127167774664 180.78127167774664 180.78127167774664 180.78127167774664 180.78127167774664 180.78127167774664 180.78127167774664 180.78127167774664
180.78127167774664 180.78127167774664 180.78127167774664 180.78127167774664 180.78127167774664 180.78127167774664 180.78127167774664 180.78127167774664 180.78127167774664 180.78127167774664 180.78127167774664 180.78127167774664 180.78127167774664 180.78127167774664 180.78127167774664 180.78127167774664 180.78127167774664 180.78127167774664 180.78127167774664 180.78127167774664 180.78127167774664 180.78127167774664 180.78127167774664 180.78127167774664 180.78127167774664 180.78127167774664 180.78127167774664 180.78127167774664 180.78127167774664 180.78127167774664
1000000.0 1000000.0 1000000.0 1000000.0 1000000.0 1000000.0 1000000.0 1000000.0 1000000.0 1000000.0 1000000.0 1000000.0 1000000.0 1000000.0 1000000.0 1000000.0 1000000.0 1000000.0 1000000.0 1000000.0 1000000.0 1000000.0 1000000.0 1000000.0 1000000.0 1000000.0 1000000.0 1000000.0 1000000.0 1000000.0
