310.8331295545486 267.17388599045444 289.5359415595692 324.8857647885234 301.19112390863984 286.64148401867624 328.84077912123485 192.20908199319615 313.00415529842894 281.12100694315814 293.3568703180267 297.3590573953268 303.02040596843335 330.0273294420117 323.1630788114055 277.1482528548247 269.23011501052065 335.03249290962685 279.9597620606921 310.8982424923736 324.1717230017275 269.22761915799447 284.47831127003974 324.59433373279967 273.7522777282609 335.5110940721029 269.3749582283979 295.0235659755094 299.32801875353107 336.6053446267897
310.8331295545486 241.60178181349602 289.5359415595692 317.69747767025547 279.5930209545661 286.64148401867624 270.6002664491748 192.20908199319615 265.0059423082171 281.12100694315814 281.63795015743244 293.50202351963617 264.3858333202163 305.95474902781734 323.1630788114055 277.1482528548247 269.23011501052065 330.6950933388657 279.9597620606921 278.14699339721824 295.4816466024961 269.22761915799447 254.0150413951294 279.7889462056489 273.7522777282609 283.0609893351407 269.3749582283979 295.0235659755094 299.32801875353107 303.2530226923859
283.92920089091945 241.60178181349602 260.45717523004896 269.8123308261065 274.5866616343153 286.64148401867624 270.6002664491748 192.20908199319615 265.0059423082171 248.82996493364112 259.4434319319612 277.0908612770013 264.3858333202163 289.89582268756044 301.7638219594023 266.1804064395351 269.23011501052065 254.43016355852183 244.26760106849838 226.20273603240435 290.046962559941 269.22761915799447 254.0150413951294 244.58211209137517 245.90587448077213 274.9115552447902 269.3749582283979 280.354895950491 285.69894643944554 295.728004407202
269.6360719451841 223.6800884795441 189.12272556586174 212.27625363831635 239.43115497676763 258.8613732108729 257.0994117258592 192.20908199319615 265.0059423082171 248.82996493364112 194.12940041613354 237.73442866349205 244.19776424553083 276.6378640855878 259.4992017749387 258.3928210722686 230.52904273082868 253.4560190625998 187.0673659952896 218.33916483569703 256.83367066771643 238.949002532926 254.0150413951294 214.27582806398027 245.90587448077213 251.93565094678752 253.37021117108543 247.81386478455283 242.7208310081512 251.51489541244155
231.98613724975962 222.2365363279514 184.41817886758622 205.82375174652157 228.71412199741144 222.2589310102053 220.91643333496836 192.20908199319615 223.36762109756216 223.32927757628397 194.12940041613354 219.79807345113966 244.19776424553083 246.19630843351592 248.45825990824255 224.7356211479041 230.52904273082868 253.4560190625998 187.0673659952896 216.31642571433508 217.40476246683556 238.949002532926 189.44510262884955 214.27582806398027 242.06275889174367 217.1502368428845 206.07691073896922 230.33758896615905 239.7587529127095 173.02028709047158
184.16927613519135 201.55524561036384 184.41817886758622 194.00814135221924 188.44865621902693 205.66677039768854 206.99692467179818 184.00249355944686 168.67974206213034 199.72014427102067 194.12940041613354 182.21362476810157 214.7644315992702 218.28842243056613 186.64377857117165 179.25239749183868 200.94118426893124 188.04868458059934 187.0673659952896 181.74428395663585 193.39892677607952 198.1757927248193 188.34164515609177 174.3693852303578 215.75912689840504 187.60587177163916 180.38645720724355 181.2839089596174 184.3787561691654 170.31122294063255
162.66742361752927 178.5116143707378 168.56822078743994 169.1507004913334 188.44865621902693 183.60014514378054 165.37226819209923 153.5186927857619 168.67974206213034 147.8775049919136 154.2142684452425 182.21362476810157 150.91416901820537 166.72330315384295 158.6864410821836 177.04282127838098 156.76245918715267 169.12982873252156 173.11272957651772 178.62006183466406 153.7701121689372 174.17665309205006 132.24599567465862 174.3693852303578 155.09393736212928 153.7207661409784 175.686014615594 155.67945670850247 183.50413609949464 170.31122294063255
145.04582359326173 178.5116143707378 144.27224675920593 163.76696171909964 148.22499314167658 177.46167747560048 159.55387212878895 146.4202266219894 151.54922621312255 147.8775049919136 154.16886545051852 138.9317677149769 143.35389140804978 147.23118477045477 136.91836192682297 160.18888432708457 152.8899951364857 146.46274544518053 173.11272957651772 168.73987237631297 129.13354910835778 164.75659804412203 127.7785503115499 146.79411668954322 151.57066417774422 153.7207661409784 150.70740660968363 140.24614227853203 152.77308573603102 153.9564078103282
138.2086661231109 147.03792854632468 131.03214119989764 138.10691084144696 97.76392552993252 155.28370881922933 143.52402663284158 146.4202266219894 126.27197331053162 115.24206461646293 125.76842838405844 131.64324234619176 113.63278182343026 135.74001340395012 130.93160149041557 151.4059823821858 136.5381387902978 127.93136571895718 139.15449875157174 133.21724534479267 124.31183285722909 154.3932171117982 114.42188106312699 144.48853342739733 148.96501833510808 141.28582767407045 103.2858019626126 140.0773680349215 112.90600588926827 140.63691017219594
118.39630157469367 114.11119705782994 117.45403904715783 110.01111030524032 95.75675160793378 137.32517115427947 106.43952542667057 113.59467218479779 114.01283956419559 94.81072693677629 112.7328034406404 114.74653976494528 113.63278182343026 116.73428893225048 102.85070217268526 135.31769793026683 103.10588334460078 105.11919673302953 132.479214141267 112.75074533135717 100.27295196215664 109.90672091377871 110.6705027085278 112.17576732109626 118.62823379848021 131.3172402339036 97.41980826600638 126.03673671548677 110.66228643240424 101.7604798913992
88.87854332469738 106.21290564138303 99.8181790569297 84.9397662598733 80.87167563323032 114.78510245235043 95.05915704389054 100.57084510234836 89.79529874649552 88.2726865005701 90.38435760015454 78.35636298761801 96.5751123787694 79.53953621500125 79.02218821275096 89.61069259829617 78.19978247685765 92.14144213054124 95.02783061233731 93.59737436265209 88.48174346739336 79.92014822998135 94.39264320170378 98.63789233756529 79.81258377475478 98.59141157412216 90.80973135661293 95.78776684533977 97.95071361686121 94.47306963343465
67.61450944949956 99.7954483442287 81.5957174914297 58.36793739838936 57.67760089107799 85.99309784340187 64.95055520536721 66.43448955083136 83.94756365254398 69.53977809080232 64.43996835089558 63.8463783364507 73.86247090157758 75.46464641088733 67.03957171860452 77.68894556110149 72.15201007461894 69.8341962240819 77.05547939379267 82.51901660358055 74.83979376400771 69.15258466732337 56.43580553677589 73.84183994707234 65.59643992367 79.89697450021356 72.63953643858281 76.74753086521798 83.15686632293625 75.88682994532485
67.61450944949956 71.35442049597816 53.55839750930363 43.04259990822595 48.922207592751306 74.09470956536029 62.26436178874326 50.05724683041444 49.30618066765976 56.41650038381363 57.68000169225206 56.31655120078017 57.96996017227434 56.6019927310291 47.29631924719126 70.62928990195837 67.01644820954857 47.75352140280063 68.99556465813112 63.74403253106743 50.47704742195265 65.39305203368815 39.35505494943084 68.43793613877858 53.68885772373096 66.20476964749139 49.578076763023205 50.09703137012252 57.00199097651273 54.376181467750484
49.263954100767364 60.92399880295477 25.93493355344515 36.467019071427785 43.8866604700296 61.55239224987838 41.75111487824677 46.125904416851654 39.907517138601406 40.928618487645394 34.39076571083456 45.53486527026257 40.60101846687678 45.01458823398775 42.68862070559919 53.38306791987145 50.95422319272541 40.931360827363164 48.947792170342495 43.5578341237042 46.20044703310316 51.71925277411947 32.510585097790795 53.52348261962186 37.66309020426854 47.46311453480757 40.164154225431275 37.928606882584404 35.38854306623546 33.40981492637809
36.85439503253656 46.123763830078815 23.302342121283345 31.88865090220088 26.855347771050106 55.27279855674169 33.08949146221278 40.02689034980631 33.08895903255086 34.690016277768564 27.65942184132325 37.61757239151416 32.11591340349264 32.79017523843845 24.71557543678 44.573213464731566 43.95855910671639 29.180481708977823 34.49958009302418 36.05865886784238 27.846239270692536 47.16379772801747 26.242069188425262 44.994455182742854 31.840868750058462 39.47562088021357 37.78067266125811 35.5654284239406 31.172717575309775 23.425336245985818
30.87898287007863 41.317372513267856 20.447358405755836 29.636246203258793 19.42628495716906 46.799813696710885 30.722497356904228 30.225991718749924 24.22433923973665 29.564758040401898 24.649803910129208 34.2717869861732 28.326814349574875 28.225047899251763 23.918935941675613 32.82183468851383 41.01657183971213 25.96969916076671 30.12099003619403 32.096652138687205 25.609499424369687 40.56167497438014 23.99965696077527 37.20652965518741 29.9379392877305 35.4915513880394 33.40846510710571 32.630266363841315 27.655708095036744 21.58111779036858
1000000.0 1000000.0 1000000.0 1000000.0 1000000.0 1000000.0 1000000.0 1000000.0 1000000.0 1000000.0 1000000.0 1000000.0 1000000.0 1000000.0 1000000.0 1000000.0 1000000.0 1000000.0 1000000.0 1000000.0 1000000.0 1000000.0 1000000.0 1000000.0 1000000.0 1000000.0 1000000.0 1000000.0 1000000.0 1000000.0
