72801602.5207378 3489086.087832263 1022184.8207708349 190190.35904519333 227108184.2814583 118028.63900235468 353126.3975642825 48669398.37145319 316143.107622145 216286.374146657 69220.86617861161 168943676.9030781 236605.70275270357 5138086.288072144 13964924.28409312 394986.26931619743 3883816.8896691594 188929.7060382694 29925142.887801353 1148504.420397636 446220.860835404 4041251.7077324437 359629414.0455889 247485875.55143434 94281.02950880973 2632701.9944455763 139768.56537157547 1320087.613430942 172632.7904777104 75094.95239289392
141358.42176094052 110728.25263281124 1022184.8207708349 180902.90913527808 103598.89294276385 118028.63900235468 353126.3975642825 1142586.8726887424 71248.40965905457 216286.374146657 69220.86617861161 17015594.90670916 236605.70275270357 167725.01167537065 88455.87569481343 394986.26931619743 227883.50093963172 188929.7060382694 75605.73213503731 174351.0089714752 124425.964043502 4041251.7077324437 849444.143987094 5860723.505219394 94281.02950880973 226956.64715101907 139768.56537157547 69359.48283110908 89639.90761845381 75094.95239289392
121681.31513780958 95348.51038723282 62377.407406961356 116321.30087473338 97797.40271086818 77100.08453342607 65743.44948336875 124493.14228646872 71248.40965905457 104872.41636857812 63165.97783722298 84652.34447693509 56267.02041642828 86574.9202837601 75897.45048820402 87013.43572217318 89270.39523129947 99699.50034845795 72942.26620090088 58152.44555125157 64790.408392589154 107806.45859133068 84323.2489625796 90497.80628618682 94281.02950880973 226956.64715101907 93935.41749056873 69359.48283110908 85534.84930124665 75094.95239289392
78090.1359785764 95348.51038723282 62377.407406961356 70778.21809223958 86616.55417188458 46449.069548287145 65743.44948336875 73903.89236818395 52607.57431269056 88095.41558659951 63165.97783722298 82771.67725532634 56267.02041642828 86574.9202837601 75897.45048820402 70388.64343163368 82089.93252082974 99377.49669649723 72942.26620090088 58152.44555125157 52892.1758622455 63445.20658788197 84323.2489625796 80769.33459851368 86137.33093177412 95914.3298760423 86848.74562048675 69359.48283110908 85534.84930124665 48502.977457460285
75140.26868780152 83062.39410941268 62377.407406961356 52596.715588790365 70445.15780260305 46449.069548287145 65743.44948336875 34625.203854041785 52607.57431269056 39692.314693213804 63165.97783722298 82771.67725532634 56267.02041642828 73487.89265377155 75897.45048820402 58201.835069975175 58054.45698937158 78019.61574792855 72942.26620090088 58152.44555125157 52892.1758622455 63445.20658788197 55845.83569596099 80769.33459851368 86137.33093177412 71980.34597404307 86848.74562048675 69359.48283110908 77157.27404496426 48502.977457460285
53084.633070982774 83062.39410941268 62377.407406961356 45375.179945997545 60584.0942299011 46137.819904998454 65743.44948336875 34625.203854041785 33622.47765145264 39692.314693213804 63165.97783722298 65228.84885376928 56267.02041642828 73487.89265377155 73073.42709982036 58201.835069975175 47257.20192612674 46375.651839535894 45126.466825373434 49909.25010086432 52892.1758622455 63445.20658788197 55845.83569596099 75357.15341442503 68741.8847241566 71980.34597404307 67012.47950210827 69359.48283110908 75120.1440466756 48502.977457460285
53084.633070982774 62276.71785549842 62377.407406961356 45375.179945997545 42143.09503755576 46137.819904998454 65743.44948336875 34625.203854041785 33622.47765145264 37887.7032870053 56531.62735647923 65228.84885376928 40499.568363344115 67391.44621733332 66096.99994898983 58201.835069975175 47257.20192612674 46375.651839535894 45126.466825373434 49909.25010086432 42044.18262295201 63445.20658788197 46233.570191627936 66750.9189981975 62644.06802234847 70831.1742894274 62778.6309173782 67272.77937150808 69623.59186244824 48502.977457460285
37810.84419553896 62276.71785549842 56148.83243164415 45375.179945997545 42143.09503755576 46137.819904998454 65743.44948336875 34625.203854041785 33622.47765145264 37887.7032870053 51554.634097702685 65228.84885376928 40499.568363344115 67391.44621733332 56602.233590391654 58201.835069975175 47257.20192612674 40347.58145918974 43504.748863764704 44432.716512374536 42044.18262295201 43235.80468265479 45421.45992615028 57634.827708307785 62644.06802234847 69336.09514773807 56363.58495963647 57424.59121310516 69623.59186244824 47843.7581742512
37810.84419553896 49028.718460193915 47413.48878939875 43538.598508262054 41569.90266358546 43058.22237888905 56098.557042844004 26554.34725136169 33618.53862910505 36780.834384301976 50534.504231568244 60980.3932633174 40499.568363344115 47332.015589964285 54372.37113142108 55427.35113569724 47257.20192612674 39854.828246269 43504.748863764704 44432.716512374536 42044.18262295201 38313.48613954573 35818.54160046068 46373.730143847024 52300.09334840948 46045.98527183559 56363.58495963647 51646.27818160839 69623.59186244824 47843.7581742512
29115.848655626756 44572.87677576992 46719.4220660527 42928.72551255192 32807.53111380674 42960.71629309027 28311.545825788384 23962.75384845738 33604.912858662276 36594.839419552365 45674.530599989215 55127.44841423283 39045.23947874381 31085.86758765 54361.8638423702 45633.199607892086 38925.04251355299 39854.828246269 41922.321902863216 44432.716512374536 38616.57254982875 36386.882518071936 32107.41718412546 46373.730143847024 52300.09334840948 36001.00423280222 42996.0447712513 38227.41922756764 52251.205168955574 47843.7581742512
28235.03824201665 31337.07529498642 34766.64816482431 32170.71362005263 32807.53111380674 35665.636819044834 28235.629861493977 23935.30136576786 28161.347738508848 32228.66823361499 38058.182964024425 35766.690662008215 36237.93630919363 24980.277160231188 36100.475476408654 32189.88658177004 33554.62320758251 30677.365388437665 33016.80934676233 28043.495189618137 37024.57528588334 33437.10274773522 32107.41718412546 33877.94612889688 44229.21808790673 29972.40421967516 33484.73710648156 31944.91703536265 49138.26936793609 34261.54168292321
28174.917626186954 26201.928071540333 26112.974602739912 22460.082446676206 25187.17924164329 30471.683631003045 24281.475033820614 11213.377407454254 23111.309861251262 31819.459716137135 23770.436602723654 29347.537749282725 24600.459845616388 24457.10538106945 19786.75177076771 19510.41324596359 22839.88797116077 22136.09258036874 31036.4748327969 17075.165367002694 24456.49571873979 27582.935625985567 24703.39197200799 25374.156107826064 34705.61724406792 20461.071407333606 21972.053871541433 18562.833820023738 27466.01891849281 26994.83144877101
16786.01676035745 13096.479911978273 10316.525557397028 8487.830985732626 8926.232927557407 19203.676345197277 10662.070965533514 11126.124601206016 11723.624907284528 10232.583734421087 10023.024209153931 12793.878151200975 9482.69263970492 11453.409757660222 10872.537072532305 17201.91997968404 11345.451697148646 12264.461199668483 11131.823663099267 7944.887111769251 12593.726812583098 14774.368807313862 12906.398717610862 11951.29508372434 13856.7457351672 18040.97660307714 14133.43195371695 11105.38462355881 8853.401633707634 6691.4825052843125
4270.112971155167 4218.707294550777 3220.357932134201 3416.0433529800202 3622.7024458006144 4886.078495718659 3487.0701830460284 4094.220819617797 3192.914842687352 3671.694367800023 2565.017782308443 3982.9085261318432 1930.1998587093672 4669.754037671127 4518.466058585621 2592.2926154109196 3165.353691137511 4582.002845895079 3613.9844034378702 3185.040025526578 4814.348327978512 4683.6119576001465 2921.3194565714402 3405.1810048487687 4063.163301743095 3314.019918886647 4366.952390391482 4003.849822331832 4132.511560216111 3975.8007432588884
220.1851728679759 111.36072716722924 71.40006095138364 83.59303441367575 167.37312649426786 302.4480967513434 115.81231912716055 165.12650822252385 200.71961908880405 184.97494852615847 136.00246261263874 289.09216840310864 154.9498722444763 291.9110774634901 147.99103403923732 230.25492978074374 55.719621492839394 237.59034669516564 186.27014456535892 148.6676483478704 143.8026926082698 245.97929725800964 185.37565658474603 164.29308630794287 203.24726355842665 166.7639996787716 227.45343186434047 246.54117427603478 231.27937714362668 213.48734781455505
4.449843800102826e-07 2.738024136306194e-06 3.2189558965001197e-06 2.0679698309322703e-06 1.6419467101513874e-06 0.00014266790697092802 3.0138011197777814e-07 8.900208456452674e-06 3.3210111723747104e-05 0.00011014973244982684 4.979114635261794e-06 1.4756254131498281e-05 2.5725445880198095e-06 7.984492356172268e-06 2.2284757505985908e-07 6.44339685891282e-05 2.600280026854307e-07 8.629376452518045e-06 1.8034551658274722e-05 7.626491424161941e-06 1.3400596799328923e-05 0.00012951256286442003 3.862316702907265e-06 0.00012583896784690296 1.961216128165688e-06 2.0178308034246584e-05 1.089273570187288e-05 2.072413707310261e-05 0.002141258581332295 2.2320567438782746e-05
1000000.0 1000000.0 1000000.0 1000000.0 1000000.0 1000000.0 1000000.0 1000000.0 1000000.0 1000000.0 1000000.0 1000000.0 1000000.0 1000000.0 1000000.0 1000000.0 1000000.0 1000000.0 1000000.0 1000000.0 1000000.0 1000000.0 1000000.0 1000000.0 1000000.0 1000000.0 1000000.0 1000000.0 1000000.0 1000000.0
