11979.56099738261 13879.518123652522 16527.55986088449 10347.25091077745 15353.467719404929 8296.608108680304 15834.848834996934 10789.608742450966 10782.628976951808 9071.175927728544 14217.303799545643 13757.145109888694 12869.703385776524 11953.625573900432 17358.21885486069 13324.009274242508 12119.564454458607 13921.611899698486 10587.689515076894 7457.19487818346 17189.82801200485 12291.179902396332 9665.055024503483 13289.652174855666 15126.86106099286 7727.206847677484 7235.219267248494 11880.73326288728 8855.743453601342 11878.027632962201
11979.56099738261 11727.606931853818 12470.579564981515 10347.25091077745 14389.214713173933 8296.608108680304 12861.92287412104 10789.608742450966 10782.628976951808 9071.175927728544 14217.303799545643 11395.844008194053 10342.116591248576 11505.283270040612 11157.703564457392 13049.338336193738 10684.828995675482 8937.357296537664 10587.689515076894 7457.19487818346 14628.155018876936 9858.713943167779 9665.055024503483 10049.596887099291 10545.597057663324 7727.206847677484 7235.219267248494 11356.865849820948 7823.688512507593 10493.301407619505
11589.137029411597 11727.606931853818 6048.148256441544 7383.836561037115 13900.916830246597 8296.608108680304 10486.691681949926 8078.441038758014 10782.628976951808 9071.175927728544 7290.659848965848 11122.280416902313 8844.083549121899 11505.283270040612 8871.06844969263 11678.673420610045 10006.902011740278 8006.185835206132 8385.634515331865 7457.19487818346 9742.952780919739 9858.713943167779 9665.055024503483 7018.657116571636 6507.463813443467 7727.206847677484 7235.219267248494 11356.865849820948 6865.670183023518 10372.838619423983
7855.929552347916 10255.340446118324 6048.148256441544 7264.111367931814 10397.617171509775 7893.388017225221 9867.69418526357 8078.441038758014 10148.612104698186 9071.175927728544 5876.479211756934 8359.963872347487 8844.083549121899 9829.005451291338 8871.06844969263 11678.673420610045 9089.620883367912 8006.185835206132 8385.634515331865 7199.492976468428 9742.952780919739 9858.713943167779 8256.975001332976 7018.657116571636 5704.721856278726 7727.206847677484 7235.219267248494 7715.259965039611 6865.670183023518 4355.154983920088
7855.929552347916 7331.885151742892 6048.148256441544 7264.111367931814 10397.617171509775 5199.350983791803 7842.215905835252 7772.0956299937625 7296.721120592056 8366.304216818724 5876.479211756934 5762.123691849409 3865.811932407736 8411.862600599337 7165.75626223422 8863.76107147718 7554.780312856088 5921.672765020955 6848.15471646262 6281.864710783864 8361.653336633311 8736.173403787438 5864.98779943155 6733.631056115841 5601.033134774924 7727.206847677484 6989.258312326201 4642.785301306523 5762.500659824047 4355.154983920088
6332.861296093591 5888.722560931897 6048.148256441544 5802.416910337209 6641.174254803519 5199.350983791803 6217.9210652543 6419.029655806551 5277.465740020741 5330.796505265571 4450.723561110877 4926.421483838231 3663.586192344119 5657.734260963308 4337.035430889163 6224.21920687336 4530.075660739443 5422.378669116754 5225.416124911972 3661.7751451156437 7877.941547469207 6336.677495287154 5864.98779943155 5396.804949987764 5601.033134774924 7053.152044124732 6744.617944276242 4642.785301306523 4859.758642680216 4355.154983920088
3647.3220620861903 1961.750460155391 3572.0101194945737 4125.936282130124 4671.0965125227185 3470.077580786923 4464.2207183967685 3868.5928935693737 3356.546811391455 4120.545263317574 2732.608369815806 3875.255453540789 3049.8338340585215 3194.762685115653 3455.8653347981126 3433.9511253920227 2998.1819437663094 4402.88972467064 4587.385523556745 3661.7751451156437 3150.041159624402 5006.788282176625 4141.722870865233 3584.9550603902426 4033.4742573863878 4830.427610762664 5072.2689164064 3743.613650999637 4752.36283732329 3945.6671275448834
2441.5542190553647 1961.750460155391 2864.595628650316 3845.0208420762574 2549.0848281203835 2260.7189605074063 1994.3151959559855 2829.3790005236065 2202.387891097107 2652.411509963588 2406.0422347386034 1332.5159239968243 2932.1539712863705 2484.20751230292 1810.538561748629 2224.115988928618 1951.0942357751755 2731.5615140653135 2763.0010667564097 2639.95015292591 2527.563635810093 3335.1215389265235 2661.0254611828686 2498.7273769084627 3004.539192223179 2525.7679735884553 2611.956310225118 2755.263301553759 3824.0143481777104 2850.55816262019
1468.0222107108493 1510.2726769074038 1288.9495735772148 857.1088254463821 1423.2223839723429 1783.6091141357647 1606.4454355772605 1625.4726353106698 1946.0242659503533 1087.518199815714 1078.3519892204522 1332.5159239968243 1593.9214504293877 1307.380939313024 959.3931547084383 1006.526287664472 1084.9540498423846 1717.6564555838527 1388.5927427373636 891.6454877469955 1806.5797143515456 2130.6769925362505 1779.4819670334186 1061.1741219381872 1420.355909301115 1248.032110500677 1737.462174826232 1220.0816552274732 1552.4298038985671 1547.351486675057
752.4158601855845 598.0273185231326 403.14775328946257 683.4350622061597 745.3608962775627 803.0576590025307 684.8350410517301 625.2333429376613 561.8159616931507 681.8770116285616 734.843013407512 1189.678128237585 217.07862364819903 514.0962745782685 441.97764120553506 487.75693091346216 728.8460067579472 700.0731377002803 707.8574531934721 369.28383983351114 440.0666067052655 683.3940269671921 876.3954058531622 379.66621311975723 666.5746632183034 253.89442100386168 741.8185504801836 887.2262527156945 1166.9370674950974 513.042619959572
194.29069649506073 202.18454331497833 259.682422978472 324.0095375839212 399.8231977383425 343.25119690833935 337.4512900614202 247.98869986634963 130.3080576772652 237.94723927331734 240.95794693607036 626.394749510248 110.5101339946408 282.89096652543867 191.3456036519858 225.22176031537583 64.88635924454888 401.411012405973 447.60727683051846 132.7661691435078 159.45733705874113 392.229214050531 301.2343600765696 120.27486352977382 210.40970455014735 244.1356103333087 231.80895755783877 454.5311539998877 446.3213522924643 138.53416419981477
35.37949087093989 22.48847776060461 68.04886707235937 76.10725001116452 15.73430466804166 117.93012973498435 51.08931332249051 43.57797793286852 77.71821774662249 35.35826246301258 84.05273315994032 82.87128638891102 21.505026985186532 78.24538074524526 34.379118550828366 78.3174831286907 43.83987549980827 95.31605117409413 97.09271526330417 25.606875145022514 38.40148492228229 115.81165205973718 50.34695157772444 67.83128690549961 32.45684194929913 46.46463363393468 65.05416628696844 41.798247088379185 48.89156410357634 54.833918791541805
10.100716162138042 3.438956987166648 8.87624024237175 4.553591463245766 2.8079146410209432 23.791160219038943 4.904420189635289 5.4692449780002335 14.55549811513697 5.420322244255317 22.15585290733941 6.188210047243388 5.108859558706058 10.641982948698796 6.483112349164799 12.716529954832254 4.921573655485872 11.048322187413987 10.887091020695948 11.408017033138208 15.780752895500427 23.00123318047713 4.774599310536814 7.558796656369054 5.372637797453535 16.15123311697937 8.347278334110115 10.213547321841816 9.981196100297325 12.318886159842805
4.090689726035066 1.8678999053234975 3.436117893347955 0.9760345689385304 1.9625665412277158 1.4885420971289705 1.1119154281172996 2.436923150783514 1.6143004606047953 1.1004362320011296 2.4801906454467826 1.1737103301167053 1.1776810579980292 2.7677719392688687 0.9796912791904333 9.295440809946285 1.575415219785782 4.5282232337968935 5.378071956061149 1.39235698955099 3.384968004607458 9.559478621595872 3.089726131999555 3.656933962256062 1.3028253887903247 11.965971362277742 3.5760712224395093 4.316893708030875 7.28844124984812 7.148787758186472
1.653379027036749 0.7010477417068159 1.0706038061350682 0.31470429533271727 1.1703867207183976 0.5257940630264102 0.8151038351618354 2.123630946232538 0.3722490700065464 0.48778991218603096 1.533045693106601 0.3213115719607913 0.37030597561965806 1.6428933336064802 0.6942385109857696 7.893765472441146 0.2022362994038076 0.8976357380929585 3.587434714612641 1.2732706364364503 1.554790858546994 8.334252610312092 1.1255678628575652 3.3236500670204805 1.1670393554592238 3.7607142106471656 1.0598409765875658 1.306592144337742 4.366303713087973 4.348855840772217
1.4517825828861533 0.3534234794619806 0.8117903181458814 0.10539784699858501 0.9240712622872707 0.14072933680870392 0.6592666836797889 1.3370833273291964 0.005690981757084046 0.00032389703324042785 1.3857991053778278 0.10611349950988824 0.027382776168678902 1.2529202839590425 0.15745202848347617 3.310356346755384 0.022197186128664725 0.5913634408241251 1.3334005043645902 0.970285753730991 0.943716889133043 3.8565152518202694 0.43534134388232815 3.050656618735502 0.6626459752544633 1.8943504152374544 0.3769735016934419 0.6747152735437112 3.6260363601132894 2.90283162614719
1000000.0 1000000.0 1000000.0 1000000.0 1000000.0 1000000.0 1000000.0 1000000.0 1000000.0 1000000.0 1000000.0 1000000.0 1000000.0 1000000.0 1000000.0 1000000.0 1000000.0 1000000.0 1000000.0 1000000.0 1000000.0 1000000.0 1000000.0 1000000.0 1000000.0 1000000.0 1000000.0 1000000.0 1000000.0 1000000.0
