356.5464673336119 440.00829062864113 491.73193549145526 485.0495322580832 460.63122347609396 391.8170054683187 487.0374779151098 526.4737014733846 621.9008920907413 363.29214806734353 336.37353922222655 474.76492431105 322.2409435255054 227.92211867424794 452.7465823012567 603.6372788775047 434.35273357465303 641.8831091779748 258.1339268197148 590.564425263246 611.3549430423209 349.6288273549758 649.121592383316 522.5000340143602 628.5837053319001 670.2820774394554 573.9515652185373 334.7229882944566 437.4393574509804 626.6296721535841
351.167124965883 388.7915175986818 337.32253125952684 354.85831567873174 451.4193528220653 391.8170054683187 467.8494333650615 314.9405563781479 424.9629895196422 363.29214806734353 336.37353922222655 360.1810723580488 306.21899618722273 227.92211867424794 384.6485228307629 603.6372788775047 424.5979063777022 522.9494275164889 258.1339268197148 590.564425263246 376.6531673745458 280.58184622122826 637.2168359169818 522.5000340143602 546.6206428909932 638.9469819734718 573.9515652185373 334.7229882944566 437.4393574509804 592.5035097747486
305.14980139804175 388.7915175986818 231.3360697117064 332.1499268873613 414.6260621633742 391.8170054683187 356.11524136149956 255.26338929425174 424.9629895196422 335.13438727245784 336.37353922222655 360.1810723580488 283.2765615132994 223.90312052032868 348.0495746478582 450.90365577028433 421.2718685084301 414.05008849893375 258.1339268197148 571.808482121301 275.6341633133975 269.57218010252564 460.27818081579517 282.3150124449812 521.0714763684764 490.43889797111433 200.67453383464954 334.7229882944566 437.4393574509804 573.5760673413783
305.14980139804175 357.62709261012105 231.3360697117064 332.1499268873613 339.1652404067927 391.8170054683187 288.54909515256804 255.26338929425174 314.70370855874125 294.41438793400266 336.37353922222655 360.1810723580488 283.2765615132994 223.90312052032868 333.2988252946002 333.48019106115953 302.16828633189243 414.05008849893375 243.92965269157548 197.6227711846209 255.9560565007764 165.07155611373173 381.17577300625044 271.7744647192758 380.50925457363246 272.46365198585545 191.4244825318924 303.34475536577975 340.7722011044166 462.5654509666015
294.7153648114481 306.09581472819355 197.0628294411299 329.41845752345216 284.30349042424905 256.3793123529699 280.1209924737882 203.60131160510355 261.3351521730033 293.5439481557123 251.0497585116509 339.0062784259326 208.37963596889585 223.90312052032868 215.01377541201873 202.90720893226398 145.81388905535732 265.798894892765 174.4578034390188 197.2916040523255 229.88813996573572 152.46277034323657 343.43045023956756 192.50182683168532 283.6093686096551 263.44987009511124 188.3161372747618 197.75677119600005 227.0128146102229 404.4283748583557
219.8714893949118 178.26365675173383 161.91047835560403 200.75476662495248 167.39397886059623 245.28658030939687 248.9705949788604 203.60131160510355 156.60514775577622 225.48167520251354 130.3310462469526 246.06705398841905 187.00242077889106 166.65602095769918 190.08504221282965 185.25645758883957 145.81388905535732 178.3093695226562 164.7509262145154 174.40540192702065 159.97774694012378 144.28290377284793 178.44242005482647 151.89261103845365 185.08284235232168 224.37835012965797 164.53961269571982 179.88345477708754 213.26009955584823 204.00701783486784
177.6534065941937 148.90280122390686 114.92001281029525 164.07387264830595 130.14927994037907 178.36272640911147 144.3875754947112 168.42899877855052 155.44716371089135 162.38687930386686 100.87737128845265 206.13237386567835 128.36612535923405 123.86036322147493 185.70151645866918 149.13522210824067 145.81388905535732 160.64921253295688 122.96200857807708 119.64255944203296 117.64135811779533 127.29907609769498 138.80503308781908 142.882089152743 167.37090879112066 196.9942258790029 144.86110592555406 152.39020419614326 174.12701041647279 145.21454279720865
155.45021856834137 134.48370718525803 109.26049806397077 101.23503435804696 118.59174823054582 91.33483177002518 113.25657611252427 66.8979142056146 140.5012070085154 127.12094855175656 73.05852721687461 135.74018741946838 75.91472374745626 105.65795312969021 128.88388976817214 141.86955548262904 99.20384143179854 136.05524426548163 71.6095138955261 119.64255944203296 85.68985719773355 114.50509394922437 111.66540362821024 109.28981508188053 106.72322838641912 131.96080834129862 88.57898107016217 107.2794594570214 111.39978109516869 114.85922598680509
87.171825943562 116.61062303456765 92.46836404020905 79.06879197075295 67.70294579813208 62.669076187084556 83.19294493279358 66.8979142056146 72.28881829805869 80.3065267739189 69.47352000224873 89.77878904283943 56.76038278254691 74.30635478356908 88.27864666761161 106.52517992151252 68.80261294489628 89.19488718786943 68.10633502462542 77.76900478497146 67.90413361303172 57.6035740149664 72.99271579095921 82.94575358448992 72.97368670024753 104.73329800805504 73.80033333993015 68.42841337231721 98.51056620074769 79.83927344659742
60.48332919960876 66.49009401807007 56.373954620188215 60.19986345610141 46.4898752710958 42.30289278413511 50.86391199158652 59.8372445291493 69.31653429560401 69.62522237174653 51.60486436824294 40.19979457233376 51.06636319812742 55.70255072262671 60.88927128605428 80.25657394212249 52.85867396592903 74.14294857183995 44.92560828948126 57.123404827039394 55.46911946880755 46.73662558510114 60.0693555518983 70.73543800223342 67.21382285874733 67.23106634315036 63.93845154646078 53.59570987811912 53.99611352125339 66.1839251579936
43.26963719491596 42.60598446160384 45.842716569191 38.303488797754426 35.000196768515025 33.33489500957671 32.65079687796538 50.2053246672217 60.73780475621197 42.85349612990399 32.00731036626439 35.75290409453896 35.82402749668131 38.32906258166213 47.99044152527563 45.89493458828065 41.919568191228564 52.69436399992355 37.711856659768046 45.581499584155836 34.62266562849618 39.79586903607151 40.30704679159453 51.8781305612747 54.119671491241206 45.77315166076005 47.52324513712256 48.56343859395611 50.24586285596388 54.472787108673856
34.58180868719137 35.09010226816281 39.28437254808637 28.033603723886472 32.27293818085809 31.284989537699175 30.29827736764946 34.43563122311389 45.074152888036224 41.66199948591611 30.56723305483456 34.1570686539103 27.605481775232874 25.767977317016857 34.2818716773113 39.39509654570702 31.00435047550809 31.574645268307677 30.632301490616555 33.45018413244429 30.204551492666496 39.235354049600346 33.63661127395858 40.0669351302754 38.14652701056684 36.75231124579818 28.75224812193119 40.49429106846674 44.740956333725535 44.9405988744561
32.91844124289855 28.750451809451533 34.54287574773639 26.418624359832393 28.22260198349136 24.619621121777755 27.833061242057056 31.42310160156694 31.31950901772916 31.127305505768845 30.483391432886492 28.35147280614615 26.217632550607277 21.76734796731421 29.254634571179167 38.05995517939823 29.471536473021843 28.3371527268082 27.314910692391095 27.79895788507406 29.013202196539396 34.20589717111989 30.218974458485036 28.139361056505095 29.236285483670144 26.67237927140286 25.759939529602207 27.51848432761153 30.70131731007109 30.22029241243854
25.522976418585813 25.185651444361838 27.197655386447423 26.133791292154683 25.65454651694745 24.591550670289962 26.700948292124394 23.984248840495866 23.51041595663446 27.239215434442258 26.907574014606325 22.572663284743157 23.658146873257238 17.16259099201261 26.98490149581494 29.969772310575536 24.314478560322186 25.54520059273682 24.69555625505859 21.84960513338865 26.71324218037239 30.112871615109498 26.86404776909717 26.22243270939248 25.214523409500543 25.253935311529176 23.299349520326814 24.821042610960603 27.237187228883386 28.424640375316812
15.600899379980547 16.476685151268157 16.8423876322056 25.560267787536077 24.737799282191418 9.025556031031329 22.914186492088675 22.342260309000494 22.132301377595468 22.693406042130846 13.813713705789723 19.14953412976911 22.35578538518189 12.410558386631237 22.85431131650148 24.83818705300473 23.770548188532985 24.478918600666702 23.959304891509873 14.270496718087088 22.804621081209007 25.169833779191777 22.882795887254815 21.756158706224596 22.657585258624977 22.369271115676156 18.464334139451466 21.558401194787166 17.288972520152583 23.630691295513543
13.68551464281154 11.72870042852287 12.911348579241803 24.0121978848872 22.58867252773257 8.352910835881858 17.518897924985595 16.285798822289735 21.242507133210893 17.734145953719235 5.893794938397377 14.69160595312951 21.451312519263865 11.92824985067864 19.8393473096462 21.1459665102293 22.022891102876883 22.596414761069127 23.194557540764208 9.351621497861288 15.688836149006647 22.514497992509177 22.014973303465013 21.474754218692397 14.043326502366654 21.784146217077478 11.466757358794894 7.170152706326917 11.835291906142402 19.143410604159726
1000000.0 1000000.0 1000000.0 1000000.0 1000000.0 1000000.0 1000000.0 1000000.0 1000000.0 1000000.0 1000000.0 1000000.0 1000000.0 1000000.0 1000000.0 1000000.0 1000000.0 1000000.0 1000000.0 1000000.0 1000000.0 1000000.0 1000000.0 1000000.0 1000000.0 1000000.0 1000000.0 1000000.0 1000000.0 1000000.0
