1859.8651364046746 3257.2016659697474 1347.2353402093904 2793.774037450154 2005.6605610306228 1737.075904104784 3107.1552216098708 2867.0348912104064 2577.7122481534993 3791.509653624582 2888.5329135203424 2311.6962435696887 3103.271479930078 1948.083551992574 2312.852569364446 2198.2982778406213 3424.0317819277034 933.4626537866188 2656.528461778379 3649.3074884148755 2825.0380019364115 3278.1792004705494 2807.2403272034985 4021.8215979456254 2812.0263559295945 2322.3617072646575 3449.0232031142714 3351.2242302692666 1344.9676869747018 2983.653198893555
1859.8651364046746 2786.306639337503 1347.2353402093904 2434.626911272883 2005.6605610306228 1737.075904104784 3107.1552216098708 2330.0741302225756 2577.7122481534993 3256.8013351340105 2888.5329135203424 2311.6962435696887 3077.5406570758014 1948.083551992574 1473.6780112169317 2198.2982778406213 2670.389312634383 933.4626537866188 2040.8732764920037 2720.023347169707 2825.0380019364115 1945.0965906216488 2807.2403272034985 3116.9349478323797 2812.0263559295945 2148.0511641446205 2853.968892519314 2727.1654904431875 1344.9676869747018 2983.653198893555
1859.8651364046746 2786.306639337503 1347.2353402093904 2160.896519197704 1995.9274786895703 1643.3637127113998 1558.1077668157286 2330.0741302225756 1178.8637380765185 2857.790417148779 2888.5329135203424 1449.1366757135866 2130.2662083009964 1948.083551992574 1473.6780112169317 2198.2982778406213 2211.401698801227 933.4626537866188 1677.3631677731264 1475.1927967895313 2360.6239931969217 1752.1483777696876 2807.2403272034985 2228.1938948440416 2812.0263559295945 1982.4679143003373 2853.968892519314 2132.934809357085 1344.9676869747018 2938.075602402959
1859.8651364046746 2575.879534805505 1347.2353402093904 2160.896519197704 1293.79171689568 1239.818593378704 1558.1077668157286 2252.956615746956 1178.8637380765185 1907.5806146386894 2888.5329135203424 1449.1366757135866 2130.2662083009964 1948.083551992574 1473.6780112169317 1539.3680561134247 1528.605271071734 933.4626537866188 1340.0544949180075 1475.1927967895313 2360.6239931969217 972.5561336102567 2807.2403272034985 2228.1938948440416 2812.0263559295945 1194.86720006541 2805.263014910534 2132.934809357085 1344.9676869747018 2938.075602402959
1767.4947830956953 796.6025570027193 1233.7134730248335 1405.5827187222358 1259.4373545743865 717.093595777078 989.921858912126 1317.4534869678364 1178.8637380765185 1054.0003660250761 1470.588644644351 664.262455159617 1603.2141318114532 1008.7320665310681 1193.9569334150656 565.8435457362425 974.0490544675699 933.4626537866188 1254.0564063442962 1475.1927967895313 1478.6867393728348 972.5561336102567 1201.986338474393 1966.9780001229983 1551.510969509236 1194.86720006541 2805.263014910534 884.5595277701277 1344.9676869747018 1824.8309135353775
1575.9008189689557 796.6025570027193 1150.737562758411 817.8052505510855 1141.5521119028385 717.093595777078 989.921858912126 1317.4534869678364 1040.547147437116 618.8710417786838 1424.6921649975907 576.0188371275581 1603.2141318114532 561.0201721673386 1193.9569334150656 565.8435457362425 919.7052593451701 649.756848767395 1231.1594505208213 487.5591289262352 1035.8067971736 972.5561336102567 673.3965008898012 997.3380202683218 990.9404281754282 995.5160753265773 1967.5752429955937 884.5595277701277 1344.9676869747018 1522.7943901108847
1408.658100334363 796.6025570027193 357.7029162507938 688.7628054296802 838.9338790779982 687.5900268688583 820.0835874523807 701.4202751151022 757.9963364888449 395.02008980020423 960.0850567065793 576.0188371275581 1031.1396969640919 440.19298224535873 901.1339766199626 546.1951790528074 634.2364766679507 649.756848767395 595.7440129375568 487.5591289262352 853.8814424509437 681.6858880648338 673.3965008898012 997.3380202683218 725.424633167268 519.794463945716 1238.9808339567167 884.5595277701277 641.4477103919924 586.3293378321218
576.5125547503308 674.5240988980008 327.39089995730274 349.1886383230308 618.6288780637658 400.93790558719024 397.49888784476457 262.81222034809934 429.9466142948429 351.02749232005226 586.6468262159792 512.6739962901302 549.8646026197821 311.1692469513232 563.3419603029229 354.0528488966297 557.8907057237361 278.80520252108954 446.5247430942825 399.3558307454516 534.3377743587705 331.7955871515351 369.833480822977 796.1272846003362 341.2118170904189 305.4960935361196 221.34920563615583 562.0360562461287 189.43228669251835 552.4753743100855
329.6284904095346 239.70859888209088 292.94931776342173 51.16281230999232 219.77468332481226 242.51815122307244 119.47463930885908 262.81222034809934 282.8503487888711 161.38625933910043 332.4763799416437 390.8868199184401 414.5652678667584 133.16269226095415 493.24683189483903 109.5055792286928 209.74253847161754 257.4218235746257 446.5247430942825 389.69373680010835 198.7295463652963 174.06214055192936 369.833480822977 348.68886301664384 341.2118170904189 134.60465182196253 221.34920563615583 209.79969306424346 188.7308835098729 551.337298587941
145.541910896859 170.23270548087385 65.08439907818229 51.16281230999232 59.98848507569562 88.03641886873231 95.64372232797814 105.37197952557938 78.80628833760704 137.30511111141277 175.85639683304635 177.47033624591586 216.30346204032753 95.89686405827376 188.09307661085586 87.31727079418647 81.04524610412102 106.9559681450038 151.36495447704965 92.65764715807654 96.45298627461386 151.5489712560459 289.36317739787455 257.1809168906848 57.10075069569575 105.76465950357522 111.11256299333468 143.4344082697885 18.692275307918976 173.31815160477322
65.14512850813765 75.72962823846876 64.42981305697958 40.59912093517141 36.090640399744416 6.444249038682983 32.37505696922017 37.223213430555006 23.93950108070669 43.091999622994194 59.8333185283102 28.291990245820557 42.06198891797658 69.12619483291917 35.79206947929515 41.92176774917141 26.993778873830934 29.94219850355944 45.28629044886236 51.59865307456869 39.9542244634647 70.0992151723774 54.17942982169018 38.46607864991552 17.778536948409396 30.997430693125693 29.462753957762743 41.76212752417928 7.83033012822068 30.861473856849216
11.073138796503486 16.566169202512924 11.517060873154492 9.139323950784728 17.265177321711576 1.8680121787541566 7.074762222845266 10.526163721215084 4.176770073565308 5.7155355986215 11.810787805043674 18.01406959244798 13.24979465336446 3.6433451281494627 15.92294008183012 10.827236994882696 3.986920498523318 14.171179277427086 16.114296223846054 15.832339082737008 6.94706253210677 5.119076173190479 26.391744539468846 13.276969533485499 12.608906064658754 5.713169474827168 11.75994269247849 7.279678943384283 7.142633808815958 14.762304864742077
5.287626505327694 1.1605269840558776 1.8376548500714307 0.9257102545813041 2.1200090367345865 0.3481703843417563 0.49468226848205177 1.9700372227670186 0.9810129458605843 2.9578311772704637 1.4859155599556289 1.2418880408166615 2.002190546561792 0.40413873656780197 1.7198129104076543 1.516137240104399 0.8090642776863888 1.1695792179823457 1.6885168298258577 0.9115487180118862 1.8585847233046024 1.4509156747063798 2.883701457982852 1.1615773163009635 0.8520620244233896 0.34905193297811365 1.992500195762318 2.0935403117118767 1.6745346072952998 1.451807242562154
0.21220166863417944 0.08813460911164839 0.24396042912690064 0.2668527798866762 0.9856144228446055 0.029451881015802428 0.0548637068810649 0.1745314137646119 0.13896531636362397 0.12916491085798043 0.1338307101451619 0.21210863476460418 0.13588138698378316 0.03234881934974965 0.13745012103902354 0.2052903741987393 0.08071319785506148 0.09475303786632594 0.13450710724714554 0.055601375587229995 0.14996571068149933 0.12351163447760882 0.39425843473225086 0.16794011365698225 0.10160371364077037 0.018955038200033414 0.19994984773438773 0.12952403417830283 0.03605807914675552 0.14189279158881618
0.00010892772911574866 2.894413955800701e-05 0.0014857001494874567 0.0005550221247858644 0.037229175123115965 0.0001617519121737132 1.739362267016986e-05 0.006323011310314541 3.476186248008162e-05 0.0007372926398829804 5.678647312379326e-07 0.0005377356158078328 2.6203501306554244e-05 1.1331423820593045e-05 0.00019575176440866926 0.0003120832266176876 0.0009175882166800875 0.004526814532482604 5.502872113538615e-06 2.108248315835226e-05 0.00026173396952344774 0.0001699629993936469 0.011217239459824668 0.00014950392142054625 3.477263635431882e-05 1.7501248521512025e-06 0.003605552642738985 0.0061408813960497355 1.4819612943028915e-05 0.007428624749309165
1e-08 1e-08 1e-08 1e-08 5.09341313090772e-05 1e-08 1e-08 1.5320438251364976e-08 1e-08 1e-08 1e-08 1e-08 1e-08 1e-08 1e-08 1e-08 1e-08 9.689722446637461e-08 1e-08 1e-08 1e-08 1e-08 1e-08 1e-08 1e-08 1e-08 1e-08 1.451758748771681e-06 1e-08 1e-08
165350.0 156600.0 183800.0 172700.0 200000.0 161250.0 154300.0 200000.0 158500.0 185900.0 141450.0 173250.0 158250.0 160750.0 169350.0 171350.0 180500.0 200000.0 143950.0 158450.0 183350.0 170050.0 175150.0 158150.0 169150.0 153050.0 187750.0 200000.0 157400.0 188000.0
