4892.784799075225 6163.77077939087 9468.442680723609 7878.481890049765 7423.722405307053 6661.37406069403 10211.208146648609 5671.124836606627 11705.204783856849 9177.249597244809 6817.383390665766 8186.749667569733 7867.012952873789 7804.422461861423 6589.955640003484 8707.140882259027 6774.777568855801 8914.454861823378 5258.649554591904 3659.114980084291 6192.306856587052 5554.07652670082 11514.108386447988 4657.320976204472 8756.45531028737 10662.423802422203 7966.288043616696 7095.410450983105 5095.596744000734 14650.972339804359
4223.460746500311 4359.884100101414 9468.442680723609 6452.077963447653 4886.109650236828 3607.207370407886 8917.825837110386 4433.685705229253 7642.6189061866135 8464.824225596545 6567.5092610957 8186.749667569733 5722.19019455468 6124.623470013136 4934.891494044913 8707.140882259027 4167.206304639401 7878.635264649725 3816.619008504327 2453.242948102516 6192.306856587052 5554.07652670082 7736.124011913779 4657.320976204472 6320.519763386034 8931.96699898035 7966.288043616696 4540.432719276011 5095.596744000734 5437.921452087237
4223.460746500311 2334.8668694924763 6996.429339570233 6452.077963447653 3916.7848927214027 3322.6283123267326 4841.509711063044 3767.474228384399 4835.85475262777 4924.2678753878645 4241.956207665162 4509.916444760596 4019.3211477165432 4713.777671008072 2128.7707116452298 5803.365424112521 3343.191039501017 2755.4857704597935 3816.619008504327 2453.242948102516 4687.11098080333 4414.6882877532435 6030.698673727652 4368.514480012336 3111.6068264892315 4953.8669066453 5835.07037379452 4540.432719276011 5076.107647650719 3728.780383241651
2712.3112173887826 1934.8669611359282 3024.714532913755 3371.4644841199747 2411.2240403217465 3322.6283123267326 3358.5656819816145 2573.2628218159334 2721.3018309365366 3303.038439108719 2107.578548640101 4509.916444760596 3320.082406539035 3672.61788319903 2128.7707116452298 3816.5754341416496 2830.9657280940482 1661.0987417286133 1750.4666999770952 1671.7932324965627 3475.8025386607424 2450.1393005092755 4303.553764562079 2965.7866865457113 1830.832470809044 1637.2293519195198 2810.5188189413316 2676.9882295457296 2648.450488615543 3113.117039581798
884.1458956121294 967.1284164135418 1971.1047207216839 1686.2941267601373 1465.7568595284893 1073.2368801696045 1733.7026033163675 1377.0110688808657 1866.1253681245644 1257.6235653157883 1668.9764772824715 1584.066379778539 1152.0469089276198 1591.5015079639 1361.432261014866 1372.115866287845 1444.284581491094 1195.6343530632364 1750.4666999770952 1205.8201030273349 761.3449223342682 1367.3472510892411 1633.6583288778986 1730.8339288330462 1084.0358192080555 1229.28801441588 2104.841381638571 2210.498195021383 792.0224406415166 1661.3150041444433
702.7406794332014 681.1423250903827 664.7599862919665 681.2295577669909 479.89670113960415 763.109862423993 630.3837885818516 755.536199040986 660.5385211500693 695.8063845557388 547.3389230478034 559.6532235482731 588.271257383552 478.17877677152296 662.2288242648874 815.8148913340508 731.9143748118458 606.3075814311846 542.7167167839962 562.8636572884469 667.3544667718093 334.3580129046047 735.5723399201638 706.9110948007735 694.5192595533665 883.5112636864596 829.6810168640436 614.6225788062465 364.64134578622225 338.3740623317989
145.59993879719468 200.15353917443827 242.86259326807283 191.29216503158295 215.73697002363383 260.8076677885017 176.21896473101287 258.4678532677974 246.88596472695122 234.7166395283174 227.95197165582908 326.91177938173814 225.1791708859438 229.50800825348108 280.43193229565554 309.0299895156105 303.3966446035022 287.46373093692694 232.02876877174083 238.65856212608355 426.62735281685025 263.4024880093955 304.5723105474626 250.83918853590887 224.3970496643293 299.9326159002536 318.64862250078204 236.2221578892021 145.51012620043957 271.4838432273792
117.6966131437556 93.17650159430326 103.8797553488468 104.10426505171222 101.29300999953637 157.2518781729675 138.51556980738928 139.56755217791408 110.61497075357386 122.70232069151382 122.25446259551916 119.18065342479917 136.16972013291422 93.535593732525 115.20879275825064 117.05778954698326 170.31649044807864 125.46932191962583 119.3344844517934 83.73008802122285 168.26953605053654 124.66048105791788 121.16193692145521 107.16215613455307 110.69136264102235 102.5731475992128 136.12694806349919 132.34541759250646 111.63625902544538 144.59375080324503
70.22009338465239 65.11765032365292 70.18034554352403 65.34424944502825 56.50340542870856 77.79967759089783 77.92338785370748 74.2586215728856 58.067943231057654 68.5553759909264 70.34777999042149 71.39294661285629 73.36955741302 57.522514317491414 77.00299354026777 65.85749373180488 76.58649531849659 77.38345181177556 70.20203058518456 72.32355620432145 84.5453248759245 69.90178274240344 67.71493322436993 66.4580032504054 57.62059092265292 66.62286933382444 77.58584805343253 79.17813741152793 60.28551918371056 61.989767771891536
52.88226527276504 50.69486144565019 49.609921949264276 50.92398690193943 49.2043243890908 52.34522949574216 53.22417081487265 53.68902588460617 49.25957711676057 53.11281783691061 49.61128121426026 52.41333975706408 51.18702844295461 49.428845554780935 57.672231944261 49.45314735368345 55.040719438186954 50.18734468231128 51.88804794451556 51.03648281074669 56.57832123135603 51.762335803454846 50.85093643013647 49.74546453312564 49.241276375704444 52.73824340446248 57.66802037547819 52.961620589956055 50.011402701096586 49.94992838094004
49.22696751325134 49.13239907956836 49.09886587524545 46.14940234244966 49.08709008786781 49.1535737232727 49.2682237849732 49.364068661070974 49.092265676367106 49.344533497316604 49.10017442956638 49.1937986249913 49.153731742016305 49.093276114973094 48.69676214578976 49.09345717871457 49.14658584061675 45.44210335895855 49.15397293803886 49.149820492249034 49.48583862956281 49.188332017135394 45.86467092612952 49.104188382923496 49.090364219561934 49.27993332398063 49.75438682351091 49.130966522581446 49.04796048357548 49.10362818956014
49.09100414719131 49.085938250531 49.08503703968438 45.49172073231853 49.08452462027441 49.08849756107088 49.08983463042313 49.09998884993723 49.084582275295304 49.098705516381074 49.08490325984286 49.088647455185935 49.087508635476524 49.084665436964315 45.81961795143587 49.08461711039581 49.08688020972295 42.866814644604574 49.086554214326384 49.08862877414987 49.104046696279795 49.088146874012864 44.93803465622938 49.084873473256096 49.084544969090985 47.76290393977672 49.109228559513895 49.08535884110728 47.961478800578334 49.084862526997654
49.084627095977794 49.0844836590656 49.084479833053024 45.11305015804277 49.08447902742239 47.81192267281921 49.0845503324727 49.084704539726545 49.084479050326706 49.08507768732227 49.08448040668503 49.084539187400594 49.08453018179546 49.084479451274944 45.008827022817 49.084479155246015 49.08451774653332 41.288303251668765 49.08448771890386 49.084524923921265 46.0845948145672 49.08451316221135 44.89786341988349 49.084479881653635 49.08447901064602 45.587146777576095 49.085424275351215 49.08448660514608 46.5888523463143 49.08447947149358
49.08447927066078 49.08447897955119 49.0844789794823 45.06949947533349 49.08447897948139 46.515611955966676 49.084478993685536 49.08447914099668 49.08447897948139 49.08448064835676 49.08447897950742 45.81851181098267 49.0844790086461 49.084478979484516 44.92855212423808 49.08447897948156 49.084479011372764 37.796718517319164 49.08447897993494 49.084478991395144 45.18848239124168 49.08447898753525 44.895676526863724 49.084478979494065 49.084478979481275 45.361077190765684 49.08448173340719 49.084478979718824 45.798389205792375 49.08447897948241
44.913500709950256 49.08447897948122 49.08447897948122 44.99321638651321 49.08447897948122 46.06782796814571 49.08447897948122 49.08447897948162 49.08447897948122 49.08447897949662 49.08447897948122 38.89306757021973 49.08447897948133 49.08447897948122 44.90948379759112 49.08447897948122 46.596737564816635 35.23433605228183 49.08447897948122 49.08447897948122 45.09566092396267 49.08447897948122 44.89549382128007 49.08447897948122 49.08447897948122 45.0838655855959 49.084478979501284 49.08447897948122 45.42093677991181 49.08447897948122
40.414479381734395 49.08447897948122 49.08447897948122 39.02769141961619 49.08447897948122 45.521579191918875 49.08447897948122 49.08447897948122 49.08447897948122 49.08447897948122 49.08447897948122 28.569944407303126 49.08447897948122 49.08447897948122 44.90516588855763 49.08447897948122 43.6907010601052 34.83836361108712 49.08447897948122 49.08447897948122 44.91328360024016 49.08447897948122 44.895492469601265 49.08447897948122 49.08447897948122 45.06480107757352 49.08447897948122 49.08447897948122 45.316207808709976 49.08447897948122
1000000.0 1000000.0 1000000.0 1000000.0 1000000.0 1000000.0 1000000.0 1000000.0 1000000.0 1000000.0 1000000.0 1000000.0 1000000.0 1000000.0 1000000.0 1000000.0 1000000.0 1000000.0 1000000.0 1000000.0 1000000.0 1000000.0 1000000.0 1000000.0 1000000.0 1000000.0 1000000.0 1000000.0 1000000.0 1000000.0
