117.29099971479877 107.67399108835411 104.8911860194122 125.12951604517275 115.01373238593567 93.50656311277953 112.26425674421796 122.9394643597484 115.027859379995 103.57856045147071 109.98438058853742 111.10567212031356 134.09063085472758 119.64733311607222 116.95097083863357 121.39857143364054 110.91155622812767 111.26731940666627 127.41932028430551 124.00240005714409 93.82584369985773 109.8619490473543 109.05882911307197 126.63699107770651 116.38173033775138 120.30231999735338 108.22907821382864 136.15690422663215 85.2705777511436 98.58053328384233
117.29099971479877 107.67399108835411 101.45510483197722 124.9105718846763 88.24737287261735 93.50656311277953 112.26425674421796 121.57424105429527 114.86515857060908 103.57856045147071 109.98438058853742 108.88119852473267 99.558968097827 119.64733311607222 116.95097083863357 100.66814742935196 110.20151149942308 111.26731940666627 106.01321013454412 124.00240005714409 93.82584369985773 109.8619490473543 109.05882911307197 90.34090644703178 116.38173033775138 117.12562937209896 108.22907821382864 122.27075085725926 85.2705777511436 82.57125698897983
88.42121853727804 107.67399108835411 101.45510483197722 119.19418323962543 88.24737287261735 93.50656311277953 107.93864393329659 118.11991576154935 85.40881754555039 82.6966485748195 109.98438058853742 80.40331695542613 99.558968097827 115.80242412740722 104.4452608213312 91.09322810513697 110.20151149942308 92.2313363394619 96.89713163671672 105.40789829167852 93.82584369985773 105.91150783698276 98.9552528392694 90.34090644703178 104.15392154984522 90.31500654607817 108.22907821382864 94.85599806560742 85.11060726339815 82.57125698897983
88.42121853727804 96.53705104176845 76.13701440109799 113.30596730860577 88.24737287261735 83.96992654012536 81.6516877220547 107.57233322384695 85.40881754555039 82.6966485748195 81.46968490311247 80.40331695542613 95.46344628209317 102.01430048745556 104.4452608213312 91.09322810513697 90.89929348274802 85.60313387929523 87.44831334500668 95.9705201254983 93.82584369985773 101.87238353699092 98.9552528392694 87.71679182856803 85.26332510172597 84.2632682538623 106.81707174394296 94.85599806560742 85.11060726339815 82.57125698897983
80.55415076724614 74.897466225789 76.13701440109799 85.49662840965175 88.24737287261735 70.84300405189879 76.2180009306187 79.0978369914917 72.61324095717578 79.20670886481923 81.46968490311247 80.40331695542613 80.36928233105345 84.34938318498575 58.36381615252685 74.72377831699953 83.49162756532701 85.60313387929523 79.93683939028517 70.95384432680203 82.11325092874517 81.64435398295791 79.24819168341855 84.71993086964983 85.26332510172597 83.92560554529894 72.89827188655192 84.4171911849271 63.14492891130101 80.51294738431943
70.38760742001182 74.897466225789 76.13701440109799 61.16020098460115 72.49295379932278 70.84300405189879 72.97109458590114 79.0978369914917 66.11563441501096 74.13505571112705 69.9346714755277 64.13894245227038 80.36928233105345 74.92886678091259 58.36381615252685 74.72377831699953 65.78061737851431 75.97527063781047 78.30735669258968 64.96077284748026 58.192985008120786 69.80392575554674 79.24819168341855 74.91087507444729 65.76704958467997 71.72668515752946 69.211310298218 84.4171911849271 59.84336864826696 80.51294738431943
64.71426849328725 55.677249829826906 71.27687897883811 61.16020098460115 67.56969619792585 47.71199325638463 61.630096215042386 62.075196052916226 65.01150647132943 60.850808102513156 48.23998437846615 59.37770543552983 76.51439723740907 57.762113873558974 58.36381615252685 65.10337892805342 60.05866975004642 47.88928875408817 69.88381156691923 42.203593108312475 58.192985008120786 58.46947565836365 64.1583633213254 59.83865694776807 65.76704958467997 54.35861702422005 66.39115083363322 63.71454909749389 59.84336864826696 73.8467524285295
64.2454708507704 53.31830434055905 58.71610641377879 48.18064053542423 60.236065689644875 47.71199325638463 47.071634882718854 48.52579309944224 55.651091643002474 30.461419865312564 48.23998437846615 42.28938150152533 66.28005739275477 54.19534747368755 58.36381615252685 65.10337892805342 60.05866975004642 35.83880427838153 58.793153766625096 42.203593108312475 58.192985008120786 58.46947565836365 62.70580825736124 59.83865694776807 60.6790452897593 47.57175482924458 61.43304204777212 57.08304014777741 53.086691362880174 44.323008144850405
53.027202532648516 51.7917759276163 47.570584394911975 38.92755400915701 56.970067236365594 47.700549145620016 47.071634882718854 48.52579309944224 53.31597934592344 30.231769775034763 37.172918962994345 36.90350327310102 35.94114131390734 36.61785691686805 48.99683686268429 51.00740406371153 48.04520584680222 35.83880427838153 50.503208194840454 38.82548647256431 42.07607460394274 48.71955087532342 60.14810487961711 58.01689756863493 44.819824025215325 47.57175482924458 57.31883455990601 38.430429254127944 52.52299937921475 39.9379249144265
34.195112995583145 37.52103491456455 44.097401244860635 38.92755400915701 37.727905356036786 40.62358407644092 35.149340052093294 40.962239606366325 50.11499307245606 27.254710597022722 36.7335944467568 35.318968606575595 35.89049448976084 36.61785691686805 48.693961734056984 44.224308660574934 40.72993205815794 34.36430772379276 39.899937343343936 37.83023553534986 34.85190403051297 46.37961262939325 41.986191697987465 42.890558589685156 34.165964465353454 33.95196812684276 34.00534916258164 38.141554927372226 46.1505927696561 39.9379249144265
34.195112995583145 31.606132970803856 27.697013377152757 31.92219853567326 36.70889917832392 34.61673851625312 24.17144708161561 40.962239606366325 41.7222734903346 23.275112936885193 34.77271770873631 18.721573516314038 23.152151155492106 32.18077702685923 35.32765887515097 26.666712573795735 36.212685242663156 26.025220894185964 30.948558792989274 23.008196667704965 28.452178649258258 36.6708436552027 37.1065483613628 23.1585184049826 19.19040977489533 33.95196812684276 33.160022994898895 28.30980411274868 28.15032628448182 35.90976802779255
26.955756121063814 23.632936990019743 26.806915783458408 23.590801997613994 21.070760452219247 31.74046752900449 20.69484935530909 37.159412777944 32.33448842339999 23.275112936885193 30.37159354499704 16.8601183492691 20.456955821052702 20.867305826912798 21.902882973108035 25.73311792690515 28.860127764517188 19.758817787274097 26.303951142465735 19.41755000688704 23.014489137235273 28.54252221568072 32.76765680490689 21.867270788956603 16.704661185057716 24.33492988064802 32.41310155873498 21.57810174280462 22.40732404494065 21.801646429863467
14.927114561406938 19.1590126831627 24.386191774397616 19.18406863824839 15.756394511627377 19.58640322018755 17.23621427662863 26.669501665508392 25.9230028402651 18.00265356712316 18.127642122360612 14.297839199564692 15.798805245771405 20.867305826912798 21.48431345322149 17.678744193645684 23.72911318074148 15.195611935107536 19.935570481007744 18.678626294039304 14.00035934610321 24.41719702149237 12.812050348084199 18.793509774509516 13.90810797703989 20.936709795721185 21.949064381928565 13.431622488547646 13.17862095573173 15.590981740489383
14.174729503795788 17.518063585010964 19.553404780738447 15.668458384371206 13.87523295899075 16.113392581662083 13.727968351064419 25.447802798546377 18.24658702551085 14.630559318577184 13.757592313502528 13.208692128852249 14.944399112934093 19.585829358185833 12.204768739189035 8.794185868219188 21.47408258030407 13.07959513683727 12.893114708590588 15.19709481112784 10.183441176266683 19.331361232574864 12.463790809767033 15.948496010036479 11.335880019593787 13.826084347288429 19.284625370461754 10.994215118456282 8.49299637023114 12.695892343206879
10.89587153400771 12.524699035649974 16.92733441245025 13.60279186462003 13.805940361123248 12.44057513651046 6.489232663521648 15.484737387105383 12.628095566864317 14.414029189819757 11.6213834425198 11.814482671291444 11.76844210279478 17.431161201317195 11.532469206054316 7.735442517938509 18.25681774551265 12.874262246800981 10.840965221045622 12.50339190382465 7.165199975685255 12.99804118224597 12.030400529861026 12.808017348838575 9.566833373976579 12.100373891626532 12.011635105828645 8.619829432712322 7.821599890295715 12.336416449750686
7.6918153046757425 10.475032699652843 13.269304387399075 13.180839024091938 10.384682777084777 11.258491191445728 6.197868557251354 13.687854802462653 11.784254080915503 10.381125651420462 7.935454234525878 8.791194702208372 11.242699764526606 14.165369710257778 11.021969008130554 5.78010738234218 13.125410865929098 9.919068475190898 5.219860581618718 6.944472489556233 6.5369122909647785 9.283420517343643 9.381536379807699 10.553504042622194 8.799229981412623 6.82307338635394 9.227550811874721 7.821157373937012 7.4549729305820165 11.194315267470074
200000.0 200000.0 200000.0 200000.0 200000.0 200000.0 200000.0 200000.0 200000.0 200000.0 200000.0 200000.0 200000.0 200000.0 200000.0 200000.0 200000.0 200000.0 200000.0 200000.0 200000.0 200000.0 200000.0 200000.0 200000.0 200000.0 200000.0 200000.0 200000.0 200000.0
