545.7313871254364 367.0950129588855 273.45189726374247 2244.519199298311 417.4596056901237 432.73371894557476 687.1640848353591 440.9862335245916 489.08758352899304 689.8757803150434 374.1977678516332 243.65935465982102 364.2087909056786 233.64210375571065 412.42498284296244 725.9504225207102 203.43752140566585 934.208635256769 234.4433189214392 286.85546719549166 694.349254015558 313.5655482609641 542.5358794318299 2076.983059761643 770.0225973568831 261.5223726646568 159.98622599422788 195.87633865660655 139.42477304419072 329.49311758972726
164.10967527814364 280.2912486069581 273.45189726374247 682.9040449523968 417.4596056901237 432.73371894557476 687.1640848353591 440.9862335245916 489.08758352899304 631.2003013957042 339.65935342937837 243.65935465982102 364.2087909056786 188.9884018044886 363.5891789422103 725.9504225207102 179.27375493838736 934.208635256769 234.4433189214392 219.54883422966577 694.349254015558 313.5655482609641 542.5358794318299 1375.8497518457384 276.2589412692405 261.5223726646568 159.98622599422788 195.87633865660655 139.42477304419072 329.49311758972726
157.75122514181294 280.2912486069581 273.45189726374247 590.6875448826831 366.74403685284415 297.00836248447695 487.0239531954644 202.81740353065652 208.07428489576523 631.2003013957042 182.00596358696248 243.65935465982102 291.9986027506029 188.9884018044886 363.5891789422103 293.8911541599582 179.27375493838736 247.02432936369632 234.4433189214392 219.54883422966577 250.33942305011033 217.21274841841432 355.34553960916355 916.8789910678815 276.2589412692405 163.0516738419401 159.98622599422788 133.56274730162158 128.2179698784148 286.3276323975747
157.75122514181294 164.31403075894013 163.1660803508962 207.84468657292155 366.74403685284415 211.80799955893235 151.2240533789086 202.81740353065652 208.07428489576523 360.8878752796263 182.00596358696248 200.00151879350824 291.9986027506029 179.03485171917418 244.17883784385504 237.64473510765356 179.27375493838736 239.8267430191013 234.4433189214392 131.06137232923948 250.33942305011033 213.61954754054477 136.476605735043 164.36789566476455 276.2589412692405 137.54079076631433 159.98622599422788 133.56274730162158 128.2179698784148 147.35781106957484
133.61065330957263 164.31403075894013 130.77863748775144 161.17962999757083 132.1459217883812 149.24736853138984 151.2240533789086 168.19404775619887 173.95608814097386 132.11327956421746 138.2719192855784 126.59774852785722 156.46082148451615 132.0313787941891 217.06098095074458 182.07741472916132 144.59317840334597 203.76763878351449 234.4433189214392 131.06137232923948 164.93813074779246 128.0478231589418 133.49123354964695 162.0136653262416 195.02500773263364 137.54079076631433 159.98622599422788 130.6930042839649 128.1642059558817 131.9328899597799
125.38813607112616 120.33597344141526 130.77863748775144 148.57415046365168 128.2787044077022 131.31177331330355 132.03820241452786 140.39979664111206 168.2419670313784 128.7620487775098 135.21786280720426 122.11195154867255 131.21295240454765 119.85984920080045 137.08311552628948 182.07741472916132 129.28286481194482 120.60307508645701 156.36211116791583 126.864771046025 126.37882868813585 121.88671538332119 128.22923183251896 127.95493961906595 117.22108749898234 137.54079076631433 124.60122036852317 113.87167746807927 128.1642059558817 124.23185972531337
108.13419002716864 120.1907667115538 116.44553723725176 133.17354633684363 114.02571108732809 118.23578716453994 117.01318797863041 128.1005034216305 147.00458385554975 127.75845744973458 128.1207255340223 114.71170628512482 116.50980835680775 118.79585328241728 133.02532331883504 136.71092481601954 114.11784365738777 118.7538663686637 117.48969978845525 109.10555044343755 125.14199524074138 115.12163274162003 126.94475515962085 123.83231815712315 113.57470101312947 111.45146314436943 117.64960935020099 110.26448949039468 126.45254495948211 117.19235291880477
107.31634587973849 106.3751516466059 109.60522576317771 109.63911327896085 108.52990917020907 114.9578156036564 108.85784190350432 115.55548641342739 115.52656647966296 114.89108962021919 114.21910649411711 111.03114285045012 111.74966018290706 115.83912182252016 115.02494652283303 108.17854786553062 109.58285120374194 108.3284839641974 106.06738417970791 107.24651245042287 112.00882992741754 106.04990155837595 116.71985297040465 116.24391081784506 110.26534550242741 110.43286511052975 103.00199157804582 109.27698311715994 116.3243219608521 111.90835277321003
103.12776161435659 103.49084462937708 106.22032859370847 103.16620781409438 103.52285248426006 105.20118201832975 105.06172936747907 107.43953223838798 110.13268274743677 108.88537783016363 106.78031011440953 101.73792693366113 102.0350022079324 104.96801433730252 105.41672059335815 104.6710699384198 102.35565380477874 102.6515847403789 102.80580720567514 102.38072168281587 106.75249351209777 102.84323496346406 106.868443215551 107.88228827169041 101.66775944117398 103.89997051508863 101.69457741273891 106.64883749609044 113.88340113953518 101.45853254403255
101.04032047389137 101.41704322688838 101.528998393444 101.87698979908191 101.08653514737216 102.53175116698549 103.58485953781837 103.55909739791878 103.99372657503909 103.17040708873219 101.91964548583928 101.73792693366113 101.46961068235123 101.5750097762093 101.55613587013386 103.05396804403244 101.11000899068631 101.2628094820252 101.50373069374564 101.06906337205692 103.91154631692325 102.52975091716462 102.04602586826832 102.46719815591132 101.66775944117398 101.85647998058766 101.69457741273891 101.88580493593281 105.77448591922166 101.45853254403255
100.83469927118813 100.87661430964636 100.60937501765284 101.51757917675741 100.73236729926248 55.67832955028007 101.68636309285966 101.44114783211535 101.02150377461476 100.93235775430412 46.105731642614046 100.76981146316211 100.85326000331406 101.198791655278 100.76433847157932 89.68532200010395 101.01728456217461 101.02136239858737 101.45785793672985 100.81893929911394 101.31676631339178 100.87203044138505 100.55668429887874 100.83486806606925 100.92493334910023 100.81254495960548 101.57477959106109 68.49410367168412 71.89349438139743 100.98269952977444
100.62219000497862 100.73880077662488 73.08017018978535 100.81259289312311 100.73236729926248 30.203329246836347 101.06047104323125 100.74929212825691 64.62751571451099 77.97802303627714 38.64053457299997 73.05311489557107 100.82461499799183 100.81214497701694 100.75034489615427 85.3620161353524 100.71135643936759 98.86916581843843 79.31897410943111 100.67007862254741 62.718916411671216 100.56549462645671 100.55668429887874 100.75717179355752 100.64156023895566 100.51653494165839 100.61277180419256 49.01797368621692 20.359264386116138 100.63742156462285
100.51368827167289 100.48176915864906 40.38795331252231 70.48215350702685 100.73236729926248 21.480711807647822 100.85472718677147 100.73669602120208 54.90888084427979 55.36810117841469 13.503130103372314 34.758272262072296 100.6285969802334 84.91485478087225 100.6999699534249 41.035198199102524 100.55614767441375 91.11635522371262 47.40729568088136 100.61749382886819 34.70901492893745 100.4083145306331 100.55668429887874 100.49240813551478 100.60088599282699 91.96915527916462 100.56193328278005 47.7440138690331 7.590189411926076 62.77658884780294
100.43821273203957 100.42007880204528 21.56148084998358 49.70073928410102 100.41458921448066 15.339305789379523 100.48672845201509 41.510960147569676 41.576070927329056 16.222769116865038 10.434785252490656 15.972750304469628 37.931607391849866 61.7265008837212 100.5700749101643 37.33837886006768 100.41410724402795 45.03619711175361 23.578564899999037 100.43372657527607 6.451343835329226 43.899284764720505 100.48394773271457 100.49240813551478 100.42531877007741 13.982425294838322 100.56193328278005 15.564878531016802 0.8473342383913405 34.66119515113178
100.3678191350059 94.54023461175257 5.192001089886162 20.297981710888962 100.40196831911726 12.504282867908387 100.41087477933297 35.802456698328115 12.183148543238985 14.845510051919973 5.290540527755638 4.2207065050283745 25.607735035890528 61.24156145699135 100.48487915949772 16.421423595263605 100.36858268066453 29.15064129896291 9.73474419928516 100.40724099492672 2.7807829609027976 30.799391153949273 100.38737225538762 100.42754783240889 57.561437430166734 7.366486480600543 24.107663870588112 6.126489752963607 0.06927235713419577 13.18173994402332
100.33503631901476 78.76764942268073 2.2898995841469514 6.709469962678213 100.40196831911726 8.543450985330765 100.35982908905498 32.24676138625773 7.573524776283193 11.037607745764035 1.7377693977400668 2.8245685367637634 14.326014390855107 52.53398828231093 100.4510992515361 7.069502918813669 100.34152940931244 19.231474480342058 4.113008339231783 100.31890356698159 0.07176878756808946 20.64530791327161 100.23750358731013 100.41485245254626 48.61739821254014 6.245991679868894 21.215958462257277 1.135538113048824 0.06245863203776025 9.26158714184794
200000.0 200000.0 200000.0 200000.0 200000.0 200000.0 200000.0 200000.0 200000.0 200000.0 200000.0 200000.0 200000.0 200000.0 200000.0 200000.0 200000.0 200000.0 200000.0 200000.0 200000.0 200000.0 200000.0 200000.0 200000.0 200000.0 200000.0 200000.0 200000.0 200000.0
