8562.452088899578 9612.530520625087 13040.349852243397 14231.891436203572 14973.872015821176 11838.689449139903 13348.626087902427 10458.93481347157 15502.632819922128 10143.043919286683 10553.153345678733 9620.274626924864 14185.447029995761 8808.486571667863 12391.41154243772 9525.461879542934 13059.958635629475 13233.368104904577 10811.05672102289 10961.073125644289 17212.812323027334 13671.579034482333 8323.137800183076 7292.082492146339 6762.4747310252515 10328.693669334374 12276.030959253516 11701.358160018333 13846.319501383987 9954.80931123588
8308.977296595061 9612.530520625087 13040.349852243397 11761.546987899017 11925.0458594518 11838.689449139903 8294.087227564212 9554.78531896121 14452.081203723508 7236.012566854672 9831.311213868603 9620.274626924864 9350.933286687197 8808.486571667863 9827.11495458054 9525.461879542934 8049.9864351054275 10040.365919388436 9308.43722528021 10961.073125644289 9673.392246392026 13671.579034482333 8323.137800183076 7292.082492146339 6762.4747310252515 10328.693669334374 10259.782830327485 11031.049757985995 13578.377428611246 8647.095070972944
7813.513414285811 6493.5630171102075 7757.546906635158 9799.677185455457 10343.906575846211 10766.266333571319 7734.053514320669 8438.54617481154 7840.552366847558 7188.583871988934 9831.311213868603 8676.549609968823 9342.426001423415 7682.490844207328 5811.869759015977 8518.931994136186 7063.0514181409235 7090.2995785717285 7839.077550093632 7433.355581968102 8761.334999659293 7818.897742210169 8323.137800183076 7292.082492146339 6520.25587371851 8406.272111884728 6561.2302687622505 9020.937104851651 6087.286358026118 6997.275475006845
7545.134380960026 6315.988048203522 6133.546219498216 7656.673275184281 7767.553925668064 7824.938021072618 6838.603909969404 3151.6551625677002 7305.482456963073 5849.820260602044 6396.831868817542 6791.323346341487 4962.436429477498 5411.554246792324 5449.676027935391 7549.8909771278995 5430.073917201933 6531.155683785262 7079.216784758535 6582.620026022423 8317.631581281117 7797.732877195409 7149.2456017995155 6104.555567937265 5834.737912101624 5538.123319786845 5687.410238938934 5525.131392303451 6087.286358026118 6463.189144533735
3488.2878987433396 4879.451905164516 4970.767650087104 4657.301149556043 4685.118324453488 4516.561031209756 4825.9162448123625 3151.6551625677002 4665.668975498623 3488.0723418002817 4233.211392376283 5360.315541585053 4962.436429477498 4384.313142160506 4224.465542152798 4482.368432113943 2714.292210102557 5927.086792361817 4761.206153720944 5005.322850142628 4042.401534435836 4966.0499315063535 4074.420817689708 4451.813209149001 4925.741782780352 5363.54100575731 4398.172112406179 3707.939741895525 5097.279164451087 4710.953311884038
3178.463662522059 3165.6290952240224 3080.9802158615075 2884.236797530517 3104.2948414223974 3625.451337985991 3204.2034454309533 3102.2100454090614 3419.106586716166 2691.2270322874756 3414.9436383138354 3015.9944917007215 3270.7274317522133 3226.7666309387378 2881.9107839054905 3082.688141833187 1602.3846158058204 2905.339004545398 3207.2420393391076 2971.0527771412744 2559.7172650867014 2540.4841172967417 3091.04702152952 2838.2036549073273 3322.7044812680433 2761.5143805369808 2942.4092232767543 2768.0952164701557 3699.7867266290414 2777.382722715023
2082.6739449291126 1789.884725416603 2095.124399780055 2161.5103180473498 2028.3228496581905 2689.1755229452247 2367.492966389729 2066.0961084103164 2167.435542930707 1532.4273275007026 2203.791739354293 1814.4011645649316 2350.246405257317 2360.8048435921555 1629.709137525857 2345.8287276872215 1362.567336581933 2078.869767590193 2030.2896965357077 2428.3075856291152 1811.0021193437951 2014.725994073191 2314.909703394188 1748.784256678271 2020.4096582877291 1900.0384297966375 1409.3712000775204 1958.5009691338792 2445.4010516562103 1794.9899383183556
900.3306753038064 952.8287760387711 879.3360095820271 1071.8290492791875 963.3371764259691 1202.93124275443 1176.780044068787 1225.5936751777313 1169.8865547430942 951.6858907690221 1350.2938342001366 1082.1825879044623 1233.0281398961442 1143.4355572402965 844.4551357071459 1455.706219327375 1274.5513870592854 1285.0059941082127 1076.8723847881247 1192.1929919875297 1293.258487033816 1006.0835690967524 1206.5190412212637 1182.6147353403048 1092.1857453424518 1248.3423531587096 1161.256251861264 1250.2924295079301 1253.8706544310826 865.3160941445167
381.31718625068834 386.8147899938717 399.3163766543762 561.1392259346585 432.161816467501 886.0480957317541 568.618072019729 476.40549022600317 481.6218855218749 397.84559175947606 531.4826120469547 551.8761707331287 586.5489535514052 492.2137314577558 377.26505288233466 777.1359495167349 693.3404456603248 635.7760267280241 485.92957218183983 445.83241757104406 663.2689708501243 433.28901004702493 516.3590273885093 584.5069819335931 452.638342336616 696.7908791561076 711.8328771111278 686.0071841216759 600.7394266785363 376.92319783813855
301.29768734002255 301.18159471452464 302.63029815542995 325.33214726727374 306.11804034333863 396.94024958017235 324.5556853081125 309.5455715663761 315.41200600530465 301.7990498931945 314.9409239982815 326.93599802225754 343.3750920271973 320.7565878720311 301.3320581222306 387.2877803701376 369.3705605317573 342.23933481180484 312.6510544247694 307.66857244684843 335.1858313857706 307.27036782347795 319.4673290720184 334.2525099716672 307.6565988848697 338.3775148435707 370.5440446561388 368.74031225938415 325.06622498253137 301.52227654228
300.00138016104074 300.0003846135364 300.00163632755994 300.1778961298696 300.01542503575865 304.14254119756924 300.20416478115476 300.02568206142723 300.085787172874 300.0008726820911 300.0560531225192 300.15740529192635 300.548106155255 300.08188291348733 300.00136323366996 305.1555768964372 302.350040125159 300.61244307671177 300.0321063658471 300.0222168928435 300.4241360601104 300.0174656888257 300.06191766556685 300.41017037571555 300.01370136978585 300.51753737256286 302.31306095703167 301.6749225517665 300.21997478286903 300.0008379792248
300.00000000393266 300.0000000001305 300.00000000278806 300.000028023539 300.0000003012083 300.01004992764183 300.0000325753708 300.00000092991695 300.00000836540084 300.0000000008149 300.00000251893016 300.0000209940599 300.0003382989071 300.00000372756404 300.0000000025261 300.019900699544 300.00503538272824 300.0004006220306 300.00000142421413 300.0000005882257 300.0001084189189 300.0000002913671 300.0000065424333 300.00009732152057 300.0000003368241 300.0001480052588 300.0050234660689 272.07863449374236 300.00003598946614 300.00000000144246
300.00000000000045 300.00000000000045 300.00000000000045 300.00000000000273 300.00000000000045 300.0000001798062 300.00000000000273 300.00000000000045 300.0000000000009 300.00000000000045 300.00000000000045 300.00000000000455 300.0000000002133 300.0000000000009 300.0 300.0000005627289 300.00000013897534 300.0000000003656 300.00000000000045 300.00000000000045 300.00000000006366 300.00000000000045 300.0000000000009 300.00000000004275 300.00000000000045 300.0000000000705 300.0000000284863 220.14719523111853 300.00000000000455 300.00000000000045
300.0 300.00000000000045 300.00000000000045 300.00000000000045 300.0 300.00000000000045 300.0 300.00000000000045 300.00000000000045 300.0 300.00000000000045 300.00000000000045 300.00000000000045 300.0 300.0 300.00000000000045 300.00000000000045 300.00000000000045 300.00000000000045 300.00000000000045 300.00000000000045 300.00000000000045 300.00000000000045 300.00000000000045 300.0 300.00000000000045 300.00000000000045 208.48299795621097 300.00000000000045 300.00000000000045
300.0 300.0 300.00000000000045 300.0 300.0 300.0 300.0 300.00000000000045 300.00000000000045 300.0 300.0 300.0 300.0 300.0 300.0 300.0 300.00000000000045 300.0 300.0 249.93624609251265 300.0 300.00000000000045 300.00000000000045 300.0 300.0 300.00000000000045 300.00000000000045 140.3115322517906 300.0 300.0
300.0 300.0 300.0 300.0 300.0 300.0 300.0 300.0 300.0 300.0 300.0 300.0 216.87533999227662 300.0 300.0 300.0 300.0 300.0 300.0 232.3888251458916 300.0 300.0 300.0 300.0 300.0 300.00000000000045 300.0 135.59018725617852 300.0 300.0
1000000.0 1000000.0 1000000.0 1000000.0 1000000.0 1000000.0 1000000.0 1000000.0 1000000.0 1000000.0 1000000.0 1000000.0 1000000.0 1000000.0 1000000.0 1000000.0 1000000.0 1000000.0 1000000.0 1000000.0 1000000.0 1000000.0 1000000.0 1000000.0 1000000.0 1000000.0 1000000.0 1000000.0 1000000.0 1000000.0
