627.5225529937279 560.4189077057426 571.6491299161735 687.9711501031375 583.3192729341931 617.6503188013876 629.9444284786127 474.5737595264518 538.5049619652991 472.44742870744903 476.4404576680363 415.2110455408474 691.8893753145503 555.523406304731 446.7851400512045 558.4882254353429 353.2127134572188 749.2405455285225 512.4721152819357 541.9214929754603 596.2460506206685 542.0853785056024 604.2358063398992 640.1053978010332 409.78663002382746 544.8580165814019 491.25001676531156 756.1388510039133 705.3210155246197 398.18976272772034
627.5225529937279 558.4553498736859 571.6491299161735 652.474589844926 583.3192729341931 491.09793485862383 629.9444284786127 468.5004847096757 538.5049619652991 472.44742870744903 428.81400803674114 415.2110455408474 630.2658696500462 480.7454734202752 446.7851400512045 558.4882254353429 353.2127134572188 704.595926104269 512.4721152819357 541.9214929754603 576.7217477530694 537.3105039600441 538.5033607656937 544.4778386611115 409.78663002382746 454.34048489046654 445.6897438331707 649.8589995251023 567.0629795585619 398.18976272772034
627.5225529937279 541.0202059718799 568.3713261269017 649.6325238087211 531.6989178951417 491.09793485862383 629.9444284786127 468.5004847096757 538.5049619652991 472.44742870744903 428.81400803674114 415.2110455408474 630.2658696500462 480.7454734202752 446.7851400512045 558.4882254353429 353.2127134572188 554.55987951722 446.4689111163061 541.9214929754603 576.7217477530694 537.3105039600441 538.5033607656937 527.7021903153586 409.78663002382746 454.34048489046654 438.9764089649143 443.88310706498396 567.0629795585619 398.18976272772034
583.1049740894123 536.5895498504588 527.16485368952 584.9749382497012 482.5418492678127 437.0641346235725 520.3366142262234 468.5004847096757 516.7565322700993 472.44742870744903 428.81400803674114 415.2110455408474 601.8824474820949 455.7007683758811 446.7851400512045 558.4882254353429 353.2127134572188 554.55987951722 446.4689111163061 541.9214929754603 481.0731382958402 537.3105039600441 471.92516480879385 409.0248098482625 409.78663002382746 454.34048489046654 438.9764089649143 443.88310706498396 407.1499928174967 398.18976272772034
450.9190537167706 439.7377943037154 509.7988731965129 468.3476079331458 394.1837741141426 414.91268143262823 383.73854719243536 379.6578487117322 413.8328980223678 449.18902097968885 342.2089649633208 415.2110455408474 453.51856408127014 393.82638323401625 446.7851400512045 533.4996698149225 353.2127134572188 451.7418923354917 403.34035104337045 482.34045310891406 406.7050898228076 485.3757220764892 435.6986544838037 409.0248098482625 409.00592571719517 372.6730079390386 416.6750671216455 426.5440972490642 407.1499928174967 390.15982731374515
436.91556379582653 396.9191509627676 367.99212572979195 433.74798876792056 333.8434482438752 287.9333859695803 383.73854719243536 344.02302851151626 376.80649163719363 334.170468108171 324.9686043202687 369.4408696315427 371.6795630968236 384.3652890562844 435.3482050082148 423.04740856230364 350.71542282600967 434.7650666401778 375.5918518039307 406.24843743257225 392.62972260348215 424.04195388571134 368.00708708703587 388.5568866304443 392.73802683664144 342.71575387113853 389.20455894310044 405.1115761686792 390.68232739511495 390.15982731374515
332.9505645827385 333.63992862961777 286.97833603194795 339.73480943890854 282.51890237123916 287.75401539256427 346.92471613288853 342.5287155175829 333.4748441474421 276.5536957124873 303.67470343848345 343.2881012557109 333.8147515446349 345.6218518729074 360.73492602616807 321.7739096920777 331.9225093874634 352.17889875403944 300.95804161084425 288.31379281217914 331.5282345905898 368.4374671985697 367.8138372907424 382.44036959141704 332.8748430896817 337.61393854280686 301.2192729084368 362.59059742282125 326.5015526736265 331.00449367616557
275.78778274268325 310.72415053546274 247.8030218730387 287.87263573246355 249.70617607964823 250.59556817117755 272.2919438402755 269.52313777064273 258.07373216048654 242.81587824628514 275.9994401631666 271.8694241512608 286.4806432329847 254.42439825025622 269.37692886082914 272.502351941328 279.4062276594759 274.64224662471315 252.11596056259896 270.5131049784568 289.5955555646751 281.1257916217055 288.0100854295688 296.25931946523815 286.7825284427963 276.0400534334126 261.3390920433394 266.4009526748323 281.3485922593977 251.8496466251304
238.06902357814897 238.99044425082138 234.21789217016885 238.35274894995882 231.91914129697443 232.02539157528736 231.81169582064922 237.35699253064604 232.61265221859367 233.48554494697828 233.1402311426782 233.76404479500297 232.68672533080098 236.55602561640035 232.72851636911628 235.96652472469395 235.96637935079343 231.34497422446157 233.67807461549864 234.33542265638744 243.42087540464217 237.59565229477084 236.7776348757261 237.3867216090971 234.63985424430803 235.23091463406672 233.22579769691174 236.5998448767332 235.53452583040553 239.08303780070446
230.2909392904071 229.89125998048303 229.9193376627236 229.7420856601816 229.85256313830496 229.6996553485751 230.2165939652955 229.86729050533313 230.64700900997195 229.86074142729376 230.07629723152695 229.8372601797637 229.800766733626 229.81625241871416 230.5423302883546 229.70177126738827 229.69883678532688 230.55573265532212 229.90949265929794 229.91185299720564 230.10333915923593 229.52342185781254 229.98825420479216 230.16275008678167 230.68476685347468 229.62926243526636 230.11498149723684 230.13347377234777 229.89064276955378 230.19725264396175
229.30880078673636 229.30111228455416 229.29639345587975 229.28839415741322 229.29802275702332 229.29107706062177 229.30352307126168 229.30442507364933 229.31239577171527 229.29438175742598 229.2994608626368 229.30557705982437 229.30648552672574 229.31074362513664 229.30860968467778 229.30264602891702 229.29579151297094 229.3002759206006 229.29678053244106 229.2895685826752 229.31510277961434 229.3126449307756 229.3032372928069 229.31237145540217 229.35062850240683 229.30106557491308 229.29489459258775 229.30941894150283 229.29478727193282 229.30155626335318
229.28439418166408 229.28439225922693 229.28439154787338 229.28438721069324 229.28440189306184 229.28438976890084 229.28439844101558 229.28439148986945 229.28438869717638 229.28439041687943 229.2843946419207 229.28439295307862 229.2843959142392 229.28439790757784 229.28439362846257 229.28439139947113 229.2843989546659 229.28439226499404 229.28439142841762 229.28438982107218 229.28439464251005 229.2844115103503 229.28439440478724 229.2843962057018 229.28442250295484 229.28438987439358 229.2843882237912 229.2843917175319 229.28439770240584 229.284388271225
229.28438270850893 229.2843827085112 229.28438270850393 229.28438270851484 229.28438270851439 229.28438270851757 229.28438270849801 229.2843827085121 229.28438270851802 229.2843827084971 229.28438270851075 229.2843827085062 229.2843827085203 229.28438270853394 229.2843827085362 229.28438270851439 229.28438270852894 229.28438270851302 229.2843827085212 229.28438270849347 229.2843827085053 229.28438270852075 229.2843827085071 229.28438270851257 229.2843827086549 229.28438270850438 229.28438270849847 229.28438270851848 229.28438270853076 229.28438270853485
229.2843827084871 229.2843827084871 229.2843827084871 229.2843827084871 229.2843827084871 229.2843827084871 229.2843827084871 229.2843827084871 229.2843827084871 229.2843827084871 229.2843827084871 229.2843827084871 229.2843827084871 229.2843827084871 229.2843827084871 229.2843827084871 229.2843827084871 229.2843827084871 229.2843827084871 229.2843827084871 229.2843827084871 229.2843827084871 229.2843827084871 229.2843827084871 229.2843827084871 229.2843827084871 229.2843827084871 229.2843827084871 229.2843827084871 229.2843827084871
229.2843827084871 229.2843827084871 229.2843827084871 229.2843827084871 229.2843827084871 229.2843827084871 229.2843827084871 229.2843827084871 229.2843827084871 229.2843827084871 229.2843827084871 229.2843827084871 229.2843827084871 229.2843827084871 229.2843827084871 229.2843827084871 229.2843827084871 229.2843827084871 229.2843827084871 229.2843827084871 229.2843827084871 229.2843827084871 229.2843827084871 229.2843827084871 229.2843827084871 229.2843827084871 229.2843827084871 229.2843827084871 229.2843827084871 229.2843827084871
229.2843827084871 229.2843827084871 229.2843827084871 229.2843827084871 229.2843827084871 229.2843827084871 229.2843827084871 229.2843827084871 229.2843827084871 229.2843827084871 229.2843827084871 229.2843827084871 229.2843827084871 229.2843827084871 229.2843827084871 229.2843827084871 229.2843827084871 229.2843827084871 229.2843827084871 229.2843827084871 229.2843827084871 229.2843827084871 229.2843827084871 229.2843827084871 229.2843827084871 229.2843827084871 229.2843827084871 229.2843827084871 229.2843827084871 229.2843827084871
199997.0 199997.0 199997.0 199997.0 199997.0 199997.0 199997.0 199997.0 199997.0 199997.0 199997.0 199997.0 199997.0 199997.0 199997.0 199997.0 199997.0 199997.0 199997.0 199997.0 199997.0 199997.0 199997.0 199997.0 199997.0 199997.0 199997.0 199997.0 199997.0 199997.0
