86.46408168194239 79.47011250435844 74.11111881923603 85.7487875388623 94.14006086905067 91.63313374541622 111.58172855431053 75.11868753163105 69.07247089215775 99.42720660154885 84.42208468493811 92.34103923152247 70.7967230466453 88.8156790194073 93.87545486309546 73.99315401993329 107.95679416037012 79.0406630300082 106.05992333646714 69.36116150531961 63.18176770761568 62.84046944683246 57.36417161770805 87.83770443527351 78.32035396202036 100.56148171990151 82.44484697523876 88.04421824564054 82.0596714734537 74.00138382322268
79.86228141998174 79.47011250435844 74.11111881923603 64.3639181181461 63.12574998289085 91.63313374541622 86.66369524519405 75.11868753163105 67.64003557931153 76.7327496812627 84.42208468493811 78.5930116945392 70.7967230466453 64.21389473212935 70.96138585910558 73.99315401993329 96.21191170413022 78.17629749604225 84.40202315561805 63.88676544412522 63.18176770761568 62.84046944683246 57.36417161770805 74.49173698585275 78.32035396202036 64.63830939470245 51.06395766402443 88.04421824564054 78.09384194253039 74.00138382322268
63.70593240798155 79.47011250435844 72.18741844323813 64.3639181181461 63.12574998289085 78.72189604015955 70.49956504623424 75.11868753163105 67.64003557931153 76.7327496812627 72.25048472381263 78.5930116945392 70.7967230466453 63.98014189698779 59.62900832627383 54.18190849711084 64.77129833241327 65.56205427781902 84.40202315561805 60.981333636025624 63.18176770761568 62.84046944683246 57.36417161770805 59.05743403344502 62.125164492307476 64.63830939470245 51.06395766402443 88.04421824564054 72.51488179420392 74.00138382322268
59.85752459355945 73.09535002361031 72.18741844323813 59.95091019889014 63.12574998289085 65.21210479228034 62.18461374303092 70.1899004695066 66.3475531290087 75.14895722864105 72.25048472381263 78.1915607402616 70.7967230466453 54.33357422920915 59.62900832627383 46.9661128757391 53.642074169483635 54.62195355618428 53.04772277184941 60.981333636025624 45.538908259024765 52.74900575157176 57.36417161770805 59.05743403344502 62.125164492307476 63.338133753671514 51.06395766402443 71.53482027968698 37.688917562884626 51.584654217937555
59.50074157744598 52.49030671181686 50.29433156826485 47.695051950531365 57.34996225470729 42.04565785170519 57.311648425906355 60.95418059678025 57.715790230935 44.04090931847031 49.64763767392424 50.33176965703876 36.83525745025361 45.29965395429872 52.13838553997414 41.48742143467666 53.642074169483635 51.592116574190186 49.03086132781118 53.396954652024306 45.538908259024765 43.90600878475766 39.5707741484498 41.82091006928954 62.125164492307476 50.385811929185024 42.127475266455235 57.403468336287915 37.688917562884626 43.17998345666081
48.81911227654905 34.14140685621237 33.35187237171374 30.713986023338634 42.98975421622538 37.664126214747625 47.357400647092845 40.400940096360955 44.57617514523395 31.88820332547357 39.155142475226285 45.30546790832989 36.83525745025361 42.097229097306354 31.760802214277646 41.17836661440788 43.01514082790254 35.9434504177716 34.648451175181094 31.78463956321002 45.538908259024765 43.90600878475766 39.5707741484498 40.647071319911674 39.455598155963685 40.442961704221716 41.300370810863456 41.57886509304956 37.688917562884626 43.17998345666081
30.812341054524268 34.14140685621237 32.59937401025911 30.713986023338634 40.182500719827544 33.86902845720749 28.378663795426746 27.158903104122828 30.721688245593896 31.88820332547357 38.26072952547099 32.085673637287414 34.44048150157346 30.746695026692123 30.249772458191728 32.18980081869324 22.899842982761584 34.5216430454758 27.00240080576839 31.78463956321002 28.527101336923238 28.240812665112117 36.90285293992895 29.596531178251666 22.98655275663566 32.72075935433179 29.27939694249676 34.31742227067764 24.65205168251987 37.52464315571649
24.065249750753992 22.905991134173064 22.33456569610621 23.995472929267976 26.267352145410086 14.56109796845135 21.248290683712526 17.107136116978722 23.735801044554137 25.97737478223644 19.042237558526836 22.489518790790726 25.324030391128304 19.712122320049616 11.562206623577481 21.215286883539193 17.08877584478239 20.189448035000282 23.48296721038298 19.12272194919376 23.071159129535772 23.233148989270376 19.559430685386587 24.278453960326033 13.466369471587768 21.617064019118857 18.82198571503568 24.083080215910627 16.284410475637515 25.007546230765684
11.117513698675225 12.578446323905496 10.44190287265576 9.976601174788698 12.449766545050352 12.133357014727608 13.960152826983403 11.823094668996191 14.191016300360047 13.542925707458608 11.458215419625276 12.69500562706014 12.186600596682752 10.1068943328371 9.218069454979855 11.886100014762405 12.541097639784311 10.652826058766777 14.233123707908248 13.719184327425069 13.269819567728405 11.836936775601544 11.45973002354026 14.150808274401129 11.304200460373863 9.151461617157224 14.532087492495407 12.100502295368301 7.767017028783016 13.490700756080173
7.862046516565215 5.916769184221721 6.234735055857641 4.883095591138044 4.9960027074029085 7.213931705417849 7.258041045668961 6.243347413545962 5.245032691690767 3.6435468193185443 8.191498008399208 5.47883563660173 6.994169124981909 7.526853622589442 4.763787647768709 8.736655271979544 5.155023027643438 7.088717503838097 6.6965273680008295 6.995324519862265 5.995604579900146 5.4087651807138855 6.183876204128069 6.410168928029407 5.578684694484423 6.195109949701191 6.356656319293279 6.962028749798151 6.174531900449097 6.3125764531623645
2.0761774904469803 1.2808623152670862 2.3193308922116103 2.307928947500045 2.019746811936443 2.193437858661696 2.3810204088290448 2.2780810168200105 2.273965840909682 1.8811143145353526 2.265159972771812 2.1899180062450796 2.322834631364344 2.5399250357826304 2.2247731066900087 2.4772425621853245 2.3476385110189995 2.573042744984491 1.9339766725507843 1.9611263109442234 1.7434644787990692 1.3702759272468938 1.7804017888378212 1.7353846982812229 1.706332526105598 2.642995029069766 2.6022085116063636 2.4040817359879156 1.774795724109822 2.1539651142710454
0.27660262836070615 0.34644764712982123 0.3229024003859422 0.4762017706249253 0.32944727406083985 0.3948838547730702 0.4045584533096189 0.47401299776993255 0.2316524799863373 0.32444751707737396 0.41006382978798683 0.3281113944601657 0.3992663227294315 0.3236789692809907 0.302820544623728 0.41946463489443886 0.29728183889972115 0.40464661089743004 0.4611386569475826 0.42012640519988054 0.30777542429132154 0.22279566558961506 0.3716953119110258 0.3288113201259648 0.3161891963731023 0.3328024918439496 0.3515110595483293 0.4777475781004341 0.27372929566183757 0.4106440627540451
0.019944687904512648 0.011467307042380526 0.012176379548463956 0.01762826319782107 0.02221596504136869 0.014810746354100957 0.017216746735812194 0.01790522894134483 0.02071978605147251 0.018674567168204703 0.01676514861924261 0.011360301601371248 0.010135427862905999 0.024391562007053835 0.01345336774511452 0.017778760043597686 0.014282647895242917 0.020397827711121863 0.02347354334847296 0.01332006360610194 0.015327934805782206 0.01106574307448227 0.02320011853066717 0.016885162757830585 0.014553092364621989 0.02289078295643776 0.017019268382455266 0.013906156921279944 0.01598848703179101 0.014791588950174628
9.72552578559771e-05 4.619215485490713e-05 6.186571374655614e-05 9.238053746685182e-05 0.00010248834564663412 4.408744905504136e-05 4.220453593006823e-05 8.667752615565405e-05 8.953555447988037e-05 0.00012251126781848143 5.315896873980819e-05 3.580114571377635e-05 4.5705112597715924e-05 8.203415836760541e-05 4.214875957586628e-05 4.7209624540300865e-05 3.983646649885486e-05 9.620816172173363e-05 6.051519903849112e-05 7.89462962984544e-05 8.982320468930993e-05 3.274301207056851e-05 8.955376495123346e-05 5.062698619440198e-05 5.7645278388918086e-05 8.223575105148484e-05 8.66198507765148e-05 4.3152314219696564e-05 3.388127652215189e-05 5.629060797218699e-05
1e-08 1e-08 1e-08 1e-08 1e-08 1e-08 1e-08 1e-08 1e-08 1e-08 1e-08 1e-08 1e-08 1e-08 1e-08 1e-08 1e-08 1e-08 1e-08 1e-08 1e-08 1e-08 1e-08 1e-08 1e-08 1e-08 1e-08 1e-08 1e-08 1e-08
1e-08 1e-08 1e-08 1e-08 1e-08 1e-08 1e-08 1e-08 1e-08 1e-08 1e-08 1e-08 1e-08 1e-08 1e-08 1e-08 1e-08 1e-08 1e-08 1e-08 1e-08 1e-08 1e-08 1e-08 1e-08 1e-08 1e-08 1e-08 1e-08 1e-08
106819.0 106905.0 108356.0 107931.0 109450.0 107676.0 105868.0 108016.0 109534.0 109868.0 107421.0 106733.0 106303.0 108016.0 108016.0 107249.0 106303.0 108778.0 109114.0 107591.0 109114.0 106991.0 109785.0 105084.0 107421.0 107249.0 107931.0 108016.0 107335.0 107421.0
