292.20030307671414 247.7232662033125 328.0247778253315 466.5491492761121 229.5009137206498 121.99632662099248 301.64841074529977 86.39277910298597 152.95910832323807 313.2798035414444 77.07740537130121 79.88722660904978 384.97739556981014 96.66963117278556 120.24631297380938 211.03697939092035 417.00227881803175 73.45873117342353 70.21992603684885 256.8725065473941 271.90176275032263 214.90134095024587 151.3299097557856 590.9955020579755 62.30680594377054 200.91983793859208 126.8818976869652 426.39299705732947 135.7194073778237 250.6439177950483
292.20030307671414 243.1819705025464 307.1275146052394 259.72083702683676 84.03574763828965 121.99632662099248 301.64841074529977 86.39277910298597 85.7638092336897 117.16679200272165 77.07740537130121 79.88722660904978 284.88656297965554 96.66963117278556 120.24631297380938 211.03697939092035 108.09449350155683 73.45873117342353 70.21992603684885 256.8725065473941 271.90176275032263 214.90134095024587 151.3299097557856 194.3949920570749 62.30680594377054 200.91983793859208 80.320365072404 102.24038735261911 90.0885099271004 223.47984619504132
112.2601917083689 54.742628920799234 157.03746663701077 198.57961642105693 84.03574763828965 73.76327631982758 118.3966466859847 86.39277910298597 65.38948005675911 117.16679200272165 77.07740537130121 79.88722660904978 153.23699338953247 96.66963117278556 120.24631297380938 98.20587320783716 108.09449350155683 73.45873117342353 70.21992603684885 134.02286228566754 144.20337073779774 125.35209481515494 78.5441306964185 40.066885688013826 51.30027419567159 65.92359654509983 80.320365072404 94.34413224794253 90.0885099271004 88.37885786254174
112.2601917083689 54.742628920799234 85.93551165215013 192.86214564330567 84.03574763828965 70.79435463033178 77.19100802341609 86.39277910298597 65.38948005675911 117.16679200272165 77.07740537130121 79.88722660904978 153.23699338953247 96.66963117278556 103.32921459539602 98.20587320783716 108.09449350155683 64.31149058575966 62.25886549034749 81.8157135076467 144.20337073779774 85.25996491628712 78.5441306964185 40.066885688013826 51.30027419567159 65.92359654509983 80.320365072404 94.34413224794253 90.0885099271004 88.37885786254174
112.2601917083689 54.742628920799234 56.55361905276868 83.16685363593342 73.32190368490592 70.79435463033178 77.19100802341609 62.358501500834336 65.38948005675911 103.7499544670186 77.07740537130121 70.77556455074864 61.8001155460247 96.66963117278556 87.11634037874046 85.73150011862163 85.04511785097657 64.31149058575966 60.85297230785727 62.89273732241327 64.04137736678422 48.46253856644353 78.5441306964185 40.066885688013826 40.73366860588567 58.28599435504793 70.72609705394916 64.27886394977622 68.91973982603031 61.473981348714915
65.5497010144918 52.048244306712604 55.922183230798964 79.12854134242389 55.91478181428147 53.71916046284332 61.32065834176274 45.74098723719817 59.463500431710145 64.97442519616516 55.005604842474895 40.3633802014042 40.06617070856464 54.534690402235356 42.40849709047552 36.43110575064111 46.685616668118655 37.25771982059632 54.35852434478147 48.17140617202767 47.504468094971344 46.065974424622254 47.459192790777706 40.066885688013826 40.73366860588567 57.55172363086331 54.69150524938277 64.27886394977622 41.19384395008774 61.473981348714915
40.466469510658044 38.03553574926991 50.33288685084335 37.7241500368973 41.277455266850666 40.304075621440006 44.37530515703838 36.3489017687707 45.8858442225669 56.720420061472396 42.26016843498974 40.219091799560374 39.32071143169378 37.457068754946704 39.13498078835619 36.43110575064111 39.244563835502504 28.76193649622337 39.28619944386037 47.486924675386945 45.577844282981914 46.065974424622254 37.798607331812036 35.743021155288716 40.73366860588567 45.81375805092739 42.34271241796296 50.12394437906505 40.50411616174733 55.771565319944784
40.466469510658044 32.641576337092374 43.64274500547708 37.7241500368973 31.672079186435894 36.762920465046136 37.28391078528557 23.94542000127376 35.35339491458171 42.49364478032885 39.8951008120016 31.844908843659596 36.43724594937066 37.457068754946704 39.13498078835619 36.43110575064111 37.80100349113445 28.76193649622337 34.26318647208154 34.359136973897876 39.714110791244366 31.55496416022197 34.36883229443356 35.743021155288716 29.77078089532006 34.864948266628744 33.01441195352345 40.303032720610645 36.785433662104424 38.44075042423583
28.417350698309747 31.832064558288494 27.725945756742476 30.262837690023844 31.1310485379513 26.71452321610832 29.581829256904257 23.745873237430715 33.77125425466966 29.232917549193644 31.623519823219794 31.844908843659596 29.90794648465817 28.247620796348656 31.03158028957887 31.467396917623773 27.172003894303543 25.742650408162717 31.521391658235643 30.97025058578356 33.969122635695385 31.011584591713927 30.78578043746211 31.56147207957747 29.77078089532006 33.24310090206927 28.536087910007154 31.92664436911309 28.792676072530412 35.74625041013405
28.417350698309747 25.854434234842756 26.073895421644465 23.239942361026806 27.41637806913195 26.71452321610832 28.77672623993567 23.63714557376352 31.03724097266968 29.232917549193644 30.637703267238066 27.174909047033907 28.1765634344074 26.050803210944196 30.144086553167654 28.795847971341118 26.728694507305136 24.203047396463717 27.743468783578464 30.97025058578356 27.894342279658304 28.671788034637302 29.17614141189324 27.46618613625742 25.651030573559183 25.265628385444415 27.388509566042103 30.532622709592943 23.702771131727786 22.61189320492167
27.57655610529855 22.990025454487295 18.35408887285803 23.239942361026806 26.615448640789964 26.099185461199795 18.76792110237784 20.770686612333066 26.936871867709215 27.48394832398253 27.104611861118883 23.191700127944387 25.896045823672466 23.937654532518536 27.77892844642065 25.930582093850262 25.606925810564462 24.203047396463717 25.28333297908921 20.736742170544858 22.895787491936062 26.30950778709166 25.259549700139814 23.216034732712615 24.92629843709119 20.454457062449364 25.171951091013398 27.095485679504236 22.66766636423472 21.341228635389143
23.235628240114238 16.310494595742966 15.307516267040228 19.83506246203433 24.035487710293637 24.61085765707594 16.366885523756537 18.019998340323582 24.755006801822674 24.810486032753943 14.095740930821194 20.71274104962322 24.625979246101906 14.957776736755022 23.146041043287823 18.111494765004863 12.2036711047067 16.26316574010889 19.149166965964923 20.11150445869589 18.2334284346407 23.276039120409223 16.209224138439822 21.0755477813168 17.19127406046664 15.08280902892966 20.593119327592376 16.81421793741947 21.818554008424144 19.52638272366812
23.141505401458744 10.194833305353313 11.326600077103649 15.554363330678825 7.677842392990442 23.352750507518977 10.837700871897141 11.017514337766897 17.019668956537316 13.988140675203795 11.798952623496007 16.422343269262456 17.677345660141327 13.124335180494654 19.588228928045282 15.552141326069886 12.2036711047067 8.664280934984163 15.260342700009915 15.661582570246992 14.916548388977844 22.932145524082443 11.350592147915904 19.898124242248286 16.487712031531828 8.590503699555939 16.67375073987523 16.81421793741947 16.428196982340523 14.908497494969652
22.148162402729668 7.897815045589141 11.108993539254698 9.55702372542055 7.514387251346761 11.971676669649696 6.063324038118935 9.238223974312405 8.779544604058174 12.245109561605204 10.491582240354091 11.32199295979808 6.518746426745565 8.470690959166859 6.591790006802967 6.057371870633688 5.390432589146258 6.41240373861956 10.281295104147375 11.863110056584901 10.875840196791614 7.4407116755533025 9.145578307101005 18.521456432275954 9.661524132361592 7.39856879477793 9.462589107094573 11.762103852411201 9.135612259153731 10.05142873166551
21.42347455993604 3.556625756894846 3.3233524011184272 2.912672268167171 5.348880478625233 6.796166410335445 2.334828395945351 3.223721452704467 5.557558118243833 6.018843874880986 5.040606187089907 5.692459398598658 3.3673298446287845 2.9567274032724526 4.936366120434286 4.130931331965257 2.117994041631846 2.995097750248533 6.2942972678824844 5.538641067374556 2.2597268215931763 5.9482068099623575 5.037748337143512 5.773559168343127 4.994386807632509 2.153908594433233 2.9714276654831338 5.48786191425188 3.0366601979480947 3.871261031049471
20.110867954141213 0.00671879255969543 7.804761025909102e-06 0.07894512515031238 0.009884684892767837 0.1126878001255136 0.04673312063096091 0.6288747902390242 0.019823103823455313 0.08584231080521931 0.05069502197738984 0.08966059281374328 0.057614708334313036 0.6517332703465399 0.01426957216062874 0.013530903743230738 0.07112418983115276 0.0423129377281839 0.03282408609356935 0.0009504839190412895 0.00029692648922718945 0.01982545792861856 0.013882615963666467 0.050940949838604865 0.032163474704248074 0.04463648666160225 1.0739544904936338e-05 0.02722132702547242 0.010947400790882966 0.11425862225632955
199997.0 199997.0 199997.0 199997.0 199997.0 199997.0 199997.0 199997.0 199997.0 199997.0 199997.0 199997.0 199997.0 199997.0 199997.0 199997.0 199997.0 199997.0 199997.0 199997.0 199997.0 199997.0 199997.0 199997.0 199997.0 199997.0 199997.0 199997.0 199997.0 199997.0
