390692419.80799776 1088103898.0997145 311073966.8045301 581893378.0378721 311109768.79251987 476267669.25261855 502458769.18122715 850688298.2961705 770312035.7772887 591764410.5637043 728896155.171 412745872.4436802 995348014.1123718 111820163.25368662 497669679.1438956 76640724.77236347 24077101.67367987 945426841.6382726 336788473.6961318 531480260.0046079 176901234.55814087 505701925.98433083 202906020.38651237 982980478.6936172 593578999.8942937 368984992.7937047 1003565603.7447003 90131514.06775579 257174519.97862914 204213752.38900882
99038699.03471974 713765424.5248318 311073966.8045301 187993081.60591987 311109755.1621986 476267669.25261855 371433504.6535737 627969347.5503795 91856562.151064 265522200.88314047 410708978.8432057 39066153.53212279 694661187.3604901 95273610.9659316 394938645.7019797 76640724.77236347 24077101.67367987 486937922.7834637 336788473.6961318 421729151.4152247 120002193.40070115 331925424.4155692 202906020.38651237 228593482.48672032 523219698.2393145 130534284.27839473 203633978.95111534 90131514.06775579 73696136.39457294 204213752.38900882
99038699.03471974 453304256.611744 81065532.98059106 187993081.60591987 311109755.1621986 11288118.37154169 300019619.670278 463565674.3837092 91856562.151064 265522200.88314047 46322277.89967514 39066153.53212279 69091440.91231918 95273610.9659316 106879779.51738964 61379986.05344546 24077101.67367987 226846278.36519033 107420967.70890704 35591295.43736665 120002193.40070115 331925424.4155692 84483414.30382374 228593482.48672032 295021404.00485826 130534284.27839473 184697697.44596782 90131514.06775579 73696136.39457294 189715028.82727712
73727186.79433896 215797281.5235331 81065532.98059106 187993081.60591987 60101886.28500155 11288118.37154169 287635906.48591506 368067952.4793093 91856562.151064 265522200.88314047 46322277.89967514 39066153.53212279 69091417.38598172 95273610.9659316 106879779.51738964 61379986.05344546 24077101.67367987 226846278.36519033 107420967.70890704 35591295.43736665 120002193.40070115 26007955.956500236 84483414.30382374 169880178.3560229 295021404.00485826 130534284.27839473 184697697.44596782 90131514.06775579 6217332.606140124 28930335.41770485
58241035.439840734 34848281.63776676 67761932.09129189 87679284.4918468 21174510.386859633 11288118.37154169 32418688.031097393 169070147.52332985 91856562.151064 10962155.156426154 46322277.89967514 39066153.53212279 53770379.40449557 33423951.692522947 106493081.03740543 44857700.81900015 24077101.67367987 137717057.60704893 54998219.30258582 35591295.43736665 36853428.92540385 26007955.956500236 29061364.56031671 28981973.14838402 116167207.80207337 90405821.24710764 50836201.44523474 4111244.2513885256 6217332.606140124 28930335.41770485
51916445.688664414 3897262.9226792185 909176.1768283617 3190180.3870300194 20053819.045135695 11288109.98277071 11641352.530283157 30295117.2488688 12376891.430482663 8667465.918276427 16567573.97333067 36574853.229352675 3879303.647280946 6935084.699223233 42757734.45670833 20942434.210327353 24077101.67367987 78376371.91005406 53350631.5543268 28834951.197121523 7995203.173186548 17819580.664287005 29061364.56031671 28981973.14838402 91522143.70981632 62486844.59157885 6293523.100777478 4111244.2513885256 6217332.606140124 28930335.41770485
26368836.000813033 1600472.8129754919 909125.5718282337 3190180.3870300194 15369935.332381165 458492.87156066694 2720540.271488069 7247309.059192709 12179138.280920738 8667465.918276427 8686074.579829812 10822096.089289237 3879303.647280946 6935084.699223233 10621000.620737305 6118654.470821039 2356780.5968271317 3507178.2615741976 3466745.4798023603 4080912.9562817644 2606494.502843305 17819580.664287005 8106653.075099366 17809826.07287365 29527255.855518606 7916306.919927646 6293523.100777478 4111244.2513885256 6217332.606140124 1764722.612693907
568526.3172738507 1084119.1265182048 704135.7823477093 380125.7313772577 1996728.575968883 452043.3064141305 1493956.3832216386 890280.2097698295 2226896.512856465 645525.6857656803 1987681.0746466639 2696232.109190308 1934412.5032884986 1706840.6359443364 1486441.4952321416 4274121.4515497135 2028127.25213447 1663556.6408507028 3466745.4798023603 1377907.955917808 798839.8588840166 818092.2320675576 3913702.832477609 4570563.22623885 3687603.675259478 3223289.576790326 533981.4331832766 1138304.4517101978 2234127.1436287244 800854.9185650533
246165.91689243368 664583.9069495178 129682.08744370894 27399.052478515263 158413.85931225313 452043.3064141305 353188.74252193695 713434.7099470167 362216.17183253187 645524.1629649957 352344.29810259066 509349.9706688473 243350.62823749383 578102.1479526575 373693.96658549743 374666.7177779837 419585.1732905586 278644.2149569598 456715.31678625586 359567.4265173049 183615.83556483054 162342.0740280861 94099.79841299682 445531.0103192062 496516.89729535644 306586.0828448615 533981.4331832766 188522.83024482641 457290.2811260377 369809.86231014127
7643.409330441404 35346.2722899068 28265.911267722182 27398.230061015525 51250.37896895854 23161.485407850385 5434.260486177527 18453.89495255178 34471.494553240234 88512.87977487598 17030.97070217117 56048.79618625234 39380.91181483473 55581.608127760795 38797.355104203794 54314.249217131655 11880.33012794053 11672.73059319155 9517.758981224833 33065.871058580145 40941.80332123797 11591.497192272043 62693.85756143123 43810.91930533907 25397.686712374478 44939.32179176095 36036.51495045066 45635.45690285417 10622.986655452454 55394.138825353555
1373.387609123523 2442.298534796575 4632.012067095411 2348.4894092553113 8424.965328249004 6188.291663569824 5088.139507254235 2300.831573384392 4542.207633926624 20476.63628993557 2801.1098197201027 1621.0930247020688 4357.8719044989375 1664.2612890691275 4994.393698836484 2663.892829392984 3601.4294395503966 4893.395331864077 5756.776528553567 7110.529772868285 4921.543343947342 1968.0701747909065 11062.668309274433 7009.116431261948 2488.0992601877515 4099.246584667762 2092.782903545657 868.7959000576238 5869.5188549238055 6022.468372427869
409.9650970261632 577.885842101347 357.2438662308673 800.3887371195715 586.0111742499271 304.60289359865646 370.0682550734382 258.26028261672354 647.4504204632326 146.7099382500444 526.897644343082 606.2590654373853 159.5474956164826 447.62271474824547 627.0888808531909 575.9861791518151 498.88982778152103 492.5367410029935 492.0140980708852 503.80154190789517 437.7390841773977 628.514982299007 1039.7328483725937 567.5643643143658 339.5636733076781 73.10184326098761 420.3025578632614 385.09681289715627 289.6450974963159 729.1137146286446
51.22048861877556 71.01358331522874 38.09673627348434 55.823438471065174 54.08002354734663 66.034695426609 84.73433917853936 45.42171717526571 37.7595531070333 60.901628072996346 66.50581686955957 47.888751515478816 37.58569679542347 34.22814700328058 71.69705794425545 83.46349069264033 49.654283786944006 36.16714509272492 85.35732501899747 50.3411531891345 58.88217122275955 33.29555372916411 46.53564249208216 56.31460627658339 59.998342719826496 55.825658726754455 51.17323778782065 70.04957346463834 68.61131995581422 55.12398036212744
10.652566182345026 3.1004027360609143 6.970924139766794 8.261027176563857 5.225812041142262 5.641079376207699 3.011382884517843 5.748708200583906 4.664161555639566 5.408697006954526 7.60219767731428 5.382697169278799 6.828294475941902 3.782154325358988 5.114627356600522 6.239320274431748 5.376973807567538 5.518950182607341 3.13324068291422 7.173096249967557 3.648775574972433 5.6765152115651745 5.206327338912615 5.21643040041522 8.799473202052013 3.8420739846753804 6.441039916601085 4.3304597952246695 6.313908590541587 5.353686292024122
1.2637291588926018 1.365352924939316 1.6314274440271674 1.3054814410779727 1.7522542956971847 0.7864188168102828 1.7426783874666398 0.8178544597410564 1.0473148645874062 1.339879310074366 1.303869910481808 1.1544464999988122 1.4875313208367515 1.2672347684235774 1.0198654416396948 0.9260328381672025 1.2881332489239412 1.5743778503551766 0.7091661727909013 0.9087401489246076 1.0244371613400745 1.5930357776774144 1.3244246445292447 0.8755989606495405 1.064554197972484 0.7998089729246658 1.7091647824947813 1.2278050955460458 1.2499729989556272 1.377469469274729
0.4160574674192503 0.46020220566992975 0.1623059082724012 0.21816985989494242 0.12527067834116679 0.26403968105887543 0.11428218434434712 0.2755573639915383 0.04615289772436881 0.19922560781310494 0.20237956496248444 0.06691253459439395 0.178104016415773 0.11509664922800766 0.2418948216886747 0.09263767154698144 0.14111178489133636 0.21343620633865612 0.2783001838781729 0.19363570282007458 0.37820965164337395 0.08000632163953014 0.13719208774978142 0.11571652689917755 0.17227500205331125 0.39900892736568494 0.17245344889852277 0.33273226749497553 0.24032456348186315 0.15247835159539136
199997.0 199997.0 199997.0 199997.0 199997.0 199997.0 199997.0 199997.0 199997.0 199997.0 199997.0 199997.0 199997.0 199997.0 199997.0 199997.0 199997.0 199997.0 199997.0 199997.0 199997.0 199997.0 199997.0 199997.0 199997.0 199997.0 199997.0 199997.0 199997.0 199997.0
