5982.051238754818 4728.747936351614 5914.2622924515435 6394.004779299307 6288.777378828261 2823.825120125772 5235.9407111602995 4000.985252858589 4714.551691343499 6554.596846453121 3559.0973148154685 4996.6272222973075 4965.279417541785 3085.1473997008984 3541.1656049396615 5930.1899549219725 3460.425842119921 5868.811988106391 5258.649554591904 4203.715305728464 6192.306856587052 5638.604095193061 5592.7689174484785 5244.009491751072 5831.465198573587 4546.792119898426 3757.957264568804 3243.229501559982 1538.4869362334364 3751.7775312815384
5027.635906797822 4728.747936351614 5215.703166332941 4966.175652232693 5150.167694738795 2823.825120125772 3006.7411282530684 3484.860944523436 4714.551691343499 3786.7192402352684 3559.0973148154685 4996.6272222973075 3613.4385959228134 2059.9928990506196 3541.1656049396615 2268.3650658192078 3460.425842119921 3618.388669030926 5090.68588933758 2636.7503011244717 4860.243361930386 3974.4207568199745 5183.550247614044 4218.229755583037 5831.465198573587 4167.722054658177 3757.957264568804 3243.229501559982 1538.4869362334364 3751.7775312815384
2929.204263099528 4081.3825817747665 3595.259149340435 3264.3181085535793 4792.8487819328975 2258.633792270359 2424.998249266274 3382.9063665160547 2841.877454022975 3759.031763916648 3240.0521931401163 3813.5612400842774 2340.016309449238 2059.9928990506196 2590.273704832768 2268.3650658192078 3460.425842119921 3618.388669030926 3865.706687063065 2570.8031664184077 3931.711770334431 3039.7166569851242 2688.6860596340503 3783.1163900177344 3066.374193392514 4072.0905749807716 3383.7357098763823 3243.229501559982 1538.4869362334364 3751.7775312815384
1799.006376686356 2834.44543856271 2354.237481843444 2994.8190995955088 3608.8474401331327 2258.633792270359 2053.6791618392967 2266.742724149728 2841.877454022975 3375.1966178026396 3240.0521931401163 3813.5612400842774 2340.016309449238 2041.2563835535889 2590.273704832768 2268.3650658192078 3334.8327416287248 2493.423085150746 3696.110344675616 2203.5126812295052 3867.5049371821515 3039.7166569851242 2688.6860596340503 2718.998417229384 3066.374193392514 3581.124020141675 2839.425624075358 2226.477979842661 1538.4869362334364 2120.217508931862
1799.006376686356 2766.2807182555607 1748.2528168509734 2978.0959262679116 2885.37362606549 1809.1695462711182 1441.4276099952165 2266.742724149728 1700.823939728387 3157.8744021106195 2251.2001955816877 2904.6052611760433 2340.016309449238 1933.413599852258 2590.273704832768 2011.3812482605526 2473.3134861924223 2493.423085150746 1654.7242546887082 2070.582231074459 2235.3209899666426 1846.8338881681289 1684.3652540437902 2718.998417229384 2208.522976714178 3534.5825516089367 2502.770600358688 2226.477979842661 1538.4869362334364 1936.824458755304
1799.006376686356 2047.1762255505287 1748.2528168509734 2166.6729137872435 2663.0033316501426 1790.4754222699376 1441.4276099952165 1806.5172943271969 1466.7189218125761 2678.1999547373284 2244.691956675113 1510.3885772051144 2124.426417239814 1394.370941505962 2590.273704832768 1819.45454372421 1920.4973200124296 2408.997703339458 1271.2417314643005 1284.0288274874758 2235.3209899666426 1202.7904720083002 1675.470071736091 2066.975702120895 1681.3835132636104 2151.52381344368 1175.1463699035394 2078.148074252388 774.1930992505506 1870.9454258323249
723.9354627203597 640.3853329426429 1089.2474418247843 481.99745264575245 828.7538433339919 646.1405011405532 845.6338017595467 747.67125179663 764.352743338708 632.9465818628582 510.3212653417023 620.5517378966147 581.5584087325619 1001.4055466321017 634.761694618498 553.797497899743 605.602952105868 841.0870244730609 854.4246040419971 623.4537483639612 860.662839461128 775.72685962378 800.3713515808931 827.4746750137458 669.8164544695464 688.0354175580408 540.0834026033278 490.3392852015679 759.5382768528946 887.4682727733757
255.14956767542787 264.477161722265 237.68393861162951 237.61958482327282 294.52168694916895 232.85728070503262 370.1453515148364 244.2105672775832 261.66913140566874 290.2341529678449 333.9795006160231 227.30639176146178 180.43014737368526 315.48280296381506 286.4807532257473 185.55757238474598 416.471577884653 342.13122067311826 234.675387026296 303.1875186374731 320.174173946501 204.10396855531462 298.8554976823782 273.9714880903342 289.7524680955389 309.03259269716455 325.3278824539457 276.10509323207293 316.8357778500365 222.51675274759418
135.30637883846043 112.00933977212605 133.8452075749725 108.45634495629804 129.17182580129167 131.4120090774669 117.4139074443608 121.06526279566731 109.54013309817174 118.65979913688284 108.96618713224166 112.18757147157157 105.75548058573372 124.92921830126011 114.94455211490697 123.25246221253246 129.46877544126414 118.13133220516295 111.3020498931761 131.65340385502566 111.73933843109671 118.95085229112215 123.67487819623193 122.9088454215987 111.47061660668106 106.76672249317437 122.31002446437503 122.24295233713747 138.7034363155094 107.74052104085331
56.83963005807425 55.90408113177551 63.04103095435778 58.828664138107854 56.73302441755362 55.86550048624429 64.84164883992457 60.21106920878077 57.3088042461398 59.47808645570689 60.7973424384665 59.68559803870295 56.598403571060146 58.64671762376173 58.91861279062829 58.37622726663625 58.96441652653755 58.583159133183244 59.97363972184837 58.83240464317947 56.96523551819422 59.15848768890908 55.508611236519414 62.32288880678351 58.69420444331445 59.35247723378916 62.62157732488714 57.91457801920808 58.521888122168605 55.77655482624232
49.232586063567965 49.186202910247516 49.22999235438601 49.19717257506608 49.2046119738398 49.180899663221 49.3297122891052 49.20977151066978 49.16709172994905 49.213252764257106 49.233260923140335 49.2086939297061 49.19859344591225 49.205475460935475 49.18633911314771 49.22226261399271 49.192840424317524 49.22292197532147 49.21828832652989 49.213434948041765 49.23578978429953 49.17800519136915 49.166612598509346 49.256360962855524 49.246332006537614 49.243460237273666 49.17002281859146 49.177536730373504 49.2169514352924 49.18373572446143
49.084566359151836 49.084526488473784 49.084545367182045 49.08453874642089 49.08453842287099 49.08453983787649 49.08456740925601 49.084540814929824 49.08453986933898 49.08454409425576 49.084512537835735 49.08457068736709 49.08452355931769 49.08456163869715 49.08452947365157 49.08452489513627 49.08455753133535 49.08454367733634 49.084547290574164 49.084539386802305 49.08453990344327 49.08454929872619 49.08453642387565 49.084550775388095 49.084544261798044 49.08453631191361 49.084545092755945 49.084519221094524 49.084535133678514 49.08452200646627
49.08447897952988 49.084478979509186 49.0844789795251 49.08447897949645 49.084478979512824 49.084478979496794 49.08447897954363 49.0844789795014 49.08447897950725 49.08447897950589 49.08447897950492 49.08447897951078 49.084478979501455 49.08447897950583 49.08447897951379 49.08447897952624 49.08447897951936 49.084478979508276 49.08447897951032 49.08447897950583 49.084478979525954 49.08447897951328 49.084478979506 49.08447897953204 49.08447897950839 49.08447897950498 49.084478979507594 49.0844789795259 49.08447897950737 49.08447897949878
49.08447897948122 49.08447897948122 49.08447897948122 49.08447897948122 49.08447897948122 49.08447897948122 49.08447897948122 49.08447897948122 49.08447897948122 49.08447897948122 49.08447897948122 49.08447897948122 49.08447897948122 49.08447897948122 49.08447897948122 49.08447897948122 49.08447897948122 49.08447897948122 49.08447897948122 49.08447897948122 49.08447897948122 49.08447897948122 49.08447897948122 49.08447897948122 49.08447897948122 49.08447897948122 49.08447897948122 49.08447897948122 49.08447897948122 49.08447897948122
49.08447897948122 49.08447897948122 49.08447897948122 49.08447897948122 49.08447897948122 49.08447897948122 49.08447897948122 49.08447897948122 49.08447897948122 49.08447897948122 49.08447897948122 49.08447897948122 49.08447897948122 49.08447897948122 49.08447897948122 49.08447897948122 49.08447897948122 49.08447897948122 49.08447897948122 49.08447897948122 49.08447897948122 49.08447897948122 49.08447897948122 49.08447897948122 49.08447897948122 49.08447897948122 49.08447897948122 49.08447897948122 49.08447897948122 49.08447897948122
49.08447897948122 49.08447897948122 49.08447897948122 49.08447897948122 49.08447897948122 49.08447897948122 49.08447897948122 49.08447897948122 49.08447897948122 49.08447897948122 49.08447897948122 49.08447897948122 49.08447897948122 49.08447897948122 49.08447897948122 49.08447897948122 49.08447897948122 49.08447897948122 49.08447897948122 49.08447897948122 49.08447897948122 49.08447897948122 49.08447897948122 49.08447897948122 49.08447897948122 49.08447897948122 49.08447897948122 49.08447897948122 49.08447897948122 49.08447897948122
1000000.0 1000000.0 1000000.0 1000000.0 1000000.0 1000000.0 1000000.0 1000000.0 1000000.0 1000000.0 1000000.0 1000000.0 1000000.0 1000000.0 1000000.0 1000000.0 1000000.0 1000000.0 1000000.0 1000000.0 1000000.0 1000000.0 1000000.0 1000000.0 1000000.0 1000000.0 1000000.0 1000000.0 1000000.0 1000000.0
