339.9563034882649 315.580697900155 522.4368743456339 364.0429110079258 350.52040306413255 463.89963388105843 478.05107548169235 299.12086220314086 372.6375713131065 417.25954333147956 355.0899933349374 431.88882168796135 269.5619428999594 271.0206675490326 393.8137728664292 379.3150669565389 356.33604914701664 291.73453763161024 387.4439687126278 366.41844639827013 321.60753339378743 366.185088166319 387.5489757713185 483.09255846939413 314.4288467391816 284.2614869622266 346.199083741275 479.83073835155756 281.81326531346303 379.53497501931224
289.6553005874048 315.580697900155 428.9949830771611 364.0429110079258 328.23054848076754 451.86977092228653 361.3221002683795 283.4520376011724 248.50522933202274 351.6881724472937 338.22846644456877 301.93942871305126 269.5619428999594 271.0206675490326 280.4663509558659 379.3150669565389 356.33604914701664 291.73453763161024 387.4439687126278 280.5150866714248 296.91352989164216 366.185088166319 334.1803335591985 387.304001547418 314.4288467391816 284.2614869622266 274.92101632437607 258.44961349169125 260.9269194333401 379.53497501931224
289.6553005874048 218.38635261838272 345.2008194845316 267.7636743922594 321.2749817069639 306.3192349727301 332.3373620759753 283.4520376011724 248.50522933202274 273.6459071853119 302.3051982905663 245.52857987342577 269.5619428999594 221.16049504767716 280.4663509558659 203.6837599485384 356.33604914701664 266.818903413317 351.6604614382636 280.5150866714248 181.34514631719958 340.44538217718537 334.1803335591985 304.4634385463519 287.6009049394015 282.7246815520507 257.29750951831056 258.44961349169125 205.35185604361823 343.643764938216
188.81270159002497 207.72906117360662 293.04101899192074 267.7636743922594 222.73605276110766 288.6143294095564 270.6026578870801 283.4520376011724 248.50522933202274 233.13656686087643 302.3051982905663 245.52857987342577 240.20393964325604 208.13435193397254 280.4663509558659 203.6837599485384 291.01691938709473 266.818903413317 315.07913952050103 280.5150866714248 181.34514631719958 318.27298762730015 252.90102161194545 216.28665599811848 249.9379335154349 270.16696984939654 220.25706210177532 228.35367007456716 205.35185604361823 184.3817465698603
185.36787915088235 188.6698321719614 233.23852313727548 214.16883599689254 182.99091272626583 202.94570620765717 216.64784553939808 182.90420615544735 214.03570977343725 203.66393595431055 178.9769271087721 204.40767872054448 231.2550854649371 191.07815849829785 213.09838110796272 173.7214742781298 215.22737886746063 197.0575826508839 203.33127823838095 190.68667812864533 174.01964945876261 220.14437655502297 197.94906938075383 184.5996979775332 210.25795208709587 217.3384595513603 204.49475089928728 179.6952916219111 203.83352832240553 184.3817465698603
173.58408260964188 180.3773673986134 179.336291995789 172.92913509362688 178.1838463749673 176.28411255629135 181.54048058854096 171.6095386959223 184.27869139309132 176.72569698000734 174.3221137600649 174.4326604590501 189.80486236554725 171.82774643484436 177.64790196492913 171.8933793385604 174.50676994577452 173.51478109706932 174.43465195190947 190.68667812864533 173.76125371589706 166.0142788209514 173.8242965176405 174.78402914021763 177.67507946208798 182.19719297741403 174.18733754626328 175.26320934455634 175.66215917270392 173.21324484421984
169.2010088189195 169.64010802728762 172.82404263424496 169.33855125991977 171.14994584091073 171.85599086924913 171.75482004301512 168.76763459507356 172.27117044749366 171.0022637265056 169.4646045924137 169.4404900139275 169.38686904432052 168.24505181053974 172.02715977031903 169.55550321867395 171.4584866965056 167.44676019945337 171.44890595440484 169.05284519707857 170.50660969329783 166.0142788209514 168.14003067539034 169.02917072282344 169.48540763589472 169.1654828422238 172.36049707147276 169.4436928338023 169.79873834382443 169.489615409851
166.77660645149035 165.58242518366023 167.6021683330764 167.519291203982 166.26076483742054 167.03492877025064 166.2169151745261 166.54363526806537 167.1323679790985 165.2192027710471 165.83090769254386 166.95962677961052 168.2001635803158 167.2232220622077 168.21753017124456 165.32749508682627 166.54917293138806 163.71003240290247 166.04615265116172 167.48282479067984 166.43590977157146 165.5552560015817 166.9156184622434 167.9158291235426 166.80390184840644 168.77347442189648 168.1681685145577 165.84224505164502 166.68213346284847 166.9558810146309
164.357098015033 163.5800429218025 165.49364602047808 165.4668433525203 163.46078417161425 165.39112704664467 162.82181604796642 164.47440554962122 163.61539661318375 164.2883533648669 165.66834926270803 163.37015028305132 165.0617286403417 164.83639337936575 162.78020638125054 164.46928128524496 163.77630875715886 163.71003240290247 165.11858019744705 164.73849607395914 164.12143914241278 164.42494714596432 164.48589627797082 164.9935789880269 164.4123279438968 164.94361596244744 164.44850084075279 164.73913532159395 163.37130997017084 163.55690725279237
162.63990405863842 162.5941714776368 163.85183435124918 162.8529374246982 162.00788942753843 162.83024790083846 162.1393398397213 163.052015863012 163.10167333656636 162.98130849312383 163.73419102379785 162.39216226463986 163.60601481383037 164.03375105820214 162.74664313497306 162.1321145804145 163.49858035038733 161.01505488656903 162.25191602297173 163.73647327056096 163.2759304980732 162.77038669142485 162.25781856003096 163.16273034974984 162.8297494425069 163.29290609313466 162.9635255055441 163.44070204800255 161.9436389250377 162.78008502560442
161.70625211667812 161.98627294434027 162.53866763123006 162.3222918477045 161.95595344825324 161.8793415222808 161.71146990103853 161.63713399765402 162.0976725698697 161.8538671935512 161.953351423409 161.40305504124717 163.02972208566553 162.03175446416162 160.52693544980684 161.66409803154465 161.6697448067457 160.86046652641107 161.61577130416663 162.26640262037563 161.65595797852166 161.79774241937002 162.0651231140646 162.3675935246497 161.64255934955827 161.85169718156067 161.73367387754706 161.91648093711865 161.7242500907928 161.92159978396012
161.28318516483978 161.44231873540866 161.4552610001706 161.4781908980276 161.45501821495873 159.9072828543931 161.43076036403136 161.45096647671244 160.09201562889803 161.43287528429073 161.4909411887229 160.14485693535744 162.84554029217543 160.7936351398198 160.1700450464682 161.43786964314722 161.42883082655226 160.5176489563446 161.43899333915215 161.49876314743005 161.45231573068895 161.47389584761459 160.56506385200055 161.53843842978904 161.40946876286853 161.50201233839698 161.43273285111945 161.43523386101424 161.42588599068404 161.43798429472918
159.55606531414105 161.4048829812432 161.40488118123176 161.40489488684943 161.40488324044918 159.0967628878061 161.40488099433833 161.40488192373869 159.05867109388373 161.40488143452285 161.4048907624524 158.8025277569277 159.77563775974886 159.75831052787726 159.80220032351053 161.4048813846439 161.40488096972103 159.56225063994543 161.40488136284648 161.40543539840337 161.40519149887996 161.40504694400443 158.85937796180042 161.40736488716948 161.40488080003524 161.4352862911246 161.40488112248386 161.40488102806648 161.4048809910655 161.4048812093024
159.5437762868496 161.4048807587492 161.4048807587492 161.4048807587492 161.4048807587492 158.61854398731612 161.4048807587492 161.4048807587492 158.61845867652937 161.4048807587492 161.4048807587492 158.6184144627341 158.62439687227516 158.62493151239823 159.65347283270967 161.4048807587492 161.4048807587492 159.54377628709426 161.4048807587492 161.4048807587492 161.4048807587492 161.4048807587492 158.61846956215095 161.40488075883422 161.4048807587492 161.43526768236006 161.4048807587492 161.4048807587492 161.4048807587492 161.4048807587492
159.54377628679686 161.4048807587492 161.4048807587492 161.4048807587492 161.4048807587492 158.6183545597878 161.4048807587492 161.4048807587492 158.61835455812616 161.4048807587492 161.4048807587492 158.61835455867504 158.618354574151 158.6183545793815 159.65341678247842 161.4048807587492 161.4048807587492 159.54377628679686 161.4048807587492 161.4048807587492 161.4048807587492 161.4048807587492 158.61835455812707 161.4048807587492 161.4048807587492 161.4352676774106 161.4048807587492 161.4048807587492 161.4048807587492 161.4048807587492
159.54377628679686 161.4048807587492 161.4048807587492 161.4048807587492 161.4048807587492 158.61835455766823 161.4048807587492 161.4048807587492 158.61835455766823 161.4048807587492 161.4048807587492 158.61835455766823 158.61835455766823 158.61835455766823 159.65341678240293 161.4048807587492 161.4048807587492 159.54377628679686 161.4048807587492 161.4048807587492 161.4048807587492 161.4048807587492 158.61835455766823 161.4048807587492 161.4048807587492 161.4352676774106 161.4048807587492 161.4048807587492 161.4048807587492 161.4048807587492
199997.0 199997.0 199997.0 199997.0 199997.0 199997.0 199997.0 199997.0 199997.0 199997.0 199997.0 199997.0 199997.0 199997.0 199997.0 199997.0 199997.0 199997.0 199997.0 199997.0 199997.0 199997.0 199997.0 199997.0 199997.0 199997.0 199997.0 199997.0 199997.0 199997.0
