2148.1850164580264 1172.9996712972916 2047.2254835452604 2123.344846801305 965.7357364432141 1213.0173079569995 1141.4336926486876 1383.173780409721 2232.331198631129 1085.125951265656 1593.0614428461895 1481.434631054528 702.4801866109347 1089.23386852676 1458.025422945252 1753.6437395299718 1097.8619586692557 1567.4182570828998 2320.4431860267377 1456.2859297338919 1436.9916528342706 862.4973681341908 863.3369633951424 817.3202382622108 1671.4726877271169 1129.0219981511227 2076.689610315985 2255.9013320538734 1240.7342149492988 1424.2227099864276
1721.063923965945 1172.9996712972916 1081.8120108637704 2123.344846801305 965.7357364432141 1213.0173079569995 993.7353756803886 921.3274151459696 1346.0883178856193 736.4568421873146 411.40695699837715 1481.434631054528 702.4801866109347 937.2487893728012 1458.025422945252 1348.146740842045 1097.8619586692557 1567.4182570828998 1048.5959513220805 1456.2859297338919 876.8513047588672 814.122327594594 863.3369633951424 817.3202382622108 1671.4726877271169 1129.0219981511227 1408.7942434543684 2255.9013320538734 1240.7342149492988 1424.2227099864276
1344.987402535031 1046.3614997402128 816.3673282119703 2123.344846801305 948.7941354742588 1161.3681606953296 993.7353756803886 921.3274151459696 1346.0883178856193 736.4568421873146 411.40695699837715 1481.434631054528 403.92226303283314 561.057193002242 718.7633468911954 1348.146740842045 946.29304073699 871.1167105140225 1040.4109473446742 1163.6895373249945 876.8513047588672 809.6900342489866 774.7381576948715 594.2143507152146 1671.4726877271169 1129.0219981511227 990.4024877392876 2204.2774300029705 776.6151779991969 1418.960081077139
1175.4112122518745 1046.3614997402128 816.3673282119703 1055.4292378869895 605.5492013392272 695.6998092938188 993.7353756803886 510.372779933688 1346.0883178856193 736.4568421873146 411.40695699837715 1242.8741366220156 403.92226303283314 561.057193002242 718.7633468911954 376.14957798580053 946.29304073699 871.1167105140225 1040.4109473446742 1163.6895373249945 876.8513047588672 808.5781260959893 364.74604735195953 594.2143507152146 976.6251340838653 1045.5882074212673 656.0972556960924 2050.7984041843465 776.6151779991969 841.0554198349291
600.6900080231294 458.99699479812307 289.5311222568607 379.79752929359574 530.5077295923948 587.4781750146058 524.9316643485481 492.63836394234886 886.0981216278169 734.876839568863 407.1536703004008 603.1239426935663 403.92226303283314 426.59195197909594 387.37858666802776 357.25078834330225 716.7841624386792 544.7033995164766 663.0161854496387 637.8184372066657 413.8186187467131 613.0955097052165 364.74604735195953 237.00252502310695 505.4060228602134 545.8664518960454 331.95630137573926 736.5604358186783 489.0563203980987 464.67683520364335
343.86988355470885 264.7951156653703 201.4409811777523 288.1593353865496 307.8002714674021 310.3927353174213 364.40780635080364 282.51846513809505 652.6638055002741 362.38780353067114 306.64481769224903 314.60211525862724 277.60363784137917 269.0453497018975 248.8921502761009 309.30622374754057 241.22899935280793 299.1728803165506 324.6400921232989 518.5636654564782 308.06445007848424 280.4662469025752 315.67249625656996 231.75919861798866 296.7402394605019 388.469654540615 331.95630137573926 340.9115467166662 246.8638728576434 234.60500464036977
221.29712840090906 196.27520889085827 200.70086849168638 202.37366956777214 245.9948357538774 224.64710739778548 252.44547723834694 206.8926171671642 252.2637648505338 243.54320923426167 231.33741590868703 220.58412693560194 225.481689363251 224.436443607427 207.87981993689118 217.920378773646 212.43488193221538 246.8943601707606 224.51940420485062 232.46348340711847 230.48615981698185 226.6056991215546 227.58715852852265 195.4995567420765 227.37098200737728 196.1388485118723 218.23866981994024 203.86491152135113 217.84389557528993 204.37718769348976
173.5615938528449 173.43667396753335 171.97233865368253 183.22841169031335 176.26098315970785 165.0268898935483 199.45060052328154 178.83879109978307 209.78346477733157 168.79350181446262 181.5190919943925 179.19698436319732 181.42007323013422 185.3717386499584 196.04168432234064 189.44523660725645 180.5335347919604 191.16706025390886 167.65996870056097 189.32167357311118 181.1999785492144 188.28025131877303 166.20451606343659 177.31105120357734 195.80022744468124 177.0981317855717 175.18093720080924 181.03035373806233 188.75472830918716 185.71096882039728
159.9519918383944 154.02916507910732 155.033105738014 165.10937553375015 156.1150460343465 157.08001017153674 162.84758451256266 155.25540663712673 162.75736109175386 156.5045338078071 158.0780770519782 159.14285875045698 157.51743488044895 157.16049770347172 157.33357519318997 160.22427012174558 154.7325969260014 158.8391142243454 158.4310621261193 159.22242732046698 156.00941189018295 158.7431567526928 156.40600274789813 158.54336446556317 156.90871298694674 160.47309420767988 152.85115626830793 161.0739799423527 158.75980371625565 160.50946890520845
124.0692364697893 105.909510500735 123.7029847840904 138.2804491901852 134.12661537891927 118.58287436322144 125.55306007217678 83.5899461199192 138.32067255325592 117.18841810069898 134.29660273061654 129.62004213150794 146.8518608793397 116.67514954456374 114.3367579469591 140.34139862421762 133.64697362155584 138.55813609123243 121.67635743457868 97.2589795329659 109.9401159964932 131.24095389060903 96.14189016648288 134.58913359697726 144.90996802325708 141.66157368764243 131.19220458360996 138.4029339872427 139.94139195938715 100.16820268256834
14.637443772748156 12.486673331508428 14.143549654075741 19.693569213281535 13.945853081765108 13.49883851601453 19.378216294991944 8.98117616850368 17.22477418184735 11.385570707671377 14.772029419267255 13.570836189437614 18.85126247231983 11.746002713501184 12.109702859575918 16.17299848883067 12.646685392026484 18.262042498460687 9.842680813676907 10.953160256152387 13.16206584333895 14.889686201754103 12.6704478980364 16.565047572181356 13.951840372203606 14.546811838188205 16.76663461887574 12.485342318966559 16.47645375368802 12.742814878471108
0.3944247940767127 0.37376936907958225 0.37319410717782375 0.36738884375699854 0.4598681452380333 0.2382354672827205 0.43765609669435435 0.18535779109424766 0.4668706744823794 0.2914996535791943 0.27419269192751017 0.322749507847675 0.31001780420956493 0.3259924807821335 0.23523594106927703 0.3203712802787777 0.3614044031469348 0.4730730587548351 0.377791963407617 0.2988157104105085 0.30443835646565276 0.338987008550248 0.38974729592973745 0.28673864807797145 0.45928229116088914 0.4002869078453841 0.47561366339050437 0.3296266315151115 0.4485615479234184 0.3130745954345002
0.0005394087702370598 0.0006468558121923706 0.00047762572512510815 0.000693192227572581 0.0004292585831535689 0.000481386411593121 0.0007306110201170668 0.0004523645352492167 0.0007819845627636823 0.0005323743293956795 0.0007551665521532414 0.0007816955176167539 0.0008634577475277183 0.0005710024433938088 0.0005720571452911827 0.0006297967825048545 0.0006009035469105584 0.0005499536523529969 0.0006412907341655227 0.0004276256604498485 0.00045776947126796586 0.0006234523675630044 0.0005776588618573442 0.0005349696334633336 0.0005302711115291459 0.0009537426126371429 0.0007063445700623561 0.0005319263077581127 0.0007971763197929249 0.00041617082479206147
1e-08 1e-08 1e-08 1e-08 1e-08 1e-08 1e-08 1e-08 1e-08 1e-08 1e-08 1e-08 1e-08 1e-08 1e-08 1e-08 1e-08 1e-08 1e-08 1e-08 1e-08 1e-08 1e-08 1e-08 1e-08 1e-08 1e-08 1e-08 1e-08 1e-08
1e-08 1e-08 1e-08 1e-08 1e-08 1e-08 1e-08 1e-08 1e-08 1e-08 1e-08 1e-08 1e-08 1e-08 1e-08 1e-08 1e-08 1e-08 1e-08 1e-08 1e-08 1e-08 1e-08 1e-08 1e-08 1e-08 1e-08 1e-08 1e-08 1e-08
1e-08 1e-08 1e-08 1e-08 1e-08 1e-08 1e-08 1e-08 1e-08 1e-08 1e-08 1e-08 1e-08 1e-08 1e-08 1e-08 1e-08 1e-08 1e-08 1e-08 1e-08 1e-08 1e-08 1e-08 1e-08 1e-08 1e-08 1e-08 1e-08 1e-08
77279.0 77503.0 77503.0 77839.0 77615.0 77167.0 76719.0 77503.0 78284.0 77615.0 77727.0 78284.0 77279.0 77391.0 78506.0 76943.0 77055.0 77951.0 78284.0 77167.0 77951.0 77167.0 77615.0 78284.0 78617.0 78173.0 76943.0 78284.0 78839.0 77615.0
