           Best        Worst       Median         Mean        Std
1    0.00000001   0.00000001   0.00000001   0.00000001 0.00000000
2    3.98657911   8.91610193   8.91610193   7.27292766 2.32379934
3    0.00000001   0.00000001   0.00000001   0.00000001 0.00000000
4    1.98991811   4.98710746   3.65813466   3.66342537 0.89413585
5    0.00000001   0.00000001   0.00000001   0.00000001 0.00000000
6    0.04615290   0.46020221   0.18586986   0.20617234 0.10484165
7    0.00000001   0.00000001   0.00000001   0.00000001 0.00000000
8    0.00000780  20.11086795   0.03756851   0.74797618 3.59886364
9  229.28438271 229.28438271 229.28438271 229.28438271 0.00000000
10 100.14908011 100.24538509 100.20425341 100.20457893 0.02548700
11   0.00000001   0.00000001   0.00000001   0.00000001 0.00000000
12 158.61835456 161.43526768 161.40488076 160.66613265 1.15775466