4916920674.657659 3260628563.0255594 4789704478.639201 5731881169.512944 2833669285.4264226 6060565254.398043 1733816288.3209794 4425939942.512176 6632532660.1689 4356932650.582402 1829233589.5798194 2187616348.5977497 2614663208.185338 1973187759.1291509 4829082366.840838 2061318162.147236 3231869306.5013013 3518064814.857577 5173589594.296579 3446868276.4033737 4189524033.7596903 4985784972.427727 7197351650.82967 5922459337.818788 4179445764.747035 3576863972.168384 4187544930.1844378 6160768224.428263 3763990896.8090835 3568408191.501656
3822760567.5058427 3260628563.0255594 4070129366.765977 5025379515.5672655 2818504198.855746 4535834751.993494 1733816288.3209794 3908104137.978172 2847601608.4330206 2103837371.1634383 1829233589.5798194 2187616348.5977497 2614663208.185338 1973187759.1291509 4021077428.0498104 1414027111.0348 3231869306.5013013 3048515966.5758343 4427880823.162192 3244078109.061831 4189524033.7596903 4985784972.427727 6110882752.912474 3089143478.954341 4179445764.747035 3576863972.168384 3747299050.3226433 2700086702.527729 3763990896.8090835 3160196715.787467
2446737174.792602 1819708843.8171241 2231399423.0813537 2992496925.3248057 1541414634.446346 862519776.0801629 1733816288.3209794 754017144.6994345 2847601608.4330206 2103837371.1634383 1829233589.5798194 2187616348.5977497 2614663208.185338 1522948455.6489146 4021077428.0498104 1414027111.0348 3230816753.4000998 1610517174.0237682 4427880823.162192 2071184614.029721 1978694031.108937 3887399279.440056 3972152619.97745 1994153598.4017582 1833177054.9001577 3576863972.168384 3747299050.3226433 2700086702.527729 3177870071.020087 3160196715.787467
2446737174.792602 1713613181.1694984 2231399423.0813537 1006546110.6595554 1541414634.446346 862519776.0801629 1517475790.4839861 754017144.6994345 1215532959.8041012 1828438802.961587 1829233589.5798194 1230289870.946591 2614663208.185338 1254553671.0130203 4021077428.0498104 1414027111.0348 2303830406.8910336 1381086520.2446282 3006890401.6492863 1594850578.7528818 1306624542.6508958 2633576061.776388 3972152619.97745 1994153598.4017582 1833177054.9001577 3576863972.168384 2075108813.531732 2700086702.527729 3029128422.70816 3160196715.787467
2446737174.792602 1713613181.1694984 1955331805.5051687 734597109.7979331 1541414634.446346 862519776.0801629 1517475790.4839861 754017144.6994345 1215532959.8041012 1622414140.254487 1498291560.845798 1230289870.946591 1767950634.7236292 1254553671.0130203 3858818938.6127224 1368844429.9614937 1747825033.1946778 1381086520.2446282 1717174020.8388498 1041913352.1283673 1123142869.1094618 1281776591.636842 2562261561.602447 1780531117.6182635 1420071404.0079086 3162558721.2317033 1561015775.80187 852146801.3127545 1961293511.4474862 2877239248.6727877
2032943432.251919 1441232154.3864732 1597278239.6168387 734597109.7979331 1541414634.446346 862519776.0801629 1517475790.4839861 728718665.8416165 1215532959.8041012 1441017891.0852242 1498291560.845798 1170326136.6131587 1767950634.7236292 1254553671.0130203 2580158075.254244 1368844429.9614937 1591581459.9669054 1381086520.2446282 1717174020.8388498 1041913352.1283673 1123142869.1094618 1281776591.636842 2522602085.614223 1780531117.6182635 1167585452.5179245 1523150315.9605744 1561015775.80187 852146801.3127545 1226181360.8884382 2877239248.6727877
554548135.2744745 626018080.011336 882645005.5123557 405025639.3587048 573857670.6627207 756300823.8840479 677240902.1912678 553359567.9001303 594724829.2303436 524975539.2985261 402525583.9662169 348697232.94084 734338428.1447896 552458957.1907282 810719101.7400844 703566179.5297952 746860066.7499555 665195157.9199508 532270015.59543294 530123397.7453538 737068883.280771 357736296.6078308 667100437.0072886 563177575.0563631 1167585440.1499496 907399474.6610726 677971941.5269072 852146801.3127545 603206318.6188445 629710261.7372938
320608040.7784275 229173136.87253153 202779592.83226603 193487628.69966283 302401289.7099025 199766717.18260476 216805264.77721238 209566042.73925772 170303111.2693489 179675432.38596496 138342025.35366267 171058571.78707325 218684269.18328673 148897526.53650746 243985701.28969273 304005890.77726316 216725581.4673067 245178859.25522316 247345747.80474812 244458025.24080476 140637156.7157644 179073632.03704616 133202200.65075722 246132386.75598785 248800421.30537507 257596309.66008884 124705726.75510208 187532215.78956002 254771760.68491632 275490822.7386272
53754091.4959246 41837839.43272222 39818052.981087394 13733812.844681583 33830712.99755238 28864243.764157966 38378504.804999515 37096228.66067984 54900392.835731894 59454285.61436126 53881479.941472605 16346472.576374184 40180922.25220992 22919169.10657142 40060609.13094653 63950718.7194989 16604325.199444441 50176711.26570759 51338720.82596362 43767702.39502414 58895545.6220534 47362263.84384485 54165450.565614745 44656981.324548885 40562719.42943303 23493102.69651212 64003810.2732162 51057345.47297052 40867482.98463901 43873320.68728202
7220320.456125497 6012915.39632199 5481577.909198056 5792367.319394574 4267660.9042066755 5868355.766922526 5909537.857633847 4659104.932464058 3907567.88402399 6750287.336921157 7468616.846550127 5831678.087171296 8624331.970313452 7409866.854606619 3168831.8633346274 8391121.587753382 5464183.896673617 6213863.034314982 6939252.5702606905 4697482.107784458 5840573.387634942 3018027.100380554 3829316.360991239 5526921.270962488 8921705.831384115 2339005.2087111725 6085779.982531701 2121791.3707953133 5358275.222939012 7094029.354664305
638608.4197246599 200883.8492017492 918820.395468183 579625.9225961791 800056.6972826906 529872.3246357549 448312.8892587192 439141.88907273364 434187.93083191523 658972.184063236 412887.31814921286 658556.660297677 755780.5123267423 292465.66795726394 612254.8580252229 566063.5692885781 413325.01840211975 437318.0188641823 776188.4106654762 1057542.5412013792 500025.8242229498 505806.0714451437 893003.1525062787 655070.8435253821 691549.1523098698 648917.6960555292 589331.5600253734 301541.4919654559 340506.0979633062 621327.5781337302
67422.32085188483 30627.36025913797 38780.656470615475 45853.30624914427 40553.58840434954 26601.663968946923 52834.02018360245 57361.7887888157 33433.85388832164 11664.919448663455 78972.29953484016 38213.05066412761 73228.09470855806 67682.64876275194 72149.19148739062 90149.27901979102 46918.00297599617 54031.61565183816 62653.09335791559 56331.32973340971 68553.12880652893 64597.79495554135 23286.238785630292 69631.3530621572 74988.21310417177 24203.654900727834 63912.26441793164 67044.0644523393 71819.79292496479 85962.86991542425
1488.8094880350964 3062.2037838856813 5093.425469751346 2264.574354745794 1626.3757187448268 4276.853344058563 4034.923156487923 6196.834496765793 2366.780735255962 2081.1244948618264 5233.87653949504 4330.330328832233 946.5376938698269 6288.230734591442 6625.729165491524 2462.0845386471046 2823.6920914978746 3482.0721659884357 2677.326466998158 3362.344192251987 4477.914579241215 2235.8602545595254 4899.037348506118 2543.327846688977 3865.598602888167 3781.96260646724 3031.6130285843565 4559.75148128423 1422.0340342231411 1682.9182125311936
106.49904856649141 73.61465322646472 118.00076804152309 120.61799501626388 93.37117162775917 118.54967592437401 105.18579598212023 129.8754795362072 135.17299061312474 117.64017963179981 90.22754751994785 115.14329680131846 103.10843023577968 107.0614584208538 130.83608477767166 153.8992142572838 92.42608928564732 117.82455376085386 124.60662282332078 97.57899802977909 110.49071889395236 110.10607841505816 139.65299526802778 100.99128153730226 103.7111309163306 102.5970503009662 102.4807266666196 95.76160510186605 104.1904852100813 117.76597051830458
14.400416066234584 13.458299839487154 14.988907886081734 13.014666307204607 30.263467688655737 16.754093201476962 18.234469228544185 14.062856917488489 21.824516951868873 28.093549051552372 15.80125579070932 15.725840884618265 28.80988863608377 11.424167466012932 12.372039046302007 15.272768614604274 24.914196695747023 23.603204231862946 20.80750851050334 21.89715720891013 23.4839226817694 20.823731704109377 14.675224890001346 20.8710034935134 21.97750733954831 21.865542359962774 20.041935421408425 13.438226050603816 15.50059360341129 22.429927551766013
0.2993118957954266 0.3523186678980892 0.3881852522063127 1.7925220635511323 0.2724489625534261 0.3543020741540204 0.8696408515954772 0.3493423726677065 6.391286902974571 0.3420521848563567 0.17333700729295742 1.4575205915407423 5.006298062655105 0.2672138603456915 0.4051405514746875 0.2949674094679722 0.44835580359881533 2.8923564160718342 0.6074110451204433 1.6518002363725373 7.377616587774355 1.0827170767038297 0.3699289694914114 1.51254056363382 0.4282579249409082 0.45682844192424454 5.162514595538596 0.3191141639538273 0.1287713891651947 0.30720810424031697
1000000.0 1000000.0 1000000.0 1000000.0 1000000.0 1000000.0 1000000.0 1000000.0 1000000.0 1000000.0 1000000.0 1000000.0 1000000.0 1000000.0 1000000.0 1000000.0 1000000.0 1000000.0 1000000.0 1000000.0 1000000.0 1000000.0 1000000.0 1000000.0 1000000.0 1000000.0 1000000.0 1000000.0 1000000.0 1000000.0
