870.0236880588218 813.9645786081987 1320.156025367085 987.5407228012245 1205.1602935092815 913.8315526324609 1651.4897884572188 887.5083001637017 1159.9982580284013 1427.4637800465616 1381.5212671316785 1078.5217956499628 1041.7913604936102 727.1090146687575 967.3530281334952 802.4201647981336 1640.153586077704 1155.4092440935692 848.8112565006359 1387.2311670448116 1467.0833600590267 1142.7327345546155 918.6658474314427 1084.0730637243892 1311.4883952432333 1139.8675191920956 1221.8541561854613 1185.7574770930032 1070.6185855636395 731.869142047377
870.0236880588218 813.9645786081987 1320.156025367085 987.5407228012245 964.8372932785633 913.8315526324609 1528.6110761482742 887.5083001637017 1159.9982580284013 1266.3755477331151 1008.6110746895965 1078.5217956499628 1041.7913604936102 727.1090146687575 905.5906087107537 802.4201647981336 1537.4406352093588 1155.4092440935692 848.8112565006359 1190.4982617860733 1287.7227073549338 1142.7327345546155 918.6658474314427 906.9614698740133 1179.9040341083082 840.6897505348948 1221.8541561854613 953.2896850139609 900.5050631804888 731.869142047377
870.0236880588218 813.9645786081987 1221.255787730945 671.1424840161844 960.6307427765037 913.8315526324609 813.5287369128196 887.5083001637017 915.462161814241 1189.1900288903244 1008.6110746895965 1078.5217956499628 963.1452298062791 660.7762304507974 905.5906087107537 802.4201647981336 1105.7790815559051 1155.4092440935692 761.2092492055162 785.435784771571 1056.1527340053722 1131.2978537840236 918.6658474314427 793.5892061312038 1154.1816516662698 840.6897505348948 926.0546995983632 953.2896850139609 843.314092161404 686.8758900533212
870.0236880588218 788.2210139648842 801.9608316320496 671.1424840161844 941.1480979819526 913.8315526324609 813.5287369128196 887.5083001637017 869.8338049681424 1189.1900288903244 1008.6110746895965 746.1937496592973 688.782721196184 660.7762304507974 905.5906087107537 802.4201647981336 803.457968329989 961.1275332881746 761.2092492055162 785.435784771571 1056.1527340053722 1029.5676906178055 871.4369239725929 793.5892061312038 751.4043364527051 812.5843326146678 926.0546995983632 953.2896850139609 843.314092161404 686.8758900533212
870.0236880588218 788.2210139648842 589.2319082361878 568.5209814123295 921.7278760276631 650.2431684957046 746.2608609732342 817.8587583262611 616.833915859625 874.1370852395621 957.0089623149456 734.3071422156709 688.782721196184 560.9836757130729 834.9578233095526 650.6459396967434 626.9854941756676 770.539195339743 752.08710136521 769.6220411619547 931.6887896774451 932.243407401847 614.8803959766437 771.5531210417084 600.2197390436795 686.7856648472166 686.8092841933812 674.3428035455827 843.314092161404 525.6588833942988
382.88902472736754 788.2210139648842 589.2319082361878 568.5209814123295 783.5875810518078 650.2431684957046 581.2669796424252 763.7599559694072 616.833915859625 822.16228933405 946.5308663555479 674.7835359496735 688.782721196184 560.9836757130729 616.0990366904657 650.6459396967434 541.9820638123306 735.9047976471797 416.43428028063636 730.7223779324131 536.1562910430584 629.961046233911 614.8803959766437 471.2665713304659 565.9183895058513 623.2580745323762 686.8092841933812 674.3428035455827 572.7411443269475 464.633362047633
358.75188014513697 405.1758026310672 408.0200043470254 466.66244971549077 425.6521791170876 419.10007700154847 508.87307116346074 460.60019044032197 450.18612463493264 471.01405193212076 484.8281936410149 347.6650144954965 452.7543564480111 398.43574629791146 461.9349107948369 425.7210125290394 407.0912313669669 521.1194930621568 323.48064431087914 347.01174958649744 495.5783549925336 357.89841365118855 466.3516532170406 463.56376340982206 464.618298108679 383.4668087121736 557.719089131072 485.97452142632847 379.20181288119693 347.60831268538504
264.73432473453295 257.1834854685085 290.2162147538779 296.5719357605285 290.0647464088297 307.9893490757868 301.41896049773914 340.90433289575276 297.81004720079727 285.96357427453995 308.4936152731557 289.685633161248 274.74043496674494 281.30549751150465 297.60834950567687 325.06018649023645 271.2767932801894 331.04596168212765 280.915495197929 248.36239714616886 283.17457211624105 296.16449247556193 252.27614992692907 289.1989815105362 286.477603732892 270.6255875419156 282.56083754894917 318.99758256355426 323.90495592415573 242.98809532898713
202.93542681582267 208.56813890783906 207.35253995709172 211.68194720059273 199.89792304557704 207.69753787298396 207.29023882201363 207.37382997544864 198.0302205340672 191.40611470454905 198.88532770485517 200.9275121113783 206.63968052644532 200.21829566280167 201.58397093422673 200.41112667171137 201.67157678618332 207.13393402416204 203.76350183740533 198.15021892531104 210.00753867708863 207.05177431942866 200.33566028012365 201.45153833722088 194.65168998919125 205.84103216436142 209.75178196198704 203.72883965123174 200.9394880554437 200.35983860923398
184.90942380145498 183.82592676992772 183.87617221917162 184.01781255646802 183.3048081365141 184.70545661095548 184.70943102985348 184.8892704702348 183.32823125070308 183.57262962196228 184.53246857526938 183.80136717452206 184.004925607308 184.0172304719622 184.27491289884574 183.03105893515112 182.61275521309426 184.194351281355 184.62312191114506 182.11535749591394 185.11672365238655 183.9162905991825 184.64194803355667 183.95305501581288 184.2600595622739 184.40608884288622 183.7067029355153 185.06624825380777 184.00972560256514 183.31258156808508
180.90559177998557 180.98751664817337 180.89832375920105 180.9800282805213 180.87489675982488 180.94472719826445 180.96382559653466 180.93604834040661 180.87131095181576 180.91674120805283 180.89696506480732 180.91017046355773 180.89628141073808 180.8992602157009 180.90791343763976 180.918222642174 180.8520603130978 180.90801286438045 180.88988999870526 180.86176634708318 180.9272491436568 180.87282043605273 180.847216454315 180.9333586403318 180.91131466477145 180.89171433113916 180.92846445516943 180.92965703142954 180.93086911866612 180.9217423048458
180.78148206911283 180.7815620248184 180.78152712497877 180.78154276073292 180.7815317413847 180.78151288139497 180.78157189233434 180.78151307892676 180.78141923290468 180.7814050190891 180.78155629065895 180.781520166041 180.78144076888157 180.7815659776029 180.78153863915486 180.781493211397 180.78148046479237 180.78145510360628 180.78145379028138 180.78140676571638 180.78153485648227 180.78150488012443 180.78134867917197 180.78149941094216 180.78150835615043 180.7814022324901 180.78156739173755 180.781556970162 180.7814768004091 180.78152437073913
180.78127167874118 180.78127167942648 180.78127167933644 180.78127167941784 180.78127167926004 180.78127167910043 180.78127167984394 180.78127167916819 180.78127167907496 180.78127167859338 180.781271678939 180.78127167958246 180.78127167891353 180.7812716800163 180.78127167874982 180.78127167881166 180.78127167896673 180.78127167902403 180.7812716790968 180.78127167823868 180.78127167927823 180.78127167877392 180.7812716787107 180.78127167918046 180.78127167867524 180.78127167870207 180.78127167889943 180.78127167933235 180.78127167976345 180.78127167907678
180.78127167774664 180.78127167774664 180.78127167774664 180.78127167774664 180.78127167774664 180.78127167774664 180.78127167774664 180.78127167774664 180.78127167774664 180.78127167774664 180.78127167774664 180.78127167774664 180.78127167774664 180.78127167774664 180.78127167774664 180.78127167774664 180.78127167774664 180.78127167774664 180.78127167774664 180.78127167774664 180.78127167774664 180.78127167774664 180.78127167774664 180.78127167774664 180.78127167774664 180.78127167774664 180.78127167774664 180.78127167774664 180.78127167774664 180.78127167774664
180.78127167774664 180.78127167774664 180.78127167774664 180.78127167774664 180.78127167774664 180.78127167774664 180.78127167774664 180.78127167774664 180.78127167774664 180.78127167774664 180.78127167774664 180.78127167774664 180.78127167774664 180.78127167774664 180.78127167774664 180.78127167774664 180.78127167774664 180.78127167774664 180.78127167774664 180.78127167774664 180.78127167774664 180.78127167774664 180.78127167774664 180.78127167774664 180.78127167774664 180.78127167774664 180.78127167774664 180.78127167774664 180.78127167774664 180.78127167774664
180.78127167774664 180.78127167774664 180.78127167774664 180.78127167774664 180.78127167774664 180.78127167774664 180.78127167774664 180.78127167774664 180.78127167774664 180.78127167774664 180.78127167774664 180.78127167774664 180.78127167774664 180.78127167774664 180.78127167774664 180.78127167774664 180.78127167774664 180.78127167774664 180.78127167774664 180.78127167774664 180.78127167774664 180.78127167774664 180.78127167774664 180.78127167774664 180.78127167774664 180.78127167774664 180.78127167774664 180.78127167774664 180.78127167774664 180.78127167774664
1000000.0 1000000.0 1000000.0 1000000.0 1000000.0 1000000.0 1000000.0 1000000.0 1000000.0 1000000.0 1000000.0 1000000.0 1000000.0 1000000.0 1000000.0 1000000.0 1000000.0 1000000.0 1000000.0 1000000.0 1000000.0 1000000.0 1000000.0 1000000.0 1000000.0 1000000.0 1000000.0 1000000.0 1000000.0 1000000.0
