111.60114256626309 120.22608158907747 119.07654755227702 105.82399555590553 110.78811016459451 110.26741926467935 87.816277523483 115.06223862502145 105.78199113401092 112.75715205689039 103.43503875921601 103.36632222760795 83.13459954301106 118.80337354184678 123.4122720472094 111.73458377895781 116.25530498006299 114.94225269053038 107.25279163850576 105.72769991880318 111.55573376172902 117.62722622982938 123.85962794799798 119.32243469586331 118.55105158399317 119.36747399589933 108.93019055234731 103.62644042242528 110.31842696329 91.23076981581653
111.60114256626309 104.20334046829566 100.6839559610687 105.82399555590553 88.80537376893142 97.70382541907179 87.816277523483 104.5030790432811 105.78199113401092 105.01939572035997 103.43503875921601 103.36632222760795 83.13459954301106 114.72212408647192 107.20344795402559 111.73458377895781 111.78055316363725 111.66268927357385 107.25279163850576 98.35219948543875 111.55573376172902 117.62722622982938 85.81288095569948 117.24531550210907 113.45443541305815 113.02848309152444 96.87249821845444 103.62644042242528 102.916058400167 91.23076981581653
109.05201785720021 104.20334046829566 100.6839559610687 103.15977528919052 77.62456700210669 88.71498231137957 87.816277523483 92.83307709564303 105.78199113401092 85.33036764423912 97.48661264929694 103.36632222760795 83.13459954301106 95.50531211075031 106.52172729556685 101.30956055361594 102.79423919281805 98.93054436034276 107.25279163850576 98.35219948543875 94.46477127943751 81.9281799758129 85.81288095569948 96.88142959991717 113.45443541305815 94.02259060983681 96.87249821845444 103.62644042242528 90.10863495556009 91.23076981581653
101.86732392268266 104.20334046829566 81.7535716274981 99.96549097826994 75.13443911739466 88.71498231137957 87.816277523483 84.31967994680622 94.8874876065438 85.33036764423912 97.48661264929694 58.93959124672415 83.13459954301106 86.19483475086872 71.80209947519836 93.89683428123601 94.35825155977966 83.49491813566328 85.87605119234786 98.35219948543875 94.46477127943751 81.9281799758129 85.81288095569948 96.88142959991717 102.40771736014437 84.04105425130672 96.87249821845444 96.8575441114017 90.10863495556009 91.23076981581653
94.26697860918398 92.94416072318938 80.38476793447376 76.34055576647575 75.13443911739466 83.01389592494286 60.7056608091641 84.31967994680622 94.8874876065438 85.33036764423912 83.84708540237784 58.93959124672415 83.13459954301106 86.19483475086872 71.80209947519836 87.6907398018476 93.78160215212017 70.20963265483533 85.87605119234786 78.94947869792315 94.46477127943751 81.9281799758129 85.81288095569948 96.88142959991717 92.9391259027193 63.29443363224436 96.87249821845444 89.97514894033122 90.10863495556009 81.50241462694748
94.26697860918398 87.01045205901562 80.38476793447376 74.8728733820243 72.88742190423727 76.5980233817661 60.7056608091641 77.27597111416685 88.85628986567497 85.33036764423912 80.42964283330548 58.93959124672415 83.13459954301106 86.19483475086872 71.80209947519836 87.6907398018476 82.52001685484868 70.20963265483533 85.87605119234786 78.94947869792315 84.5456329374133 77.23272357703286 85.81288095569948 81.9539679814477 79.3413488271226 59.71619578580987 92.9228177973655 80.93733750783338 90.10863495556009 81.50241462694748
57.676945253426766 65.74134519602774 64.14449682528164 63.333086444871014 62.63016615752622 64.86613493146103 54.26742019818869 56.844234317733594 61.645789073623405 54.80123797721217 58.01800574748211 48.326126712843575 73.59014473978357 60.9182767024904 65.91258570978437 67.14428871933615 48.848635804201535 55.74139926738644 70.99703844060434 56.59319918705364 64.39649694496529 60.42159973206901 67.32668277122468 51.202035749468905 55.82761748596158 58.09311829392186 50.252083717807295 53.21964059662059 68.13718678608006 70.14034555304534
35.983655072127135 44.020592590113324 38.08949652685578 34.485264565249395 41.20911806902632 39.53165486647674 42.932193892078544 45.84816870695147 44.875703083450844 35.052171303021055 33.418064754645 32.055580298870154 43.901378054953966 45.37390985133811 33.833647234127966 42.03621393009678 30.203665744493605 40.19725866929036 41.05647926445545 34.45919145713981 39.06835850165294 45.81736701668592 44.79203544527388 48.506070121498624 44.96691402804254 43.07515879409675 45.46046555003329 37.4445644393187 38.54893301332231 42.67607962291504
22.781862453631334 24.990642743372973 24.699167011534655 23.317441054213077 21.997599959926788 26.879766705088514 25.51026216335481 24.162841466544023 27.49260861915559 28.770651402077647 21.132983240396584 27.9041809903307 24.12197795791849 25.934661947150744 21.950786471023548 22.666434432172423 25.653136997447064 25.69319573934581 22.07032724664964 23.045814122550837 24.672467041866412 22.35566288381483 26.02523327785309 29.962691734523673 26.23708976364435 25.81344141740385 22.425438495051026 22.719187639496226 24.695484117057617 23.945420326122758
12.920041114822766 12.941775646546034 11.362609072050077 11.485511550983688 10.424038520009844 12.317999741794324 13.689163248112436 12.357594598160745 11.971887960047752 12.760275540372504 12.238589156920966 12.554963154137681 11.66693608424498 13.328090136334367 12.334312064060327 10.441281416302331 11.107964344157153 13.651892641345967 10.979845767210918 12.33902407991502 10.553070030159915 11.354308294148836 11.349670051753606 11.917052253885345 11.08690723733423 13.166673751238022 13.7454864825188 9.926504565011555 13.235635645657453 12.185471923132354
3.353870635449539 4.079392726857236 4.215549416293925 3.604178289342144 2.785192412530023 4.429695244043273 4.402469738678519 3.4085598572251 3.6439376116098856 3.5512433576858484 4.1156710978430056 4.216353595976329 4.08677419849198 3.924599561302557 3.5212478015486113 3.5796058905135624 3.2967293294499314 3.4993252361977056 3.7646184277593875 4.236356689671766 3.5550402017864826 3.9758032392256837 2.519896011396554 4.145493825199651 3.941124281091902 4.0743015041928174 3.9313937498719724 3.316611324261771 3.700799387244274 4.354576028875499
0.4428650073331255 0.5022925078068283 0.5959054972820468 0.5311656812119736 0.47322053901871186 0.4796350363368447 0.4968557262545801 0.5169682919741945 0.5520914556536809 0.4196739491538892 0.5659722591818763 0.5200711873061437 0.44104175965708237 0.5795746816399969 0.5547918697061505 0.4338327440689227 0.455114245890627 0.455431811350536 0.4141952472248249 0.4603069390867631 0.47566844917309936 0.549043621850501 0.40698829961024785 0.5112853792319356 0.5791615847632556 0.4561827631007418 0.5446607932566394 0.49931781622308335 0.47814931713389797 0.39408400050797354
0.01055771468770672 0.010501627118060242 0.010428888375599854 0.009318590931229664 0.009835344485509268 0.009546846344960613 0.01178747626988752 0.011120517503400151 0.010384577206764334 0.008635308745169823 0.010729472705065746 0.01056796526609105 0.010270680887856543 0.011432888001536412 0.01121360972445018 0.009365322129951892 0.010039884002367216 0.012910850138496244 0.009757461895674169 0.009456361064621888 0.010008298090269818 0.011216883683459855 0.007416148778702336 0.010008833093706926 0.01106581249177907 0.008878445448658567 0.00937875664681087 0.008820746042488281 0.010248720445588333 0.009633635469754154
4.519467893260298e-06 5.403469344855694e-06 5.858294230165484e-06 2.3666514152864693e-06 4.620550157596881e-06 6.809154911024962e-06 6.353538310577278e-06 5.9847619695574394e-06 7.1404641630579135e-06 4.0734818185228505e-06 5.773643010797969e-06 5.680973004018597e-06 5.239561119196878e-06 3.7178787124503287e-06 3.854510282508272e-06 4.22295534008299e-06 3.873954710797989e-06 6.89604439685354e-06 4.078338861290831e-06 4.687894715971197e-06 4.9486427542433375e-06 4.590022399497684e-06 3.69681470147043e-06 7.406589702441124e-06 4.277824814380438e-06 4.067788040629239e-06 5.051599032412923e-06 3.0625377576143364e-06 4.340651230450021e-06 6.232342116163636e-06
1e-08 1e-08 1e-08 1e-08 1e-08 1e-08 1e-08 1e-08 1e-08 1e-08 1e-08 1e-08 1e-08 1e-08 1e-08 1e-08 1e-08 1e-08 1e-08 1e-08 1e-08 1e-08 1e-08 1e-08 1e-08 1e-08 1e-08 1e-08 1e-08 1e-08
1e-08 1e-08 1e-08 1e-08 1e-08 1e-08 1e-08 1e-08 1e-08 1e-08 1e-08 1e-08 1e-08 1e-08 1e-08 1e-08 1e-08 1e-08 1e-08 1e-08 1e-08 1e-08 1e-08 1e-08 1e-08 1e-08 1e-08 1e-08 1e-08 1e-08
357469.0 360256.0 360720.0 353968.0 360024.0 363494.0 362339.0 358864.0 360952.0 354670.0 362108.0 360024.0 363494.0 357236.0 356770.0 354904.0 358632.0 364646.0 355605.0 357935.0 359792.0 359096.0 354436.0 362570.0 356071.0 355605.0 357469.0 352564.0 356770.0 358632.0
