356.5464673336119 452.5588098520343 500.49138622482224 452.6042613179302 338.91097022144595 287.36332756923593 452.89837260949616 453.26519167668357 352.8366686936042 363.29214806734353 310.0105377875616 345.4541422534253 398.8030957330275 227.92211867424794 336.04643164953814 478.5139704039316 342.86968896646067 440.2766742842532 258.1339268197148 407.65338257566145 365.09189316073116 411.355458792581 455.6282973862458 352.30035872640246 488.68526326980873 571.7707306680722 432.5769947797853 187.9139811062446 304.0724292327436 354.8829741014997
272.4185035234095 452.5588098520343 500.49138622482224 414.17291863383525 338.91097022144595 287.36332756923593 352.9681471627946 453.26519167668357 352.8366686936042 363.29214806734353 276.02025966009387 345.4541422534253 314.6595271231604 227.92211867424794 313.43710365928473 356.5829968501471 342.86968896646067 410.64170891351887 258.1339268197148 377.68230847383074 330.9602409492004 362.4531847774938 455.6282973862458 352.30035872640246 252.73207085062768 331.2358449893618 253.7403408852142 187.9139811062446 304.0724292327436 354.8829741014997
272.4185035234095 335.96980128805353 348.954584897569 371.79333997088224 273.05982290165775 287.36332756923593 352.9681471627946 453.26519167668357 330.2857221440772 363.29214806734353 257.7002281781397 292.5830702043563 314.6595271231604 224.3196151527277 313.43710365928473 324.93981834864553 342.86968896646067 269.14847706330283 211.47892959271485 188.96791450213686 330.9602409492004 297.4730835040059 163.84873207927694 352.30035872640246 252.73207085062768 318.4841050793648 253.7403408852142 187.9139811062446 304.0724292327436 340.9937950831322
272.4185035234095 335.96980128805353 348.954584897569 371.79333997088224 273.05982290165775 287.36332756923593 352.9681471627946 437.9519346356051 330.2857221440772 363.29214806734353 257.7002281781397 289.75880392441695 314.6595271231604 224.3196151527277 313.43710365928473 324.93981834864553 342.86968896646067 269.14847706330283 211.47892959271485 188.96791450213686 319.92971449985725 297.4730835040059 163.84873207927694 352.30035872640246 251.18652694607636 318.4841050793648 253.7403408852142 187.9139811062446 304.0724292327436 250.9383058760427
272.4185035234095 308.4783623246258 304.62177744252585 371.79333997088224 273.05982290165775 287.36332756923593 244.53410779139267 336.4112019159702 247.4861636308783 363.29214806734353 223.93959328844358 289.75880392441695 256.7718191011436 224.3196151527277 227.01582324436504 275.6629200770203 328.12684452519716 269.14847706330283 210.6298560662799 188.96791450213686 319.92971449985725 297.4730835040059 152.0063359322221 352.30035872640246 251.18652694607636 318.4841050793648 253.7403408852142 187.9139811062446 289.96179007472256 250.9383058760427
272.4185035234095 308.4783623246258 304.62177744252585 367.8178179277288 273.05982290165775 287.36332756923593 244.53410779139267 196.59802275448646 247.4861636308783 363.29214806734353 223.93959328844358 289.75880392441695 256.7718191011436 224.3196151527277 227.01582324436504 274.17310818258966 328.12684452519716 269.14847706330283 210.6298560662799 188.96791450213686 319.92971449985725 297.4730835040059 152.0063359322221 203.75077379180448 251.18652694607636 318.4841050793648 253.7403408852142 187.9139811062446 287.92800440059773 225.8629094923599
248.04794923140207 174.53208974177505 246.89724793340338 206.98480795384648 214.45822253298502 223.49120126888465 179.7874448398943 196.59802275448646 247.4861636308783 273.10084378466945 219.67957228618206 238.71239700906335 192.42069359783136 206.76165035875783 223.29859358609428 219.2218027660465 254.20534241047562 264.9347677461815 210.6298560662799 188.96791450213686 287.5481701934632 228.64943076183954 152.0063359322221 195.34706743072093 183.03496469890433 189.70922083473124 238.33274745352173 168.40059322656498 236.4872171552979 198.95637477234368
177.29935086144906 174.53208974177505 171.87296887227103 192.7662068663235 134.88982546887337 201.76101490358542 179.7874448398943 190.07110915462636 208.43177640258682 194.6649155841942 156.72884445705995 236.19151621863284 174.37168136082983 184.38825097542667 165.8036000148959 179.52852022671232 168.73048423645014 159.4123147399141 132.38061886478363 176.4372501126004 142.0184241128627 198.39175679592927 152.0063359322221 158.86012459536323 183.03496469890433 171.24603273434695 164.83056825397307 124.44630794427485 185.7131705648444 183.9057623833137
146.23564725478536 111.23863434345185 133.24321203896443 167.19543476151603 134.88982546887337 174.10755120493695 142.39342414704515 134.52666684168162 171.6726008029559 157.973448836055 153.2337761660474 131.85786308761817 132.7964795588946 145.63268510708576 152.33875702554496 153.539759335486 158.5074013046983 146.65466329048104 132.38061886478363 123.77928515470558 142.0184241128627 159.72124138833215 128.39056710441264 125.67290287501964 147.79304089341758 142.67209749947415 119.89232492283281 95.22137276889816 136.79492194519162 152.2359229887029
110.92579609124778 110.7592217041165 111.89740683826585 108.47816389172067 102.40265496407619 127.00778619705261 119.31654080152884 91.71931211135643 123.07303589994535 131.89060163129125 113.68549694072317 131.85786308761817 110.59398141643806 119.94108866256738 111.512528944942 120.44227981052745 114.14293094763798 92.39643446584523 92.37110636894204 95.27075504541335 108.97397737722622 126.3596135425255 103.46123140900818 100.79253583332047 94.17497103780761 115.99565676230213 119.2190432625016 77.59366033043398 102.9728715456622 139.53262326554795
92.18138292408548 78.34764752270803 83.5393307599852 90.01549096315921 102.40265496407619 97.17674191321203 61.49757174978595 90.02723324511317 86.68850787323481 83.72284054650709 68.41358988503771 68.26168604195846 86.15585753025971 101.77709263587212 79.07058354512583 100.63941440177405 98.66736951752546 72.05916802731826 72.68920812869919 82.61669112189747 98.46254935242041 103.91652410318011 86.42614953549219 81.1323268537808 89.50228695026681 103.1215354236997 98.59557900095251 63.02768961818265 76.86417240792207 90.14650015065308
75.88876192338103 74.1846756638538 73.20635103483028 64.89916643396054 55.45782317995008 66.83539257918665 59.78649951352236 62.176821648463374 71.38495958078374 66.1770458350361 68.0282620545172 61.77733767575137 65.2003921586197 65.43578977144807 63.00824570785517 73.81054092943305 64.07904833620432 59.236816221181016 69.07779283587479 54.30968039676736 50.849446000715034 61.24333721066432 59.60855372842889 65.72713369825033 55.62073380826405 60.79689208175796 57.02813544983337 62.75194860567899 68.43865491426641 62.62705030967345
49.1403589308502 47.4780147607878 47.154641822871554 52.23727365638433 37.18305470145515 47.98820139889699 33.598566820344786 50.53999564331798 41.85588136142496 40.58761663553696 49.08540068517232 49.6673983626074 46.07703987681316 46.38287092665837 48.306696166188885 45.94443309635881 48.76475143770176 52.53756036188224 51.777277908101496 44.16324969185712 39.94807395047701 40.97444637037438 46.895931505115186 50.14899281489534 41.77466948392862 45.13300644845867 47.68329633276085 49.63320230076124 47.20939721380546 50.0655242488283
38.16272614455693 34.61905943988813 36.07961928634495 34.87982011571057 32.10833564234076 34.42556205064443 32.062119080924276 36.346235293088284 33.74652292571591 36.448516515595884 37.69991840719672 37.185172490003424 37.83880540524001 33.21940582721663 31.248652113916933 34.83801780047838 32.7660046822773 35.25996142799136 37.726028145398004 28.93497679940174 33.348816609362984 33.8991566542029 32.6224668440118 35.61339386320469 33.71304316929195 36.616692126905264 36.743380787884234 34.86731796687059 34.49742444706567 34.85784643473448
27.500765503926914 25.984181114324656 20.580496121820033 26.754699802462483 26.144628971963357 26.0000011970194 26.56068615051049 24.548349369685866 27.53978772977075 25.278536979295268 27.586723364246154 27.852033891911105 26.33116325671608 27.21253667546557 18.17660820565311 28.389562054829867 28.962852706437616 26.29716940744538 27.288201865200563 23.70149798717216 28.799878587808735 27.722444481843922 24.45400204135126 26.47323295651063 26.03923143512384 28.279798914624962 26.083455889831384 26.894343877400388 27.065936844854832 26.0033968564328
20.31214007930339 0.31217326511932697 2.302104944744542 20.312169436105705 19.99690480090635 14.960624767382342 2.9849967256145646 20.312172124785093 2.614278238066845 20.31003224497067 0.624346513414821 6.466457149672124 2.98487717475723 3.9798450390444486 2.302091370285325 19.9979814064136 20.312138393946498 2.614264626823342 19.99972338999146 1.9899316698083567 0.3872005399421141 20.624196062035935 2.302104925618778 3.6092236853003214 1.1729523521353258e-06 20.312284635827154 0.31218681208883936 1.3071507374500015 20.99495899309636 20.312138816810148
1000000.0 1000000.0 1000000.0 1000000.0 1000000.0 1000000.0 1000000.0 1000000.0 1000000.0 1000000.0 1000000.0 1000000.0 1000000.0 1000000.0 1000000.0 1000000.0 1000000.0 1000000.0 1000000.0 1000000.0 1000000.0 1000000.0 1000000.0 1000000.0 1000000.0 1000000.0 1000000.0 1000000.0 1000000.0 1000000.0
