7174.632735068644 10457.527968873175 10667.785954650231 10347.25091077745 7825.107105698713 11602.3227916383 8126.149238325634 10354.219767158122 10782.628976951808 10316.979337992252 10854.654956820003 11665.538930751913 8764.458559780564 7948.03444804537 8205.94833173445 11130.006350674837 6169.237381726312 12839.180396854794 8607.100137036958 7108.082609597425 9838.067294593355 12157.313656674789 10757.72843666905 10307.447437465704 11012.166957016965 6735.238426854323 7235.219267248494 10798.68544589857 8490.04869821218 9855.088483370511
7174.632735068644 6110.643807971307 10647.672619232017 10220.16452183589 7825.107105698713 8552.649045917162 8126.149238325634 10354.219767158122 8676.777757537531 7966.464123070749 10361.223892640033 11604.82636767433 8764.458559780564 7948.03444804537 8205.94833173445 10332.985812883024 6169.237381726312 8412.384677353162 5627.724062908139 7108.082609597425 9838.067294593355 8090.347380143809 10757.72843666905 7932.248717267534 7379.205336700208 6735.238426854323 7235.219267248494 7277.400717811419 7966.0355630759805 7535.506962142863
7174.632735068644 6110.643807971307 9599.99391126883 7027.980185885663 7825.107105698713 8552.649045917162 8126.149238325634 10107.736961369053 4611.326455783611 7370.999363228164 8845.655692779683 8684.941541012618 8764.458559780564 7948.03444804537 8205.94833173445 8573.991111252491 6169.237381726312 8412.384677353162 5627.724062908139 7108.082609597425 8024.278861053717 7261.247705450871 9646.727409258809 7603.415826163982 7379.205336700208 6735.238426854323 7140.468777493851 7277.400717811419 7867.766169136048 7535.506962142863
6927.742612068579 6110.643807971307 6137.8689555956435 7027.980185885663 4505.870605800878 6088.5995089054195 8126.149238325634 8274.670417852984 4611.326455783611 7370.999363228164 6807.16667058471 4039.183335751117 8764.458559780564 7120.514212621673 5882.507609362238 7906.091693477996 6169.237381726312 8224.179440585971 5627.724062908139 5904.712748820779 5790.056093599495 7261.247705450871 7231.1456624144585 7603.415826163982 7379.205336700208 6735.238426854323 7140.468777493851 7277.400717811419 7867.766169136048 6976.002146111318
5333.054431279153 6110.643807971307 6137.8689555956435 5965.509520882168 4505.870605800878 6088.5995089054195 8126.149238325634 6463.08460077414 4611.326455783611 7370.999363228164 6807.16667058471 4039.183335751117 7399.864513009696 7120.514212621673 5882.507609362238 6635.780983254 6169.237381726312 7492.409059701498 5627.724062908139 5904.712748820779 5790.056093599495 7261.247705450871 7231.1456624144585 7603.415826163982 7379.205336700208 6735.238426854323 4139.847213511545 5845.707217722653 5350.761023872687 6976.002146111318
5333.054431279153 6110.643807971307 5715.740521608334 4522.104241722203 4505.870605800878 6088.5995089054195 7846.349312542581 6463.08460077414 4611.326455783611 5785.334676785933 4861.104165491581 4039.183335751117 4990.921374364417 6922.948753818246 4759.917441434916 6635.780983254 5842.492970889324 5040.574488078719 5627.724062908139 5904.712748820779 5790.056093599495 6233.338604183307 6556.677599894299 4663.308845325537 5710.86830615155 6735.238426854323 4139.847213511545 5757.708077117946 5350.761023872687 4640.873429852541
3371.156411066886 4603.234766870997 4287.630928564898 2732.661020927509 2653.7702424750014 3186.6247440030115 4062.550614012518 4316.425700668523 2117.754272446161 3170.930040872733 3059.5212226294784 4039.183335751117 2754.9459575621336 3749.052364587431 3359.2051001701957 3805.027541448144 4107.963479565756 2819.522942624456 4144.792844419997 4714.945463236201 2930.3131251155746 2838.926060127643 3611.1937547509533 2680.026270413809 3625.278682113879 3683.5785033183765 2819.3833602491513 3503.1598453916113 4193.65674219246 3474.106476213983
2201.0191302015437 2533.384166276552 1538.9095820404918 1993.8796164083446 1401.23648983148 2143.614478822953 2347.248647501053 1860.494887315188 1755.701108993021 1830.2271717691733 2218.968420781685 2237.425022341141 2473.9316981183815 2037.3282343723608 1884.9307917132696 1680.0285837624897 2335.7111444093566 1913.0493600052587 2197.487367477341 2288.3540098062367 1998.9493393466078 2271.375356131548 2218.506391745035 1554.2005036451328 2334.9263552077873 2626.767415295457 2165.2216773256505 2265.1154028259048 1292.886005733395 1968.788573963664
747.8543189227639 513.2074724647437 1474.5541425820002 701.5494912561683 804.9670620920915 855.1519131444634 1015.4747703435135 814.101392069294 866.0346740737939 885.5842837706223 1084.3510495230141 1163.419412766822 793.5654956982225 1017.2741053753266 928.1248646119916 648.2595060381109 860.5646381469883 912.9596823376592 1133.6711415857324 878.9185820125999 786.8026286840886 892.8364149661388 1273.1373505824613 694.3457828624385 1270.0314691012964 915.279948025119 1249.0581140794416 1068.7563818052727 1025.443850978832 955.8438541961507
295.4387210288719 445.1566529803131 379.9432791339607 302.6731279332894 242.78339761524467 279.6637422409117 233.2566980970371 334.1305072057444 293.74274084001513 201.03622265564172 363.5108389367979 264.10946435102505 424.5497818948072 318.93464165010255 358.5299127066528 250.8955742719129 291.4471602350636 399.8085076532757 305.74588979770533 382.3501116048915 334.90289509575905 256.75724933770675 337.2546786144003 205.4658060809295 255.00586674005513 289.9773361137718 344.6951315294664 137.63215432372886 440.01099178528057 282.9314053134144
30.544239280045304 39.72346000194318 47.027664858390835 52.427816892690544 67.58463858964262 45.99857700392647 49.98341610290606 68.77044696883661 53.23586354281531 44.63092035561624 61.094868374837915 40.43655082920827 51.69240661270453 20.564293493400896 48.14958934469382 39.46715767943476 31.88718520099826 55.447917484838285 31.801166796641837 64.45593722602348 30.930740255662045 43.417842803608664 55.41373550027026 52.51701711862654 47.88099102644776 49.413203779169066 60.7213284115511 47.46446163727546 32.520820153174895 62.96252680553812
0.8425086455948758 0.6201500132160618 1.0070992154995793 1.1046766388697051 1.0888132763507201 0.8438166017003823 1.1696819438567445 0.9664584133927292 0.8905176987384493 0.694507720135789 0.7760377414946333 0.7567364124977303 0.966191422398424 0.7223974207614674 0.8926970337912508 0.7646179611534762 0.8667379813520029 0.9658941248092106 0.602837235643733 1.3981552079894755 0.7821502891627006 1.2360961084284554 0.9066611296675546 0.9238849236228361 0.787475790903386 1.0273187672988797 0.8888971610462022 1.0385451346264745 0.8656507515281646 0.7206479461100344
8.312133559229551e-08 1.2523878467618488e-07 1.6382944068027427e-07 2.9919681310275337e-07 3.100702770097996e-07 1.402249836246483e-07 1.7816000763559714e-07 1.2872408206021646e-07 8.531958428648068e-08 6.63827677271911e-08 1.4033287243364612e-07 9.087341368285706e-08 1.7705440313875442e-07 1.272443341804319e-07 1.1860390713991364e-07 1.2361340395727893e-07 1.44689124681463e-07 3.7190341117820935e-07 5.6405838222417515e-08 3.333965423735208e-07 1.862555336629157e-07 1.4427928363147657e-07 1.2602129118022276e-07 1.341609277005773e-07 8.80955894899671e-08 1.9794958916463656e-07 1.433695615560282e-07 2.1879725409235107e-07 7.963581083458848e-08 6.964978638279717e-08
1e-08 1e-08 1e-08 1e-08 1e-08 1e-08 1e-08 1e-08 1e-08 1e-08 1e-08 1e-08 1e-08 1e-08 1e-08 1e-08 1e-08 1e-08 1e-08 1e-08 1e-08 1e-08 1e-08 1e-08 1e-08 1e-08 1e-08 1e-08 1e-08 1e-08
1e-08 1e-08 1e-08 1e-08 1e-08 1e-08 1e-08 1e-08 1e-08 1e-08 1e-08 1e-08 1e-08 1e-08 1e-08 1e-08 1e-08 1e-08 1e-08 1e-08 1e-08 1e-08 1e-08 1e-08 1e-08 1e-08 1e-08 1e-08 1e-08 1e-08
1e-08 1e-08 1e-08 1e-08 1e-08 1e-08 1e-08 1e-08 1e-08 1e-08 1e-08 1e-08 1e-08 1e-08 1e-08 1e-08 1e-08 1e-08 1e-08 1e-08 1e-08 1e-08 1e-08 1e-08 1e-08 1e-08 1e-08 1e-08 1e-08 1e-08
173016.0 175995.0 176589.0 179555.0 180443.0 176292.0 177480.0 176886.0 175400.0 174804.0 175400.0 173910.0 176292.0 175698.0 177777.0 175400.0 177777.0 180147.0 174506.0 179555.0 176886.0 178963.0 175400.0 177777.0 174804.0 178667.0 177480.0 178074.0 175102.0 174208.0
