217.0543873800002 198.01861331833197 136.47060021263815 125.99179321441125 208.64254668501144 154.5137525801165 165.57097765913932 187.55872917257693 173.95632320076083 131.80326117471122 166.22465427043744 204.91876664337587 150.5900522686061 192.4979508663837 214.60141646246439 154.85500230506977 199.67715251840082 157.80505845712696 165.27314500533794 106.34632405185494 173.22928306473568 155.85522631716503 198.41979138736133 176.23432690465006 188.83922033206773 190.89576759618785 254.1278110110611 151.95637317917272 241.4098782046185 196.65171852638787
217.0543873800002 168.22663913594897 136.47060021263815 125.99179321441125 100.52621167998905 135.77176288371084 155.29778445396914 174.4910067255605 173.95632320076083 131.80326117471122 166.22465427043744 136.6760668581942 150.5900522686061 192.4979508663837 194.75201128592744 154.85500230506977 168.76625489806656 157.80505845712696 159.97251982202306 106.34632405185494 126.65450390625438 155.85522631716503 198.41979138736133 121.26750568651914 188.83922033206773 115.67729390109707 203.9798010694003 151.95637317917272 237.57819088156748 196.65171852638787
194.87832658109892 168.22663913594897 136.47060021263815 125.99179321441125 100.52621167998905 135.77176288371084 155.29778445396914 153.14642233827362 173.95632320076083 131.80326117471122 130.70673552843937 107.95599727622084 124.75856252992753 144.08966374676447 123.11131148821278 152.0427669093915 168.76625489806656 157.80505845712696 159.97251982202306 106.34632405185494 126.65450390625438 155.85522631716503 198.41979138736133 121.26750568651914 188.83922033206773 115.67729390109707 203.9798010694003 151.95637317917272 165.4911494443204 184.5494042026794
193.77195721770295 168.22663913594897 136.47060021263815 98.13546994620674 100.52621167998905 135.77176288371084 151.8861050634291 94.69306765348301 173.95632320076083 120.12518959650606 130.70673552843937 107.95599727622084 124.75856252992753 144.08966374676447 123.11131148821278 149.47701474253472 153.12254598970094 157.80505845712696 159.97251982202306 106.34632405185494 126.65450390625438 137.1189328100577 191.33543814184623 121.26750568651914 170.85579398762184 115.67729390109707 168.32225600395213 151.95637317917272 139.68780176643077 184.5494042026794
147.17723911299709 155.80684862441058 135.44717446605455 98.13546994620674 100.52621167998905 128.59660134392743 111.17242603524619 94.69306765348301 113.04702490352656 101.1131258799328 117.96639894482314 94.7595647316507 124.75856252992753 141.1926140563396 123.11131148821278 129.9379892773486 142.609267546889 154.93365965687053 140.85600629224837 106.34632405185494 126.37443563815259 137.1189328100577 91.22996221566791 121.26750568651914 134.7314483176474 105.5650973646807 126.4768878322925 89.6686463315541 114.90853224353168 184.5494042026794
134.17057578851382 113.49394985901972 84.09668964335333 98.0638281619681 100.52621167998905 112.38561968336899 111.17242603524619 92.95397548551364 85.90743849428463 101.1131258799328 99.36060261347484 90.11964926784276 117.37736318983616 107.06521874577038 122.04281559200308 81.51995216645173 106.33119884847429 154.93365965687053 140.85600629224837 69.18092145388846 102.17216008901323 96.04427744379882 91.22996221566791 121.26750568651914 70.52539350311281 105.5650973646807 126.4768878322925 89.6686463315541 91.62381257924972 139.2859568553331
112.71264683075287 91.2106543410082 68.78392968359367 92.45608174718836 72.73691477630427 87.4045993736122 107.3780329820197 81.83688470339848 54.149563300270074 83.84053505620523 72.75776658465202 88.45204679448807 104.64567060087302 74.11438225490747 76.62511515002598 81.51995216645173 65.72795694287652 86.0012005118997 74.09672145466493 69.18092145388846 102.17216008901323 96.04427744379882 82.85526289574955 118.05684110587617 70.52539350311281 105.5650973646807 83.33427283862147 89.6686463315541 83.09289602804074 114.45434064594929
69.98428101874288 66.29426469605414 64.89022413163548 86.74722328741746 64.84130512912952 63.04574948388017 66.35457705033377 76.95116326464495 54.149563300270074 68.00774000347974 52.48831033753868 73.52245991213704 63.661607383837236 67.9112213604385 68.10408584154948 78.40397893367845 65.72795694287652 80.32349201349462 65.19799321207029 57.23350892937833 61.34043069478821 51.638985342726755 76.78509309003857 66.14908180248085 64.75017154397756 60.35127978868377 73.38167145700527 67.63237968677731 72.16323262872811 56.529831369577096
50.71586540394037 63.70881137664219 47.09602727540755 61.77675096576695 58.91634335987055 50.16264548903155 52.67877679002686 50.7975201299314 54.14222870540789 50.13187981485089 52.48831033753868 47.738479630489564 51.8562319933485 53.39822405231507 53.78552849690459 49.48304309203013 49.43920176310985 65.41890598918053 51.84790775680767 47.249422415604386 47.718473270201 51.638985342726755 49.92660835261222 56.48313134263935 52.06912326004749 43.861652265804196 61.11704103431157 52.726132762740235 58.034482443957586 56.529831369577096
36.88662264537493 40.7455035670539 43.446136015242246 39.365349751722306 32.88224930836304 44.69464422206056 38.298645912380834 46.595520528115685 41.09568172009813 37.25495405419224 44.82338476279074 32.484569653591734 43.08329904033212 35.50938766496074 36.725827405074824 40.58808754012534 42.81499096957532 45.078958098888734 39.04954082943277 41.47772695664298 38.26505694710431 35.06057624019968 41.97358773532551 44.12150535439696 47.49675719942434 39.088383877142405 40.488635939168034 27.950507348535893 39.413917016946016 46.86652117873973
31.54893699785066 29.601109994920535 32.82639658055791 28.728128377091025 29.8440384902176 32.24393340990309 29.78805134078584 31.192907026330204 31.675976176499717 31.137196640428783 28.927684115258216 28.573072087004675 34.15715200359932 17.754744381475348 28.187716213129534 31.763739403835416 33.592401580277965 29.98568603769013 36.00834028348754 27.45950241324431 29.09103192489556 29.945434274838362 30.082002991474837 27.96093200164796 37.86819318858011 34.10273040267498 25.595781767853623 27.950507348535893 32.95982689303514 30.009824212268313
24.544139416299913 24.52330913525907 21.49821409197648 26.332600971679312 24.99388762419244 20.503398292489692 25.702198110756854 20.585795467470234 24.467808016842582 21.673505737269352 20.93939095579094 19.407495343470373 26.905458519985814 17.754744381475348 21.588933160015586 25.305885285291424 26.49445816678235 22.378184319839193 24.909676167289945 21.30634358469615 24.23840926534217 19.358268408186404 23.667448742028682 22.13706939222766 18.08844573173451 25.913164570881918 23.446657729657545 21.019656868236325 25.607082099102854 25.053710505820163
21.441810542854228 17.425549721699554 6.432075367564266 23.874945678335962 14.71453992789975 10.319144969226045 21.48777649276326 16.161073705999115 18.038310989851198 12.45028759362367 9.997172548129356 12.923770360478557 22.114076414653482 11.004634587768805 11.68282757021484 14.806919183710079 22.52357470112588 16.183811014624098 15.870664582590734 17.17279807288992 14.258196397744996 14.516808083283877 16.88010977465524 11.500244641196332 15.099627736675757 13.778134374434558 11.77117347489434 10.667625880091691 16.018713230425874 20.794042184690852
7.287795133809823 6.913831592582255 4.050672594456273 7.931563949005067 7.0189548256787475 6.763888529128735 8.446291229437975 8.629265357159738 6.575141138717072 4.35484969093568 5.845096256080524 8.554758651918974 7.509635029868377 4.956918644597863 7.83401076864061 8.604783540927201 9.61964498553948 8.14576068793599 5.562557369613387 8.306281466023165 4.388400709235611 6.20546788794195 8.738305437510462 4.897406816290186 8.671980882045318 8.285375343152737 5.096255411781158 6.274583701046367 6.11790101794918 10.056426582642871
0.3739655294189106 0.17296039629036386 0.278731226818536 1.0777608205225988 0.8433171603567189 0.8524076225610315 0.9841237002124217 0.8814128291835459 0.1729823599023348 0.08317048057983811 0.233426342174198 0.6592741365707298 0.5430471936513186 0.09189028386617792 0.5129026036427149 0.3828624066948123 0.6802931619381525 0.17854626400207962 0.30061802434170204 1.4315290545287098 0.7495787629536608 0.2113036538930828 0.46203668458565517 0.06169577399214177 0.7621954862718212 0.1701069701528013 0.13002492582131708 0.09774385681112108 0.6137149573758052 0.44028494237431914
1e-08 1e-08 1e-08 1e-08 1e-08 1e-08 1e-08 1e-08 1e-08 1e-08 1e-08 1e-08 1e-08 1e-08 1e-08 1e-08 1e-08 1e-08 1e-08 1e-08 1e-08 1e-08 1e-08 1e-08 1e-08 1e-08 1e-08 1e-08 1e-08 1e-08
174770.0 180608.0 180293.0 183387.0 182646.0 187127.0 187292.0 180797.0 181679.0 182589.0 175876.0 178268.0 181919.0 182817.0 184962.0 186148.0 178498.0 181279.0 183737.0 183917.0 182513.0 185676.0 178406.0 176846.0 180419.0 183482.0 175134.0 180608.0 180335.0 180419.0
