891938.716874142 100140.10109974247 140668.49576369146 126285.26620738808 76902.41441942878 109360.09332614698 71034.40271447664 111697.60400081231 449768.7281554051 4763937.569262071 69220.86617861161 97274.86671477472 1535776.0049705734 79092.91513304433 74439.98212138518 82730.51290679642 156286.25131325162 101313.7422396069 70753.69738531097 88243.90039887125 86653.95630215305 95400.82453972157 82734.10410310753 62809.02393110478 94281.02950880973 137313.98542990486 72734.84098736408 374095.0229121176 61175.458550977564 114046.71780411035
40375.233817414904 73802.31594219885 101368.05565870118 87121.74859115353 76902.41441942878 56250.76384519845 71034.40271447664 81340.38910956263 180958.65135794322 66607.75490231812 69220.86617861161 69153.55261815638 72652.69707975647 79092.91513304433 74439.98212138518 82730.51290679642 73686.48568467052 101313.7422396069 70753.69738531097 88243.90039887125 66857.81781085827 69572.44736414884 82734.10410310753 62809.02393110478 69391.92648471917 47860.53812124752 72734.84098736408 70254.4947792796 61175.458550977564 105815.79073120694
40375.233817414904 73802.31594219885 52815.752906549336 69872.51482380024 76902.41441942878 56250.76384519845 71034.40271447664 76117.29955600956 70754.15371706191 66607.75490231812 69220.86617861161 69153.55261815638 54978.76102029396 79092.91513304433 74439.98212138518 37398.54855179686 73686.48568467052 84867.00176648737 70753.69738531097 56740.98400050811 66857.81781085827 69572.44736414884 58596.65214598727 62809.02393110478 69391.92648471917 47860.53812124752 72734.84098736408 70254.4947792796 61175.458550977564 100607.91438143548
40375.233817414904 57643.06624734261 52815.752906549336 67307.0330434311 76902.41441942878 56250.76384519845 71034.40271447664 76117.29955600956 70754.15371706191 59986.97329842881 69220.86617861161 69153.55261815638 54978.76102029396 79092.91513304433 63767.59741292653 37398.54855179686 73686.48568467052 84867.00176648737 70753.69738531097 56493.92685972026 66857.81781085827 69572.44736414884 58596.65214598727 62809.02393110478 69391.92648471917 47860.53812124752 72734.84098736408 70254.4947792796 61175.458550977564 92424.0496079484
40375.233817414904 57643.06624734261 41552.46107164942 67307.0330434311 76902.41441942878 56250.76384519845 69348.2808674905 76117.29955600956 70754.15371706191 59986.97329842881 69220.86617861161 69153.55261815638 54978.76102029396 58714.118649294935 59732.54446490012 37398.54855179686 73686.48568467052 43650.03924989712 48887.05098543145 56493.92685972026 66857.81781085827 66963.65467075953 58596.65214598727 62809.02393110478 49330.7936114681 47860.53812124752 72734.84098736408 43174.10935528659 61175.458550977564 92424.0496079484
40375.233817414904 57643.06624734261 41552.46107164942 50189.083687703096 64618.18783175162 56250.76384519845 37171.86844521582 65524.564131917345 66719.53769482623 59986.97329842881 69220.86617861161 69153.55261815638 54978.76102029396 58714.118649294935 59732.54446490012 37398.54855179686 72505.30868815421 43650.03924989712 48887.05098543145 43560.818256291335 65758.46733429612 51104.682302529734 58596.65214598727 62809.02393110478 49330.7936114681 47860.53812124752 56164.312387971826 43174.10935528659 59441.90914525058 79531.0452699947
28613.037254112252 39167.612467155814 41552.46107164942 45567.22408934704 43177.989934508376 56250.76384519845 37171.86844521582 39785.7438032183 37009.89151490977 47004.03697059642 38652.40454344035 47262.29923154756 51879.3434070728 40774.015726402744 36644.6317474663 37398.54855179686 36489.577832471 43650.03924989712 44788.65755899436 40522.86873872007 62010.09675409325 43975.668861407066 58596.65214598727 51086.45838607471 32287.25647023899 43034.44345850474 56164.312387971826 43174.10935528659 34166.35780496843 53377.009943969206
28613.037254112252 36870.50984955938 41552.46107164942 45567.22408934704 31994.009935501126 37865.721773624384 36078.9584661206 36191.365606723004 36960.997736692436 42698.36454912496 37578.47500492077 34099.61868389629 37171.4613345023 40774.015726402744 32879.012943829446 34497.209007588994 33139.39268636869 39619.9308484655 41960.75346485699 23379.235581899247 48695.65945076937 29014.28905905647 36932.279027915385 43004.56432219272 32287.25647023899 26623.097693944695 25869.007852854393 26695.32356876081 33760.6652969686 51560.88135870574
28613.037254112252 34317.84014320793 35507.5418196863 31365.13175220744 29830.321054759606 34204.90616578035 25217.636031849128 24775.143550504974 26089.47163393087 41305.267304179775 21938.034394478604 25497.727757575412 34305.59334806434 37620.27585526469 24487.446581609995 26985.3682624596 33139.39268636869 32033.880155537787 30307.88291891571 23379.235581899247 38316.10719588336 28085.19582064096 30747.14745403193 30168.021498999613 31678.91857647245 15604.130331631228 25869.007852854393 23904.848325053656 32024.814873328818 26238.672928344167
26261.024227955048 24687.112206053556 21198.736430374887 27109.110271061636 23758.56907572259 17601.120755854085 25217.636031849128 24775.143550504974 17546.583446839275 32857.28616425956 21938.034394478604 25497.727757575412 26877.213739207167 28237.79859063962 22023.58769167251 18198.3062307758 13716.614734692677 25068.910830679357 25398.898176967323 23379.235581899247 26628.082090283668 24489.429741883374 28998.688477895746 19149.02197076242 24184.047504280104 15604.130331631228 23403.532625161297 22890.264412399432 20715.98361495767 24486.913627677674
21651.2792907494 13686.652002354807 19860.40510237048 17010.196788578796 16991.100004564676 16709.814501699697 14793.101616497106 15902.102016740671 15185.72898719574 24825.964383396313 17212.875899972958 20162.4046637739 22425.375842934423 20126.148159186938 15138.531536695733 16312.06738082767 13716.614734692677 15695.394253234737 14085.308717005892 14716.468780582692 16935.110170902495 12965.750504997788 20412.070076460717 17973.258469018325 12735.398467452398 15317.352481026966 9901.36622581208 16701.13536200652 15022.681611296066 14251.130607563602
12333.91092157271 8005.625385544308 6725.194151163526 9883.541705268082 10552.150946845682 10017.762415224586 9709.720651960608 9772.882027503785 7362.13832795745 10543.668584175008 8859.997524731472 9285.962751828667 10332.217559203615 7483.257566899797 8117.301479462862 4391.2841981044285 9254.193200295736 8589.111369227212 9085.54615232481 7898.198297177118 8729.305407005564 5148.031527098322 9390.566306289917 8783.54368208308 8730.331054645716 11511.769091454684 7732.325168276571 5876.443238379337 11656.424013338381 6816.380657892892
2068.765129226776 1817.807691430935 1523.1162254763788 1900.951842882279 3032.624428452735 1813.505471356219 2250.498129965702 1602.3088777153882 1264.76161029065 2193.5917160270824 1887.6884495542126 2099.801624087104 1730.2187753834753 2277.4773780477944 1322.8760410464504 2074.7806800421995 1448.4951881218426 1699.7954987432167 1931.2640930487505 1920.95468381719 1562.1242768948089 1313.529850027578 1161.6770440459147 1867.3196153209137 2276.7761663733313 2112.462770803403 1285.1135026340196 1335.4349039948183 2118.7622519754027 1676.306598060925
3.234455507049347 5.255258111249759 4.124581732063007 7.710231656695271 10.249566504028905 4.866239787510608 6.56050810816447 6.942320637964372 5.4931230290056305 7.101632986657535 7.543251727148231 11.96960443777806 7.626023468874223 5.727640897446804 5.458150337237839 8.356179825833408 5.506274677145768 7.967511937492361 6.844928317653 5.684597432802832 9.02190111614351 4.1165828061583625 7.697361879349444 7.0880762608586565 9.896776268272674 6.537459112461363 2.505422388582417 5.822749218310889 6.196172626974885 5.4769516856116525
1e-08 1e-08 1e-08 1e-08 1e-08 1e-08 1e-08 1e-08 1e-08 1e-08 1e-08 1e-08 1e-08 1e-08 1e-08 1e-08 1e-08 1e-08 1e-08 1e-08 1e-08 1e-08 1e-08 1e-08 1e-08 1e-08 1e-08 1e-08 1e-08 1e-08
1e-08 1e-08 1e-08 1e-08 1e-08 1e-08 1e-08 1e-08 1e-08 1e-08 1e-08 1e-08 1e-08 1e-08 1e-08 1e-08 1e-08 1e-08 1e-08 1e-08 1e-08 1e-08 1e-08 1e-08 1e-08 1e-08 1e-08 1e-08 1e-08 1e-08
464673.0 466421.0 459197.0 467585.0 473935.0 462918.0 461158.0 470866.0 466421.0 470095.0 471058.0 472018.0 471058.0 467197.0 467585.0 467972.0 466809.0 465257.0 466809.0 465063.0 469323.0 463698.0 467003.0 470288.0 473170.0 466615.0 457424.0 465839.0 467972.0 463893.0
