1044.2440151999044 1149.5737850602645 1181.600944658694 1122.1686722822988 1231.1679162166274 1370.7199512062289 1077.0780512190831 1205.8349530351707 1229.3629179823083 1096.081345267115 1195.3696478346778 1038.9501020170856 1247.0861359744667 1222.3195514893614 1462.7315904330244 1453.0471582088958 1125.4047679464566 1266.6307417487938 998.5635750336655 953.4061271191531 1202.3885934915625 1419.7341579341337 1343.9326490546737 1122.0639911125168 1208.6935494019808 1250.0550660027147 1237.720204102765 1269.4365432654636 1374.3259697053932 1119.2723619211356
713.9536348993615 1017.8734976626056 624.4846636847778 1080.07297099495 1153.9968209415101 1136.2246588548146 848.6412016935901 1078.7019224902087 812.0218849249682 1096.081345267115 1029.2073481284015 746.0978665792663 1006.5704646364784 1222.3195514893614 1260.6758731452505 1319.986057997312 1125.4047679464566 988.1216943520258 998.5635750336655 953.4061271191531 828.5677023384646 786.0462744013553 970.3083759832166 928.1692565507947 1073.1788478866292 1160.1769580966316 1149.1045724366345 1098.095520021248 815.3613127765188 935.7884141394538
713.9536348993615 932.5824538742768 624.4846636847778 781.5735263447164 1091.3665054016756 928.6024534575517 689.8178435959426 869.6209755710875 812.0218849249682 1096.081345267115 1029.2073481284015 746.0978665792663 651.1012754769426 975.2905529697664 892.8170637341123 917.8020878187726 630.2571731877883 660.2815725232817 685.2898123968012 926.2849064062048 827.6516651289453 786.0462744013553 657.2857551411562 869.9044868151905 1042.7506669166332 1010.7409712226654 730.8939649858394 880.3259979580293 815.3613127765188 768.0133169475762
713.9536348993615 899.9109216663564 624.4846636847778 717.4648624144716 909.8647690925791 756.2609026064597 689.8178435959426 832.4629096490426 596.1573848038361 745.9898160353578 728.9644518997029 746.0978665792663 598.2449177224767 975.2905529697664 713.1893918532869 791.3606750227686 630.2571731877883 660.2815725232817 685.2898123968012 538.3667076294528 719.7986982717007 786.0462744013553 657.2857551411562 786.3594796887937 857.3497687862355 872.6645257801356 626.8473483992948 597.3274610635835 815.3613127765188 725.5991352779579
711.2128120459615 615.0174499558852 624.4846636847778 657.88707114195 716.7957282854131 719.6960132939917 672.7621599341473 625.6620564071427 560.9253793253893 691.0758505508402 728.9644518997029 649.3235391137555 598.2449177224767 579.7659625991096 674.5010466081239 791.3606750227686 595.6369489120871 573.8285221547235 681.3556283023004 538.3667076294528 653.5991570056394 786.0462744013553 624.243415071161 526.096311226192 794.3996649856808 713.6462510877809 621.8375001207714 597.3274610635835 515.4580425134804 645.1243060364222
711.2128120459615 615.0174499558852 624.4846636847778 619.8028992304003 716.7957282854131 704.3926354742957 656.1503683758319 625.6620564071427 560.9253793253893 677.5565003502966 676.0210190652556 649.3235391137555 598.2449177224767 579.7659625991096 612.7651403060677 781.8764531328134 447.6699544271164 573.8285221547235 579.95516242547 538.3667076294528 588.234810266888 644.3856611862652 624.243415071161 526.096311226192 718.728169538656 649.6708554854135 558.6664909163919 502.39628136188276 515.4580425134804 446.99433523093785
325.494874453575 429.54126072525105 384.2014889919733 373.1498628202785 419.1880540682878 366.5823756818613 353.3635432690953 405.3753636712868 353.59638577022406 418.67339829408684 373.20422544322855 418.8387396054254 399.6448271416498 357.1692472034001 359.53227562222855 396.14515519448105 375.8098013187314 355.7230163603731 402.01803460316296 369.8248542351171 399.29180908910257 371.06664351714244 376.1252912139671 363.0747800631002 449.5279609377767 385.75827739108945 407.95208336067617 353.0534359992912 382.3075032612378 304.6429589540194
289.29550769676825 305.21787565601244 309.26391960750243 299.7179305400664 312.392713170947 283.6168536632672 318.59469947341904 291.84077914958107 309.91016385297235 320.718360217365 314.991138055605 317.50697679973746 315.77369573714213 289.8502220975579 304.33107707206136 302.6313214781153 313.81820072883966 301.942962400316 295.21965952832034 307.18502279364884 295.59213143739726 310.18377362112597 297.1664584058203 300.80945317313126 310.0360145331224 326.9374309183545 310.34237988816676 310.917391113127 303.1146890852274 289.08427747184305
262.8324859713143 264.4503970705455 274.4054962134933 269.9052834076015 275.20874208861915 265.9315743951738 277.62398590328576 256.0323607503542 275.34669733809096 279.1142340199067 271.9561421510448 269.79096344226446 264.4482658959323 271.72305924619377 263.4822337312262 278.5537537899895 276.2971175175385 261.78470017756854 267.14880611159606 270.77485761078015 273.83292512006255 268.97507028887367 260.58718574071554 269.18664793097923 272.06098006804723 271.894640829546 269.39722648920633 266.77662023451785 266.60195953036146 264.47435619860426
246.8724469990193 253.59175905105303 247.02045524950336 250.35314849544193 254.78363521852998 251.43357089641722 254.41463849397542 249.6240647435402 252.63497239025992 251.60772566571904 252.2583138404375 251.6924426347664 248.99035894080134 251.9061039565472 252.47884015364662 252.47965716797444 252.44801095697812 250.64706107235315 250.15567661631576 251.37540067197142 249.908715128347 251.0970931146585 251.33438420891525 254.31571761836494 254.0832224719402 254.8911805176881 255.41744798691388 249.2861606348556 250.82397078369604 250.55423699031553
240.2099345925717 242.54733566105688 240.83492223832172 241.88398035865976 245.38616817096135 246.6670882272124 243.27517312866394 243.1444229122335 245.74108156309103 243.03128927831813 242.11036702145702 241.8595027547126 241.51614028491667 242.96764245982604 242.13902196984372 243.88572549307537 243.0900220213157 244.27907627678542 240.57222048445738 243.4603841999242 246.4054040386568 243.02251000404112 242.4480296085503 244.2365788646507 242.82751258520648 244.25410381416168 247.56993694051152 240.9708049098158 243.598026666652 244.9720394526621
234.39869425545248 236.19512894455056 237.56478344188554 235.5639830687337 237.45553968008835 242.16793073150166 236.81762616241667 238.36593371081062 238.26016946262325 236.6854539680785 237.29950596457547 235.69592134455115 237.18713473494518 236.68853484994042 239.55383022177375 237.6688843729462 237.14824606758475 236.0403062837995 235.07110841388067 237.1573526465163 240.6358939633783 236.2527014681541 235.981568569307 241.01090868294796 237.53938073863628 235.5162948688485 242.12320923618108 235.15236623803276 235.58041888427806 242.1275594520389
233.97430096223206 233.9847839238755 233.98396116872436 233.97430211178926 233.98489488936775 240.35560229266503 233.97430754688503 237.7192029196367 233.45103545756865 235.24435695453303 233.98969156887915 233.98396178047096 237.1170098065395 233.97431507302008 235.0789135180794 233.97437140475313 235.65492058002383 233.9743207694596 233.98396200359548 235.65492066642673 236.74143557989055 233.97966168855146 233.97574816147608 240.35008861944016 234.00121289975505 233.9743011889509 237.0332308411521 233.97430291210367 233.97430299449343 242.11459302869298
233.97430094618903 233.9743009461895 233.9839607382737 233.97430094618903 233.9839607382737 240.3495365116446 233.97430094618903 237.71920278240623 231.95170726703964 235.24435497244804 233.9839607382737 233.9839607382737 237.11700980483556 233.97430094618903 233.98396073840468 233.97430094618903 235.65492041127527 233.97430094618903 233.9839607382737 235.65492041127527 231.92337478699164 233.97430094618903 233.97430094618903 240.34953643967538 233.97430094813808 233.97430094618903 231.9600918632741 233.97430094618903 233.97430094618903 242.1145930282437
233.97430094618903 233.97430094618903 233.9839607382737 233.97430094618903 233.9839607382737 240.34953639553896 233.97430094618903 237.71920278240623 231.95063763325925 235.24435497244804 233.9839607382737 233.9839607382737 237.11700980483556 233.97430094618903 233.9839607382737 233.97430094618903 235.65492041127527 233.97430094618903 233.9839607382737 235.65492041127527 231.85780965730464 233.97430094618903 233.97430094618903 240.34953639553896 233.97430094618903 233.97430094618903 231.95063763325925 233.97430094618903 233.97430094618903 242.1145930282437
233.97430094618903 233.97430094618903 233.9839607382737 233.97430094618903 233.9839607382737 240.34953639553896 233.97430094618903 237.71920278240623 231.95063763325925 235.24435497244804 233.9839607382737 233.9839607382737 237.11700980483556 233.97430094618903 233.9839607382737 233.97430094618903 235.65492041127527 233.97430094618903 233.9839607382737 235.65492041127527 231.85780965729782 233.97430094618903 233.97430094618903 240.34953639553896 233.97430094618903 233.97430094618903 231.95063763325925 233.97430094618903 233.97430094618903 242.1145930282437
1000000.0 1000000.0 1000000.0 1000000.0 1000000.0 1000000.0 1000000.0 1000000.0 1000000.0 1000000.0 1000000.0 1000000.0 1000000.0 1000000.0 1000000.0 1000000.0 1000000.0 1000000.0 1000000.0 1000000.0 1000000.0 1000000.0 1000000.0 1000000.0 1000000.0 1000000.0 1000000.0 1000000.0 1000000.0 1000000.0
