122.17474304757593 114.23087922096352 95.3971458959727 125.12951604517275 115.01373238593567 97.61495256524006 122.352551887696 122.23463430847187 95.75341330707329 103.57856045147071 107.13735658889323 91.03827863300876 101.7065781846668 119.64733311607222 101.06890639681853 118.58554769348143 104.0172110092825 98.99363476919109 93.6765683962933 109.14675538771667 83.84521971691049 111.63934740335685 111.23589139698436 116.68123488080039 98.10277389252383 119.94361252743147 99.26579460942935 126.69948893264348 85.2705777511436 106.48154796857739
107.42265120229422 114.23087922096352 90.76387064944856 98.95998947511919 115.01373238593567 97.61495256524006 109.77873165501319 122.23463430847187 95.75341330707329 103.14524567058004 107.13735658889323 73.98229703679067 101.7065781846668 100.21698466721978 101.06890639681853 117.61536704259504 92.49695961102839 98.99363476919109 85.73048048749376 92.73950855670387 83.84521971691049 104.00977861607373 111.23589139698436 89.10291997799447 94.6098546908828 110.85053452053057 89.76471745030665 108.94211251483728 85.2705777511436 100.63345213576906
98.88096411125889 108.09610600391431 75.82038239729263 98.95998947511919 115.01373238593567 84.98989535689202 109.77873165501319 88.23290090354612 89.69382830948939 101.21501202424975 105.49467602134916 73.98229703679067 101.7065781846668 100.21698466721978 99.15207483325344 103.3021877326222 92.49695961102839 97.05253980273233 85.73048048749376 92.73950855670387 83.84521971691049 104.00977861607373 100.56291191453238 78.43769454159428 94.6098546908828 109.74160056630444 89.76471745030665 87.58390192800539 85.2705777511436 100.63345213576906
98.88096411125889 80.09580783548176 75.82038239729263 95.19237056630959 111.60738366379167 84.98989535689202 63.2050609017781 88.23290090354612 71.23833509786641 85.51162611402435 105.49467602134916 73.98229703679067 101.7065781846668 81.99292062056304 99.15207483325344 98.52644946293958 92.49695961102839 93.88156136293651 85.73048048749376 92.73950855670387 83.84521971691049 90.2676240138245 73.54312329346715 78.43769454159428 94.6098546908828 93.388711509127 86.3592927564971 87.58390192800539 85.2705777511436 100.63345213576906
76.72362177976993 58.914445276075526 75.82038239729263 94.72944902412394 74.49392361313699 67.23560922562149 63.2050609017781 85.03856223345053 71.23833509786641 55.7685404513777 77.98171453715281 73.98229703679067 75.97760362146528 81.99292062056304 74.64709121248131 78.01076299469992 92.49695961102839 79.97967381664103 85.73048048749376 81.92942810840123 55.229368129259 86.8521544991346 73.54312329346715 78.43769454159428 78.06918386466964 87.16180300608607 63.739469022015214 72.1268742393861 85.2705777511436 86.67645440477895
71.70605630430964 58.914445276075526 75.82038239729263 66.49557124904982 74.49392361313699 57.527286504351764 63.2050609017781 68.3501332156967 70.8530773673615 55.7685404513777 72.40228169927684 52.23772058456984 75.97760362146528 67.72903340171695 64.53382579863933 77.92601843490411 66.3197251371613 64.53373684864982 63.639650693593694 76.60308829620374 55.229368129259 79.68090032820942 52.37801400668411 61.370664516005036 70.37349532533267 71.86794823803166 63.739469022015214 72.1268742393861 64.6074947734196 53.79830722216889
71.70605630430964 58.914445276075526 70.09762282022325 62.076451805806755 62.35627916802389 57.527286504351764 63.2050609017781 65.86085508073427 54.269039739910454 55.7685404513777 56.642198337930836 52.23772058456984 61.527044539835856 64.31932485483094 55.45450226058733 71.65426516981506 66.3197251371613 57.66851244450902 63.639650693593694 44.29584057972943 55.13941796920528 59.67119994998245 52.37801400668411 61.370664516005036 60.529119699383386 55.92996163066789 62.76885383389629 64.14106167489581 64.6074947734196 53.79830722216889
45.85045539724581 58.914445276075526 56.12778113438014 56.39786113740411 37.75074813223978 52.16037771573542 46.99276503211195 65.21313947941542 50.16366564253883 55.7685404513777 47.15697555262727 52.23772058456984 38.13498848448296 62.6666056942845 53.773274428862464 48.818018839956835 62.21967604742906 49.71975296426865 44.070581802076276 44.18538741819816 54.45941614966114 53.824723030147084 46.63194113137661 50.42702331629948 57.35461974673956 38.818152952458604 50.62866354349751 54.40167593158742 46.122345911158845 50.81209913719988
33.27373165047595 49.81057513077917 48.40703338141839 49.334097676970714 37.75074813223978 41.48440578071654 44.755575206876415 44.9088210002202 43.268743028105746 45.12857419514626 46.855138678262165 37.14881449529162 38.13498848448296 48.651812617906444 43.2790329588106 42.98395117663699 40.01742992103982 38.065070990894924 38.47465096669487 39.099689607001324 46.013271062571675 42.319870500351385 45.295504187656434 44.030557030546106 27.700722453559365 38.818152952458604 40.04714652218604 43.98410117194294 46.122345911158845 36.38791847003961
33.27373165047595 37.57638963518184 42.469425736259495 32.84299903841486 35.55843131046004 39.27734880674382 33.134203286488514 41.80007538350014 29.11398725890217 40.039408061567656 44.200104972500185 37.14881449529162 35.17587411759098 39.85572858603973 41.3351802534296 36.78103998435017 33.252673734479686 30.35531670771047 38.47465096669487 35.99367341818436 38.75913078707663 38.27580796298264 34.243898903075774 35.76346952397955 27.669413214232236 38.418541956093804 32.67536519743828 36.47553284338403 36.58653961391826 23.532391780009107
29.9507615350509 34.32055792557992 31.5702973395737 31.594420950115705 35.55843131046004 35.36715722419717 28.33224004257056 37.67714861891136 22.145459713959895 27.303532972077846 37.25829878002935 25.535504797028352 33.017325028421965 23.986329359462616 29.747685685022134 29.240229326041458 24.883614814486236 27.576341940031853 33.35494918210793 29.656819032349972 35.57195379295081 21.847288833586163 33.75253061817887 34.899332634202665 27.669413214232236 38.34173815682459 31.277401323371123 35.52744526711706 26.660170719048324 23.532391780009107
28.96475612948666 26.949237786920094 24.73793081087024 26.576651740958255 24.912569582767333 22.274108286926207 27.40415824581237 18.12031600050932 20.73326914584709 23.64294044885287 17.647993266786102 23.32432408848888 28.041640332042334 22.89159015672692 28.832008512822313 26.509333387973925 16.950618534023192 21.775872381112208 20.77085583375697 20.51868215355205 16.515372139834312 17.35519139323958 28.90088161473284 27.538577469032703 15.57600427610464 28.377288235899982 22.63629760093545 24.099104042809813 22.78815558299391 17.62106733105179
15.547441479593544 17.352289439211972 16.128263240406 14.126528680051024 19.180650667229656 15.489356378015145 17.348749145026204 15.224727266952414 13.507282933172064 16.27281941956312 15.056738758555866 18.09803577292189 12.259113156793774 18.53682386601031 17.12374960854413 17.22210804973122 16.950618534023192 16.873430007283446 13.133033492812388 13.791234105402395 13.376063156586838 11.978350160026594 18.05599734542261 16.92795685625299 11.140486668257267 22.97312326091287 12.233333867858732 15.564803604823169 20.696737162811814 12.038955939197308
7.062343370255121 7.418393115142976 14.038839507522539 10.146756278414841 9.99422240490253 13.939696283233388 11.898782165523698 13.406651223215476 11.742256518493377 13.030979049872485 11.77029493087673 14.30183437460937 10.15552596194857 11.833652144636062 13.525005493549997 9.369729693190266 12.267925566856547 10.151504765932941 10.192439257825527 8.434356517650258 9.40978261591897 11.305646930907983 12.171388883237 11.42976760652391 10.484253932708157 12.17967906245417 10.534497870003293 11.934144450827944 10.581798262779671 7.943674924244874
4.822726037318716 5.457715955384515 5.394136825925557 7.058903602621626 5.555885088880132 7.4047327682767445 5.730558227469942 6.679723217700371 7.075062793842903 7.334897676045216 7.022742236390741 8.488547310653757 8.043001684213664 7.372901595241956 7.1930260197812 5.525696444223058 7.490498026245973 6.525915945581687 3.2867061178802714 5.349286257082099 6.37878444769558 8.890845958514888 4.9490372226185855 6.203621122322033 5.319208786235208 4.872743289694654 7.0221135739799365 8.060586993727043 6.356243142104404 5.626578462159955
2.9848771712798907 2.9848771712798907 3.9798362283731876 4.974795285466939 4.9747952854664845 3.9798362283731876 2.9848771712802318 3.9798362283731876 3.04522544569852 3.979836228377735 1.9899181141867075 2.9848771712800044 3.336433086458783 4.974795285466939 4.9747952854664845 3.016956919870154 4.9747952854664845 2.9848771712814823 2.9848771712798907 1.9899181141865938 4.974795285466598 3.980804908517939 2.9848771712802318 3.979836228379895 3.9798362283731876 2.9848771712798907 2.9848771712798907 4.987107459486651 2.984877171280118 3.9798362283731876
199997.0 199997.0 199997.0 199997.0 199997.0 199997.0 199997.0 199997.0 199997.0 199997.0 199997.0 199997.0 199997.0 199997.0 199997.0 199997.0 199997.0 199997.0 199997.0 199997.0 199997.0 199997.0 199997.0 199997.0 199997.0 199997.0 199997.0 199997.0 199997.0 199997.0
