7989.935594021714 9612.530520625087 10182.808175052898 2892.140276682492 10453.4955517081 6379.064065211845 10324.582769034585 9790.1516199364 7435.061365523368 6418.465680322874 9119.19471707114 7799.973564739834 10412.68206396178 11340.487097311167 8513.182036950779 9525.461879542934 6304.119147946778 9392.54584630475 7952.545811245891 9556.752268137745 7749.475346014342 5108.6887296208 6242.47201792747 7292.082492146339 7129.328763077076 8911.233575640836 10450.654689304167 6448.48131382728 10248.935804791481 8665.120867274141
7277.729902632716 7754.884619183033 8083.222517919792 2892.140276682492 9552.948049802355 6379.064065211845 7898.824346289202 8394.314388870407 7435.061365523368 6418.465680322874 7014.5121098369345 7799.973564739834 10412.68206396178 5517.441226001733 8257.673110490208 9525.461879542934 6137.213279231473 7825.592499381728 7952.545811245891 9556.752268137745 7749.475346014342 5108.6887296208 5388.7305676585465 7292.082492146339 7129.328763077076 7881.395848158143 9561.41042306357 6448.48131382728 7137.707116652835 8638.218307199433
5279.351093483676 6303.968300141347 7887.0751355646025 2892.140276682492 9210.381232102705 6203.409331788491 7270.215095387441 8394.314388870407 7435.061365523368 6418.465680322874 6370.279623652743 7452.32267015079 8936.653791018049 5517.441226001733 6647.277857342604 7425.970660865907 6039.846255211241 7267.141195668355 7479.699167592436 7647.625306809743 5342.816347205869 5108.6887296208 5388.7305676585465 6405.923564180419 7129.328763077076 7033.965550358609 8850.361709958794 6448.48131382728 6534.870177256433 7798.986315220325
5279.351093483676 6303.968300141347 7660.7956256416655 2892.140276682492 8175.1780089527 6203.409331788491 6929.210380236571 6492.380000447367 5930.444770871625 6418.465680322874 4898.625204834002 6126.85576977285 6826.031531910596 5517.441226001733 6647.277857342604 6816.611139561968 5808.822124119964 6078.004551154863 6384.954105244138 6741.0620489974135 5342.816347205869 5108.6887296208 5388.7305676585465 6014.301994301273 6795.9757442331465 6601.763456399214 8834.951870207775 6224.261951463879 6534.870177256433 7293.324946063869
5279.351093483676 5401.1091266820895 5573.465887632876 2892.140276682492 7378.335247258099 6203.409331788491 6522.850086547092 6492.380000447367 5913.35147967784 6418.465680322874 4898.625204834002 6126.85576977285 5912.054185170113 5517.441226001733 6291.872561109896 4726.481515747034 5808.822124119964 6078.004551154863 5837.597331207478 6454.762444109316 5342.816347205869 5108.6887296208 4980.723792462536 6014.301994301273 4523.795478221966 4630.438567161215 6333.860911392887 6123.094314226477 5577.909095969329 6816.4768124287675
5180.571824461639 4795.201481052466 4344.94061194741 2892.140276682492 6448.621510313778 6046.3981915564145 6522.850086547092 6492.380000447367 5644.4164083549385 6418.465680322874 4640.084194741966 5996.1907046390825 5348.749859674287 5517.441226001733 3624.5628083077972 4726.481515747034 5808.822124119964 6003.789100172678 5837.597331207478 4256.375175397619 4362.701200921401 5108.6887296208 4980.723792462536 6014.301994301273 4392.7718552152655 4630.438567161215 5093.464637694597 5564.715664879663 4586.36655430678 4471.463542372538
2968.2962093004153 3720.703245816776 3426.3413604863945 2892.140276682492 4145.702700856024 4122.756048516061 4449.682640720725 4233.81601007466 3458.495565325864 3811.5842743704343 3800.0320366803535 4055.459823408519 3655.349384108622 2736.9418281405633 3624.5628083077972 3267.31842053744 4086.5007244064873 3412.922720912391 3627.247200165919 3652.30379644152 3759.1763824291056 3545.121723980923 3554.4849664958465 4248.06634295343 3825.625254485847 3482.8557444830785 3370.4530633413033 3796.146388548068 4050.1047285802288 3337.5561941935857
2455.0106478949874 2348.725524379837 2248.852073215672 1500.6854969583928 2083.8263310276507 1871.8915902032077 2233.8757351907934 2307.3144746722282 2169.0091434940377 2356.4984303501733 2304.8286465205056 2275.7018741917054 2168.6179031648735 2414.6476699056457 2023.4303438732968 2202.6702334022193 2311.085693587569 2304.840479323152 2130.8739256122153 2236.477082033518 2281.8818269976673 2031.0827359104587 2367.2362312629084 2426.098839069152 1980.3779873588228 2161.0138111303186 2178.5991298605495 2451.977941311142 2156.045521382258 2178.0441765609457
1394.198994956846 1347.532359301435 1365.959507918802 1023.0462030274302 1165.1803621674717 1358.7008848033374 1178.720281910617 1399.417826367593 1321.4187333181662 1470.8931485097178 1268.3706187212524 1383.3533869421635 1475.175069316143 1445.6425898913876 1181.3769933764065 1353.9759959162357 1480.9178775996088 1260.5701430011445 1272.9353666546303 1368.8765729051966 1405.29263613183 1214.658516536163 1196.5904043706196 1288.3925123819045 1202.0094758307896 1388.4577459708776 1360.7156105158624 1356.3429075168074 1410.3329692173706 1275.4143913848839
589.8830189345713 586.1565519838705 613.5279095074175 761.8520804169148 620.3409371583862 902.3786614489245 569.1582216837787 630.3942365010835 603.6069682896391 764.9634451851116 569.3685178539604 607.5632732532285 577.2955890851649 582.8912003761293 648.7241639690692 618.6172036318967 583.7338070002379 563.5979944143583 527.0420601830265 588.033496928093 577.9877264061815 640.8561610299384 593.3504227341441 587.7989162048275 578.1148136227976 575.4290063275644 574.9864248614986 596.8271594207622 599.657931880989 555.4851327479678
326.0973551037282 329.1460963902482 330.0659348097629 634.1949822876777 334.28164853387307 426.61395332260827 330.13412202978725 332.5101726770472 329.55881660562136 351.2404741267205 326.4194788933587 325.65355345856597 327.66364596126004 333.3694115777548 331.1768507581651 332.92727241812827 334.8484188909629 326.0937102699513 328.5585563792206 326.86339515272994 325.01704452616696 332.55562152366747 333.0341464949888 334.70639542606614 328.07470908414007 328.5892534844015 330.21078475134254 330.68356082811806 328.4798413689832 325.988244689936
300.1798848235976 300.1864495320724 300.2190227871788 401.5919717795068 300.2043242751379 304.1465074394396 300.2443015180652 300.21614689330454 300.1514631392188 300.440114252021 300.17271875958613 300.23432853115264 300.2185100759775 300.21308949174136 300.23652617539756 300.21715954978026 300.1980956969137 300.1918251651832 300.2011553622983 300.18427555314247 300.2077131759934 300.223947930187 300.1841869782238 300.2153527524856 300.20131067383227 300.18865205874 300.2110107981621 300.20425544020236 300.2345906399455 300.181794929591
300.00001519022544 300.00001785656514 300.0000204353446 400.0001743010471 300.0000226870675 300.0014526910618 300.00002515936194 300.0000253758908 300.0000200971035 300.0000457539545 300.0000182563954 300.000018458436 300.00002076347573 300.0000183050133 300.0000226018974 300.0000207472922 300.0000252843902 300.00001762170723 300.00001749225976 300.0000186019679 300.0000191111376 300.0000228235026 300.000017833373 300.0000209818422 300.0000202466126 300.0000200057357 300.00002378872296 300.0000181951168 300.0000190459996 300.0000177319994
300.0000000000009 300.0000000000009 300.0000000000009 400.00000000000136 300.0000000000009 300.0000000000082 300.0000000000009 300.0000000000009 300.0000000000009 300.0000000000009 300.0000000000009 300.0000000000009 300.0000000000009 300.0000000000009 300.0000000000009 300.0000000000009 300.0000000000009 300.0000000000009 300.0000000000009 300.0000000000009 300.0000000000009 300.0000000000009 300.0000000000009 300.0000000000009 300.0000000000009 300.0000000000009 300.0000000000009 300.0000000000009 300.0000000000009 300.0000000000009
300.00000000000045 300.00000000000045 300.00000000000045 400.00000000000045 300.00000000000045 300.00000000000045 300.0 300.00000000000045 300.00000000000045 300.00000000000045 300.00000000000045 300.00000000000045 300.00000000000045 300.00000000000045 300.00000000000045 300.00000000000045 300.00000000000045 300.00000000000045 300.00000000000045 300.00000000000045 300.00000000000045 300.00000000000045 300.00000000000045 300.00000000000045 300.00000000000045 300.00000000000045 300.0 300.00000000000045 300.00000000000045 300.00000000000045
300.0 300.0 300.0 400.0 300.00000000000045 300.0 300.0 300.00000000000045 300.0 300.0 300.0 300.0 300.0 300.0 300.0 300.0 300.0 300.00000000000045 300.0 300.0 300.0 300.0 300.0 300.0 300.0 300.0 300.0 300.0 300.00000000000045 300.0
1000000.0 1000000.0 1000000.0 1000000.0 1000000.0 1000000.0 1000000.0 1000000.0 1000000.0 1000000.0 1000000.0 1000000.0 1000000.0 1000000.0 1000000.0 1000000.0 1000000.0 1000000.0 1000000.0 1000000.0 1000000.0 1000000.0 1000000.0 1000000.0 1000000.0 1000000.0 1000000.0 1000000.0 1000000.0 1000000.0
