1226.0943916804626 1083.693614297043 623.8744323335413 1400.0658044403772 589.5957147029044 1126.7800555188442 1400.5528590297436 1575.0026239293002 1257.6437062085197 1071.0058317455587 865.9048449997695 1127.4846337476934 1198.9521549846895 838.3045245907897 1109.5265179885646 924.1920957629391 1174.386390227798 1074.0229530641855 1435.8961943396907 1622.6188905536637 1358.78881196774 1456.4875296977207 1324.371730203768 1371.4110634687195 1335.6462298958745 1056.919262698043 1118.9471223981482 1233.1210304129459 1167.4455144001317 1258.7472994840273
1125.5460501500088 1083.693614297043 623.8744323335413 837.7464528440082 589.5957147029044 1036.7435139462154 982.1160443811414 1429.494528430113 1257.6437062085197 1071.0058317455587 865.9048449997695 770.2570409743244 1160.0335293440749 838.3045245907897 684.3785861518218 924.1920957629391 794.5702526605246 1074.0229530641855 1435.8961943396907 1158.7489531909305 1358.78881196774 1251.7444018318697 1279.7544253477367 1036.149956243351 892.8673315130236 1056.919262698043 794.1899769846686 1233.1210304129459 1167.4455144001317 999.3338864767652
891.3013041761833 757.5151961939141 598.6528950286302 617.2120611484793 589.5957147029044 1036.7435139462154 650.9588540996706 1429.494528430113 1257.6437062085197 1071.0058317455587 492.7248605289328 770.2570409743244 1160.0335293440749 838.3045245907897 684.3785861518218 924.1920957629391 749.2577452107125 1074.0229530641855 1163.171214239525 1067.1050002590837 951.3820800963604 779.5193193648529 1279.7544253477367 1036.149956243351 705.0404883877382 622.3130609166533 794.1899769846686 1116.446109585545 1048.8704358398263 999.3338864767652
552.5216410868279 757.5151961939141 598.6528950286302 617.2120611484793 446.4833451299619 1036.7435139462154 650.9588540996706 1429.494528430113 1035.3674558943603 843.7190231956083 492.7248605289328 641.5154753334373 927.3261101960911 838.3045245907897 684.3785861518218 924.1920957629391 498.11162919250864 744.7851749832262 1058.7519206040824 750.4636125584966 951.3820800963604 779.5193193648529 800.9637002233976 720.3209536776362 614.6427191411685 573.3385741890197 794.1899769846686 779.1979375293922 542.9022689370613 999.3338864767652
552.5216410868279 629.3854670567735 587.8333827417309 617.2120611484793 446.4833451299619 1036.7435139462154 650.9588540996706 932.22807462622 1035.3674558943603 837.7217549077513 492.7248605289328 641.5154753334373 890.3313842794782 838.3045245907897 616.7016092922472 736.6721083852335 498.11162919250864 744.7851749832262 1058.7519206040824 750.4636125584966 718.2012885500444 546.1440620351923 800.9637002233976 720.3209536776362 614.6427191411685 573.3385741890197 794.1899769846686 779.1979375293922 542.9022689370613 650.9457699778613
464.56694777547546 629.3854670567735 587.8333827417309 617.2120611484793 446.4833451299619 1036.7435139462154 650.9588540996706 779.8015125624424 1035.3674558943603 836.5337047336247 492.7248605289328 641.5154753334373 890.3313842794782 838.3045245907897 616.7016092922472 584.7722307068652 498.11162919250864 744.7851749832262 1058.7519206040824 750.4636125584966 718.2012885500444 546.1440620351923 800.9637002233976 720.3209536776362 614.6427191411685 513.078494586855 661.0091534018948 734.6877180361776 502.8911010882166 650.9457699778613
464.56694777547546 624.1519695453835 458.1380213999728 525.0039742095964 446.4833451299619 1036.7435139462154 534.751576597514 706.3358777057242 789.5630983715819 836.5337047336247 492.7248605289328 641.5154753334373 835.9513641324202 694.9861315943967 616.7016092922472 584.7722307068652 498.11162919250864 698.0150646549482 1058.7519206040824 517.2023093054395 718.2012885500444 546.1440620351923 800.9637002233976 720.3209536776362 566.3943018984342 444.7345081684107 661.0091534018948 649.9479436817282 487.4757595867295 563.5651510278449
464.56694777547546 395.2672107326375 458.1380213999728 507.2861890156728 375.1982431283104 825.3816402431039 434.95734899854324 630.4989706370006 648.1572289190581 469.4595862018564 367.9943077443304 412.28123224099363 504.05125648303874 423.2900459369175 441.19914339787556 356.8489954765978 476.89823001685454 355.7765278746947 814.6580072732731 513.8566397074719 617.0970230819098 432.6578406487324 671.2214893147802 477.22205326890116 364.36312503238696 408.156508036343 538.2065374683843 446.6077603161725 394.99451221143954 440.8174527631095
286.5381668529726 274.88978162211833 283.4807324152407 325.1244981119826 266.377718398825 337.0370405945214 246.41149112164658 286.468797034976 320.5942679392683 277.3616553454922 301.94147982673485 266.44557202707983 302.8137625887066 317.86345726200307 259.3111760235638 263.8504132233775 247.76978567883998 248.7722187385275 307.8040751367562 261.47104128883984 257.1200592148148 261.35810830172295 288.7555724427739 301.25490190775645 287.3799547064914 319.39180741693826 363.7215031643882 270.5944200628701 288.21409674558436 266.0808088801141
216.38110233052248 206.661798637816 226.44485613552843 230.1134931325223 206.03213455686046 225.25807809561047 208.0190615311958 204.50342752535062 221.9699358860512 212.86374927753923 215.88956597449032 219.28807709870807 226.145167164932 218.57669727779785 214.89109785061237 210.2894835164184 206.22422510784145 198.46985110581954 220.9217892650804 206.10604466779887 225.61818494420504 202.35909598783246 202.3214460846234 207.5404679276985 217.75975088803307 226.63333133817514 219.92648099510052 205.92781149452867 211.7078717388863 211.303955660253
189.19905983921944 187.76680106921003 199.62383196022438 194.75752000170996 191.24400890903416 192.9274693541597 191.8839141579283 190.57227624923462 188.87029916309666 189.58131573935407 194.03897594327054 188.63697976005642 195.82092964160165 190.38979601006713 197.10134113709228 187.94630696083004 192.29678259118919 189.18201267870973 195.717751482945 191.42659419745632 193.18493459312504 189.25991403564012 190.5472990567614 188.04381234062112 193.67769750829666 196.00866665699687 190.824035443698 190.09382146114922 190.4025982614544 189.1051201943128
182.23209749155785 182.20732072449664 183.2100154905047 181.77687728456795 182.4329829005478 183.20512913848643 182.05885542586066 183.34865468303042 184.46304259399085 182.84004621119038 182.778845544025 184.0900471709183 184.27020962164852 182.80630025392475 182.8188905154143 182.6244716226738 182.42764827833435 181.50886988195407 182.38900477611514 181.80537611549198 182.2915076024192 182.121138641799 182.46014751208895 182.1084680944864 182.51443875785435 184.93978453653108 182.55379078452142 181.7813875786169 182.82360331727432 182.57530502025065
180.94066877361684 180.8728550969854 180.87726130052124 180.97643217336054 180.9198591089521 181.09785789540047 180.92451494495526 180.92740012200193 180.92579892433514 180.99245801613597 180.9751735503337 180.92407515179184 181.06920758837623 180.91748988216978 180.99469190160016 180.87784996125174 180.93088922970264 180.86563735994287 180.87504728598606 180.88197268195063 180.9698807746613 180.852879355783 180.90239726452364 180.9453904848301 181.0532030146528 181.00328763280186 180.85889445407065 180.88192102081075 180.9341934142053 180.887274974491
180.78855099646216 180.78746114736714 180.78509912403888 180.78738185097836 180.7849637016002 180.78822792820392 180.78767571961498 180.7865231675637 180.80572216734436 180.78988470768445 180.7894506402663 180.78390393404925 180.79427698290237 180.7904129721428 180.78783411631912 180.783918000026 180.78595170120207 180.78461191152064 180.78416669842227 180.78488507197153 180.79649167033722 180.78542314735023 180.7866054482961 180.80443055479873 180.78594380784443 180.7924606188185 180.7873345164885 180.78591374844473 180.78755396955876 180.7846667106055
180.7812755795003 180.78128141195293 180.7812733163605 180.78127831301435 180.78127868868887 180.78128345208097 180.7812751599954 180.78127824210242 180.78129559294666 180.78127973598612 180.78130694909623 180.78127584346385 180.78129761124046 180.78128907596556 180.78127394065723 180.7812759984995 180.781281654361 180.7812759422868 180.78127637898933 180.7812818350517 180.78131040670633 180.78127622462353 180.78127948398333 180.7813216106033 180.7812830337607 180.781318398238 180.7812927009786 180.78128331867265 180.78128699885156 180.78127856064611
180.78127167774664 180.78127167774664 180.78127167774664 180.78127167774664 180.78127167774664 180.78127167774664 180.78127167774664 180.78127167774664 180.78127167774664 180.78127167774664 180.78127167774664 180.78127167774664 180.78127167774664 180.78127167774664 180.78127167774664 180.78127167774664 180.78127167774664 180.78127167774664 180.78127167774664 180.78127167774664 180.78127167774664 180.78127167774664 180.78127167774664 180.78127167774664 180.78127167774664 180.78127167774664 180.78127167774664 180.78127167774664 180.78127167774664 180.78127167774664
1000000.0 1000000.0 1000000.0 1000000.0 1000000.0 1000000.0 1000000.0 1000000.0 1000000.0 1000000.0 1000000.0 1000000.0 1000000.0 1000000.0 1000000.0 1000000.0 1000000.0 1000000.0 1000000.0 1000000.0 1000000.0 1000000.0 1000000.0 1000000.0 1000000.0 1000000.0 1000000.0 1000000.0 1000000.0 1000000.0
