5415.633426097544 4810.904173176924 4442.020297256699 5681.191907074509 5536.167028615159 5477.11458266836 5599.122793937091 591.0486579057451 5668.677833444435 3714.5495421804244 3580.289866949466 5284.419822504602 5430.201400350228 4876.829967342036 5003.183175732079 1297.0577637499146 4621.991382524768 4493.456386066736 5440.92757139901 5230.220980121165 761.419525946299 4079.1641541183835 5009.732791906658 3284.648334805317 5146.138051412338 4994.930053770089 5231.508535174965 5014.283882805206 5471.456378781684 5161.660411852872
5415.633426097544 4810.904173176924 4442.020297256699 5594.863974780751 3896.1009174570645 2901.0181765780917 4561.96669073273 591.0486579057451 4854.6829755039125 3714.5495421804244 830.2621499736183 5284.419822504602 2612.724675646048 4876.829967342036 704.3966002594411 1297.0577637499146 4621.991382524768 4493.456386066736 5246.356324298705 5230.220980121165 224.3460966890798 692.8105254052971 5009.732791906658 3284.648334805317 5146.138051412338 4994.930053770089 5231.508535174965 2609.811985296439 392.32999964796636 5161.660411852872
5264.8130675124585 4810.904173176924 4442.020297256699 5285.8272076975345 3896.1009174570645 470.3027669066355 425.2757948936819 591.0486579057451 4854.6829755039125 527.1565966908902 830.2621499736183 4135.3239011450105 2612.724675646048 4876.829967342036 395.2628554573016 268.63246599234026 4621.991382524768 4493.456386066736 5106.15383627577 5230.220980121165 224.3460966890798 431.02456730456015 5009.732791906658 3284.648334805317 4861.465354744412 4730.714109986284 2488.0577972241044 1944.794560880223 392.32999964796636 5009.192782686473
5204.3854217706385 4810.904173176924 1370.3861137337226 5271.527586553006 1665.5261501613336 209.62413713423075 276.6219071801647 591.0486579057451 4854.6829755039125 527.1565966908902 830.2621499736183 4135.3239011450105 2612.724675646048 4876.829967342036 281.92363097649286 268.63246599234026 369.08206704186205 4493.456386066736 5106.15383627577 5207.210430770212 224.3460966890798 431.02456730456015 5009.732791906658 3284.648334805317 4861.465354744412 3612.4222272183633 2488.0577972241044 814.213314572673 341.0033521756077 4540.681750422259
5031.590417162332 4779.572894650738 1370.3861137337226 4766.329222512644 1665.5261501613336 209.62413713423075 213.40304804710559 591.0486579057451 4854.6829755039125 266.1222776828904 830.2621499736183 4135.3239011450105 2612.724675646048 4876.829967342036 281.92363097649286 268.63246599234026 369.08206704186205 282.29104437269825 4904.041457955702 1819.816234632346 224.3460966890798 431.02456730456015 5009.732791906658 1704.0059018260172 1045.314298556933 1228.9434530184753 2488.0577972241044 580.0485110348436 189.65162106206117 4540.681750422259
4037.196236755879 4132.2099996134975 1370.3861137337226 4766.329222512644 1665.5261501613336 209.62413713423075 213.40304804710559 415.71135690172696 4854.6829755039125 216.26402491524732 830.2621499736183 4135.3239011450105 2612.724675646048 4579.942537544801 263.0104183573203 268.63246599234026 369.08206704186205 282.29104437269825 4844.324780822928 1054.7332742206113 224.3460966890798 235.39035658191642 4111.924902484963 1704.0059018260172 1045.314298556933 1041.522803775812 2488.0577972241044 580.0485110348436 189.65162106206117 3364.208469871508
4037.196236755879 4132.2099996134975 1370.3861137337226 4766.329222512644 1665.5261501613336 195.42746577105618 213.40304804710559 415.71135690172696 4491.445879004949 216.26402491524732 830.2621499736183 4135.3239011450105 2612.724675646048 4579.942537544801 263.0104183573203 254.53241987829188 369.08206704186205 282.29104437269825 4393.425809791068 1054.7332742206113 224.3460966890798 203.1144365175146 4111.924902484963 1148.6091365050756 1045.314298556933 630.0277328331699 2488.0577972241044 196.97174854019704 189.65162106206117 3364.208469871508
1221.8266422773786 4105.075841466702 1370.3861137337226 4156.953676702009 1665.5261501613336 182.38446988631222 213.40304804710559 415.71135690172696 492.9714298082363 173.58770758408127 830.2621499736183 4135.3239011450105 1518.0835610578197 4579.942537544801 168.53794589931613 225.42173283112652 369.08206704186205 234.46582653765154 1279.256889700026 596.6353572789876 224.3460966890798 192.63506467396155 4111.924902484963 256.72555929955706 255.26967830378726 362.6433330656391 440.8166411491061 189.09471938712613 189.65162106206117 3339.1776425636226
197.29585408763705 292.065404302567 333.85326056072745 2838.0214378869514 192.75239920086142 143.2449842983142 145.32769774084045 199.03970797376314 186.14616737048345 139.63678604835195 199.32552406440618 217.3903965922177 236.72925396642268 271.78818127549766 125.20712534828999 152.70029041219686 156.4131929840123 180.98986221760606 189.84239679321672 201.26844653880062 185.82668597374686 143.7072925432126 304.76585353166274 194.27174447363586 169.22910513358374 151.78835917406286 154.55988867987526 140.88693990432648 144.49945138454268 183.19927708046816
153.18318162802507 151.871930415924 179.9367425908763 218.43084272532224 173.87918016280855 118.83719903163956 118.50486591968183 142.33348576727803 139.9001380571408 113.75144603563922 142.21036073335836 172.600189395916 149.41567058725877 179.38170442620958 112.0893637403874 121.63085342545219 128.6312945111158 141.66917810211953 147.63395393964402 136.0488259144322 130.27770843901772 119.03058846105705 164.3531460811796 145.09948693466276 127.93276323654663 122.85117818405206 131.03898070374862 117.7284726921871 123.92472162882268 149.49042274639078
126.078411548041 128.31983866823884 135.8040355935609 165.86666376946914 132.92294937855968 102.93212610997216 103.39833393374374 119.58177101964884 115.98378923217706 101.7818702929444 116.099481423827 136.34093055105905 118.6402590246662 126.87832977461767 101.24571590208689 102.3586909975611 109.10675774300353 116.4814689698751 120.01899530132869 112.79731518410836 110.74049306081588 103.9771238109497 131.7956538648068 120.30506161912172 118.86715718571759 107.49391003497112 110.20225643369486 101.32310450796376 104.68904713038864 117.90625433199011
106.05098976904173 109.48393050838786 115.96030260660655 116.3846512580817 110.45786305515458 100.73798493284312 100.99509690129571 101.59391403368272 101.42733153257541 100.82467249612364 102.2223390123745 108.35206587316634 102.58130153144066 108.55927413078916 100.67115821049083 100.97503351837668 100.97635753980285 101.73693305970619 105.10015221372805 101.39315780207426 101.2816075806013 100.70325511137571 112.97346419026098 102.51865316215935 101.6285432187492 100.8838385379554 100.86921235592854 100.81204678839413 100.97959218155256 102.65593694140125
100.72088403921225 100.78575078676658 101.09168337887559 106.08992232181117 100.8560629814474 100.63416176219152 100.63667131464445 100.97402913654105 100.70537223275869 100.6490836547814 100.8216549536578 101.46909779363068 100.87350781499754 100.84376763832324 100.64883560514363 100.6127059900009 100.63011633698534 100.6100681256271 100.80233337954496 100.79802847067594 100.77602575722676 100.61768233342673 100.69722672557145 100.62405221476865 100.5297151200757 100.70560044455215 100.74610038790252 100.6078756417196 100.75310830586932 100.82947832885293
100.54841257257112 100.53084459668025 100.73810119630889 101.00403241517597 100.75438889424004 100.52034327648289 100.5950793364591 100.5531734904589 100.54041442302514 100.54694173356347 100.55625662871944 100.62141832090083 100.5838408852619 100.61385339496292 100.55327145245246 100.55550433421831 100.60078369186704 100.54119555655916 100.64310134599464 100.58073702894717 100.4490597689296 100.46334257269609 100.49811972203634 100.42643916206043 100.50975923818032 100.60431585618062 100.58765136633701 100.46931950635917 100.51138929158697 100.58543038395237
100.5082544949496 100.40727474449932 100.51805001649245 100.50483095103755 100.49108496405506 100.44279627136984 100.50551897136074 100.44968938135298 100.46812956926169 100.48016863034127 100.36978302326543 100.39385889485584 100.53112046961132 100.38829109918379 100.36443804183 100.41122909852584 100.49462136316924 100.4338904377837 100.57267765718643 100.44492574658716 100.4490597689296 100.44658197273975 100.39287068380872 100.39005968625679 100.44473465521287 100.47035490757708 100.47036664342522 100.42490496365053 100.40268246081541 100.50841196629062
100.36908006412159 100.38148095069482 100.50891786404736 100.4065643035251 100.42306851014064 100.39232532473352 100.49272296859817 100.42694644131598 100.45565794665572 100.4438259851604 100.31962829472377 100.36395689938536 100.35700378791262 100.36560432454826 100.35801587941341 100.35260194703415 100.42015527439253 100.38928257191401 100.41054184546192 100.37358131694918 100.40600708212332 100.42497055000331 100.33151065244556 100.37942723669539 100.3201517745888 100.36491089448464 100.43203121337001 100.36955393778499 100.37722354492325 100.45169807935645
1000000.0 1000000.0 1000000.0 1000000.0 1000000.0 1000000.0 1000000.0 1000000.0 1000000.0 1000000.0 1000000.0 1000000.0 1000000.0 1000000.0 1000000.0 1000000.0 1000000.0 1000000.0 1000000.0 1000000.0 1000000.0 1000000.0 1000000.0 1000000.0 1000000.0 1000000.0 1000000.0 1000000.0 1000000.0 1000000.0
