8215.157776054137 8249.631032332069 9065.69701139208 9191.991841609188 5709.971773767771 7612.567790075565 7163.488216559068 6884.092971843702 10714.44808032521 7785.448006153485 8241.880217102384 8946.658255453334 10408.55906789683 10681.072158855131 6960.662265059844 9380.943935589508 8718.370066900805 8623.481836861538 7959.68815198696 7277.828733335809 11279.049555511312 9033.31903744183 10244.095480362095 8991.223341691224 8819.355702698937 9076.849922529507 9122.979021585073 8440.961977510193 9113.534598981441 7744.3917296440395
8215.157776054137 7284.1857733185825 9065.69701139208 9191.991841609188 5709.971773767771 7612.567790075565 7003.860159375026 6884.092971843702 10244.082130194503 7587.9476472094175 8241.880217102384 8946.658255453334 10408.55906789683 10681.072158855131 6960.662265059844 7496.191185859676 5720.969345480273 6899.882842559411 6842.428873540413 7277.828733335809 9758.332167847813 9033.31903744183 6840.507551522613 8991.223341691224 8819.355702698937 7782.566583317657 9122.979021585073 8440.961977510193 7318.104866051941 5490.053372832198
7734.977230466799 5994.423062925322 9065.69701139208 9191.991841609188 5709.971773767771 7612.567790075565 7003.860159375026 6884.092971843702 10244.082130194503 7587.9476472094175 8241.880217102384 8946.658255453334 8925.850779198183 7215.878598978055 5542.0315851323685 7496.191185859676 5720.969345480273 5820.776350873355 6842.428873540413 7277.828733335809 7252.67735708759 7170.1636694219615 6119.867844656252 8991.223341691224 5786.058305231149 7782.566583317657 9122.979021585073 6931.0571928979625 6421.5612092659885 5153.263306694101
7155.183861359521 5517.851934849952 9065.69701139208 9191.991841609188 5709.971773767771 7612.567790075565 6138.007419575253 6884.092971843702 10181.663040358822 5895.059495374306 8241.880217102384 8946.658255453334 7467.091643575965 7215.878598978055 5542.0315851323685 7192.041000500885 5720.969345480273 5653.8526253173695 6842.428873540413 7277.828733335809 5292.108388469319 7170.1636694219615 6119.867844656252 7933.1507629946755 5786.058305231149 7353.416690460919 9122.979021585073 5532.964427240468 6421.5612092659885 4662.943848079648
5208.495817511703 5517.851934849952 9065.69701139208 5023.337572762717 5709.971773767771 7612.567790075565 6138.007419575253 6884.092971843702 10181.663040358822 5895.059495374306 8241.880217102384 8946.658255453334 7467.091643575965 7215.878598978055 5542.0315851323685 7192.041000500885 4248.05433566189 5653.8526253173695 6842.428873540413 7277.828733335809 5292.108388469319 6944.030861805204 6119.867844656252 5779.003322885739 5786.058305231149 7353.416690460919 6749.122354750034 5117.374637629257 6356.38626373829 4231.933668187678
5208.495817511703 4626.511800481512 9065.69701139208 5023.337572762717 5709.971773767771 7612.567790075565 5604.713474121116 6884.092971843702 9957.155849294215 5089.711646326459 7989.847904583166 7534.643504387575 6364.606327205329 7215.878598978055 5542.0315851323685 7192.041000500885 4248.05433566189 4168.699010732375 6142.193422737986 7277.828733335809 3285.498868081757 5862.5916796324855 4948.288897987867 5555.966728235677 5786.058305231149 5573.04720990719 5960.282871866351 4915.709423287153 6356.38626373829 4231.933668187678
4730.1641827639305 3247.8394118105025 8453.57485252555 5023.337572762717 5709.971773767771 7612.567790075565 5207.294213244783 6884.092971843702 6861.684128916153 5089.711646326459 7989.847904583166 7534.643504387575 6364.606327205329 7215.878598978055 4003.6777227163775 7192.041000500885 4248.05433566189 4168.699010732375 6142.193422737986 7277.828733335809 2981.056200710713 5031.275919644404 4948.288897987867 4629.924100766738 4390.900912479937 5114.814678329463 5443.229910606466 4457.307360416111 6356.38626373829 4190.527250625115
4628.501753563257 3038.1518258219266 5965.935941375497 4775.1620389893615 5709.971773767771 6687.81498225209 3809.320260318452 5107.5710441809315 6861.684128916153 3063.8020162187713 5888.601006341858 5673.480208747515 4954.459805521951 5048.856384133621 3266.655671105559 3073.554122860938 3650.273802237826 3718.7469916131568 3674.4322207160712 6807.718538386322 2471.3750259373846 3870.735073237671 2978.998720001422 3293.7821315274123 3208.2461007860384 3604.3447515298285 3644.619965983853 3218.0900222798145 4471.559022769951 2154.288487844431
2735.1204742921364 1957.324127568343 3372.832713557318 1736.602724136871 3003.734240831037 2711.0641763585427 2102.1838055091957 2875.592085755986 2005.6174367968251 1560.8264152003185 2126.450354544666 1425.2942533919258 3038.321460493722 3107.8764616186945 1497.075644854388 2817.728785895578 2143.676525161225 2683.3537549677712 2751.826063458443 2372.6893259243516 1347.1252778260832 2873.1665822119376 2181.8862252476647 1516.0044447785167 1346.294092876466 2283.605888235159 2796.319451391806 1948.257439928052 3012.9316609764755 1387.779441853374
1947.523269761663 1553.503023737121 1929.3698965048334 1341.6801200775399 2201.925503237644 1550.058588337508 1125.2428548719754 2044.4003772172646 1225.5723896718491 983.4168007251856 1162.4985698452228 1065.8581607989163 1756.8838086929018 1542.5692557687034 1035.7569431666943 1822.0547722225274 1653.7802405019656 1805.6422091451623 2118.240860480846 1364.962772872973 1019.0966067156946 1734.7593704400424 1497.8561632272786 1140.0138454575572 982.8754084295879 1925.2747941756852 2096.602707992839 1231.9812844302264 1915.6434565004538 1237.756455174188
1262.0220075217094 1114.662639972782 1223.6676888458614 852.8049325257334 1536.1485496737005 882.3925580648656 878.9703000015134 1355.1990654986694 906.0186280392327 835.3223490147438 844.5694260879518 816.0943164070418 1114.1234367409083 1050.2323628226673 817.4818607031343 1137.5387563036993 1048.0135474714084 1117.7340568194595 1349.0600822365932 854.4585371317844 870.3467995490264 867.2413279915763 1062.4076376605026 831.0941003713115 788.6680637990457 1316.4436826076135 1156.83991538782 709.6665614492003 1232.3984765306122 863.0077966884978
605.0537537265745 630.2446239193619 693.0761199186691 797.4920905839808 764.116848638896 786.311356799768 774.6949712433748 659.9035850974478 784.1874605205076 730.9252063644526 775.8217493695324 751.3555793590435 932.6420718661743 824.5530658135035 745.6411452648445 675.55481944231 572.6469753103511 595.7814289137991 642.4264965460602 801.6730822754812 752.623975414906 608.6347997869193 539.9287630390927 748.1359826245111 722.8610149539854 624.9105362667765 640.6088151009685 467.81879597267607 683.7314154701744 751.1140317340883
341.0716187066573 334.6094203252537 354.86870024952077 728.9999273767348 345.4126179020409 728.5644953905244 709.7906503845434 363.30819485206666 713.6271653798631 641.9376239089756 744.2433635001012 710.2394275352444 767.3311724143264 751.8995457760511 704.2960120797234 347.91294711326054 333.4986548367592 338.3706542719274 341.34596722280367 743.8420461199721 652.4505058300169 346.189633232932 335.1837799338923 701.5922599144906 649.0464966430559 339.8900195627666 343.0604576081423 318.8199745371653 350.6036269407914 652.7699213622595
300.42285574684274 300.45536134242457 300.4929176120886 706.529924777315 300.4264989548278 701.6085295367861 553.9387134688623 300.6532318134218 633.2818985479989 513.8904407682535 661.0925023166265 615.7404243420569 703.4406321001088 715.9301851003793 622.2711945855021 300.3932941573212 300.23389600906876 300.29038137308 300.2801896059964 699.6042965113102 537.9307173274092 300.5977696556538 300.31504284380344 606.860821640973 537.848089914919 300.4387287744762 300.3253308544736 300.2896425384115 300.4322240499132 474.2950457692459
300.00000364922835 300.0000057702882 300.00000633728587 575.1406607059948 300.0000042287884 482.95759248763716 428.85956940718734 300.00000753338554 435.57998138931316 421.6408393526367 453.9233797789716 427.5993699101841 17.16249702388268 566.9874139878766 450.19092003353353 300.0000043388277 300.0000037625632 300.0000038718845 300.0000044324229 560.9388727829719 420.71778223297724 300.0000057018042 300.0000020651805 435.6544170855923 421.83877252870525 300.0000077041195 300.00000454144674 300.00000187507385 300.0000049093842 416.930675412279
300.00000000000045 300.0 300.00000000000045 400.00000000000045 300.00000000000045 400.00000000000045 400.00000000000045 300.00000000000045 400.00000000000045 400.00000000000045 400.00000000000045 400.00000000000045 1e-08 300.0000000000009 400.00000000000045 300.00000000000045 300.00000000000045 300.00000000000045 300.0 400.00000000000045 400.00000000000045 300.00000000000045 300.00000000000045 400.00000000000045 400.00000000000045 300.00000000000045 300.00000000000045 300.00000000000045 300.00000000000045 400.00000000000045
1000000.0 1000000.0 1000000.0 1000000.0 1000000.0 1000000.0 1000000.0 1000000.0 1000000.0 1000000.0 1000000.0 1000000.0 806787.0 1000000.0 1000000.0 1000000.0 1000000.0 1000000.0 1000000.0 1000000.0 1000000.0 1000000.0 1000000.0 1000000.0 1000000.0 1000000.0 1000000.0 1000000.0 1000000.0 1000000.0
