418.1331102775489 261.6171571154546 289.96707943071397 468.0032686567715 249.52555252574575 432.85244771996076 314.3365154620269 348.5367994360313 292.3383101428658 344.41229373457963 426.7239118319876 307.84918114611355 339.3135117349866 389.87154888837404 491.8235378195109 352.66991313380277 407.94247146114594 253.84325029125193 340.4669645558679 432.5657550136548 386.6783560990639 444.9946294004835 375.7306971965736 471.6749649843223 445.42802286632195 436.2288996538773 366.7346575520587 275.0609837780444 249.78098693520178 394.2085589905
367.4887746167319 261.6171571154546 289.96707943071397 337.26084866739757 249.52555252574575 368.1495898089852 311.48908298444985 348.5367994360313 284.8949300551799 344.41229373457963 277.76864755349834 307.84918114611355 328.6335363839921 290.2087590109654 480.85642352412515 352.66991313380277 407.94247146114594 253.84325029125193 340.4669645558679 432.5657550136548 353.6630560759636 387.5676525233239 375.7306971965736 264.6721034706993 445.42802286632195 401.9958637310792 366.7346575520587 275.0609837780444 249.78098693520178 352.02971447781147
367.4887746167319 261.6171571154546 289.96707943071397 337.26084866739757 249.52555252574575 368.1495898089852 304.09792319126655 348.5367994360313 284.8949300551799 344.41229373457963 277.76864755349834 307.84918114611355 328.6335363839921 271.28673821103257 268.9512992765458 320.10340928685537 305.41475132543565 243.9517042377065 326.991032731471 382.372683088307 319.7992276998639 387.5676525233239 274.7518218441646 264.6721034706993 419.4246105811899 315.17482929931975 233.76238671905548 275.0609837780444 249.78098693520178 352.02971447781147
273.10176184380816 261.6171571154546 289.96707943071397 337.26084866739757 249.52555252574575 368.1495898089852 241.74690768995197 348.5367994360313 284.8949300551799 278.03481386417207 251.6775964178887 268.9680897661665 328.6335363839921 271.28673821103257 268.9512992765458 320.10340928685537 305.41475132543565 226.86547609403078 326.991032731471 382.372683088307 319.7992276998639 387.5676525233239 274.7518218441646 264.6721034706993 291.35775435519145 315.17482929931975 233.76238671905548 275.0609837780444 249.78098693520178 352.02971447781147
234.34912605027876 261.6171571154546 265.56185239119714 337.26084866739757 249.52555252574575 368.1495898089852 241.74690768995197 316.9134574140098 279.3086834116698 278.03481386417207 251.6775964178887 268.9680897661665 283.8060074852174 261.17971088295417 268.9512992765458 320.10340928685537 305.41475132543565 226.86547609403078 326.991032731471 305.07805096490847 217.9545315851692 379.48998633583733 249.96116865464683 264.6721034706993 291.35775435519145 315.17482929931975 229.19423381496017 275.0609837780444 249.78098693520178 352.02971447781147
234.34912605027876 261.6171571154546 265.56185239119714 271.8340287127339 249.52555252574575 308.3881901457489 241.74690768995197 316.9134574140098 279.3086834116698 278.03481386417207 251.6775964178887 268.9680897661665 283.8060074852174 261.17971088295417 210.31223198890893 320.10340928685537 305.41475132543565 226.86547609403078 326.991032731471 305.07805096490847 217.9545315851692 304.00769433117785 249.96116865464683 230.24152274060634 291.35775435519145 264.55552886655914 229.19423381496017 275.0609837780444 249.78098693520178 352.02971447781147
234.34912605027876 261.6171571154546 190.89382607968082 271.8340287127339 249.52555252574575 214.7145777390565 241.74690768995197 286.7222232560889 279.3086834116698 234.87508132403946 244.49296952631903 268.9680897661665 180.88524040182256 261.17971088295417 210.31223198890893 320.10340928685537 305.41475132543565 226.86547609403078 326.991032731471 305.07805096490847 217.9545315851692 304.00769433117785 249.96116865464683 230.24152274060634 291.35775435519145 264.55552886655914 229.19423381496017 275.0609837780444 249.78098693520178 342.67334127484855
234.34912605027876 169.60054373772118 190.89382607968082 271.8340287127339 249.52555252574575 214.7145777390565 234.30589805486534 246.98923856960255 222.29228153373833 203.1440009427415 215.13589911299823 240.2018593402331 170.92107364320782 249.31222566840552 210.31223198890893 206.4586864913672 272.7335810613995 226.86547609403078 314.3861041744535 305.07805096490847 217.9545315851692 253.47792362142627 214.35989081484513 230.24152274060634 267.34488376007994 264.55552886655914 210.4154681247319 275.0609837780444 249.78098693520178 283.35416945889665
179.25215783046133 169.60054373772118 183.04468717205555 190.1118929806912 194.76144828042334 181.15147438541817 171.00856571955546 220.46146019852904 188.9645483043705 138.4777574536888 161.89181056686857 188.43069274989557 170.92107364320782 177.95214368735196 195.18315586378822 188.40831227743956 168.27400644317777 157.2941023569906 216.6925517059758 206.50848333164686 176.9517931133305 198.7359344642323 163.99532865634592 160.29285212385503 196.78990373752686 206.80753941655712 158.77474986053403 157.48274620830762 199.29546513286277 231.90829636212493
122.7017079226257 110.19300138722656 115.2641252459548 143.7207142114421 141.1004117793027 125.62582180103436 137.0794505519466 169.53374303436522 125.99595921760056 99.34133684066046 127.51048037261944 105.832592732374 90.6424084219625 141.80643651820083 141.81562589300302 108.01152836327583 128.0536514337782 157.2941023569906 131.96916886510098 144.50009632370757 139.18755563443528 135.43018888780034 100.8560518123968 131.56274656015194 158.52422463495213 143.5208958507228 138.9040102578233 117.94837255365064 150.04094818445355 160.56766675131712
84.09454283013702 106.10117450954067 71.62369284974102 96.63600952783645 93.92162341518406 119.34031274744439 88.42873704780277 99.57476698290702 99.97842868668658 76.93396352539594 88.89612973814837 81.95383567377075 84.40512739435508 94.14689643150405 117.71818612442803 98.13237877231131 86.94320104714734 133.33042319688047 121.50216530446369 89.65191510733621 112.70735989443801 113.31318837333038 95.87114331072598 106.34960235361041 103.55280027650224 96.93478954453212 90.23439039412506 87.0661884238989 114.54026123883114 110.3096194160239
69.14607358485318 82.26553387224658 57.089149431660644 76.11379912356233 77.87735921482908 86.30702125833704 64.09357681292158 78.27224847025082 77.84023360353285 65.04543231434809 77.07719834542013 75.13161351046574 65.03579424821646 71.93460920203643 76.50447039171286 68.6251716583497 74.21479948706337 88.69117646455561 73.59121943642776 66.70536752755106 67.79816232055191 76.43589137007848 69.08305886306516 69.26495349807965 71.48324377513654 76.20335725292216 70.81211681756986 70.96510525541498 87.28439835195923 92.78636631885729
54.92083653310465 45.00384773890664 51.71178224734649 48.437740929373376 50.87722444335304 65.38044339612816 58.82864391413341 55.9497235197432 53.03528596609067 56.49250036443573 52.37626945340298 57.40284916923565 53.62601325769219 59.14900184333055 58.10906658800286 49.548540014811806 59.245020764974925 65.90880019747556 56.08469338510895 55.27944247744563 54.207854379303626 49.58312810094776 51.027017899955354 49.453326839570764 50.97256910838678 57.65890527563079 59.43062170595931 62.967320330222265 68.21922323990111 58.00963718732919
46.901295086740674 40.54623819235121 35.32766368740613 42.200228208372664 37.64715414006264 47.37098058476067 44.148144072161585 43.185432425549834 31.268906945811523 39.417080508748995 47.93113227043523 43.45692172224062 36.467113069895504 43.911649823709695 45.64107792722257 37.629262519293206 47.284263741058794 40.66197069473742 45.70792525339175 38.13047420967814 35.04817743530111 31.118333848662587 38.578700195097326 38.95484362260822 46.50711000101637 44.67478217217945 45.14342326222459 47.078077392711066 44.597421256541566 27.313118400804797
30.076896058395278 29.199796640719796 27.722243607916653 29.243382206430624 28.883584100787857 28.86080292969973 31.868107087078897 33.33850107064404 26.710082407566688 30.379079479355596 32.62939695215482 30.623923580511473 27.495016970882034 27.438549281215955 29.070826841996222 29.57697071797429 32.02665481485974 28.901673988558287 32.52015850783778 27.45147548242562 26.047354189185853 25.452522425926645 28.862194657993086 26.89849882379849 30.68771799479009 31.816923631394957 27.924022530696902 29.06495152178627 29.84423247840118 24.940918270540124
21.525023098214206 20.828867222305462 22.155407110616352 21.174796819109815 20.46686665090374 21.69906758158959 22.048888910127744 10.439470956922833 7.261378715980072 21.402910361069644 22.546035048760587 21.268898561128708 4.0549471073854875 20.65794850698012 21.745320180511044 20.847004615466858 22.32566440926462 21.836103785396745 22.043136758505625 21.85575362663735 21.523482869875124 21.508616435012073 14.259501546359388 17.679969505672943 9.78480125498072 22.228129420700043 15.91701757056012 21.69470632557909 9.93144969688683 21.445776556117607
1000000.0 1000000.0 1000000.0 1000000.0 1000000.0 1000000.0 1000000.0 1000000.0 1000000.0 1000000.0 1000000.0 1000000.0 1000000.0 1000000.0 1000000.0 1000000.0 1000000.0 1000000.0 1000000.0 1000000.0 1000000.0 1000000.0 1000000.0 1000000.0 1000000.0 1000000.0 1000000.0 1000000.0 1000000.0 1000000.0
