112.59953045666452 120.95593659105998 109.7196859502352 109.1153574213912 116.16650287374216 97.33456696328653 108.02636897045988 111.78235270954474 98.19549985650019 113.8192892754721 95.46165053394645 124.46687211085487 105.1823589728549 99.32544834242844 95.54542787287835 103.9875050192909 68.07139710013496 100.15259716525532 103.63332511997373 70.99086875684281 86.91083805340213 103.59253587423393 93.93785492552081 99.92724822636899 118.79677975784921 102.80463487276256 116.47673023477591 104.10608008301176 118.94782835752233 109.41097845111653
112.59953045666452 120.95593659105998 92.59507805604312 109.1153574213912 98.82817959055683 97.33456696328653 108.02636897045988 103.43273794338722 98.19549985650019 89.17662311586719 93.5382635896899 93.61258461533612 105.1823589728549 89.10014080445126 95.54542787287835 89.72546243838258 68.07139710013496 90.10180239593649 103.63332511997373 70.99086875684281 78.81441020048248 96.78001799071751 93.93785492552081 99.92724822636899 73.52227262194697 102.80463487276256 109.29806084806933 104.10608008301176 104.82379653876956 81.05338705178224
112.59953045666452 120.95593659105998 88.15701401310332 109.1153574213912 91.11221165818677 97.33456696328653 108.02636897045988 103.43273794338722 98.19549985650019 89.17662311586719 89.2981187913798 93.61258461533612 105.1823589728549 89.10014080445126 94.26058895492577 87.46960795936093 68.07139710013496 90.10180239593649 103.63332511997373 70.99086875684281 78.81441020048248 96.78001799071751 93.93785492552081 99.92724822636899 73.52227262194697 90.35411393752656 79.95933061539995 94.75802908243827 104.82379653876956 81.05338705178224
96.90472627085592 120.95593659105998 88.15701401310332 109.1153574213912 91.11221165818677 97.33456696328653 108.02636897045988 90.54198195915569 98.19549985650019 89.17662311586719 89.2981187913798 81.64382080420773 88.17175766471246 89.10014080445126 94.26058895492577 87.46960795936093 68.07139710013496 89.68764062649689 102.65665557009982 70.99086875684281 78.81441020048248 96.78001799071751 93.93785492552081 99.92724822636899 73.52227262194697 90.35411393752656 79.95933061539995 94.75802908243827 62.72383062720678 63.52244783882702
96.90472627085592 112.5759269590427 84.8600598944422 109.1153574213912 76.3794975999001 97.33456696328653 107.98691861502505 90.54198195915569 98.19549985650019 83.34888737235121 89.2981187913798 81.64382080420773 88.17175766471246 89.10014080445126 94.26058895492577 87.46960795936093 68.07139710013496 89.41504724811398 102.65665557009982 70.99086875684281 78.81441020048248 96.78001799071751 93.93785492552081 99.92724822636899 73.52227262194697 90.05121661617329 79.95933061539995 83.40515749635756 62.72383062720678 63.52244783882702
96.90472627085592 109.51303896921308 84.8600598944422 108.35168711571293 76.3794975999001 97.33456696328653 107.98691861502505 74.63762680296645 98.19549985650019 83.34888737235121 89.2981187913798 81.64382080420773 88.17175766471246 89.10014080445126 85.07256105078898 87.46960795936093 68.07139710013496 89.41504724811398 102.65665557009982 70.99086875684281 78.81441020048248 96.78001799071751 93.42904101690453 99.92724822636899 73.52227262194697 89.42450064024626 79.95933061539995 83.40515749635756 62.72383062720678 63.52244783882702
93.88045531585487 101.21670569620119 76.9264594341521 104.81563284239894 76.3794975999001 77.9204946771406 99.29744991423331 74.63762680296645 98.19549985650019 83.34888737235121 88.63727753215005 78.54949059375349 88.17175766471246 89.10014080445126 85.07256105078898 80.00398899070672 68.07139710013496 75.15561909329585 102.65665557009982 70.99086875684281 78.81441020048248 96.78001799071751 93.42904101690453 99.92724822636899 70.89082222291154 89.42450064024626 79.95933061539995 72.86003870274828 62.72383062720678 63.52244783882702
69.16154343884887 86.83339770550072 61.28468657443614 73.80150074814787 67.7034113065065 72.80355550807076 82.77738216457738 74.63762680296645 52.2386756803362 83.34888737235121 42.68044629983865 66.54676582587956 51.33366742493786 73.34962509668571 75.04187753184146 67.2984103531661 51.95038429500778 64.84043292724857 71.12541887743896 70.70052948118723 76.43701980008973 75.77252060969249 66.62677804979012 84.60562672295828 70.89082222291154 85.1094674024032 79.95933061539995 65.32352991710184 55.7394091834924 63.52244783882702
61.86335963130614 61.45486808461692 61.28468657443614 59.320766953542375 65.21391707534269 62.92305833148248 58.961116549514486 72.14263035636714 52.2386756803362 67.37432480632049 42.68044629983865 66.54676582587956 51.33366742493786 46.448705804957626 60.401038315355436 48.92021302881403 51.95038429500778 61.43951349414294 71.12541887743896 58.877296450833114 57.39094202482454 67.74851182937402 56.679173567359385 51.88904195452005 59.488745958997015 76.55053491346462 57.02694085072335 44.16761234087289 48.90050229821611 63.52244783882702
48.63132234894874 53.93837016273301 42.311169500142114 53.69036990633947 47.75197318722758 56.13231515560824 58.961116549514486 64.78053211014958 52.08849911605853 57.4452521397418 42.68044629983865 56.09243413258355 51.33366742493786 46.448705804957626 58.02691651486293 48.92021302881403 50.722845227322296 52.16940753258666 57.102426233671395 40.17405319482475 48.09505924099972 43.80256574513032 56.496391819482255 51.88904195452005 57.03071719534444 59.8389429292165 41.98586211716702 44.16761234087289 48.90050229821611 55.91513643522853
46.04048501625584 53.88253458332531 42.311169500142114 27.324018382087047 46.2801411027981 46.49068463777826 53.0825763797767 43.16064933753955 47.91133208638064 45.8990343300635 42.68044629983865 44.748180065583256 51.33366742493786 44.35235707644995 55.06852735212692 48.30444992435969 50.722845227322296 44.912790761356064 54.65238754010329 40.17405319482475 48.09505924099972 41.411795365471335 43.20239340637602 47.12350638539283 43.5500192935109 52.53222947670815 35.27385471676075 40.65122138166021 45.46621410475029 44.5710085812924
20.473462327355833 42.71896081237719 31.70935493230172 26.998339367796234 31.67395072434283 44.96858050199762 45.954738696995264 42.669723747836656 36.67014144432096 45.8990343300635 33.7524980609636 36.018829317297445 36.951025847408914 41.199223138984166 38.114868056307046 46.82199721492111 39.57376386538806 44.912790761356064 38.86512885967784 40.17405319482475 43.50894547228381 41.411795365471335 33.105963702721965 36.47363044749909 39.198303993927766 50.02014838721459 32.90681426696847 38.81308682072563 45.46621410475029 44.5710085812924
16.30594328700022 26.73728300450159 26.88218283708136 24.583996546198364 25.413016502805135 33.96820775021695 40.17665025531903 28.324092782144703 29.578704346170866 30.893772091667415 17.206575121950664 28.100097165786906 32.92008996618688 33.698720352219425 34.15059690433475 32.61841103132588 31.610540836610085 30.9480569153302 34.16341942825886 31.411397412921474 38.649214388134965 35.40624201336436 26.841804699003887 31.179724970121015 22.89143901582679 39.058884888132184 32.90681426696847 22.122882730620404 15.91496402682003 32.19988896404527
12.736188523527403 13.875203625431027 21.339603963054287 22.845289568423254 15.87196388110226 19.448068090556035 18.077609314909296 23.029691849618416 17.513595452419054 24.425136835074227 16.02695153591344 19.289623939083185 17.343474077753513 24.209662575530842 22.86108990780326 23.202735995918033 18.697337820733082 16.722909921970086 25.175855834770232 24.93983636328926 22.316180325665528 19.501879477630837 16.421305841670346 24.267175032805312 12.491709926640056 22.087600379285163 20.949687065167154 18.86264225864079 14.097359923226463 19.225621694356732
9.433471068717267 5.015663668551383 6.181828343454413 13.374512562736413 8.228213516497476 9.408110487371118 10.63160487850314 10.783813214774455 10.767812720343045 11.802716658634608 7.056591000983872 11.272399379786407 10.040163896297713 6.073257866548033 10.170611198848064 11.223072702260879 8.718210916383896 7.9316830974199775 13.44682757622968 12.909687082656092 6.802714376028803 11.294080448722752 5.879469588564007 8.012433259134696 10.0435612393768 11.456843160250855 9.481774563035401 10.26916319935799 8.053437056677126 9.678737120008464
6.9678157710270625 3.982531299321977 4.985803431170552 8.018344898463852 6.967331160821686 5.991459070287533 8.003740598811987 7.984317537510947 8.956610341206328 8.973146309300205 5.975719589988216 8.971212609191412 8.9685907957994 4.992272991015739 8.962046109617859 8.978929939639102 4.989000936741036 6.975224779881614 6.979980279645133 9.965691776811695 5.994829591370262 9.970100819877189 4.979923883589777 4.981666116409883 7.96690975451304 6.976123788827749 8.96429776718412 5.97585474366997 6.969416312473982 8.967804192762742
199998.0 199998.0 199998.0 199998.0 199998.0 199998.0 199998.0 199998.0 199998.0 199998.0 199998.0 199998.0 199998.0 199998.0 199998.0 199998.0 199998.0 199998.0 199998.0 199998.0 199998.0 199998.0 199998.0 199998.0 199998.0 199998.0 199998.0 199998.0 199998.0 199998.0
