96032.38200901632 344846.8915868313 106271.69020259332 88533.43736120366 79660.02090618027 81003.62150160377 64966.99381572351 533288.1824881767 83575.97705184283 622526.2644740114 116524.83680894601 135149.46507906966 98850.63230404205 81511.86807733987 66203.18470309154 53653.24625021236 189243.25017951627 4261848.974688316 104395.22991138995 98298.77029539648 93048.86805959359 98318.06974473216 205659.36933585376 68188.8231469332 86666.013573793 68372.93691191918 176015.46911637974 96701.00143028225 77550.43146125138 160979.58440836315
96032.38200901632 344846.8915868313 106271.69020259332 88533.43736120366 79660.02090618027 53952.406380854416 42659.040641326465 266604.2547421666 81051.77517603178 80284.48075080969 90807.37684927121 135149.46507906966 98850.63230404205 37241.8825098494 66203.18470309154 53653.24625021236 40997.706532850636 100751.75412839607 91319.93165916191 92360.06139970015 93048.86805959359 63615.77112139449 150234.4513889945 68188.8231469332 54915.17347518699 68372.93691191918 80038.87725919476 88764.0680890544 77550.43146125138 127204.34640920395
74978.52850021601 51119.14923757326 106271.69020259332 88533.43736120366 73470.69950999685 53952.406380854416 42659.040641326465 97375.13029765134 81051.77517603178 80284.48075080969 79161.84445490196 135149.46507906966 98850.63230404205 37241.8825098494 66203.18470309154 53653.24625021236 40997.706532850636 45897.405372240224 91319.93165916191 79114.33943019212 93048.86805959359 63615.77112139449 149958.73365490974 68188.8231469332 54915.17347518699 68372.93691191918 80038.87725919476 88764.0680890544 77550.43146125138 113098.3998498864
74978.52850021601 51119.14923757326 93834.64653315765 74830.47294708135 56857.91989111007 53952.406380854416 42659.040641326465 63358.54640365977 78060.83371311659 80284.48075080969 79161.84445490196 135149.46507906966 65863.05183886597 37241.8825098494 66203.18470309154 53653.24625021236 40997.706532850636 45897.405372240224 58394.257860628175 79114.33943019212 85574.71756535172 63615.77112139449 107362.70800872313 68188.8231469332 54915.17347518699 61284.10380376633 80038.87725919476 82297.763998906 77550.43146125138 71470.70504436456
74978.52850021601 51119.14923757326 93834.64653315765 74830.47294708135 53047.55092605065 53952.406380854416 42659.040641326465 52211.10652129805 78060.83371311659 80284.48075080969 79161.84445490196 84485.43693854647 65863.05183886597 37241.8825098494 66203.18470309154 53653.24625021236 40997.706532850636 45897.405372240224 58394.257860628175 77647.62480912388 85574.71756535172 63615.77112139449 107362.70800872313 68188.8231469332 54915.17347518699 61284.10380376633 80038.87725919476 78332.40725469754 77550.43146125138 71470.70504436456
74978.52850021601 51119.14923757326 93834.64653315765 74830.47294708135 53047.55092605065 49187.03367539701 42659.040641326465 52211.10652129805 78060.83371311659 80284.48075080969 79161.84445490196 84485.43693854647 65863.05183886597 37241.8825098494 66203.18470309154 53653.24625021236 40997.706532850636 45897.405372240224 58394.257860628175 77647.62480912388 85574.71756535172 63615.77112139449 74870.38120952628 68188.8231469332 54915.17347518699 61284.10380376633 73425.8415495172 36108.2330779698 77550.43146125138 71470.70504436456
74978.52850021601 51119.14923757326 93834.64653315765 74830.47294708135 53047.55092605065 49187.03367539701 42659.040641326465 52211.10652129805 49668.113238385915 80284.48075080969 79161.84445490196 84485.43693854647 65863.05183886597 37241.8825098494 66203.18470309154 53653.24625021236 40997.706532850636 45897.405372240224 58394.257860628175 77647.62480912388 85574.71756535172 63615.77112139449 67910.14558713908 68188.8231469332 54915.17347518699 61284.10380376633 73425.8415495172 36108.2330779698 75733.21981689859 71470.70504436456
74978.52850021601 31159.688868409386 87882.60177659441 60542.99693370231 53047.55092605065 49187.03367539701 42659.040641326465 52211.10652129805 49668.113238385915 80284.48075080969 79161.84445490196 49104.82352018872 60455.88768582995 37241.8825098494 62190.99461121421 53653.24625021236 40997.706532850636 45897.405372240224 58394.257860628175 53529.80336655893 44941.945135423535 63615.77112139449 54973.20156518422 68188.8231469332 54915.17347518699 61284.10380376633 52560.30228857071 36108.2330779698 53590.53737493023 62830.7658329994
46671.77569427068 31159.688868409386 72604.82338878872 60389.47304939248 43089.01107713093 44899.64869987509 39791.81577694797 43639.997475004224 38642.28156913309 42856.0295061009 53721.23468826482 49104.82352018872 60455.88768582995 37241.8825098494 39878.76806775295 43297.95821867115 34981.148271285725 39350.329832145486 45694.46350654407 53529.80336655893 44941.945135423535 56556.21898707858 54973.20156518422 62452.41100800035 47406.37192957935 61284.10380376633 52560.30228857071 36108.2330779698 53590.53737493023 57581.54530160659
46671.77569427068 30239.095155914893 58393.42200884837 54547.63334337243 43089.01107713093 37948.32614053799 39762.17398124118 40210.59850081803 38642.28156913309 31264.088616291545 42795.99878877564 49104.82352018872 53252.33430102111 37241.8825098494 39878.76806775295 43297.95821867115 34981.148271285725 39350.329832145486 42066.93669264066 49878.404871733175 40563.40530421398 55113.48823359562 54973.20156518422 62452.41100800035 47406.37192957935 42595.63676071207 52560.30228857071 35468.18348603005 53590.53737493023 50257.06178303112
42029.34245043475 30239.095155914893 48381.05824368971 35459.75825207963 36716.48046482801 35548.342939480426 36943.07018112862 40210.59850081803 31704.67354591154 30669.43268545609 37572.72065194572 45806.67118792995 53252.33430102111 26966.480381390935 32808.138819336986 26857.860109507925 24130.901906648505 39350.329832145486 37524.209884758995 44087.249468182985 35647.993844616925 48299.312365864855 46476.15125020566 53091.77720936255 41720.29242589226 42595.63676071207 44960.869752754894 35468.18348603005 36972.98606688958 45707.40030702907
25911.50751848842 26931.218345076093 44828.814339634235 29252.571961879905 34522.15148683466 33412.97235962513 36943.07018112862 34970.502977925586 31704.67354591154 29323.250007778905 37063.34575944015 40204.36729977227 49082.86744547985 26966.480381390935 30743.107567469513 26138.92998550009 24130.901906648505 39350.329832145486 37411.99351271736 42729.278438563546 27891.93194678826 45378.399782966364 34459.02925807002 31915.76462743859 41720.29242589226 42595.63676071207 29397.141551110104 27807.07470802534 36972.98606688958 29919.27863039124
25450.013533774803 26105.032842998524 39956.618460354424 29242.00317375085 29043.195442446602 25566.783321386913 32719.973301853446 29258.519741408356 30877.617400636576 25257.820763413976 29128.78836665397 29659.32924393516 35719.868312315935 24592.77082597643 28808.815112110744 24124.229859707073 23122.611024255006 29294.548272714394 19399.88845638174 34793.511652309375 26471.77821816852 37203.96766040061 31683.809544928285 31915.76462743859 32560.909468826532 35137.695882309556 29397.141551110104 21996.665803874374 36842.41793068979 26832.866591826
23342.68446439696 22224.041039688887 19182.322702946378 23755.09108342487 24034.335242449066 20375.34354312442 20709.54197832775 20924.577458723386 28292.38591367234 21347.50597040886 26198.13516553197 24648.24481605574 31369.47853984629 20934.974512974586 19393.044158799294 18561.358213072086 21802.488227373986 21584.115149385696 18917.13435518133 25119.328229256178 24542.02359401766 28178.713328923925 20122.03366705158 19512.252824358704 27590.95802888635 23140.649695334574 24323.363719465455 21996.665803874374 30116.14917748073 21599.871666400206
13541.386604739282 10648.095698584277 5684.088936612354 11870.051921097482 10280.187135260805 9988.291767276163 9403.57056535275 11813.129079344144 8917.395318518882 9305.29868281577 11195.605131687658 9839.083073045718 12799.865343309537 9740.050956671581 8257.398319820295 7.424745244864084 11001.071067292343 9579.96050133427 13092.41608372564 12932.554802523366 9197.717551806198 9010.627053069078 7204.783130380119 8377.137416430538 13259.942039363077 12058.365326839812 10348.025216321861 7116.952422879382 12114.154111867163 12505.412920446353
1e-08 1e-08 1e-08 0.006494929531015714 1.1553197509783786e-08 1e-08 7.255044948806244e-05 1.7692570963845355e-08 2.514695438549097e-07 0.00028668623701832985 1e-08 1e-08 1e-08 1e-08 1e-08 1e-08 0.00037858014593439293 1.9722790511877974e-08 1e-08 0.00047186989655756406 1.8786783925861528e-05 0.00028908474536137874 1e-08 1.598965582161327e-08 0.0006326857941303388 1e-08 1.1191592079740076e-06 1.0403106045941968e-05 1e-08 8.769935107011406e-07
988989.0 952167.0 846831.0 1000000.0 1000000.0 977232.0 1000000.0 1000000.0 1000000.0 1000000.0 980304.0 837524.0 990739.0 972358.0 920753.0 655728.0 1000000.0 1000000.0 976536.0 1000000.0 1000000.0 1000000.0 986572.0 1000000.0 1000000.0 925562.0 1000000.0 1000000.0 994532.0 1000000.0
