197.11404398238892 206.4269186202955 178.34974987537225 144.46734771448428 107.65513137259904 316.7617930094011 132.4685906694781 160.42807762919392 170.69389027671923 146.33041669506974 83.7779845771347 155.70271331801086 183.69442355504634 165.5912624844973 169.3858491221049 278.9067231414674 161.41642894089 221.41558869083883 137.07523431151412 176.1408953429318 129.69342837239492 270.5887666500089 197.95259692293212 206.44195487551633 180.81341485561552 175.39645246671535 184.3444624282415 135.45406943481476 271.43902315077094 185.28801841264158
197.11404398238892 206.4269186202955 143.09961853876212 138.8274270889251 107.65513137259904 174.9401337970794 116.25775671595056 137.84729878066173 170.69389027671923 146.33041669506974 83.7779845771347 155.70271331801086 183.69442355504634 141.4442698205762 169.3858491221049 169.223487417838 161.41642894089 190.83484865289756 118.27165359290302 164.0743398092818 129.69342837239492 180.5270358439643 141.65679043134014 134.07672202619142 132.73430983239587 162.75407272386383 184.3444624282415 135.45406943481476 234.3885156832407 185.28801841264158
129.44961144090848 124.44998525019628 143.09961853876212 137.2873983332861 107.65513137259904 174.9401337970794 116.25775671595056 137.84729878066173 128.31941909649913 146.33041669506974 83.7779845771347 155.70271331801086 183.69442355504634 141.4442698205762 169.3858491221049 169.223487417838 161.41642894089 156.88891574753734 118.27165359290302 164.0743398092818 129.69342837239492 98.61964829867247 141.65679043134014 134.07672202619142 132.73430983239587 159.42500883528874 175.35341328387904 135.45406943481476 206.01811276247736 185.28801841264158
129.44961144090848 124.44998525019628 143.09961853876212 137.2873983332861 107.65513137259904 125.02861355744881 91.51223947890685 126.13110742070057 128.31941909649913 146.33041669506974 83.7779845771347 155.70271331801086 121.19035289121757 135.54362895350323 169.12452962132556 162.13982460675652 161.41642894089 145.08142124758342 118.27165359290302 163.50236625538673 103.33120475237547 98.61964829867247 141.65679043134014 134.07672202619142 60.66605305790381 138.15471613731188 167.15065422651696 135.45406943481476 155.1859332132085 175.90462166642874
129.44961144090848 124.44998525019628 139.33310529462096 127.40060033809414 107.65513137259904 125.02861355744881 91.51223947890685 126.13110742070057 115.44339440897556 138.81250295522295 63.09531421900101 152.87219351974045 121.19035289121757 93.55265147832188 169.12452962132556 162.13982460675652 161.41642894089 145.08142124758342 118.27165359290302 163.50236625538673 103.33120475237547 98.61964829867247 102.68095333525298 122.54475581020961 60.66605305790381 133.46884286319346 151.48452234402112 135.45406943481476 128.26373556172257 175.90462166642874
129.44961144090848 124.44998525019628 113.17887176501199 75.77542241147376 105.4345645378794 122.87163544604482 91.51223947890685 126.13110742070057 115.44339440897556 120.96701363275542 63.09531421900101 152.87219351974045 121.19035289121757 93.55265147832188 169.12452962132556 162.13982460675652 156.79189903593215 145.08142124758342 118.27165359290302 131.50051233035083 103.33120475237547 98.61964829867247 102.68095333525298 122.54475581020961 60.66605305790381 126.04553944330246 124.46235929088562 135.45406943481476 128.26373556172257 161.85183440484343
122.41929786700894 124.44998525019628 113.17887176501199 75.77542241147376 105.4345645378794 122.87163544604482 91.51223947890685 126.13110742070057 112.15645603583243 120.96701363275542 63.09531421900101 125.56189932714915 121.19035289121757 83.11625345153652 156.1995538011156 149.09797161730148 156.79189903593215 145.08142124758342 118.27165359290302 74.35314100503365 103.33120475237547 98.61964829867247 102.68095333525298 122.54475581020961 60.66605305790381 119.52434389576956 106.65055854749608 135.45406943481476 128.26373556172257 161.85183440484343
102.16920337308056 88.10332581095963 78.77279441544897 61.5402537598784 49.25621830013233 88.06226612134469 91.51223947890685 103.6838431423439 70.7559116689672 74.92945950517242 62.552720235242305 65.6543314333826 94.49921903129143 69.00491804343119 72.68603520201259 80.61494887416256 87.64741002098935 75.10430531886732 103.81396089711825 74.35314100503365 63.868896889447115 76.99454905056973 96.60414751501276 76.24811855475946 59.81671803300014 88.58359026001881 74.44481555198854 115.68469768679824 93.37732680353383 79.68418285171401
60.63739364181765 47.43031249177875 46.11962610978594 56.52312388454311 38.36730998494522 52.378011500667526 63.99130474691583 56.91657742338202 51.45566023635183 61.483411951981 48.151986812691575 50.23844889925613 59.29837484218933 56.97972160947393 52.21865187639378 36.182735862159234 56.29890561926186 57.22882093877979 63.32274388811129 48.10466340269841 44.868936187600184 44.05585415181872 76.39496049118816 62.981528470619196 53.05066190900379 52.83805510158072 48.84332787693347 61.347825588002706 37.333675376336714 47.96379349232893
38.72816178240828 45.492798574879544 35.09743061019822 36.40775983141498 33.21803452072572 36.054249163104714 41.51958349646634 38.92292960023747 42.1363158494255 34.47222945511953 34.98206591407006 34.18071331290275 37.776840100822255 32.31511686054364 38.14284460653198 32.184296670181766 44.6040191365671 40.99514755256541 38.473888762013985 37.958094490302074 24.11529395802222 36.28238831921658 49.013308792604676 34.23871996172534 35.78022691320007 37.761918921747565 30.68368428006579 36.16117204189436 34.767756930015594 32.72289214488546
26.112626837762036 28.08557834227895 26.808495163810903 29.00172386507552 28.428872244717013 27.466318982294297 30.103005475529926 29.439765690422973 27.671752329168385 27.68367333694664 30.209724510953265 26.680103723480897 30.765001584269157 27.456345499907457 27.355586299689094 27.217226188490486 29.67139700608891 26.840528549222654 30.688236544907113 29.160451375342518 24.11529395802222 27.45978163281552 31.31136762253982 23.988268803901974 26.952833490993726 27.093834369879914 28.4857865626891 27.834811459181992 25.905035389187333 27.341384874686128
23.66423489681779 26.430858505229935 22.862616901725687 16.090516674872333 23.4674746948142 25.42262714303024 26.084551930407542 23.779346527834832 23.581829390047233 23.698785948225577 14.574173342979293 24.656360487018674 23.416512159254353 22.962916288843417 24.90127228278402 23.63894969302487 23.807910619524364 11.578029040326328 25.452129519922664 11.485917091215697 21.83335179659821 22.622296911949206 26.79270684567473 15.586605487610996 25.647638449195256 22.644255816871464 24.30572292660736 23.54545781326442 12.195864313498532 23.328964282409515
17.618048768140625 22.06772225817349 20.705389886199782 8.67625773299278 12.362572727907718 7.9534236400741065 20.10484350429897 17.123136713611075 12.21350563835449 19.875169695544855 8.366303313291155 20.978680569778135 20.61818095778608 13.090623351591603 8.623839397275333 11.095262650314908 7.814136568055346 6.936511997229445 21.618821698349166 8.790560798465322 20.162382533070968 10.552996337296236 12.746913520080398 7.079344657170168 13.70661933690485 10.205182547865888 13.095101284779275 20.71190643794239 6.8043588984185135 21.465208735580745
8.938038979265002 7.594478907591338 12.778318922050858 2.3218348572240757 2.6999611518808706 3.1001562048611504 3.5096567295174737 1.6320236736562492 3.4415444639214456 5.60880955608377 1.5579944507326218 6.524516943036588 1.430879178182522 4.623062385769799 3.1352081072900546 3.8672488450451965 1.1015162048545335 2.474844153619415 6.269645930444085 5.156367810433039 20.002126915675717 0.6241951986494314 5.448653570399756 0.913101552572698 2.1359104882433257 4.698842967625978 1.0202372075505082 3.331894046614707 2.8865374874744703 20.12706217555956
1.0609400629571155 0.3003379049405339 2.265058849207662 0.04408160145430884 0.04200039220040708 0.061380900541962546 0.01588780599331585 0.15880712061607483 0.009182353287997103 1.4942607247521664 0.0057923959850541 0.05401747222890663 0.0001764321286827908 0.12177772914174056 0.010083361820534265 0.035325397105452794 0.008426051573223958 0.00344888068821092 1.010389640978019 0.0071633383038260945 19.999698235910728 0.016697834434353354 0.5199692897540444 0.008057404828605286 0.015389839787985693 0.013518157496719141 0.00010226466497442743 0.9957062391783893 0.001769806505080851 6.799476021697728
0.9949590570934106 1e-08 1e-08 1e-08 1e-08 1e-08 1e-08 1e-08 1e-08 0.9949590570934106 1e-08 1e-08 1e-08 1e-08 1e-08 1e-08 1e-08 1e-08 0.9949590570934106 1e-08 19.999626917911883 1e-08 1e-08 1e-08 1e-08 1e-08 1e-08 0.9949590570934106 1e-08 1e-08
199998.0 175767.0 179323.0 179279.0 175542.0 181519.0 172347.0 178839.0 170279.0 199998.0 177198.0 177869.0 161611.0 177685.0 168823.0 178306.0 177270.0 169829.0 199998.0 171358.0 199998.0 184075.0 180321.0 184075.0 180237.0 169889.0 160629.0 199998.0 167979.0 185045.0
