1510.7063209967082 1253.4839343468275 734.3326966587188 1330.6886256207476 1415.592346744108 1223.1699487572232 1428.7015713554028 1468.8589126758388 962.2690817214702 1378.2811584549927 1018.3934649885673 1027.7587605922495 1279.5984859154782 1426.943246499728 1253.0173471661815 1149.9162233846127 1253.3006160252762 825.5345514405367 1102.8728575843465 1278.3833746698156 1036.7824693466864 1025.734911773865 1446.1316799054302 1325.2993953256628 1234.448572255189 1378.430629213236 1131.6094551091383 1072.1199162104913 1153.2884840666766 1223.740649928206
945.0627111644308 1221.470803705929 676.7592421736676 866.7590078674748 885.141774863444 958.6684077736627 909.9745565085332 1043.6820620873232 962.2690817214702 1233.9448964333565 765.5132330941155 767.5889834113977 1207.093391408267 1148.2251983540064 978.1419421494534 1005.9075828416526 913.6416727546498 659.01136570569 807.445841707553 856.6106589846881 606.1029749613008 840.417765437976 1096.944971394456 889.936676142368 823.5308469308911 1163.5851671309356 771.142856379623 626.1687088271847 1007.137019658956 1115.2910978105474
904.1602612990032 804.3468988165173 676.7592421736676 610.0841110151182 851.7198217275563 602.1724493275151 834.3843021605917 902.1080515618332 709.1704761531087 1166.4284793880825 654.7507226576604 578.6825175090612 1093.3677562842577 1069.714197788212 814.7660599367227 635.4621526543237 821.3001911699444 659.01136570569 670.0170925621351 746.6655382429308 606.1029749613008 840.417765437976 986.4803052562365 853.7985951056039 823.5308469308911 950.1835456677895 612.1244578100377 626.1687088271847 766.9599901792772 1038.445956194324
793.1052912535824 804.3468988165173 676.7592421736676 535.472205408199 734.8139445985948 602.1724493275151 776.8015638688735 662.9788397389184 709.1704761531087 855.9346271336631 654.7507226576604 578.6825175090612 761.6860572883834 940.9483979675215 438.0430528316597 467.90293494542357 818.4783912278494 592.9958780617017 637.3083855576442 730.8642188198264 533.1789045305895 677.4874442327937 986.4803052562365 714.9541090585135 823.5308469308911 915.8577362221968 518.5687334433974 626.1687088271847 766.9599901792772 877.1134626211524
711.1586382850091 539.958307691842 629.4472893279453 535.472205408199 520.2964764019093 602.1724493275151 609.1349645619548 578.4273735390102 501.9005872453372 653.9812927602488 654.7507226576604 521.7348610681056 682.5390539840632 710.2821014443925 438.0430528316597 467.90293494542357 598.0211325996206 459.2330968163542 484.5038820628074 601.0769396846972 533.1789045305895 605.3410804104697 745.1113512121033 714.9541090585135 619.86789140575 588.5327093459773 518.5687334433974 626.1687088271847 675.3103971732994 877.1134626211524
650.7143101559932 459.7900827485387 615.5246863300163 534.3781313652744 520.2964764019093 602.1724493275151 581.8323758081333 563.2429102545248 501.9005872453372 581.4481170874478 636.4013914397856 521.7348610681056 579.2015690744065 710.2821014443925 438.0430528316597 452.7595608302272 590.7538211183914 459.2330968163542 484.5038820628074 420.87431146864856 434.09215319983514 605.3410804104697 745.1113512121033 396.2220066684572 619.86789140575 553.3290600256314 518.5687334433974 626.1687088271847 505.23061558575273 798.4995670637645
581.5959202281483 459.7900827485387 615.5246863300163 534.3781313652744 463.5973541537369 526.0970039590284 581.8323758081333 563.2429102545248 477.8976209103157 552.8595348049448 392.4744302683225 521.7348610681056 540.5479884810402 709.202332538177 438.0430528316597 452.7595608302272 393.2342602242011 350.1918270546157 484.5038820628074 420.87431146864856 434.09215319983514 459.73842896777205 541.1110390807366 396.2220066684572 571.8698948853562 553.3290600256314 518.5687334433974 625.5012733960571 505.23061558575273 798.4995670637645
450.6507579665222 413.63023312391397 414.81066663726415 421.6231057384407 409.9537987258218 432.45049518693395 432.35810002477 390.5645588531429 435.4889213473907 448.0427715583637 392.4744302683225 413.9816113485431 446.10623549865113 580.645007413766 409.62864214503725 323.0027679497657 371.9351782243448 350.1918270546157 419.7879051834516 420.87431146864856 374.4087288437486 419.80719689264333 438.50569275325233 381.6923348217492 447.7462240065943 340.3037050553876 453.2529335898994 378.03727813561727 398.36598939521537 573.1392692059476
331.34940695247496 326.66318452835503 284.0131022951455 308.7045240803118 276.4793021217438 298.7921629766206 284.6791308433035 318.06467629518875 303.78718760713036 318.4663885324185 308.0431196651484 296.20163483024453 312.1070748616198 325.4231280418917 327.66994706175274 279.6909161571043 326.4876519550662 268.4234401676099 310.51972314318664 304.3407507859556 290.4429929097705 291.85590053020223 277.4477726735813 278.1464567398166 309.50503607686005 276.3138937630183 307.5437906704851 309.2735369971565 294.22466526377 289.6911927556989
268.79708137648095 270.90316518845793 262.09932395693704 272.1316583213893 260.93250661046295 270.6689592340058 256.76422992251673 278.6294588662063 268.2111577953842 281.3029414755674 279.18187105588595 256.3128923577842 262.5205449382397 262.5113115799568 260.06412177314724 261.07043928294206 267.09210109211244 260.7081817138719 265.93650420559925 279.0658306470077 261.0199182106976 266.04427187958845 261.187949976445 259.4042948241399 263.44404195504103 257.66822121872974 262.417229880125 284.4233440941798 266.4457391294254 268.59016673855876
258.6284328584643 250.11258475176464 249.30848185796776 256.8761059629851 249.0113088033254 257.30652253444623 249.33604949951223 255.91167981059516 253.53647371698162 261.0419878039811 256.77699794338787 247.51030134293205 254.09793994419624 253.19672969466774 248.722414953294 243.27307144136876 258.5404255531498 253.47659243121234 249.21483801369595 260.68686676186644 249.8272091203021 250.8819406751486 252.82996536746396 251.84034938178502 249.8825178123684 246.39932895272295 253.16078227463504 270.5079727874745 255.40055782884565 254.2752262623485
250.05835619896425 244.2319140683485 242.49906671232156 251.04964597567187 244.98025371005087 246.01102716124342 242.02291120884547 246.8594053139177 244.21491501534865 247.4916671450269 250.39994262873188 244.08438067920588 243.23902790477132 244.96361937274105 242.8465831799026 241.73463055822094 249.07796135554509 247.30282199980002 246.12727800770017 251.5635236864864 245.0547995281886 244.85201222465957 246.55602505078514 242.02135156926306 244.04685029611028 242.0319169453801 248.13927465680445 253.2060384706724 248.90814769888766 248.78737483525674
244.01692339770534 238.25809660106097 239.51713567050683 245.84324983495844 241.7363083653563 241.89619135262228 241.06730546615063 243.63272105830765 238.98531709486497 246.2308920055475 243.45697811656146 241.15969905026213 240.66068190202168 242.21600345463048 241.3020667980577 238.46040584370076 244.0074851810382 241.9548740009709 238.5774440807836 245.54829002022598 238.31770911720014 242.7363703719202 243.50602416790252 239.65408633356128 239.41022535844877 240.96062552082913 244.45246614998632 245.3452496200698 242.0318315082991 240.01737451633107
241.98347702879573 236.83701641647804 236.49336311815614 242.1749447904881 240.15634988551028 240.71492271028546 239.80268712845282 240.47925739701122 235.41509237799755 241.5170089932185 240.66373814168037 239.2559767642183 237.74101633339842 238.05660676318985 240.874926139511 235.82726717069954 239.59163979996674 236.08875067292547 237.82673081411303 241.6183073201164 235.8797012713053 239.8521127005356 241.65352954522314 237.4701718290171 235.55019213215974 240.2730551206214 241.57655167611983 242.52267131058716 237.2934952703149 237.47623353648305
241.5953593351087 235.71644121386043 235.67246217145293 236.3898585426391 238.94275078037435 240.37085093923906 239.53584721554944 235.8543758644928 233.82140639148247 238.29541441055107 236.64248714983842 238.87974083742665 235.8066356679724 235.83992733731475 238.8878029513039 234.53967469449208 235.84517026528601 234.39944015373476 235.72952611810706 240.6920312987827 235.66055435698263 239.46118225002238 240.8172586487076 234.33476850391526 234.6130532890479 239.6122652304739 235.65346066972188 237.44027369720607 236.23492906403544 236.44207967376587
236.3835154517542 233.97430094618903 233.97430094618903 233.9763381337475 238.8587977484185 236.2931453480055 239.535732480153 231.84830336449568 232.8538021074346 232.92754647678248 234.28616063055233 232.15602523035113 232.7565825727247 234.66473736114676 238.85879774841897 232.0328104098985 233.97430094618903 233.37193588233004 233.0601071367023 234.43493780128074 234.73599127031775 236.3337580144148 237.4565680740152 233.56626528896004 233.97430094618903 239.49562501549144 232.28097166174393 235.11058364115706 232.2607564893733 231.95400701074686
1000000.0 1000000.0 1000000.0 1000000.0 1000000.0 1000000.0 1000000.0 1000000.0 1000000.0 1000000.0 1000000.0 1000000.0 1000000.0 1000000.0 1000000.0 1000000.0 1000000.0 1000000.0 1000000.0 1000000.0 1000000.0 1000000.0 1000000.0 1000000.0 1000000.0 1000000.0 1000000.0 1000000.0 1000000.0 1000000.0
