484.1578685677441 489.8884033918466 633.4955451873625 660.9401854430052 622.5196814414358 597.5417581328807 496.0023371844868 774.4574572644542 593.204913747968 523.2942167411675 668.063922020513 451.68943684248916 594.3500717346783 500.3012789053064 473.86901784494694 588.949796200006 506.0705199279573 653.6593153412568 708.8252181057933 615.0184029621842 575.7850052903896 904.3979599686149 434.63325043394843 545.0988093694605 501.3338348814041 792.7940882302732 528.2150153347729 770.5780784527187 458.37488405114027 608.4448343198264
484.1578685677441 397.4020221403398 577.0177943178996 503.365410485289 603.8282067201321 541.7195205915614 496.0023371844868 554.7912095324709 527.4956358796085 523.2942167411675 544.2850310626764 451.68943684248916 594.3500717346783 500.3012789053064 473.86901784494694 456.5221595936064 506.0705199279573 653.6593153412568 708.8252181057933 615.0184029621842 575.7850052903896 453.74361410643405 432.16206475450235 545.0988093694605 501.3338348814041 544.3126645353768 522.8967402978851 530.7293963907778 458.37488405114027 498.11771723865513
481.372558245806 397.4020221403398 470.3583041816628 503.365410485289 486.42932611273227 541.7195205915614 496.0023371844868 554.7912095324709 527.4956358796085 509.74633323851367 544.2850310626764 451.68943684248916 556.2305711770305 500.3012789053064 473.86901784494694 456.5221595936064 506.0705199279573 521.9550777946761 592.9399145001589 615.0184029621842 509.0054100476832 413.4856928749173 430.1683462311976 545.0988093694605 465.4609792089145 508.55565659766944 514.2604337520797 423.16884815209505 365.38640792404294 498.11771723865513
459.35063897241935 397.4020221403398 470.3583041816628 442.26301798839177 486.42932611273227 485.8115282931449 486.6690118425695 432.65776198815 527.4956358796085 509.74633323851367 479.99006285613905 433.1472053535849 556.2305711770305 500.3012789053064 449.2864929523507 439.6160461836507 496.6040726495803 521.9550777946761 526.6470812973998 615.0184029621842 509.0054100476832 413.4856928749173 404.62952635185684 545.0988093694605 465.4609792089145 508.55565659766944 484.32846124466596 423.16884815209505 365.38640792404294 365.9163470176263
373.51631090923684 397.4020221403398 470.3583041816628 415.919552003671 486.42932611273227 485.8115282931449 459.94019033200584 432.65776198815 527.4956358796085 509.74633323851367 479.99006285613905 422.00556792413954 556.2305711770305 404.5466833048249 449.2864929523507 435.8407445024395 455.4322207827963 501.0609402266891 526.6470812973998 480.1021649076083 509.0054100476832 413.4856928749173 404.62952635185684 545.0988093694605 462.57177653281997 508.55565659766944 376.44829791969187 423.16884815209505 365.38640792404294 365.9163470176263
373.51631090923684 397.4020221403398 470.3583041816628 415.919552003671 486.42932611273227 485.8115282931449 425.1618963157307 431.5495175207434 527.4956358796085 477.8704847753406 479.99006285613905 422.00556792413954 436.84254821131526 404.5466833048249 449.2864929523507 435.8407445024395 413.72297747980156 497.97848388118064 526.6470812973998 478.59839852301866 509.0054100476832 413.4856928749173 404.62952635185684 545.0988093694605 450.3436974527558 508.55565659766944 376.44829791969187 423.16884815209505 365.38640792404294 365.9163470176263
373.51631090923684 397.4020221403398 470.3583041816628 415.919552003671 486.42932611273227 456.2008052106512 425.1618963157307 423.9186320588542 476.69966570075076 477.8704847753406 479.99006285613905 422.00556792413954 436.84254821131526 404.5466833048249 449.2864929523507 434.6320565916585 400.1083893619257 457.3886615532947 526.6470812973998 478.59839852301866 509.0054100476832 405.0624569283941 386.3152020329403 455.47855060597794 411.10430021755155 508.55565659766944 376.44829791969187 423.16884815209505 365.38640792404294 365.9163470176263
303.5605458357554 302.33800870656387 398.4208609995221 294.4994157511992 407.1940501560698 328.4087740947839 312.9013401804127 321.38564146805675 393.2826332058703 292.5278997936198 326.60072409517534 362.95536093232704 413.77500392559296 347.3933355729555 354.6608911945814 337.5433372907769 292.43000458539746 402.70078761728837 263.29570769319525 349.0337276210262 360.3809038785298 282.28622861554504 278.8913452224242 320.7632262999623 285.7633533890048 426.1171817880081 276.67168711854174 358.6373110391746 325.8240631381468 278.7485706722514
250.88942623560933 244.54806333010265 257.9829666276605 263.35240231470107 275.6667992478083 255.70629361757483 267.62546784438837 249.82923037795172 273.5971242350697 246.99406122543223 271.07177668732265 254.3200427205179 272.8077365552326 256.9722430847519 258.9264168623549 258.88461919890733 240.1740558262586 254.9214124588807 241.86963014826824 257.00899734086306 251.5315976759939 239.98881967875377 244.6377270884518 262.57928800769605 244.7083600687747 279.0700868606423 244.86998347841654 251.71772404687135 250.86001835587376 259.6554397590976
234.54949760709542 232.80470907738982 233.87903663588895 235.1163892801119 235.52802171070607 234.06831728429688 233.72332162914108 236.50179361965593 241.43934116433002 238.2935515808117 237.4305214342853 241.35224566476745 233.08157699624417 234.4077798961057 233.75026148039024 240.2551537602185 234.23069895889148 234.92767604541132 231.21119281722804 236.53388891320037 234.4647226112097 233.56949365500714 235.53413273766955 241.412983806159 231.37772748219868 248.6153833974672 235.10228426253934 234.39118720128545 230.82495313043955 232.37711739886572
229.8063321323457 230.74985463449866 230.9468569434016 230.27200157186644 229.97370392402354 230.99611240109743 229.78343676018812 230.10605770558914 230.2903052510619 230.2684635996684 231.04027144889778 230.2354258071664 230.35549680704617 229.89442229957194 230.29599355087566 230.657054620689 230.30261653173056 229.97546605871412 229.41334960631866 229.69335006088886 231.08899624234073 229.6168494934218 230.25261378008827 230.05619680229574 229.49734383676378 231.19961854238 229.7445001987735 229.69461465184304 229.66299373234915 230.16742388675448
229.2886626271179 229.30550266881073 229.35238577501832 229.34783864767132 229.2988170855474 229.32051489934247 229.34800045604925 229.3984445567694 229.49148317127128 229.3332323935956 229.31304736501306 229.41326333213146 229.35683247857241 229.30157960674205 229.31030225528866 229.3369308254787 229.39485613926308 229.37582019339425 229.29323191715685 229.2933324651608 229.33305857692085 229.3010624838803 229.3268941356464 229.35173661012686 229.34943344861404 229.53500581509343 229.3135397129745 229.35142629355414 229.2952299856688 229.42382882323182
229.28442649123235 229.28440270945066 229.284436654812 229.28478593145064 229.28440084187105 229.28448744964635 229.2848536244769 229.28467032992694 229.28564958074867 229.2846884880064 229.28447213587333 229.28558097859423 229.28443862992344 229.2844988755578 229.2844030652036 229.28457487091646 229.28465802147957 229.2845072486125 229.28439697824433 229.2844187839969 229.28441816391387 229.28440015357637 229.2844704787385 229.28473433047702 229.28443329088395 229.28514134237867 229.28445104413368 229.28472743937482 229.2843998409885 229.2846496073903
229.28438270876723 229.28438270855622 229.28438270876313 229.28438270878996 229.28438270852212 229.28438271012828 229.28438270901188 229.28438270861898 229.28438271038203 229.2843827092306 229.2843827086922 229.28438272113863 229.2843827085203 229.28438270865718 229.28438270854667 229.28438271097275 229.28438271748837 229.284382708689 229.28438270849574 229.28438270856577 229.28438270874585 229.28438270853985 229.28438270919423 229.2843827089946 229.2843827091333 229.28438271213736 229.2843827085021 229.28438271466393 229.28438270861352 229.284382709508
229.2843827084871 229.2843827084871 229.2843827084871 229.2843827084871 229.2843827084871 229.2843827084871 229.2843827084871 229.2843827084871 229.2843827084871 229.2843827084871 229.2843827084871 229.2843827084871 229.2843827084871 229.2843827084871 229.2843827084871 229.2843827084871 229.2843827084871 229.2843827084871 229.2843827084871 229.2843827084871 229.2843827084871 229.2843827084871 229.2843827084871 229.2843827084871 229.2843827084871 229.2843827084871 229.2843827084871 229.2843827084871 229.2843827084871 229.2843827084871
229.2843827084871 229.2843827084871 229.2843827084871 229.2843827084871 229.2843827084871 229.2843827084871 229.2843827084871 229.2843827084871 229.2843827084871 229.2843827084871 229.2843827084871 229.2843827084871 229.2843827084871 229.2843827084871 229.2843827084871 229.2843827084871 229.2843827084871 229.2843827084871 229.2843827084871 229.2843827084871 229.2843827084871 229.2843827084871 229.2843827084871 229.2843827084871 229.2843827084871 229.2843827084871 229.2843827084871 229.2843827084871 229.2843827084871 229.2843827084871
199998.0 199998.0 199998.0 199998.0 199998.0 199998.0 199998.0 199998.0 199998.0 199998.0 199998.0 199998.0 199998.0 199998.0 199998.0 199998.0 199998.0 199998.0 199998.0 199998.0 199998.0 199998.0 199998.0 199998.0 199998.0 199998.0 199998.0 199998.0 199998.0 199998.0
