58892.28125077822 34777.78310594658 38353.088570001135 27953.92429588997 25577.41543354917 52845.49622665194 25178.07453923508 35842.99703125088 41134.34816050568 25682.359309386677 30106.52348504585 17853.638891251067 49388.86992948507 106351.68391637152 26228.296249085553 19226.725686459264 248820.75801127922 28142.638629540776 34472.95339155133 103193.76350434213 66114.5857438456 128559.28890775828 47624.64651964115 31720.545937097886 26024.85385339704 41771.12648010177 74143.20857849125 77188.69606674016 21196.048820567576 20102.08568933855
38981.47470407885 20084.288479655923 29922.92594343582 25626.49858602796 25577.41543354917 52845.49622665194 25178.07453923508 35842.99703125088 28422.961887440262 25282.743330697987 30106.52348504585 17853.638891251067 49388.86992948507 24001.462612686595 26228.296249085553 19226.725686459264 34026.41769015705 28142.638629540776 10805.353720573097 35180.4601700553 39503.61050400911 44042.44371120549 45883.17039237988 31720.545937097886 19540.787409051136 36391.30559029866 74143.20857849125 33334.54354595412 21196.048820567576 15944.13028961709
27728.364303662645 20084.288479655923 20062.760291583047 25626.49858602796 25577.41543354917 52376.095157070435 25178.07453923508 26007.897294772647 28422.961887440262 16821.126986250292 30106.52348504585 17853.638891251067 19349.93513981538 24001.462612686595 26228.296249085553 19226.725686459264 27636.773803702865 28142.638629540776 10805.353720573097 35180.4601700553 39503.61050400911 43814.90405100474 45883.17039237988 31720.545937097886 18314.190861954507 36391.30559029866 74143.20857849125 33334.54354595412 21196.048820567576 15944.13028961709
27728.364303662645 19761.1796036868 20062.760291583047 25626.49858602796 17030.367259531107 26792.13074585602 25178.07453923508 22143.1464971988 28422.961887440262 16821.126986250292 30106.52348504585 17853.638891251067 19349.93513981538 24001.462612686595 26228.296249085553 12867.41387290866 27636.773803702865 27930.713220550035 10805.353720573097 35180.4601700553 39503.61050400911 21884.088968540935 37330.86022735404 28646.598973728742 18314.190861954507 36391.30559029866 46822.71557664583 31099.070156316604 21196.048820567576 15944.13028961709
27728.364303662645 19761.1796036868 20062.760291583047 23743.021113681927 17030.367259531107 26792.13074585602 25178.07453923508 21092.902720100446 28422.961887440262 16821.126986250292 29448.07313348122 17853.638891251067 19349.93513981538 24001.462612686595 26228.296249085553 12867.41387290866 22160.09522626936 13455.285938471465 10805.353720573097 34211.14646096052 32293.402394527602 21884.088968540935 37330.86022735404 28646.598973728742 18314.190861954507 36391.30559029866 29403.001328943283 19153.096745540995 21196.048820567576 15944.13028961709
27728.364303662645 19761.1796036868 20062.760291583047 18277.83188072688 17030.367259531107 26792.13074585602 21023.813037941774 19288.279446352746 28422.961887440262 16821.126986250292 27977.51094114681 17853.638891251067 19349.93513981538 24001.462612686595 26228.296249085553 12867.41387290866 22160.09522626936 13455.285938471465 10805.353720573097 31063.90037367019 31495.979628550424 19015.90104606801 22868.681645101766 28646.598973728742 18314.190861954507 35057.501495070836 29403.001328943283 19153.096745540995 21196.048820567576 15944.13028961709
27728.364303662645 19761.1796036868 20062.760291583047 18277.83188072688 17030.367259531107 26792.13074585602 21023.813037941774 19288.279446352746 28422.961887440262 16821.126986250292 27977.51094114681 17853.638891251067 19349.93513981538 24001.462612686595 22563.46395240506 12867.41387290866 22160.09522626936 13455.285938471465 10805.353720573097 31063.90037367019 31495.979628550424 19015.90104606801 22868.681645101766 20883.84220731848 18314.190861954507 24525.252555092844 29403.001328943283 19153.096745540995 21196.048820567576 15944.13028961709
18644.10748051774 19761.1796036868 18141.816174322707 14312.778578418425 14086.24628699357 23605.04932069495 14741.59254519366 13707.803764204198 14527.767886598727 16821.126986250292 13263.184725577003 17853.638891251067 19349.93513981538 20649.98765320911 13272.663979260695 12867.41387290866 19335.77500906818 12132.684660760555 10805.353720573097 13515.425387251256 17028.71625426909 19015.90104606801 16750.02217603721 20772.471479407992 18314.190861954507 24525.252555092844 18234.777487062747 18016.18868192802 21196.048820567576 15944.13028961709
14507.143626656236 19761.1796036868 18141.816174322707 14312.778578418425 14086.24628699357 18236.80375176936 14741.59254519366 12790.062247261101 14527.767886598727 16821.126986250292 13080.158300282255 7231.359872068383 15207.590025289164 14359.123673401085 13079.764883756037 12864.221734344412 18231.638483876835 12132.684660760555 9681.49315666828 13515.425387251256 17028.71625426909 16579.243192520913 16750.02217603721 12250.057111362386 8103.306201826337 24525.252555092844 18234.777487062747 16123.069854504232 16728.86176009876 15944.13028961709
14507.143626656236 10723.218684473093 6276.613924389383 11001.625203348032 14086.24628699357 18236.80375176936 13433.337500253485 12790.062247261101 9918.50705199852 12824.983093485864 13080.158300282255 7231.359872068383 9544.172531850374 11377.027195129389 7320.574170834334 12864.221734344412 11681.587184120172 12132.684660760555 8002.751547405254 13515.425387251256 11109.11542731669 13316.68339245602 16750.02217603721 12250.057111362386 8103.306201826337 24525.252555092844 15161.585517531692 7792.9087769169255 16296.46345387716 6414.932324160449
13638.902524683803 6477.237016831082 6276.613924389383 8244.437332517055 5618.621140851176 11158.386225593473 12480.507398955795 12647.959070523326 9918.50705199852 12824.983093485864 13080.158300282255 7102.233623778518 9544.172531850374 9347.011274368282 7320.574170834334 6861.94529470573 10434.349720901919 12132.684660760555 8002.751547405254 12510.388208807653 11109.11542731669 13316.68339245602 12566.622372696664 12250.057111362386 6980.048215342395 12666.47829967265 9483.331341082245 7792.9087769169255 10764.99043592708 5391.844399549979
9920.272360910545 5807.971600808796 6155.656821911514 8244.437332517055 5618.621140851176 11122.14358466025 4679.3732219609055 7916.192266895185 9252.253883889322 10866.892164538807 9573.644938496633 7069.336937813359 4262.868078324169 5800.2186856822855 7320.574170834334 4673.593402828272 8872.624051340665 10207.776245662986 7111.670115289417 8744.784726225706 11109.11542731669 12073.426185272772 10724.309159975199 6978.616055778708 5460.0974172115875 11849.448344951283 8665.546680982721 7757.987961470963 10764.99043592708 5391.844399549979
7947.172656664747 5778.081949174662 6155.656821911514 3075.935465213607 4090.7354781219383 8087.619637501637 1611.7004712219498 5604.501901001643 8630.539814824428 5231.7127091237835 6177.8789262836335 5299.03566580016 3410.372808492404 5511.671434115971 5141.114697299105 4210.8526729802825 4452.754734624868 7408.676057371906 3851.7721071287533 6971.725542798716 6469.789522223791 5548.2680115889225 4138.658025046387 2880.0417951058375 4139.724386179626 6778.34120523648 6863.350854737063 6026.8857793655825 4664.022528876639 4031.3754874877886
4024.3871348149287 3114.3350388031026 1633.110999404565 2264.9469613062142 3856.4734036622513 4768.08857118758 1569.3293227460717 3370.9549962416127 3257.56628476621 2887.556115504136 3175.029496172669 4466.0406057941755 1468.5685659020066 306.1082735327835 1431.4159663205755 559.930985967831 19.642659642668605 3952.645035443473 3420.172767331282 1165.3489209368079 1432.2611413451325 1918.4581231216653 2503.499902136569 123.02821418951567 1219.4223344803358 3602.662185333907 4363.405671844614 2673.128478608439 3017.9914369324774 2702.4119928216287
895.9441874706436 822.7912983293027 1.1399236830478685 605.0081804562485 8.100701509792373 803.4623202728571 8.997047732823944 515.9335189590113 386.24208598203086 1164.255455149473 741.630635866745 67.93233683482936 455.8016550453957 12.653309515155911 372.67699849953783 86.66904340583147 5.597687714953281e-05 668.3910587768394 863.3666579105934 152.6145431388502 568.433245797078 610.1273822476974 656.6177136103507 2.83621539572232 306.99008063007705 508.10784528703346 747.5298198230171 13.409820104476239 128.32034723639674 421.68025524499933
1e-08 1e-08 1e-08 1e-08 1e-08 1e-08 1e-08 1e-08 1e-08 1e-08 1e-08 1e-08 1e-08 1e-08 1e-08 1e-08 1e-08 1e-08 1e-08 1e-08 1e-08 1e-08 1e-08 1e-08 1e-08 1e-08 1e-08 1e-08 1e-08 1e-08
195320.0 188993.0 187493.0 191881.0 193735.0 194212.0 188655.0 195890.0 195827.0 195088.0 195200.0 189526.0 191089.0 190109.0 193771.0 180237.0 170546.0 192966.0 185028.0 196268.0 188572.0 185488.0 187508.0 186803.0 194149.0 194464.0 185424.0 192876.0 185232.0 191551.0
