9442.509760502664 9041.98834941619 10046.528435180806 8058.624719362844 7814.665304356497 10127.639677198227 10033.963689884966 10720.197286138078 12494.454048038946 7501.298136314699 11675.80103844411 8498.212919684498 7315.312849975238 7791.8340183565215 9648.588177122552 8066.193133622783 11144.573575226064 11255.389297052818 10206.597020189518 9403.458428569887 7740.141949730027 8883.37356659292 12041.349167093013 9650.001918097321 8108.725609781717 5128.192789531593 8563.958010000195 8057.74628903462 9400.81405220735 11227.545779928356
5664.229592176796 9041.98834941619 6663.984166285643 5710.066162431374 6846.489940165265 10127.639677198227 7345.059576983414 10720.197286138078 9582.625332288439 7501.298136314699 6289.357030469768 8498.212919684498 7315.312849975238 7791.8340183565215 5408.727743383693 8066.193133622783 8152.981402104964 6687.072145308847 7321.9593968898735 8950.15587215907 7740.141949730027 5595.999188891372 8554.58147097446 9650.001918097321 8108.725609781717 5128.192789531593 8563.958010000195 5845.460056505805 9400.81405220735 9479.713139047306
5664.229592176796 9041.98834941619 6149.058058758083 5438.805038600866 6846.489940165265 10127.639677198227 7345.059576983414 9688.924089559758 9582.625332288439 7501.298136314699 6289.357030469768 7184.8638967771985 7315.312849975238 5162.38823454972 5408.727743383693 8066.193133622783 8152.981402104964 6098.47371693355 7321.9593968898735 8400.469339884221 7740.141949730027 5595.999188891372 7075.509539026762 9650.001918097321 8108.725609781717 5128.192789531593 8563.958010000195 5845.460056505805 4974.318658443852 7163.109117313174
5664.229592176796 8839.659215799236 6149.058058758083 5438.805038600866 6846.489940165265 9749.178638843909 6486.504008188936 9688.924089559758 9582.625332288439 7501.298136314699 6289.357030469768 7184.8638967771985 4926.15808848458 5162.38823454972 5408.727743383693 8066.193133622783 7354.194449514311 6098.47371693355 6110.783430613483 6563.629101520529 7740.141949730027 3540.763675542463 5325.538882223621 9650.001918097321 8108.725609781717 5128.192789531593 8563.958010000195 5845.460056505805 4974.318658443852 5392.156747667662
5664.229592176796 8141.018810428002 6149.058058758083 5438.805038600866 6846.489940165265 6958.689593844421 6486.504008188936 9688.924089559758 9254.600618297762 6887.610739839103 6289.357030469768 7184.8638967771985 4926.15808848458 5162.38823454972 5408.727743383693 8066.193133622783 7354.194449514311 6098.47371693355 4680.0852826884 6563.629101520529 7363.367336961073 3540.763675542463 4506.872145434126 9650.001918097321 8108.725609781717 5128.192789531593 8563.958010000195 5845.460056505805 4974.318658443852 5392.156747667662
5664.229592176796 8141.018810428002 6149.058058758083 5438.805038600866 6846.489940165265 6958.689593844421 6486.504008188936 9688.924089559758 7967.42791235722 6520.434369416873 6174.606255528878 7184.8638967771985 4926.15808848458 5162.38823454972 5408.727743383693 8066.193133622783 7354.194449514311 6098.47371693355 4680.0852826884 6563.629101520529 4917.541877478751 3540.763675542463 4506.872145434126 9650.001918097321 8108.725609781717 5128.192789531593 8563.958010000195 5845.460056505805 4974.318658443852 5392.156747667662
5482.409987472785 8141.018810428002 6149.058058758083 5438.805038600866 6846.489940165265 6248.727237123928 6486.504008188936 8021.60049411312 6863.852271680453 6520.434369416873 6174.606255528878 6634.282540803737 4926.15808848458 5162.38823454972 5408.727743383693 8066.193133622783 7354.194449514311 6098.47371693355 4680.0852826884 5604.658419210431 4917.541877478751 3540.763675542463 4506.872145434126 9650.001918097321 6762.464791598753 5128.192789531593 8563.958010000195 5350.30829163429 4974.318658443852 5392.156747667662
5482.409987472785 7158.034999461448 4170.764707722194 5078.455535515824 5856.467857429124 3783.0278587861885 5117.961880459873 8021.60049411312 6863.852271680453 6520.434369416873 6117.818683615582 3795.803157700917 3502.5486246948694 5162.38823454972 5408.727743383693 8066.193133622783 5425.088373343408 5602.388651952012 2963.4868484300505 5604.658419210431 4917.541877478751 3540.763675542463 4506.872145434126 7239.034370580899 5828.280140524291 3221.369851736983 8563.958010000195 5350.30829163429 4974.318658443852 5392.156747667662
2975.9321100426373 5280.045892774831 2578.8042123126697 1767.6134925079086 3427.5754212318934 3783.0278587861885 5117.961880459873 4397.564521225745 3494.268094285235 4517.366199837232 4422.240044439688 3795.803157700917 3067.621906011103 3441.207939792337 3292.895551598601 4692.155532738125 4226.981844033081 4117.584018690369 2126.347749829452 3658.0062150179965 3132.6383382762306 2148.2340769951993 2462.413680847141 5888.785105933952 4366.182931577537 3175.153019063465 5360.967976957666 3222.353559069791 3836.12897403595 4074.2558252291365
2149.5734326722168 3217.681846750953 1842.6763124228528 1767.6134925079086 1974.8981919416624 2352.2726724753575 2961.1156065860914 2591.745815312372 2544.591370245625 2608.171226844705 2759.4982740449072 2636.4689413151505 2025.4084184969124 2515.93256246195 2170.2828190908986 1755.755770493276 2350.270037231505 3245.9427800942667 1742.5073533011382 2491.934921523057 1475.3921630698678 2148.2340769951993 1822.209330779328 3457.650922272258 2030.856195707177 2430.328699491305 2985.2632432331975 2872.4755920219995 2215.7024569392343 3146.6829603991905
2012.6439781849067 1959.3388573965922 1199.180005588909 1437.1363480888695 1025.1545267647257 1969.3091305894495 1828.894912254511 1724.6007682321251 1391.9726893770976 1630.4451686416296 2111.5708134130628 1481.043395148543 1950.52839150404 1598.1315493861716 1985.8070078236697 1755.755770493276 1190.1945763460762 1891.0880123457068 1573.6705267624384 1365.453733770074 1339.7302520443518 1137.029087574711 1661.4372036925142 1420.0898025331708 1204.6616499008878 1828.2633792068527 2042.6398190705186 1180.0663029960338 1415.335099889281 1827.9284703941007
1167.2615815517042 853.1551275492461 860.6719927235888 854.6343946014385 729.8496076049896 1455.416854271788 1397.6361808150418 1148.9540667741662 1391.9726893770976 783.1985896133983 1538.1661636396066 703.9768755696982 962.155018741726 1252.1845817556923 1069.0407962956679 1085.5642173260783 1079.892132545332 1211.950459963191 885.6571900697331 1094.8482252079089 953.3592069660672 790.5390424589514 928.490513796803 1290.2603128356413 1204.6616499008878 1273.7171463700574 1408.9999853436193 1000.8650733859301 1091.7213594394836 1399.4159450027882
567.72595672953 568.478527957617 464.911433862565 601.4292684226973 394.9744489722061 589.6960942266205 719.0541868021303 589.5875244733288 762.8837351910447 513.8262034755155 769.2416078981469 341.11243710803865 550.5598553809627 800.0953184274572 615.3700730131877 807.9545592037705 706.997012949618 854.7707827986778 479.8560469856807 635.9867570641097 553.0613081211241 523.5490021400028 497.4974681123231 746.8897563014577 528.2511457459789 488.6928105696252 647.366641636492 435.4262918500856 556.5580636230065 615.862979799645
285.97724404213614 276.9985328629914 197.74707757152373 192.69292940385753 173.60689275870573 345.4512553872746 319.93587238113696 217.66246372565092 213.5873716245453 188.1254769426364 64.58833330897528 168.7322024470118 224.82903327081476 221.0073986527941 161.4793214050585 216.35589187417418 284.8263992343136 373.1107593043114 225.1818470402593 115.52417951635675 196.16597858679984 325.5752187043388 187.54030923146547 207.5503800469928 392.0164836976064 185.2219616396992 222.82824355136222 312.3211788902406 216.2020478700922 233.14188030990567
104.61484514193307 69.20822161027843 67.5620843787026 51.56222251355746 45.697135352964324 52.50210978373957 70.41505467001559 39.26153732528553 33.07107568510855 67.43033773804154 12.080999408010257 97.62477397311068 48.78274162304217 36.64358418772122 26.566286267956116 81.62954552792564 65.09320066118573 3.1343670040670304 50.617492756856564 49.27865113671612 46.18295374301874 51.450216060661546 48.424221438656446 96.77705268978684 60.187716589282786 75.20870715497756 64.71810433092037 77.61252921604557 58.07607109747505 72.70955396975558
59.951372216158916 9.911735295314429 31.72531562805466 28.42748400351968 21.663689570773386 27.128650219932638 20.53555979069438 20.615155048677366 9.010073207672804 34.57449684514472 4.881138030426769 69.60528376053082 25.77451864885336 26.906158617378424 18.547052672809855 42.79070936616063 14.070581678003805 0.08958835301496038 20.061197930477306 27.72168762178717 28.198988611371647 26.473053244690732 25.765498771456578 60.454276002157485 36.9633884682255 27.973186914347707 36.37949300679054 28.243138014280476 38.0131928036983 58.555246060639206
1000000.0 1000000.0 1000000.0 1000000.0 1000000.0 1000000.0 1000000.0 1000000.0 1000000.0 1000000.0 1000000.0 1000000.0 1000000.0 1000000.0 1000000.0 1000000.0 1000000.0 1000000.0 1000000.0 1000000.0 1000000.0 1000000.0 1000000.0 1000000.0 1000000.0 1000000.0 1000000.0 1000000.0 1000000.0 1000000.0
