863.8639278549776 1785.0099318101406 2708.1294448157723 1596.6472058104011 1345.6773292995117 1008.0226306663224 1173.6860852735 787.8778041077571 1001.7854943654147 2787.9096160062372 254.93153814192897 2091.8263837793834 2550.6073924796856 697.3787812956723 1154.1441415527242 1509.010372646666 1804.9853293704973 1742.7114697666439 1110.3802120428925 998.9379973698508 1386.6761038346904 1234.2489516031255 446.96194781015186 940.4721028724575 1842.8652629203652 3535.5863964320833 1454.774417012036 2029.168350042608 1510.9811016825927 2051.832815005296
863.8639278549776 1785.0099318101406 889.2857199165842 607.9786213934441 1345.6773292995117 612.7700630727973 1173.6860852735 787.8778041077571 1001.7854943654147 557.8745031674894 254.93153814192897 1915.4193045433904 1902.7870837072905 515.8626226639647 1154.1441415527242 1509.010372646666 1804.9853293704973 1741.2625549692902 795.930120153123 998.9379973698508 649.4401269480809 855.8960921772536 446.96194781015186 940.4721028724575 859.1510957152382 1763.8392877373026 789.7119956911326 1320.886606040207 1510.9811016825927 1214.7914813211735
732.8268735408506 1183.206843276518 636.3563172027771 607.9786213934441 1003.4792963334905 612.7700630727973 765.6824544184879 361.5046146182035 1001.7854943654147 557.8745031674894 254.93153814192897 890.1504939693177 903.362938413849 515.8626226639647 1154.1441415527242 634.8086024451338 666.4652800764702 947.1676979268605 635.7006893369053 859.0358130147652 201.00590610614438 638.1179663485068 446.96194781015186 940.4721028724575 859.1510957152382 579.3406388059178 552.7915433260259 1177.0032202839095 707.972049525164 1214.7914813211735
502.96393870979 1183.206843276518 636.3563172027771 456.21946951401503 1003.4792963334905 612.7700630727973 765.6824544184879 361.5046146182035 560.0618672939738 557.8745031674894 238.27671883991854 370.2827827586955 903.362938413849 306.5868153634535 753.7300446863064 566.031062331485 666.4652800764702 778.5786677677613 285.0315008145353 859.0358130147652 182.69294483069325 378.5269503672158 446.96194781015186 940.4721028724575 859.1510957152382 526.1015467892648 544.8004990534537 545.8944059528554 588.2084155751667 1214.7914813211735
238.3917253701162 1183.206843276518 271.73542142460406 456.21946951401503 730.9103484595241 612.7700630727973 765.6824544184879 349.4116226304459 374.7901123622423 549.8079710943548 238.27671883991854 190.552881288766 903.362938413849 268.1913622799743 753.7300446863064 566.031062331485 666.4652800764702 732.9345778570905 285.0315008145353 617.6311170837853 182.69294483069325 219.09368715539256 446.96194781015186 940.4721028724575 859.1510957152382 277.53909849030583 412.16747154585016 487.0021183877768 588.2084155751667 629.6914635787598
191.08128453705535 482.7858083900187 271.73542142460406 456.21946951401503 730.9103484595241 369.56464540535706 454.2871882298218 349.4116226304459 267.27004976466344 549.8079710943548 141.62917872113144 190.552881288766 903.362938413849 268.1913622799743 753.7300446863064 508.35459853090015 556.4638016179495 172.53216863825617 285.0315008145353 617.6311170837853 122.31976403290957 219.09368715539256 446.96194781015186 940.4721028724575 712.293296038552 277.53909849030583 224.27738426597023 469.4716328693696 84.84511960934424 434.21179015645896
191.08128453705535 482.7858083900187 180.5180110996149 326.6684984414478 379.948362289049 369.56464540535706 454.2871882298218 349.4116226304459 267.27004976466344 338.0990875977217 141.62917872113144 177.2439038466198 753.3811630484861 250.01502987125252 481.6423991367186 508.35459853090015 363.5332900784538 172.53216863825617 109.42864414847617 617.6311170837853 122.31976403290957 219.09368715539256 446.96194781015186 463.1772862595383 526.497410175114 277.53909849030583 224.27738426597023 323.0677204178936 84.84511960934424 185.28418657026896
100.00410351318419 156.2427448853325 86.13453116836058 163.33525627494168 162.8349423429113 111.68217133875771 82.8182801703066 140.76221106669277 107.7569072146639 233.13981597639417 141.62917872113144 74.28586380558949 86.03093404150638 79.59355930273102 143.2475387507542 121.03854062679193 363.5332900784538 111.72307486590876 59.95355802493657 186.53958735674428 90.46965949595193 42.830397756291575 249.80484864329924 132.48115379713613 209.77345609582744 154.4948088153982 115.17066873167903 156.4693252114215 84.84511960934424 94.27469945027019
40.89152954519284 26.879997335035114 47.21066764665113 98.24477506805374 46.49521309922437 62.254681159344386 57.31593351145466 46.99835234616722 31.43755803323478 105.03072561957003 91.85995775238382 29.226498151228498 68.34777751059295 70.34990654344278 65.04827383601446 48.31284513863477 67.02805413387944 76.17991304260147 58.98142431792911 69.55448357756666 49.735024384103895 42.830397756291575 113.35540578265193 91.87517444727644 96.12823019936047 64.30413987429199 73.97352449797387 79.92320851108752 84.84511960934424 51.64392090268905
21.128734850525973 24.748466024712116 28.935621828708918 37.486024469252754 19.355067474817815 34.60073524091473 22.792675808079935 31.99439253601855 25.586978214246187 50.35041526157903 46.92140642269709 15.649389058134545 30.169630989790676 40.055820624468026 32.538662248516516 39.61739942594352 26.611432610929114 25.849488272446195 32.15013365465063 32.84155105289574 31.60715621608199 10.547827827509138 77.39642810940848 37.41675399714103 52.89541349018566 37.79062068244855 34.41479957285168 34.10858217459861 35.92297026125459 32.44231291490314
19.99216836900962 14.88567254035297 14.401174258951983 16.645367818398313 12.36443262849889 20.193304911518737 12.096332375228599 17.56522522230381 14.56522282455137 20.69764863842761 25.192889989004584 10.498711741453917 14.044082676925655 19.282415255917556 21.170047865372908 14.649399613485002 19.842539669083408 19.964758496853108 15.460174054951494 21.48776097831899 16.14343000801034 10.547827827509138 42.41997900644651 19.171103375447217 13.724322167102855 22.537556045069266 15.847680133515496 28.62674548072289 22.121767371823978 16.511120036508203
10.691184284386452 10.457794170849468 10.146509429758112 10.948069408727747 9.850340367532226 10.731888944816546 9.560902879334037 10.852093745089519 10.063919677944284 12.400386217439063 12.991251624840913 8.187524199295353 10.564275649305785 11.027212737273771 11.591570977375397 10.51692949814867 11.251291374170421 10.422159427533074 11.092606191269965 11.542995654407548 9.633044354011986 8.230727266837334 18.5032154174105 11.693076917451833 13.285519608942082 9.402297469511666 10.214808266375314 11.840937015978795 8.452019308163699 11.420703992625931
8.068030449952062 8.98198511823665 7.078664413216757 8.384092097115285 8.93217139776965 9.048023985285454 9.024994213347725 9.001734381715721 8.963533107538467 9.681660716632734 9.580217975141636 6.4449259149808995 8.949355172958576 9.980340611854444 8.48073580381282 7.304135522284184 8.267735226675939 9.225558646411685 8.456365492483712 9.176631745245174 8.173262963110403 7.913657854934115 13.76655401410926 9.217401207260139 8.256762537870088 9.020354619907721 8.284660552995717 9.127362755763272 7.401257839761627 9.190052392042276
6.722960027124827 8.916112905664875 6.1525647481365695 6.709141964997798 8.916103520639012 8.064428646943611 7.474414067177349 8.916246733944206 8.916186335781106 6.521016113161636 1.3332030643695134 6.41868036891907 8.916107885099052 8.487262611138817 6.636267147799572 6.721198250544489 4.114757901080793 6.622281138113067 7.032553175305736 6.727435447091068 6.032546303984418 6.887418772714511 9.098614023343202 3.1268872659453564 7.021625796271678 8.91682494785374 7.618047267880911 8.916408416802426 1.4139758973309426 8.916433981930311
5.8981737035859965 8.916101927781824 1.453326892761254 6.227289791516739 8.916101927781312 7.676036996676146 6.430680277725287 8.91610192778353 8.916101927781824 1.0542536745271036 0.39291544588706984 0.7832795772584404 8.916101927781597 0.8218920418731841 5.70593602781355 6.029868231338753 0.5081191588702154 0.5741322194485861 5.9762354887927245 5.737671444410296 1.5254891240189181 6.248683676646692 6.742170547235617 0.7745012928928077 5.270899586840983 8.916101927784325 1.8557503560366513 8.91610192780189 0.46474867756580807 8.916101927784496
3.986579116998712 8.916101927781312 0.00012782957151102892 3.986579892282805 8.916101927781312 3.986579114619815 3.9866034924302767 8.916101927781312 8.916101927781312 0.26112863479710313 7.358659104284015e-08 8.238777382985063e-05 8.916101927781312 0.02278022311014638 3.986579112347272 0.000678717754851732 0.04152464437106573 0.5527203382473544 3.9866240729941183 3.986606722611839 0.03973706372698871 3.986580436753229 0.2744392113777394 0.5527203382472976 3.9871257132447795 8.916101927781312 9.069605312106432e-06 8.916101927781312 1e-08 8.916101927781312
199998.0 199998.0 199998.0 199998.0 199998.0 199998.0 199998.0 199998.0 199998.0 199998.0 199998.0 199998.0 199998.0 199998.0 199998.0 199998.0 199998.0 199998.0 199998.0 199998.0 199998.0 199998.0 199998.0 199998.0 199998.0 199998.0 199998.0 199998.0 196401.0 199998.0
