1001.449689765846 952.1702924869523 1682.9658854327135 2137.728022270003 1155.7387042313185 962.9456879307554 2153.6847438631976 1211.1537906107278 1627.9419420932645 1360.578105285057 1600.9509352014302 352.02719682166526 553.8178684810791 1924.234374667998 2714.0420852505777 1388.877340047451 1203.3345824796143 1782.0727902037297 1601.3211399134188 2033.9228144959197 1236.512885121464 1630.5627364244165 1386.0508202663996 1845.7625312998434 2165.345958646246 1766.7036585318183 1942.5132890512132 1167.7748064298594 1492.2280889395333 1750.775081225327
1001.449689765846 952.1702924869523 1682.9658854327135 1257.199140175936 1155.7387042313185 962.9456879307554 1963.261782097955 691.966927874345 714.2153881809782 1070.5910984303673 968.7953282606468 352.02719682166526 553.8178684810791 1827.241362113161 2405.985698520095 631.6028319267039 1123.6035069880395 818.5817926085792 1601.3211399134188 1459.8800793478154 1236.512885121464 1566.638456262509 1386.0508202663996 1482.4412061244093 951.3676714490075 1766.7036585318183 970.0704422559584 692.3240607842431 1492.2280889395333 1750.775081225327
1001.449689765846 537.1649489623387 891.4297569438072 1257.199140175936 894.9104213243386 962.9456879307554 1798.4870162306406 691.966927874345 714.2153881809782 1070.5910984303673 968.7953282606468 352.02719682166526 496.4071910113803 1455.8230282171598 1223.116247419322 631.6028319267039 465.8402957082162 818.5817926085792 996.7542124098304 1459.8800793478154 1236.512885121464 1566.638456262509 1386.0508202663996 1095.083760061213 805.7621630886838 1034.3207739796012 970.0704422559584 692.3240607842431 965.414704824334 1109.956884003118
1001.449689765846 537.1649489623387 891.4297569438072 1257.199140175936 585.5266553654328 962.9456879307554 1295.4221226371478 346.32166549662406 502.21267236002495 1070.5910984303673 757.8788195881507 352.02719682166526 428.26186495338925 897.6145396506322 825.5484047455261 631.6028319267039 400.44669748417937 818.5817926085792 996.7542124098304 1459.8800793478154 1236.512885121464 1195.015525600139 1386.0508202663996 1095.083760061213 805.7621630886838 1034.3207739796012 925.1597080653883 692.3240607842431 965.414704824334 716.7197072379836
1001.449689765846 487.53298457046685 615.3446230908744 562.7421552389742 585.5266553654328 655.2886720195606 1243.1945449529549 346.32166549662406 502.21267236002495 905.367776889042 675.0958293843005 246.0191203363097 428.26186495338925 897.6145396506322 635.0728557109314 412.834305484836 400.44669748417937 818.5817926085792 442.6533380686333 1459.8800793478154 1236.512885121464 522.710828939752 1343.3639210427655 532.0522284282633 805.7621630886838 561.9986832612753 720.3894088659808 692.3240607842431 965.414704824334 716.7197072379836
1001.449689765846 463.16927379469644 615.3446230908744 562.7421552389742 585.5266553654328 655.2886720195606 1075.4009626136312 346.32166549662406 406.1590565053648 905.367776889042 675.0958293843005 246.0191203363097 316.87046006723676 396.76461844517644 408.58952068703957 412.834305484836 400.44669748417937 578.5080313677317 442.6533380686333 1459.8800793478154 1236.512885121464 417.058285682584 1267.8736836525259 410.8387811333819 805.7621630886838 486.5432546595416 448.53509092226386 393.3036606700034 883.3759094948837 716.7197072379836
689.0056296775983 397.1873072523258 413.3272700342154 475.11712696571476 526.8650871327159 655.2886720195606 1075.4009626136312 319.3965877880273 406.1590565053648 737.7611046365046 561.8792590033117 246.0191203363097 316.87046006723676 396.76461844517644 408.58952068703957 294.2496165344942 308.4848253056484 387.7768438691601 442.6533380686333 1377.7089963769122 1236.512885121464 347.1820560454589 665.1100780362794 410.8387811333819 747.8908867931236 486.5432546595416 448.53509092226386 393.3036606700034 883.3759094948837 586.6740462013613
246.85544750347754 220.63764007495865 228.07877304881458 323.603149594921 301.78685444658686 247.05801906613442 380.63039848851076 286.5591516820632 255.31783688085716 365.7459041998868 307.1348486101997 201.75362811614696 192.91688903983004 308.6951541215112 283.559685794085 266.29791254247357 218.60130360101812 272.9879815732611 247.75959655805264 540.1072611644872 344.55714514202145 201.73075677492034 327.35700223151844 245.95353333855337 334.3614005666509 259.92232365577775 259.2000449659704 275.14944926285034 203.98591430507577 249.60586140512214
195.90182639674777 182.57166669469234 185.5186525291756 195.92045744072357 196.55803695641407 242.3246520816906 212.7650429878654 217.2748899114963 166.36509655127247 221.8344432027593 188.05026331126646 171.98967418994334 182.6008876073065 242.95225336461363 194.33878434296776 196.50428713885776 179.08399038088783 212.61921362284738 217.4247363263671 215.739360056823 244.8314430765222 175.10515791237322 241.48449321725047 191.14917991037828 219.42532143608787 189.4323308151429 215.27152545241324 208.04578945766752 203.80523820173676 191.26771811367735
173.61298120984202 159.53530662231606 161.4130947743979 157.67864331439296 164.10946629916998 171.54649666025762 186.34373632140978 179.48559074674495 163.80723589847594 175.25493760153768 164.02767433547206 147.09762837233802 158.9474825081793 187.5205676214664 176.22657778234498 158.90409361319735 157.78114921149654 168.16948238168652 185.1871092394117 192.72088233929844 211.4987795580837 162.8343359039377 204.22098002741404 165.98891303074925 182.7508338484722 166.65362484507523 170.83578250354458 186.66217406895157 166.14418655736517 170.88023710066045
136.64026583095983 135.5937109560482 116.12770093227391 119.84621970494572 131.7334708499643 160.4396517030259 159.88726146588215 154.62421045684323 127.2266367029847 149.54125111963958 116.54076514564395 95.12219561414167 133.33865931870332 154.92432210398192 151.29980211717793 135.59993977299018 132.6651220486715 125.17949444034275 154.15363435684867 166.1198232097163 160.00732648058374 150.16508099298107 169.84842694161034 143.76581490163971 161.65405555455027 143.20242544353368 123.35361462780611 160.15528122313617 118.24977671519491 153.79697552786274
52.41782366401321 64.50979502218752 61.17145801516199 70.27234330906776 77.80788737646253 144.81944747834268 127.44118469036584 104.50629035135762 75.06402211431077 93.33527259714629 53.60399066551645 58.098501702016165 58.65287369932412 85.86919785093414 81.59131276321114 43.62395918825996 65.85687723074807 101.99008168728597 99.92133825474957 135.54661484793587 132.72444987118615 53.696288385820026 152.03627271735832 62.41790424355986 112.3727821670027 83.24106550519673 89.8217446151366 117.40047024125397 45.48894101575297 107.1414378103832
24.1271571047032 15.861588484096501 13.319361223659598 17.22201593127238 25.82598254808363 44.060374469836916 39.50201033716348 35.900986952396124 12.607285094042709 31.07097513045528 29.19110463021343 22.027671851250034 20.667003056868907 32.9490725266096 31.398152712058618 22.806085485813128 17.059550957415468 39.49203875427838 29.463803061459657 34.807570724380184 27.868952048530446 28.336443871698975 43.03215276510991 33.09649295347663 43.78091344724544 15.412828950709809 24.193377452401364 31.70154964540734 27.296808990696263 28.741328532073112
0.9120073003409743 1.4891424231582278 0.27356668678157803 0.26547788370407943 0.28338024615413815 5.120699079380756 3.7029585804593808 1.7276060207764203 0.31149231884774053 1.7465285891926214 0.36244898401446335 0.27884525021545414 0.3038646652880743 0.7681012098728388 0.7632887824311183 1.0435789445527917 0.37022434076743593 0.7050710796961539 1.8870850622301987 4.532518735332815 3.6155409894918193 1.1154054874209578 8.202181477946397 0.37200152798368435 4.224134411902014 0.36944402637527674 2.1039007523500004 2.6899669118979546 0.4174580438589146 1.7055160337972666
1.1218609415664105e-05 1.389832368658972e-05 1.121958121075295e-06 1.1651259228528943e-06 9.863388186204247e-07 0.00014954861489968607 2.5950951112463372e-05 1.4952674973756075e-05 1.0644475878507365e-06 1.7251619283342734e-05 5.466432867251569e-06 1.908385456772521e-06 1.9171202438883483e-06 9.134361789620016e-06 7.910599379101768e-06 1.032398768074927e-05 3.5154539546056185e-06 3.995853148808237e-06 9.240956387657207e-06 5.0034028390655294e-05 4.946818717144197e-05 6.297396794252563e-06 5.4770795941294637e-05 4.570770670397906e-06 0.00019649731711979257 1.676850388321327e-06 1.1128476671729004e-05 1.0690614999475656e-05 2.922356998169562e-06 2.1567089333984768e-05
1e-08 1e-08 1e-08 1e-08 1e-08 1e-08 1e-08 1e-08 1e-08 1e-08 1e-08 1e-08 1e-08 1e-08 1e-08 1e-08 1e-08 1e-08 1e-08 1e-08 1e-08 1e-08 1e-08 1e-08 1e-08 1e-08 1e-08 1e-08 1e-08 1e-08
146322.0 146828.0 139387.0 138356.0 138414.0 150713.0 146978.0 145402.0 140850.0 146424.0 144466.0 139387.0 140514.0 143991.0 143302.0 144622.0 143832.0 141237.0 144518.0 147924.0 147728.0 143567.0 148463.0 144830.0 149192.0 141897.0 144362.0 146016.0 142116.0 145761.0
