91.09988310234587 75.17542351407974 92.47971809016303 59.100427422569624 80.5104838846911 90.02695247196607 93.46920176482718 100.15218588974926 64.38602459181402 92.24571154269393 86.00924269202164 81.37993122063028 86.93261756244783 67.41698507612546 72.84209407332503 73.74500301509602 87.97802186050467 83.09472793877376 79.57865569640592 72.62637366565639 84.761236955615 96.92544354116728 83.12737542221703 88.2250903690375 70.55280874678692 58.63733487425543 72.60657157990465 82.2772292559539 84.78982120627745 79.53474306768976
89.78560930212825 75.17542351407974 92.47971809016303 59.100427422569624 64.73376803157862 90.02695247196607 73.0313941128353 95.4771036541099 64.38602459181402 73.27322080158888 86.00924269202164 81.37993122063028 75.94035988203188 64.94257207205044 55.15520012099489 73.74500301509602 87.97802186050467 83.09472793877376 49.16218350670124 72.62637366565639 77.13365016758326 73.65605033020552 83.12737542221703 81.87832871050432 70.55280874678692 58.63733487425543 72.60657157990465 67.88143911469933 84.78982120627745 79.53474306768976
89.78560930212825 48.5964759005351 92.44732679930326 59.100427422569624 58.917373868873256 90.02695247196607 73.0313941128353 95.4771036541099 64.38602459181402 71.88194953189884 72.61808248432794 81.37993122063028 75.94035988203188 64.94257207205044 55.15520012099489 70.11894205065641 86.45730890142625 65.82168051285623 49.16218350670124 49.768697524724416 53.95982896135706 73.65605033020552 79.54358781240899 81.87832871050432 70.55280874678692 58.2689713329828 54.65315450087644 67.88143911469933 72.2604014689739 74.54523640784305
73.06072672667062 48.5964759005351 86.65133569905913 58.158238616834865 58.917373868873256 53.04432588062673 73.0313941128353 87.8624881555736 63.19053718837938 71.88194953189884 66.44271437148313 66.66224685252882 65.23748036894972 64.94257207205044 53.53145604833958 48.47091157502848 78.34154471966974 65.82168051285623 49.16218350670124 49.768697524724416 53.07043506669277 70.57195073343371 46.58860113339426 81.87832871050432 70.55280874678692 58.2689713329828 54.65315450087644 67.88143911469933 42.96231325081101 69.00009481329619
63.774829826159134 48.5964759005351 73.32799203012087 58.158238616834865 48.445333377278644 53.04432588062673 73.0313941128353 85.12848912841264 58.00759200472453 51.72485163518547 64.99210005911971 66.66224685252882 65.23748036894972 60.178941550338436 53.53145604833958 48.47091157502848 52.15074576396694 61.629047007472536 49.16218350670124 49.768697524724416 53.07043506669277 69.96848543746137 46.58860113339426 64.85808728276857 70.55280874678692 58.2689713329828 54.65315450087644 67.88143911469933 42.96231325081101 63.66358626620308
62.650959575169054 48.5964759005351 61.59722274678427 58.158238616834865 48.445333377278644 53.04432588062673 73.0313941128353 85.12848912841264 44.19273037355117 51.72485163518547 47.81623118085554 66.66224685252882 65.23748036894972 52.381784239058334 47.05167667437138 48.47091157502848 33.373683198761796 61.629047007472536 49.16218350670124 49.768697524724416 53.07043506669277 69.96848543746137 46.58860113339426 64.85808728276857 68.08356459647564 44.419456508349185 54.65315450087644 54.65601304517929 42.96231325081101 63.66358626620308
57.148081068750116 48.5964759005351 61.59722274678427 58.158238616834865 44.06264639797473 53.04432588062673 73.0313941128353 69.28414936985234 43.961192403296536 42.868418642479014 47.06477543778249 62.32533030872219 65.23748036894972 52.381784239058334 47.05167667437138 48.47091157502848 33.373683198761796 61.629047007472536 49.16218350670124 49.768697524724416 53.07043506669277 69.78836278960466 46.58860113339426 64.85808728276857 68.08356459647564 44.419456508349185 54.65315450087644 54.65601304517929 42.96231325081101 53.537759954093076
35.6523316533702 34.93445287878819 41.466448186442335 41.67138832193814 28.98712729268584 28.39748928806148 37.79223131915364 41.42931542175165 37.865945183579356 39.543321525244664 25.918359456129906 31.61841760476284 43.098940090733436 26.79149832669532 24.376151855602643 43.222288196089266 28.819854096124573 45.832537042772174 34.67853773593026 34.29318706811375 30.110781642229654 24.069183581525067 37.44203607494137 60.911008956674436 38.49931514352636 43.973261179621886 28.247851387407877 34.84717809879476 33.941967212545364 37.602830417732434
23.23242467328953 15.755321864240045 17.609067144178198 27.822405036041573 23.440442044962765 21.942571030312934 31.688627328352027 27.924257060108403 21.651264212843444 25.52244976697807 23.3522204238285 17.818052569451652 24.68661102995327 25.476034663393307 15.984928279170731 21.06077455569846 21.86263506460466 30.228441169186908 16.255073376254586 16.803264465183815 26.210743876345987 23.347687063410945 27.683109336518555 30.617834340776994 27.42740893097107 14.617451248235852 15.520893989985893 15.48879197111603 18.878665626590077 20.300279566264408
19.137597383920706 14.091635116582324 14.96812200074703 15.689484031230108 13.322942145476759 14.456475900365376 15.336711193275505 14.656606897096253 10.583497578007723 14.610765794578924 13.710719740943546 9.713917154381647 12.844339047820313 6.285681554184862 12.351168326270681 12.599464655146107 13.498400161383074 16.93634324498703 9.060849145747852 10.770027404887742 10.00397545130204 10.450330552335572 17.27366743431014 15.639426129869207 16.756112509791933 14.261458365065778 8.661659883949937 11.864950793419098 12.178891761588375 12.00344955100286
9.469240151864597 8.312016778198767 7.193843750815063 7.104247977648697 6.66857627071613 7.9615314801772 4.537468054511692 6.531356858019308 4.879011071415675 7.3309990333189035 6.149213199073301 5.52546986082632 4.941719446530101 6.285681554184862 4.627415666418301 7.225542934434884 5.177796474064735 6.390684610207245 4.032282933511283 8.995194782319345 4.160732676813268 7.67088746161744 6.099910600904195 5.73987680468997 6.9474923172472245 8.020685741253828 5.642390694616097 3.739534208278883 5.0324488705784916 6.080465370233355
2.2777603884119344 3.434308067232905 2.3843337514324503 2.7353781340149226 2.0035810620294114 1.7993744623270231 2.396680033785856 2.7810780973123883 2.266935764356731 3.0586641229883753 1.4939121341413966 2.104248337240506 1.687627969935079 2.381545327231379 1.8457844486941895 2.54112224763378 2.254188730679516 3.18792162619809 1.2617600423154727 3.5572220749047574 2.4445213851599874 2.5729524008816043 2.9468047232111303 2.0510955034620793 1.5243931924916296 2.4962564893374974 1.4970232636324 1.8363323910124336 0.9223329133084235 2.105827876725243
0.4107557102776127 0.46084813906600175 0.35431366963121036 0.5311158108305563 0.334216863699794 0.36037039134339466 0.44999753586387214 0.5220311991366771 0.4609176262258643 0.7198796551224405 0.6227130100394334 0.40713048028283083 0.3754495352957292 0.43204370823139016 0.3726226213565269 0.30595045542713706 0.4077073721776969 0.5361421535063755 0.20570480699302607 0.5750732501563789 0.3823905707357653 0.5267348076969256 0.4081064800545846 0.2999876987295238 0.3937634730461923 0.6764225775002615 0.22494602447738998 0.23944703620941254 0.2944710264777086 0.528313870395209
0.020061050682215864 0.021742736047599465 0.029990274808483264 0.03570593394840671 0.012158544995941156 0.013368242222895788 0.024230728133716184 0.022587174823115674 0.020176350780843677 0.012178210432921333 0.014879962601980878 0.01853184936942398 0.021782278376008435 0.019745939212725716 0.014829352288415976 0.017933605501184502 0.017912319280412703 0.010031401318656208 0.013411543723236719 0.019721225317766766 0.010631180118480188 0.018575029765656836 0.01847412230813461 0.01850156834154859 0.021053838887951315 0.03352208119133593 0.01666586102146539 0.01053649256357403 0.009711775584150928 0.027088464934422518
2.6554252826826996e-05 1.0299082987330621e-05 1.1666498835438688e-05 9.492154617873894e-06 9.949010973286931e-06 9.125805263465736e-06 8.350555731340137e-06 1.0197975257142389e-05 2.1570666831394192e-05 3.325338639115216e-06 5.196792585593357e-06 6.41272822576866e-06 3.123892270195938e-06 7.922384952507855e-06 1.0159393696085317e-05 2.4014059249566344e-05 7.554231274298218e-06 2.401934921181237e-06 6.079640115785878e-06 1.2715361776827194e-05 1.123933031976776e-05 1.2677608197009249e-05 1.6423056308667583e-05 5.646596491715172e-06 1.4298497035269975e-05 1.4529755958392343e-05 2.8572832206918974e-06 2.2943372641748283e-06 4.230182867104304e-06 2.1342940044632996e-05
1e-08 1e-08 1e-08 1e-08 1e-08 1e-08 1e-08 1e-08 1e-08 1e-08 1e-08 1e-08 1e-08 1e-08 1e-08 1e-08 1e-08 1e-08 1e-08 1e-08 1e-08 1e-08 1e-08 1e-08 1e-08 1e-08 1e-08 1e-08 1e-08 1e-08
149576.0 147178.0 146978.0 145965.0 144778.0 145298.0 145659.0 147924.0 147128.0 141622.0 142710.0 142710.0 142656.0 144986.0 147328.0 148757.0 144362.0 140626.0 145090.0 146526.0 145761.0 144726.0 147578.0 144362.0 146978.0 147678.0 142872.0 141952.0 142224.0 148071.0
