109.33851512207946 107.7250986232932 94.9148391055802 115.49216517682714 111.04794059948676 117.26480317832363 98.64769551903987 110.5015634886638 118.96488169440329 96.79388169410606 93.69640730417257 105.8551402234325 113.45545632788549 95.44973502204857 89.62315205406514 114.453758162084 115.29855401014811 108.14250799096385 94.05286198667181 117.78909778843047 110.85328193614794 89.62434483130005 119.28455688515646 100.7667268976927 108.50075432959363 111.56911068894976 102.48032104432536 125.38498241721834 127.9109102574755 84.48938977027933
109.33851512207946 93.19005985868716 93.59382186399239 95.24405879708775 85.34098328542336 117.26480317832363 98.64769551903987 88.4072067385381 92.3905361499992 96.79388169410606 93.69640730417257 105.8551402234325 104.31899486934878 92.57361363365544 89.62315205406514 114.453758162084 115.29855401014811 107.11950221133543 93.49677029671454 99.75216058696219 110.85328193614794 89.62434483130005 79.01321961993335 100.7667268976927 89.60632198818098 90.79551068562068 102.48032104432536 93.2181052208914 116.28806017483475 84.48938977027933
109.33851512207946 72.86228169831656 93.59382186399239 73.70067432983944 85.34098328542336 97.28086545724318 98.64769551903987 88.4072067385381 92.3905361499992 95.13051495485922 93.69640730417257 105.8551402234325 104.31899486934878 88.54437508750846 89.62315205406514 70.9808526131045 113.95071507413638 96.51595038412393 88.89246210478666 99.75216058696219 101.40702971676694 89.62434483130005 74.35796313861545 100.7667268976927 89.60632198818098 90.79551068562068 91.90716365804406 86.93813373928367 116.28806017483475 84.48938977027933
105.32097043287604 72.86228169831656 93.59382186399239 69.92833652810145 85.34098328542336 97.28086545724318 98.64769551903987 88.4072067385381 92.3905361499992 95.13051495485922 89.67916902972183 105.82285374902722 87.37123693569822 85.40367427333706 89.62315205406514 70.9808526131045 113.95071507413638 96.51595038412393 77.8901595883392 90.09681781243034 101.40702971676694 89.62434483130005 74.35796313861545 86.99533174930343 89.60632198818098 90.79551068562068 82.73418292290057 86.93813373928367 107.21548381212142 84.48938977027933
85.95238943607308 72.86228169831656 83.1202667580726 64.80986088446969 85.34098328542336 80.39634419186757 98.64769551903987 88.4072067385381 92.3905361499992 88.53139666724235 78.50584061768211 82.31096419028927 87.37123693569822 83.26684650416951 89.62315205406514 70.9808526131045 113.95071507413638 96.51595038412393 77.8901595883392 90.09681781243034 95.3183293499601 89.62434483130005 74.35796313861545 86.99533174930343 73.21223117427382 90.79551068562068 82.73418292290057 80.11394677288581 107.21548381212142 84.48938977027933
84.2748132495858 72.86228169831656 77.77864164723803 61.92594129198778 85.34098328542336 80.39634419186757 98.64769551903987 88.4072067385381 92.3905361499992 86.71217008412668 78.50584061768211 80.55052536454218 87.37123693569822 81.29788797351193 89.62315205406514 70.9808526131045 112.50195087697762 96.51595038412393 77.8901595883392 90.09681781243034 95.3183293499601 89.62434483130005 69.09367187337023 80.91434471159107 73.21223117427382 85.76367432683321 75.26942088570604 75.99928243896181 107.21548381212142 82.69665114524867
82.17201490926095 69.45283334990518 77.77864164723803 61.92594129198778 77.390416609858 75.78822392461575 81.36160296958383 88.4072067385381 92.3905361499992 86.71217008412668 78.50584061768211 76.87856322882851 82.71942334506889 81.29788797351193 89.62315205406514 70.9808526131045 101.72627932161231 96.51595038412393 77.8901595883392 85.71858639649167 95.3183293499601 89.62434483130005 69.09367187337023 79.05304683769543 73.21223117427382 85.76367432683321 75.26942088570604 72.84708257895454 107.21548381212142 78.696175725319
62.67674844479802 55.864497674174686 56.88274501324179 61.48793686778595 62.638944647533094 74.33711296971364 72.29896347389626 68.42194794455918 72.04949534443722 82.80244172016671 63.258627342857494 72.86176516772628 79.63755895198415 67.95993584838175 89.62315205406514 70.9808526131045 79.62781128928975 84.08283319852353 67.46386442963183 74.09753663309834 88.11529278686032 75.26709056998982 67.02922567477037 71.60345174699592 73.21223117427382 72.53501104461861 72.64422278886354 71.95293302676635 95.01280118779857 56.49562042071352
46.23859327661751 41.43089221535638 47.57466777924196 43.08462656582333 45.60335976108854 52.07178956687153 34.66881075892047 48.9379434009395 46.7184801639263 46.71151114572535 40.054523358911524 51.10486954219175 52.116012808192295 50.9828835363669 57.142610835721825 50.78450699393056 44.949682952113676 42.802636270930975 47.96610136202253 57.60001638035078 51.32296763886393 48.300548509441455 42.937169418132726 46.25280542968744 52.2634847815807 47.112371780664944 50.30660563343008 43.0210023270655 53.68702784748962 44.809840082853725
35.87507767459317 27.437343776598937 32.41790322410691 30.941827771018097 26.71655307173944 39.675847282028144 30.305615784623 34.20786579248556 27.77376571498155 29.754383750768625 31.392098310875895 25.943216881727835 24.067362102373977 30.027430555404862 36.056038530737055 31.880093974604392 30.78859582608129 30.83334365496478 33.14161735292214 27.295530916101825 27.82136541610737 27.499322329771758 27.585695371068482 32.09455135255689 39.09482129618334 29.67956860703714 28.49153189108995 30.203567754829578 32.71382964768725 27.50724625255657
21.6877661578269 16.97350975219547 15.376679661094727 19.081405213739004 17.16705614405737 15.16357930013396 18.40986759342468 18.745383578628093 18.891378059251906 15.933828788767073 17.91148696964717 16.473245303542853 17.211248490035587 13.4970561207939 18.563166755490442 15.6626989925511 17.219112670423783 15.762505661138334 20.365203553845276 20.06937789255062 16.116965301950813 17.410459672082993 21.143558223285822 16.45586654128101 22.194668370455588 16.235346936637484 16.105702173303257 12.876806807169032 17.78036970911853 17.18691786358511
9.597121969395744 9.01553436984409 8.17762527462969 9.343172924531586 9.023195345943122 9.418492864082395 10.137187492404223 10.205821441816852 8.09347768853138 6.524853720203282 8.460839926805647 7.770700595265907 8.388866374370878 7.225216534723245 7.330822306832033 7.966587362986729 7.578922806973196 7.210081460014635 9.755823030058309 8.986430866318074 6.613717541055848 7.1981793235028135 8.599789787355007 8.134567338675197 10.486418822561973 7.56812724842689 9.35344973321969 6.352307973432858 8.005491572625601 9.468577253322565
2.45021002895362 2.302425041403808 1.9071765186309904 3.5498763028244866 2.7243620347481965 2.3012171533802075 3.05373573744896 2.7218356918746167 2.947223735022476 2.2750657509543544 2.4617288896598666 2.2563269895161966 2.413197846749199 2.406509739045532 1.8968575005276307 2.574181467044127 2.024585482908037 2.2273496693336483 2.5855404243545763 2.073566838458987 1.9880966996668121 2.3477955508863033 2.6570004080440413 2.936103732135166 3.298249720695594 2.251578662560405 2.1578827023762415 2.09236230015415 1.8800340869127012 3.0882308756924886
0.22526378648319678 0.21947284190287064 0.188110250692489 0.21646651352136814 0.2173111156041614 0.16743304626481859 0.16226877576173138 0.2402479787167522 0.14931035468111986 0.21276750299921332 0.1549461107803154 0.21371833203943424 0.16526827462428173 0.16525171319881338 0.159829780664154 0.2485356867465498 0.11526173857396316 0.14550867121170086 0.2257403049597997 0.17564054328022394 0.1491777455553347 0.14110473697473935 0.2154854322002393 0.2328468630904581 0.21121790386860084 0.2172773644069821 0.13808105450641506 0.17751717593580452 0.1879648289279885 0.23826261684439487
0.00024193396654936805 0.00040846713159226056 0.00024285685867653228 0.00040581001690043195 0.00037741707126315305 0.0002013051641824859 0.00016001694677925116 0.0004417668310452427 0.000174355107901647 0.00027744185331357585 0.0001894447992754067 0.0004339105372537233 0.00020203243775540614 0.00021246117717055313 0.00027762165768763225 0.0002059515029486647 0.0001414368454106807 0.00013776372918528068 0.0003775610912271077 0.00029936968348920345 0.00014573971645859274 0.00023652603454138443 0.00041641532175162865 0.0003173507230940231 0.00036026595000748785 0.0002936861416173997 0.00027448394553175604 0.00025520386759581015 0.00023279142737919756 0.0003312974179152661
1e-08 1e-08 1e-08 1e-08 1e-08 1e-08 1e-08 1e-08 1e-08 1e-08 1e-08 1e-08 1e-08 1e-08 1e-08 1e-08 1e-08 1e-08 1e-08 1e-08 1e-08 1e-08 1e-08 1e-08 1e-08 1e-08 1e-08 1e-08 1e-08 1e-08
723231.0 741980.0 726983.0 727387.0 738040.0 726074.0 716731.0 731379.0 715790.0 728589.0 725064.0 731775.0 723333.0 723945.0 730389.0 723231.0 712737.0 710616.0 733749.0 722211.0 715580.0 725165.0 747642.0 724047.0 734827.0 723027.0 732270.0 726882.0 727589.0 725771.0
