4988.23082734585 3670.0412637014338 3703.570204251071 6832.31513595748 6614.069372255275 4575.629794812872 5186.564517218937 2757.314153989882 6438.199994658009 5447.541923652408 4753.8822691740925 3700.773016156145 7064.266245945142 7740.626001410452 5569.847648968082 4986.913932359013 4013.8461516556526 6705.980613666361 6389.267890857976 3171.4818005612988 4651.663126300417 3462.7982160388815 4983.245406262842 6291.536684961447 4791.353546511056 2416.007907405032 6495.094516052347 3411.9553873135787 5678.839854532745 5117.193912803929
3074.610051141805 3670.0412637014338 3703.570204251071 6832.31513595748 4529.171333115977 4575.629794812872 2750.7724141738427 2757.314153989882 6438.199994658009 5447.541923652408 1858.7137178414255 3700.773016156145 7064.266245945142 3511.505955877394 5569.847648968082 4986.913932359013 3638.1702000103414 4771.305420229648 6389.267890857976 3171.4818005612988 4651.663126300417 3462.7982160388815 4983.245406262842 6291.536684961447 4791.353546511056 1678.760265045271 6495.094516052347 3064.7659261578647 4278.568990243526 3084.929600480044
1749.3988285379864 3670.0412637014338 3703.570204251071 6832.31513595748 4529.171333115977 4347.186754168846 1249.7403338470046 2757.314153989882 4611.87032863608 5447.541923652408 1858.7137178414255 3700.773016156145 7064.266245945142 3511.505955877394 5569.847648968082 4986.913932359013 3638.1702000103414 2618.019645617808 6389.267890857976 3171.4818005612988 3284.361799528738 3367.3582489919177 4983.245406262842 5372.982365245217 3723.7432181557833 1678.760265045271 1695.4496600860066 2728.9277984832975 4278.568990243526 2378.1860116277585
1606.2940473586996 3670.0412637014338 1406.3042163952387 3028.247160800283 4529.171333115977 4347.186754168846 1249.7403338470046 2386.316940033944 3066.550083133056 5447.541923652408 1858.7137178414255 3700.773016156145 3184.1423140297106 3511.505955877394 5569.847648968082 4986.913932359013 3638.1702000103414 1567.9032168866597 6389.267890857976 3171.4818005612988 3104.9332400440494 3321.0070509304223 4983.245406262842 3187.1647254181576 3723.7432181557833 1238.4339214234294 1695.4496600860066 2428.5112585629395 4278.568990243526 2378.1860116277585
1606.2940473586996 2635.3188820845753 1406.3042163952387 3028.247160800283 4112.070483163323 3889.1667830729275 864.2664954627321 1585.1964344573482 3066.550083133056 5447.541923652408 1858.7137178414255 3700.773016156145 3184.1423140297106 3511.505955877394 4272.5494436324825 4986.913932359013 2159.531498900316 1567.9032168866597 4874.49581796918 3171.4818005612988 3104.9332400440494 2339.0414106034546 4983.245406262842 1821.3741697788364 2773.2546598712815 1238.4339214234294 1254.1183727616992 2428.5112585629395 3142.2438590299384 1949.451962072908
1606.2940473586996 2635.3188820845753 1406.3042163952387 3028.247160800283 2304.0124099228015 2420.4706295482883 864.2664954627321 1408.995702779309 2877.194336229967 3307.5395265355814 1858.7137178414255 3700.773016156145 2913.9358148196125 3511.505955877394 4272.5494436324825 4986.913932359013 2159.531498900316 1239.4245783782412 4874.49581796918 3171.4818005612988 2857.0817073498242 2339.0414106034546 4983.245406262842 1821.3741697788364 2374.1817727062275 1238.4339214234294 1254.1183727616992 2428.5112585629395 3142.2438590299384 1626.0869340596164
1606.2940473586996 2582.566062134895 1406.3042163952387 3028.247160800283 1452.7227345530325 2420.4706295482883 864.2664954627321 884.8675719759326 2877.194336229967 3307.5395265355814 1858.7137178414255 3700.773016156145 1357.5596165106183 3511.505955877394 4272.5494436324825 4986.913932359013 2099.9327996634606 1239.4245783782412 3293.2044330833055 3171.4818005612988 2343.476631280319 2339.0414106034546 4983.245406262842 1821.3741697788364 2214.075062338644 1238.4339214234294 1254.1183727616992 1893.820763369693 2072.063585945662 1626.0869340596164
1116.6598545539573 1524.5841046865376 1406.3042163952387 2481.0280623960443 858.6029970313587 1175.3517693052686 864.2664954627321 733.7857839350813 1645.7640520078412 2072.36433774307 1858.7137178414255 1418.4991226310283 826.5515918881374 3335.3014323278194 2850.5871967987223 2309.4785514198156 2099.9327996634606 613.2329575254408 3293.2044330833055 1565.553805342662 1144.9572870008365 1567.8030305272537 3574.7719863904113 1758.783864952702 1121.4017435560197 1059.5312747651597 1010.0436353169493 945.7020796691038 1971.634279348733 1261.4842173691795
414.36342894137294 285.20715950091494 620.9565575237015 724.634038584753 331.93998731397426 457.395391874368 458.009889933001 259.23475896579464 338.100117733606 789.4410391815654 881.6748231292233 708.7058857048464 491.89334646461725 502.29098827217877 543.3487328282713 1067.2358264157883 380.35304105815067 365.14463978821414 498.64783055494445 757.6071454827379 489.49538577778094 534.4512608998291 796.3099701696062 678.612566072082 477.1800828080642 427.1609517350264 458.1524520580415 645.1753603437028 709.759200806018 432.6831807599302
228.43657917512553 245.09825682271094 255.51775643427936 206.05809113852933 181.9405023433901 221.19085310717924 269.02287056563887 162.46050007036263 270.10853350338334 234.13422079167174 292.1186952014107 356.45652921478995 247.74085044520325 236.86783930659385 208.5086407479373 449.11736565791796 209.35093227551965 245.79913375190858 269.0884663616059 271.845534880832 224.68917103239505 260.42566002970557 361.8925469900378 259.5460559760736 212.31569849297648 249.82436103890814 308.16269192617597 194.52321211321907 423.7001327232497 226.66298885702713
105.10125118221788 142.11858716734605 145.68759817753084 111.84424748433412 112.83825967398104 119.56351873358847 145.9907125520142 105.40425818042388 127.23977486092974 138.0162781168225 132.1827866982611 170.87089363596704 104.17977527131023 117.82423400406901 141.39129161764754 146.30113289148687 119.3454816363311 153.4611752684774 148.9823737040424 172.22653791930793 135.54485862781564 138.97842591550932 144.99152603760137 150.21636498301473 141.8645235446902 97.26611238199087 102.28776367567275 110.97899083851178 218.98687815985818 133.31298952146813
79.17655902108862 72.48580500403801 74.62900742049499 74.33229528768311 68.68364588081067 78.78266615309622 68.97054658001429 70.10075134152885 95.90224343778283 78.96273299273213 77.69317218544359 77.13327807295133 75.13441051846166 72.74805338044598 85.29371709337596 94.09587526827852 78.5203640398309 88.08963407561237 73.20403978892045 88.48122419133341 94.15147496671767 72.29824800496078 83.49483992512376 79.05499216484793 90.75184112575766 68.85447831375365 74.75683386825517 84.1237910667146 126.33872419394845 78.48787285173995
50.1618267672647 55.98511953247021 54.42009241328179 55.52252617680364 52.52264070956335 52.991144716311055 53.731657501855125 55.29374221736663 60.27579722611944 55.522664873283475 55.67567619612379 57.22657266909653 52.38127320348838 52.714000652877985 54.819528220153586 66.17006772503362 53.17412344611438 64.61952763427212 54.96168288462769 57.680333350605 59.253228555414694 54.88928816738303 54.21692006761003 57.796711732874826 55.23357241707902 54.79854136234883 55.272020467184404 57.82928234012644 84.51358007007138 54.33480844280439
45.244160140419126 36.71207583589478 46.42936456530151 42.29520062070378 45.967006070867 46.44683450602349 47.953066372312094 48.352684573861836 34.877489400201966 46.64215548134666 46.64532540639328 49.374788833871094 45.75031532346725 46.1383281160314 46.47719987979309 50.2929331856397 46.15543984799166 49.29522200849044 30.59680919759188 48.29869809964089 46.861008820131474 46.601511689598055 45.97819442479488 46.51911716632918 48.04663715513607 46.92590230272566 46.83635032181394 46.793614920291134 56.8260286924268 38.74242571541765
44.917424137367504 20.838157290067443 44.93598658704008 27.16558703612617 44.93283037159932 34.385986633493644 44.94061441276921 44.92757989647981 10.352998742633076 44.9463750331156 44.93996989167135 44.947765175708014 44.91515531227236 44.936822499680716 44.92868492266439 9.722191804038857 32.15854183338166 9.909045690855294 8.512250366963826 44.94798386439123 41.08279014962301 44.94729696968341 44.930587978907624 44.941974576383586 37.44167462798981 44.96239024950927 44.95426254133042 44.94479180511473 42.90021486672674 14.04689840001987
44.89546931745133 6.460228482060302 44.89546931745133 5.3981108795301225 44.89546931745133 4.840480351564793 7.90581790733961 44.89546931745133 5.711317314886969 44.89546931745133 44.89546931745133 44.89546931745133 44.89546931745133 44.89546931745133 44.89546931745133 6.194899445707506 22.97367870185417 1.8924650401022518 4.7799068384249495 44.89546931745133 10.594771172669368 6.915480257245861 44.89546931745133 44.89546931745133 6.439745289574887 44.89546931745133 29.15869598243421 44.89546931745133 3.8667759449725168 6.44293561521863
1000000.0 1000000.0 1000000.0 1000000.0 1000000.0 1000000.0 1000000.0 1000000.0 1000000.0 1000000.0 1000000.0 1000000.0 1000000.0 1000000.0 1000000.0 1000000.0 1000000.0 1000000.0 1000000.0 1000000.0 1000000.0 1000000.0 1000000.0 1000000.0 1000000.0 1000000.0 1000000.0 1000000.0 1000000.0 1000000.0
