289.6753837034587 277.86929127737926 295.1193837108326 282.53082482280456 230.6908576199453 262.73245215820384 246.76107511153896 286.3846354668335 264.9169348752812 275.0972785377662 226.90872227627642 291.6774335967027 260.1872708738508 297.02903128402545 222.44604293324528 321.1709171145553 299.68085219983413 250.84363809617435 306.5834919760641 278.9443205971777 284.4843314579932 266.1976010714436 276.9437832494691 289.7103204663367 242.51120195139856 274.1778150375951 281.80402306801125 293.13299639005254 273.87129525250293 286.37367339161983
278.8717851215936 252.9010278150347 264.03833455306767 212.00282189489928 230.6908576199453 262.73245215820384 246.76107511153896 247.12119528572157 264.9169348752812 275.0972785377662 226.90872227627642 272.54618076869906 260.1872708738508 292.7358850308199 222.44604293324528 303.06941462341547 244.6810815316369 250.84363809617435 272.7170996372729 278.9443205971777 284.4843314579932 266.1976010714436 242.20655687329236 289.7103204663367 242.51120195139856 269.9864892077949 230.90518191690762 254.67787679137632 272.03206001163835 279.9803587142046
278.8717851215936 249.26141022711727 264.03833455306767 212.00282189489928 230.6908576199453 262.73245215820384 246.76107511153896 247.12119528572157 264.9169348752812 275.0972785377662 226.90872227627642 248.4392589358922 241.6354692841876 246.46297969097873 222.44604293324528 298.2733933243385 244.6810815316369 250.84363809617435 249.46145403334185 278.9443205971777 284.4843314579932 266.1976010714436 228.3100167548232 275.77668447371207 242.51120195139856 261.08163881292285 230.90518191690762 254.67787679137632 241.40811391898637 242.90874639862113
239.2305713165606 210.1940119625324 264.03833455306767 207.2586166745739 230.6908576199453 252.93096132742653 246.76107511153896 220.40964849081433 232.86512129054677 243.87273859561378 226.90872227627642 248.4392589358922 222.47745611090443 221.6637977067171 222.44604293324528 220.98610686141615 220.55407012764113 233.70733350721548 242.51163172577617 265.9046360807299 284.4843314579932 266.1976010714436 197.0615925671168 241.18387227137873 242.51120195139856 232.9552264555964 202.60769689760662 254.67787679137632 241.40811391898637 242.90874639862113
239.2305713165606 193.380785209314 262.4355083851467 207.2586166745739 230.6908576199453 252.93096132742653 246.76107511153896 220.40964849081433 213.19470411517898 210.7012076958955 226.90872227627642 248.4392589358922 222.47745611090443 221.6637977067171 222.44604293324528 220.98610686141615 220.55407012764113 219.1227168464859 242.51163172577617 236.18538068401813 275.3354940098666 266.1976010714436 197.0615925671168 241.18387227137873 206.8145842109759 232.9552264555964 202.60769689760662 185.0512063376043 208.90983269597837 242.90874639862113
233.23304160833482 193.380785209314 262.4355083851467 207.2586166745739 197.94493094034578 252.93096132742653 216.34853484634436 220.40964849081433 212.9452778108573 210.7012076958955 225.97751877641895 215.61143539304908 222.47745611090443 221.6637977067171 222.44604293324528 220.98610686141615 220.55407012764113 193.65273503910691 242.51163172577617 236.18538068401813 239.35078669042264 254.16465997416321 197.0615925671168 241.18387227137873 206.8145842109759 232.9552264555964 202.60769689760662 185.0512063376043 208.90983269597837 233.3228727831597
233.23304160833482 193.380785209314 247.29747449548313 207.2586166745739 197.94493094034578 252.93096132742653 216.34853484634436 220.40964849081433 212.9452778108573 204.0641935599724 225.97751877641895 215.61143539304908 186.50877346472714 221.6637977067171 217.8699986048316 220.98610686141615 220.55407012764113 193.65273503910691 223.71941091542578 236.18538068401813 239.35078669042264 237.072628570417 192.61393889030842 241.18387227137873 206.8145842109759 227.27999690883144 189.73555828561973 185.0512063376043 208.90983269597837 231.2501192496461
226.7425045457294 193.380785209314 216.73110931277654 189.82042822271228 197.94493094034578 233.71621405157362 216.34853484634436 220.40964849081433 212.9452778108573 204.0641935599724 225.97751877641895 204.36292778794223 182.0854846325492 213.58645973400212 207.44358354605583 188.99648540396993 220.55407012764113 187.72241668627566 218.09034539814888 198.80649440841842 193.13350460877905 218.5801385474067 165.6046983374756 196.10939392217347 179.5795186864591 209.2977757391949 189.73555828561973 185.0512063376043 208.90983269597837 187.31432849939813
197.3998171676899 174.88476564266387 172.0630959659877 124.05623643687375 162.2981524730494 178.75490256879948 166.2180461278548 167.9102413253138 174.92252163945204 181.5044079352159 165.10688686893127 167.10375458473868 182.0854846325492 176.38163156500468 169.51566178767075 188.99648540396993 191.68745979379764 156.18210676511626 177.7759425544955 179.97523860819342 193.13350460877905 158.81758808188124 145.40884802220887 171.40233646402248 157.44918025977506 171.6465111958206 175.1872618654628 185.0512063376043 189.7754503652103 187.31432849939813
166.42033009277452 146.43234051639627 172.0630959659877 124.05623643687375 130.91614613839397 150.0244969678306 160.29214167880752 158.76267967319245 153.61902795855178 150.32413335512433 141.76285879758393 140.7082449206241 166.67775938183468 164.39075929729768 159.02441984034374 151.08312253606653 154.00988062200588 156.18210676511626 140.7516374717676 149.57801458262884 165.85990187885636 158.81758808188124 145.40884802220887 167.42488767969326 151.74375257370912 156.46636726704287 150.23894563615227 169.10088756203936 168.08608144288678 164.20831790884586
154.04802626609262 131.40292195678308 149.71935650104888 124.05623643687375 122.0166414387038 145.48067140031594 142.80282918928242 123.88582281357299 136.6789577132447 145.6523031351818 116.11177939830554 123.09921896252774 147.09547499403038 129.39674368664646 144.0919388492306 131.35360677814572 151.70034849959768 145.25443030510428 140.7516374717676 117.87464977391096 154.7209771506475 149.56778232361557 127.78267135765554 147.2752961246306 130.70894601470343 122.11376872647952 133.02969593097032 142.77960351459035 141.3776331290046 140.85296762557095
141.58011445429815 128.89981020052096 131.58742836886915 124.05623643687375 97.40799376529526 127.69940513700021 132.34461061124853 123.88582281357299 117.06998163561116 106.60927298356569 93.41166397130428 122.17092861872482 118.04716859184828 129.39674368664646 107.25366906602983 131.35360677814572 131.21450568168007 139.54256097800192 112.81807524763201 117.87464977391096 132.88879829296081 124.42396983088315 124.2837336198395 129.93567930022562 124.69381495754567 122.11376872647952 114.90600923871989 117.2873567117739 130.06070751256073 136.22887311427928
111.43920613242881 88.23429122847995 90.92334570408434 105.90218364721864 66.20834637860924 110.12792840961481 117.20396741581465 109.42206445101283 98.6873214221605 83.87328255978298 92.17026925328571 103.81428517901213 91.28083942465867 118.72994914179208 93.9649487194074 102.48876189213479 104.87927958731188 109.50674744379512 102.39828154734141 112.4789872364513 110.43847486377547 108.49795704251028 106.65731159569816 115.61811366961547 96.8351415267482 110.42774174068518 108.95241026755309 110.13599164077698 119.18323142855343 132.49660607075145
84.84697718826192 59.554570670544194 87.18322481930011 79.42324020472518 60.40091300126369 94.39768939667033 76.11907021706588 84.20741894905632 81.22737553224931 72.91843864885675 66.94531748484883 83.3372328046695 79.17838116013468 69.0794971263324 80.90263206145369 73.79087535473707 75.65276156331697 93.39830114262031 86.1207210525763 88.84829962112849 87.77764298003092 85.67038841898966 77.65815938910737 73.92898889448122 62.84604310078487 90.20474422316579 76.1254026516259 85.43537021610746 95.79402376592634 93.3687477679133
51.282083623200265 34.23695883755238 44.348591084816235 34.840999905149715 30.77595905520002 52.21606679293063 42.6991892656539 43.881127874655704 57.038494813153875 33.18798147452685 34.00911356988149 47.26862723829606 43.862315931671446 40.59213399558496 38.4106332351663 44.443414338929756 44.730607015747296 49.42884401909646 49.760909620001485 52.02518019500019 51.226306998247765 49.2634561271351 44.093137179135056 46.7758051078963 40.067617073694805 40.32728749441776 41.70543683693211 61.07284463129554 43.407365332702284 44.72004634304608
28.894401196216222 25.337154273933834 27.249438059320823 24.913500911527876 12.960183171781068 31.08412949724061 31.88192724585201 28.88430847671225 29.936393046843705 15.960349529032214 28.942271964015276 26.89347665384969 19.912710913897627 21.92156913759152 29.870133004686522 23.90159369202081 26.92209000525156 28.731361724253247 25.9207769834494 25.885174406214105 27.910454857355262 25.91939375362506 22.924002421364094 27.916998518885293 27.957460684926673 16.957179045354223 25.371337378648036 24.91031318874593 25.899496729840052 19.939617709222944
1000000.0 1000000.0 1000000.0 1000000.0 1000000.0 1000000.0 1000000.0 1000000.0 1000000.0 1000000.0 1000000.0 1000000.0 1000000.0 1000000.0 1000000.0 1000000.0 1000000.0 1000000.0 1000000.0 1000000.0 1000000.0 1000000.0 1000000.0 1000000.0 1000000.0 1000000.0 1000000.0 1000000.0 1000000.0 1000000.0
