240.10373742313368 408.3427516028919 1831.461722464016 226.09905368467935 170.38751186351783 621.7172152310168 619.8345704153307 293.191094226966 347.5978705651405 596.2400070191015 450.96620987024653 370.0032415934561 271.0163492814236 251.03546487633503 313.1849901488149 157.67590308403715 692.240878971771 815.9285030241108 326.56634058884765 186.68239337350724 507.5764653821125 330.50484030096186 161.02502988155356 284.9049367437233 416.449464837036 269.87862256145627 662.761150290447 938.525860529232 615.2880638482361 553.5181211640688
240.10373742313368 346.05905727750905 1801.833709052521 226.09905368467935 151.35497671105077 561.8515314099423 254.62308397189372 293.191094226966 206.5776480492509 301.56245811121653 367.5239459518634 195.6702941054332 198.9300716259936 207.23878065036934 313.1849901488149 157.67590308403715 380.6848375734521 134.2502053115095 296.9139461038503 186.68239337350724 467.4889953326392 199.00559038069377 134.25449233075688 163.57395373011332 294.7350966190047 269.87862256145627 662.761150290447 938.525860529232 208.41598172695012 369.4861317848672
139.56182904058733 189.06809123957737 1086.127796610639 226.09905368467935 151.35497671105077 298.7067989659881 154.64628096880688 289.7927718651704 153.45052157344662 295.6865377656886 160.38358950164775 157.44646376523542 198.9300716259936 176.95583474266323 313.1849901488149 157.67590308403715 309.29259015238404 134.2502053115095 296.9139461038503 182.98869122056976 142.35888573559032 133.2925619401758 134.25449233075688 162.94350170038297 294.7350966190047 269.87862256145627 199.08507027212227 938.525860529232 147.33662805229324 281.146009726207
122.68606875268597 133.5565839586734 121.09551450180652 226.09905368467935 129.64899727659576 298.7067989659881 154.64628096880688 246.4699820797291 150.96133820557907 203.8821930768977 117.33536919968083 157.44646376523542 154.25390028147876 133.7193998667417 303.4174242700801 157.67590308403715 309.29259015238404 134.2502053115095 296.9139461038503 164.24010052022777 142.35888573559032 133.2925619401758 128.32170287593362 162.94350170038297 259.7184576270315 269.87862256145627 199.08507027212227 348.60758770512575 123.53979553953786 281.146009726207
122.68606875268597 133.5565839586734 121.09551450180652 226.09905368467935 129.64899727659576 298.7067989659881 154.64628096880688 205.35584195695446 140.2361076160396 203.8821930768977 117.33536919968083 145.49496973147643 154.25390028147876 125.23132577803653 226.75552399586195 152.15800194447684 309.29259015238404 134.2502053115095 296.9139461038503 140.7144094241553 142.35888573559032 133.2925619401758 128.32170287593362 149.8473067158493 151.88465830813902 269.87862256145627 199.08507027212227 348.60758770512575 123.53979553953786 278.76160755018964
122.68606875268597 133.5565839586734 121.09551450180652 147.65447173551593 115.1460385245814 273.2541893254088 154.64628096880688 205.35584195695446 137.33182801831936 203.8821930768977 117.33536919968083 145.49496973147643 154.25390028147876 125.23132577803653 226.75552399586195 152.15800194447684 309.29259015238404 134.2502053115095 192.21871399531165 126.1303727185923 142.35888573559032 130.59571842622108 128.32170287593362 137.3453006845093 151.88465830813902 269.87862256145627 199.08507027212227 198.86779364514496 123.53979553953786 278.76160755018964
116.57419930896958 131.26539923582095 121.09551450180652 147.65447173551593 115.1460385245814 226.7806019665759 143.94569161421487 205.35584195695446 137.33182801831936 203.8821930768977 117.33536919968083 127.491058101014 139.7157867443907 125.23132577803653 226.75552399586195 152.15800194447684 309.29259015238404 134.2502053115095 183.42614177952964 126.1303727185923 142.35888573559032 130.59571842622108 125.97868089897065 137.3453006845093 134.6116675268122 269.87862256145627 199.08507027212227 151.70627095108784 123.53979553953786 278.76160755018964
111.7800188115848 116.72840917120902 121.09551450180652 119.70676962513744 115.1460385245814 214.3803742563705 117.68355570034691 115.23699538139999 110.30809344964064 125.26006834099508 109.07318064535184 113.26755735902861 111.93841903944121 123.40428887345661 212.57654536270775 145.8840748743046 121.80796271341433 130.2570187913193 137.85835216818077 108.95779315600066 119.78271176013459 114.10645499962038 109.99910213842895 114.6278901188366 117.33986670105287 123.7278664806854 117.72911086321437 111.33000087647224 113.71628527674011 127.2657075588263
106.00317743044525 109.51322167410353 118.28978177214412 111.42989157134525 102.82584965685464 205.35414136116515 106.17408994296466 103.29547532188008 103.6750570038389 111.63298753562776 107.29940547726028 109.36880652774789 107.48028583159157 104.10301312040974 116.09185049801818 113.9471085982268 110.2930332071196 113.77584201483978 111.80856840689239 105.73073224620566 109.23733827498381 102.3626904591597 107.38768554286935 106.98486568572753 101.4384219917597 110.93558169882408 114.75342100164653 108.21596756709005 106.00020508981561 115.6659817306363
101.29840752996324 101.60412172786118 106.21269826543676 104.42027829932067 101.89513523304004 107.98568967262827 101.13444399331047 101.85071238363207 100.89538635856115 102.32316343297634 102.24045320364439 102.53601318783467 100.98819787613411 102.04970624346333 107.63413186539083 104.26552465256873 105.69594439488765 109.10546074307831 102.27713146762107 101.10245622714729 105.82776617732407 102.01701726712326 102.24242129467711 101.86469196835196 101.4384219917597 109.73530997291846 102.09767571862494 105.09753283861801 101.7911413488805 102.98368077868963
101.01290124148954 100.83924777776474 101.54833799930066 100.83435195173388 100.65863254395299 101.62606355020125 100.71920573622629 101.37670020352107 100.79831225890621 101.129535916637 100.65524246831774 101.06177385926458 100.69041549420899 100.88123520372073 102.10968755882868 101.44757269411411 101.06389610456608 102.2781634738476 101.45818505840816 100.83319489526139 101.64819445090416 100.7007714407182 100.87653222929066 101.21090065787439 101.15434901504204 102.02254690540849 101.19730818619018 101.4725796186026 101.00879761116994 101.85880965185652
100.57749522879476 100.65822767449208 100.78692567806638 100.83435195173388 100.59818950265299 100.87805197094167 100.55285476692052 100.84943176538945 100.61833683789837 100.72593747717747 100.65524246831774 100.51667811288598 100.60831193538661 100.64871688812582 100.86851797411327 100.86944459779852 100.80234310909918 101.21095263092275 100.72456249614652 100.60891187862944 100.58540711011528 100.5938358172375 100.60547769266213 100.73832661288316 100.69714578174626 100.95246272403801 100.74175494611791 100.67500997284333 100.6712904443848 100.9403537462972
100.48634823897828 100.41267539091587 100.59805896153057 100.49715436965062 100.4100094395726 100.87805197094167 100.48019289439117 100.53311040752715 100.49549897179304 100.52693311053554 100.5367008509902 100.35096051432038 100.48591316520378 100.51696075994232 100.5576491105262 100.55886201816429 100.63476006387964 100.5641678510001 100.51459791362095 100.35486203395294 100.56390176284685 100.44028451151735 100.5127955694411 100.48140179792881 100.5295395284611 100.63469659422344 100.52906247028068 100.67500997284333 100.46737649764327 100.45315333615326
100.30507919427555 100.28942324269474 100.53876398500552 100.41924219169141 100.40156197587203 100.49420531459918 100.355521387115 100.30344324152338 100.30094298359927 100.38924850475541 100.45974502208537 100.33720905523751 100.41575200142006 100.31633617568968 100.5576491105262 100.40220913891062 100.36558688500554 100.41590192230888 100.39742343232456 100.33445989549136 100.26803639828131 100.3605126659254 100.37471374549159 100.426124702783 100.39408647184518 100.42129575507397 100.3634537227108 100.4866413701493 100.38432181482585 100.347098739574
100.30507919427555 100.28942324269474 100.44036573529047 100.35862073032195 100.2968483863333 100.36214125949982 100.28079709633903 100.30344324152338 100.29804796968347 100.31419085605012 100.27811897863921 100.31694463812573 100.41575200142006 100.31633617568968 100.40037823785451 100.35173282539427 100.33770349021052 100.30108236926162 100.33264633050157 100.24420839277218 100.26803639828131 100.27536564126649 100.3593223602079 100.34417762494058 100.33472953121463 100.38601106972146 100.34241463087255 100.36354753020214 100.34357536796097 100.21891848300947
100.19432528650896 100.28942324269474 100.34439432794079 100.3235612086155 100.2741706388997 100.32193592915837 100.28079709633903 100.26542396108334 100.2632941862621 100.22309303455404 100.26364000178182 100.25687042068512 100.34847562800041 100.26779194411893 100.32584821965429 100.26219409023952 100.31158572726372 100.26889876914765 100.29351051377216 100.24420839276945 100.22269333990425 100.25784358078772 100.33001991065112 100.25648337725988 100.19473827024058 100.24693766024984 100.34241463087255 100.33395089118267 100.3381584576623 100.20941211271793
199998.0 199998.0 199998.0 199998.0 199998.0 199998.0 199998.0 199998.0 199998.0 199998.0 199998.0 199998.0 199998.0 199998.0 199998.0 199998.0 199998.0 199998.0 199998.0 199998.0 199998.0 199998.0 199998.0 199998.0 199998.0 199998.0 199998.0 199998.0 199998.0 199998.0
