5863381180.174044 3322515371.745584 4769450806.662409 2415680069.04077 3635602754.1383395 2992373771.743954 721416388.8857722 4535512490.386136 3687955001.2670436 2845826157.246209 3628725316.8173194 5090957405.563295 4881034576.819597 4685108571.995097 4919104603.785776 3543803520.0428987 5789704024.032355 2229886715.309011 4128108422.6028013 2990180876.3226285 4910417121.302042 3577055024.832328 4318876823.142057 5603537321.890286 4405208128.61108 6306110807.961775 5941040121.176571 5377891935.951756 4217805810.0121856 4738791455.649284
2076729800.3412879 3322515371.745584 3809033966.116259 1362137748.1045742 3635602754.1383395 2992373771.743954 578800488.5118663 4535512490.386136 3687955001.2670436 2845826157.246209 3628725316.8173194 3635706663.7056923 746653218.6111007 4685108571.995097 4919104603.785776 3543803520.0428987 4200581858.1947136 2229886715.309011 3678757902.7390113 2990180876.3226285 4910417121.302042 2513514007.103661 4283523769.6246443 3461514471.7301393 2964287268.2279406 3592537096.3562765 2510704901.8823276 5377891935.951756 4217805810.0121856 4738791455.649284
1830471351.3120062 3322515371.745584 3809033966.116259 1362137748.1045742 3635602754.1383395 2378514499.1388764 578800488.5118663 4535512490.386136 2443634702.1543922 2120253747.7580569 2881195354.9049397 2444748890.0843835 746653218.6111007 2405375733.0192018 4919104603.785776 3543803520.0428987 4200581858.1947136 2229886715.309011 2818454722.3882484 2591796458.3432426 4065732626.8920026 1813696906.6223874 4283523769.6246443 2503657778.3474064 2375236072.1975503 2857587669.482456 2510704901.8823276 5377891935.951756 1230708674.020247 4738791455.649284
1830471351.3120062 3322515371.745584 3809033966.116259 1362137748.1045742 2592462162.554843 2378514499.1388764 578800488.5118663 4535512490.386136 2443634702.1543922 2120253747.7580569 2881195354.9049397 1335149959.0985086 585347533.1116595 1751484097.6518602 1415843331.6600795 2654880887.0970664 3821500107.0805154 2229886715.309011 2626075521.4895773 2591796458.3432426 4065732626.8920026 1670053650.747207 1892911996.3178601 1649554063.8593702 2375236072.1975503 2857587669.482456 2376154316.5798645 5377891935.951756 1230708674.020247 4738791455.649284
1830471351.3120062 3141922139.01124 3136466019.464521 1362137748.1045742 2592462162.554843 1469290501.9971611 578800488.5118663 3414554080.937977 2411583276.4252396 1518264014.3653736 1096289391.3832366 983235846.0391468 585347533.1116595 715342228.2918869 962365884.3376619 2654880887.0970664 3821500107.0805154 2229886715.309011 1415871527.7074153 1202032844.8963308 4065732626.8920026 873996460.7411261 1892911996.3178601 1649554063.8593702 2375236072.1975503 2740425633.5103917 2376154316.5798645 5377891935.951756 1230708674.020247 2200108018.889462
1112706262.3210788 2044043500.7968888 3136466019.464521 1362137748.1045742 2592462162.554843 1469290501.9971611 578800488.5118663 3414554080.937977 2411583276.4252396 1518264014.3653736 1096289391.3832366 983235846.0391468 585347533.1116595 715342228.2918869 962365884.3376619 2263716351.561357 3821500107.0805154 2229886715.309011 1415871527.7074153 1202032844.8963308 3761517007.888648 873996460.7411261 1026155034.0011685 1649554063.8593702 2061843496.2782216 2131771135.4588823 1494466741.3113625 2577189529.954895 1154433960.5249953 2200108018.889462
1112706262.3210788 2044043500.7968888 1276368007.0483997 1362137748.1045742 2592462162.554843 1469290501.9971611 578800488.5118663 3414554080.937977 2411583276.4252396 1518264014.3653736 1064410783.6256609 894827532.6578006 585347533.1116595 715342228.2918869 962365884.3376619 2263716351.561357 3821500107.0805154 2229886715.309011 1415871527.7074153 1202032844.8963308 2245578568.59539 873996460.7411261 1026155034.0011685 1485419171.0999265 2061843496.2782216 2131771135.4588823 1042624470.3849816 2577189529.954895 1154433960.5249953 1665211292.6956668
391959667.3622039 734255733.2311915 1276368007.0483997 1338892325.1850958 1284385313.8937542 1469290501.9971611 578800488.5118663 1522130182.0284584 2039023540.127974 1518264014.3653736 564723220.0117571 623539527.9269274 585347533.1116595 715342228.2918869 798193081.2813561 1530160367.1296353 504351098.7233285 1565602899.0596097 899482219.7728068 517229514.00844854 1868872404.6259828 412988997.5390884 677053849.7506565 576170229.3659434 369561863.92403454 887090428.1841835 707547921.9531136 506439037.20425403 764143265.4257289 1223986523.4336586
241525899.049279 198773728.36065364 260707079.68222472 963162277.8652618 506731458.51080537 287144227.0276516 211764182.97778466 259761074.8227306 227709424.58683422 129913415.67280112 110680717.63577119 188565637.27273402 249079619.6303717 307061311.7617428 383992791.49343383 76453245.98375538 215396852.9690016 482290894.6591701 380914875.3757173 244771560.11702546 279060097.41741663 238092405.5380107 261629376.6168161 79897940.12035404 270401463.3272389 371661519.87324536 361123219.0488307 177443333.36890537 152811513.9584872 246541622.63432974
53094398.767904684 49879665.28284072 52277318.55684987 191356078.1230525 100221202.0893687 102408398.81145144 116916880.4079538 83904684.8845027 93373100.56290245 73637667.90738535 36732056.81718753 73071220.85857962 107207584.73464625 64875815.0634692 48021578.33009923 54445944.66718083 53739978.97327132 77850762.0446713 50263724.449316785 72352291.40696348 109754702.47466564 59960055.357423835 92109548.7697438 63576467.123348534 79079103.50298007 99868614.66556226 54804260.24187709 93672670.6865805 71467806.31554517 105503893.28989151
22726909.255264536 19520860.44996868 36871157.241524644 39415404.37551794 55690509.14952687 46407944.44757248 26511889.75938467 17106208.799850088 39746914.12593903 44372992.49471927 10163359.859228838 21100908.831138425 14040087.707118744 41227390.22775743 16406079.336377291 11146110.42365905 16287448.045446597 16669243.815266702 27224759.47459984 26758262.605614714 41851006.33543775 42018970.892871164 59492540.89107391 7515193.581507098 76341454.16946907 32075489.219096538 9036602.633930866 37099828.379286915 12202350.37902088 41192351.42523062
4410449.325060315 6893334.938889657 9810760.46389878 26504640.278057396 7219922.651327893 28277084.98289138 9156104.897819985 12965017.337440088 15130881.656494005 4274387.474063135 3371444.272781665 10179123.00438526 11121420.631417299 15072568.894602787 12737128.792061098 2700208.561161769 3184073.6044295975 16669122.180465272 15049144.489322253 15200279.642625358 11985424.732862594 6902608.559204671 10126319.327895641 7515191.809980652 14010670.458423236 11695312.27481735 4802005.347587231 3963929.360446054 3103388.9178734818 5992937.154162077
336655.8868655908 2864769.366980756 3359968.2952856543 5882853.983582545 5272473.779891385 5265874.278582432 5679942.967203077 4298390.969222351 4951362.370893222 1380020.3134899023 390890.38032681687 2175352.35543232 2910337.7258767313 4574670.501852806 669309.2234647969 341863.4992808603 512218.74043788377 2306594.5545100095 1229766.1289869482 1055892.3351640715 4282755.8353689015 2686257.8475873033 3435891.7039893935 1771222.898277305 5237103.101409218 1724145.0632493123 2384135.3481839392 1152529.5203061327 505243.003433814 3658154.39973886
35794.59064117658 1505234.3914522436 559361.1656561765 2291258.1211805274 2070526.6892856564 1253775.7389829636 1314233.8299319153 1089945.9485062936 1010966.6144062349 119777.20420498995 38749.5519500678 496712.0178479489 1417174.564712503 1500089.914921982 47424.986898075935 29956.69561270462 40866.410275662645 1729187.390984336 537854.7974159236 590643.4046762249 240438.43009259747 330160.4905658567 482068.85286040645 347035.85106353177 875338.1072732313 456007.544357158 462790.44442504307 41174.72461289055 38957.39761617818 643689.5473317596
23325.772711921683 135952.50771691676 42349.52680480401 116383.28683453967 149513.56282950638 206525.5247428919 237839.60118716932 245788.70258738866 270938.6522260674 23522.895669217287 23439.685983110794 166080.53124015572 120937.24287697455 188425.8729064128 24282.35873048297 23452.95303697853 24100.298326581924 208866.84874367216 122198.93195017052 190016.11552924349 39038.65477230482 34599.50811804901 140929.26224485008 56196.75915322841 219778.348087373 101673.9002470479 124122.27147551853 23338.00313014227 23343.83068154125 179032.60385219
22301.92060272343 18463.542636366135 23234.78051151027 21919.93730650496 297.61672536924516 465.54141414614605 494.5233519585331 255.41074404337587 689.4040245366973 23138.051281756652 22516.11576981414 203.9152387641857 738.4618483416834 532.5818065292401 23108.999610885785 23014.850736347384 22941.813640284716 871.6761211227986 177.55912182890825 1018.6016040500645 22687.633238247545 3781.5726961889422 311.6370873647729 14704.19233612845 433.5806102080155 8471.485965376982 1004.2529222069579 23092.84699286517 22141.094011446876 537.9448389102677
1000000.0 1000000.0 1000000.0 1000000.0 1000000.0 1000000.0 1000000.0 1000000.0 1000000.0 1000000.0 1000000.0 1000000.0 1000000.0 1000000.0 1000000.0 1000000.0 1000000.0 1000000.0 1000000.0 1000000.0 1000000.0 1000000.0 1000000.0 1000000.0 1000000.0 1000000.0 1000000.0 1000000.0 1000000.0 1000000.0
