91903294.323088 372678357.4943592 880855045.6653738 117049536.95557249 789643385.4208261 613396154.6396444 832522237.4386964 797812157.0215191 113952594.01168832 264471555.92386556 333399124.49040514 363873998.89578056 819390064.0387781 377012345.80192065 707394496.7654698 591613352.4669998 356049909.58642 670176669.9863001 157317063.6168699 509758775.57364523 64271118.53525698 295300188.33281523 386894224.25097984 145645547.0214356 308059201.0694776 172377716.027816 29939365.901255287 580252075.9485629 176240091.06972006 365435083.8784937
64729879.48662654 217822636.6447899 448551016.8723842 117049536.95557249 64100695.84224033 109617852.60796686 832522237.4386964 730117493.8216753 113952594.01168832 264471555.92386556 333399124.49040514 198630136.0531124 225387124.9073892 20582601.770672712 508938506.4330124 591613352.4669998 93020942.00669552 489007131.4279696 157317063.6168699 288435019.2300812 64271118.53525698 295300188.33281523 48421393.98230155 74877336.19253884 308059201.0694776 87091277.68538353 29939365.901255287 504471069.23668426 176240091.06972006 365435083.8784937
49385261.772462875 57983707.085918956 313878313.9587841 117049536.95557249 64100679.16885502 109617852.60796686 152636633.71479583 508693841.2670002 113952594.01168832 56136197.29445873 333399124.49040514 198630136.0531124 164658467.53590092 20582601.770672712 310793437.4685511 125148899.5522356 93020942.00669552 216288552.90524453 157317063.6168699 288435019.2300812 64271118.53525698 295300188.33281523 48421393.98230155 74877336.19253884 308059201.0694776 87091277.68538353 29939365.901255287 97815278.32268184 176240091.06972006 365435083.8784937
49385261.772462875 57983707.085918956 132975884.82893434 74915508.23966593 64100679.16885502 53813335.54705282 152636633.71479583 450060848.8278262 113952594.01168832 56136197.29445873 333399124.49040514 198630136.0531124 114014269.08979441 20582601.770672712 91715517.1951441 125148899.5522356 9794353.164197534 216288552.90524453 157317063.6168699 288435019.2300812 64271118.53525698 192269826.75393564 48421393.98230155 43540436.4827809 17584209.655143946 87091277.68538353 29939365.901255287 97815278.32268184 108976992.88605647 365435083.8784937
49385261.772462875 57983707.085918956 21957272.7159151 74915508.23966593 30841985.08543459 53813335.54705282 152636633.71479583 297240530.7853279 113952594.01168832 56136197.29445873 333399124.49040514 198630136.0531124 114014269.08979441 20582601.770672712 91715517.1951441 125148899.5522356 9794353.164197534 60953379.85824914 142887220.47551078 47232097.45394834 7284592.4181825 192269826.75393564 48421393.98230155 43540436.4827809 17584209.655143946 87091277.68538353 22507425.161245145 97815278.32268184 108976992.88605647 105861692.24387129
49385261.772462875 11553748.465908995 4510779.7608633125 19274075.43223893 29340653.094053056 53813335.54705282 152636633.71479583 120376807.76362911 113952594.01168832 56136197.29445873 196234938.01535615 138620147.6878125 27777471.580495622 14207500.868088678 91715517.1951441 125148899.5522356 9794353.164197534 60953379.85824914 103809579.36664534 47232097.45394834 7284592.4181825 192269826.75393564 48421393.98230155 43540436.4827809 17584209.655143946 74004778.98071639 22507425.161245145 32096706.019673012 47801505.43816468 105861692.24387129
49385261.772462875 11553748.465908995 4510779.7608633125 19274075.43223893 29340653.094053056 53813335.54705282 133109388.27268672 37866252.95132731 65411538.678986475 56136197.29445873 52132460.407986335 57186486.55645767 27777471.580495622 14207500.868088678 91715517.1951441 125148899.5522356 9794353.164197534 58507879.49064443 103809579.36664534 47232097.45394834 7284592.4181825 184035718.2552138 48421393.98230155 43540436.4827809 17584209.655143946 73498222.66346487 22507425.161245145 32096706.019673012 47801505.43816468 105861692.24387129
11446149.049179992 3579429.939714321 4510779.7608633125 5345984.293043937 4986344.7842297135 14006860.187153256 4621416.532733176 5893279.66685628 23599832.31024797 4818493.456093311 17242162.935586315 27112175.642707687 15405942.915069724 1009912.7255352023 3554935.2956833146 21626869.805913944 9794353.164197534 18123544.401442986 2412544.23320941 14044390.948077664 1664894.6046857242 8639384.824588822 40187043.04333507 4462039.257951208 17584209.655143946 9130756.930870684 7588031.548490989 9079846.567444984 22620813.443717197 33468306.659995604
463134.3952105464 2792844.7064228216 1331364.9463738403 1666490.5509893124 2078114.9662000653 307975.5979607385 4128959.030516026 1065460.418791848 702919.2922411021 4818493.456093311 2089250.987761887 5413059.534137068 2308758.9210955785 871987.0853260497 2256475.386810337 2745636.0914164847 1730273.080577368 2795039.582082321 1720747.1302551553 4394608.471445076 815996.5546109247 579751.7415240196 2268568.9223350245 3135115.7821244216 1916518.4009154716 1318966.1001619757 4581887.693327943 289035.70184139244 11357828.279869067 2715969.6297956924
459809.83628995693 1043655.7693114099 451239.8563390544 853101.4524294713 190293.0498744783 307921.14954134286 540696.999870317 121440.60162204503 702910.0502577606 1346247.8230807697 1486388.2667226638 809223.24188609 506409.06295257306 52430.95762516974 589386.940880074 1389243.9009826786 1730273.080577368 540832.01846299 411388.4453106984 359921.2880760147 358107.78857428744 419288.27174586983 2268554.1834806097 479710.51204370987 231411.71507755676 572518.1234111591 303777.5303705283 289035.70184139244 1279135.3968128504 116250.10265901762
4931.16880541929 280031.8108123174 98965.729251331 648186.2039492623 167005.64584234438 34531.76596688054 24152.824795071632 121440.60162204503 345444.6312715256 413967.4676432456 152693.50574792005 484472.25048217044 156470.71088313934 52329.05172410502 88688.1692992524 15478.536866516839 92334.48053103835 45454.15758507894 75549.9637700563 36006.02688393536 60164.23731056269 117462.04002861129 126370.43825957469 180595.9777415409 138845.32372289835 51866.46055446806 4043.4609587835994 288983.52259055944 64577.17512425152 116234.45778787142
4873.401034296226 34173.53349541928 7646.848597119908 29061.820882100517 102802.74875747357 26226.45122495401 23410.373641896054 33314.93660548376 25386.326659321396 32186.37656765685 89559.04953328568 35615.74999424176 22618.3375088131 5083.172754166066 42037.52886037112 15474.054736016966 62934.84625758274 11830.074706166302 33415.57088357867 25171.427018573944 23730.038300740292 53990.44724441754 15647.451761682423 12354.04248412046 80602.35518234056 26012.651767248328 4043.4609587835994 34961.96193947444 61511.7266488447 84398.19180752133
4869.121627231245 25567.533511972546 5456.217392561162 16188.383355721322 6322.203846228132 7458.176958992022 11296.304725269361 15223.431676244974 12438.080400490826 31253.066679130367 9804.179977291711 34291.898679430335 22618.3375088131 3729.668139903879 5665.103130276085 11238.369874684324 12239.997143724686 3239.1952870814457 17477.701043711353 24394.042004620194 7405.781834739662 28175.26316542062 7694.899581428221 12336.632549699612 23893.099677693976 4752.536777884611 4014.6048164690437 8421.454530194249 8213.462125896129 32394.2966236047
3521.503537408249 6461.249303361041 2613.6234057947095 3854.344478046247 4859.96101378601 3722.904730764575 741.01104398201 2765.3666147039457 6736.194943346509 2447.0607851187233 1496.3047761159905 4778.640278818198 3343.2261058111453 3052.1062102507094 2176.291597406136 5758.501996460987 4729.335054431666 1728.9852955666292 562.6538615834661 5974.605817685105 6292.896812342992 8948.560580142372 1284.5030807415342 2009.333779081885 3178.36419755104 2309.085358811417 2186.7550668874146 231.48110717518398 8199.17136326868 6120.905428254659
385.1595068835977 2506.753821917682 586.2452532470788 229.05100394281794 113.06635878532575 3145.0816131391384 736.2533096421857 1217.4955473972386 405.49284717384853 130.68431351282834 266.5838069402389 1454.5695455992463 1767.2029130772626 456.4090664190535 121.12774882763983 402.5654813903484 866.7237958198057 385.0564426150654 418.381586356385 1068.9419993994966 308.01050585292296 366.2652453224964 1209.994643056044 333.2196460481405 303.43528945240587 350.87622865439107 287.5014735507775 174.07174452101094 1327.7967245194409 1022.4609465080584
0.541584299426404 5.380570569943529 2.1822640513571514 2.0078443134052577 0.19029121152584594 0.39803912524507723 1.2391935935147558 1.269851465372085 0.8416497011662614 0.12988087019789418 3.306958217907095 1.316335144975028 0.5020693560745713 1.0188870493429931 2.193771618397932 1.2927504576989577 1.6581544161203965 0.22056650138915757 1.4878279089198259 4.939417019665598 4.814594879637298 1.6391097101652576 18.21360138008572 14.268042798662236 2.00189111857685 4.139704175646102 0.4467632001342281 1.2232645572159981 3.944551193196048 1.8218188089865635
199998.0 199998.0 199998.0 199998.0 199998.0 199998.0 199998.0 199998.0 199998.0 199998.0 199998.0 199998.0 199998.0 199998.0 199998.0 199998.0 199998.0 199998.0 199998.0 199998.0 199998.0 199998.0 199998.0 199998.0 199998.0 199998.0 199998.0 199998.0 199998.0 199998.0
