279.234228176962 232.86991324858036 348.902179711039 87.9899226483667 139.86406528524776 259.269489842422 108.43004129682004 236.32108008613523 108.3391685864708 144.1738099052036 299.6316674626887 348.9633709445661 321.2347407911193 95.64078327906236 67.20392498937554 138.35965151878918 45.167607831634086 77.14062061146615 354.05617013598294 361.3504966488158 212.92674825083213 162.47232741089556 789.465583633174 296.4810402539579 306.35668832914826 252.4400979098118 224.96603772225853 101.0763306734193 158.5783183042763 57.41611000466037
279.234228176962 232.86991324858036 348.902179711039 87.9899226483667 96.76311484878443 69.03076856671714 63.78636913353603 236.32108008613523 108.3391685864708 144.1738099052036 273.1097223517122 184.67118703835013 261.0754522486136 95.64078327906236 67.20392498937554 89.70775309736655 45.167607831634086 77.14062061146615 92.6794905582874 204.74640274982903 144.24840854177683 152.16648835207116 271.0157515450833 256.9399847186146 112.71922738986041 249.83503607273815 136.97200243901807 101.0763306734193 59.71381179688751 57.41611000466037
279.234228176962 200.77837401836587 116.7010929248172 58.6709438239418 96.76311484878443 58.149395293788075 63.78636913353603 113.2386717046129 108.3391685864708 144.1738099052036 192.91922968745757 184.67118703835013 261.0754522486136 95.64078327906236 67.20392498937554 89.70775309736655 45.167607831634086 71.71419798727902 92.6794905582874 204.74640274982903 82.54218445876768 79.8238644768171 126.53932981461458 253.42631787211076 112.71922738986041 174.62487386137173 136.97200243901807 101.0763306734193 59.71381179688751 57.41611000466037
74.5104893668049 63.5046389076806 116.7010929248172 58.6709438239418 96.76311484878443 58.149395293788075 47.40893418486303 113.2386717046129 108.3391685864708 144.1738099052036 192.91922968745757 123.15757820006183 62.41983025779791 95.64078327906236 52.86134948779727 89.70775309736655 45.167607831634086 71.71419798727902 92.6794905582874 204.74640274982903 82.54218445876768 79.8238644768171 87.17578724612031 197.60986483061697 112.71922738986041 63.56399306040794 136.97200243901807 67.34337224582578 59.71381179688751 57.41611000466037
74.5104893668049 63.5046389076806 116.7010929248172 58.6709438239418 85.8639621567404 58.149395293788075 47.40893418486303 113.2386717046129 77.41114619910877 144.1738099052036 51.963426072074526 70.3463486636524 62.41983025779791 53.267799823075165 52.86134948779727 47.05384727763294 45.167607831634086 61.68807867676696 92.6794905582874 89.12835208046636 54.244826166894654 72.61982078286337 87.17578724612031 197.60986483061697 112.71922738986041 63.56399306040794 118.57356769231546 67.34337224582578 47.11755018387748 57.41611000466037
74.5104893668049 63.5046389076806 116.7010929248172 58.6709438239418 70.90512878952404 58.149395293788075 47.40893418486303 86.1595180468953 77.41114619910877 127.73062709203714 51.963426072074526 61.68020487650847 62.41983025779791 53.267799823075165 52.86134948779727 47.05384727763294 45.167607831634086 61.68807867676696 68.89478466329365 61.84973498827867 54.244826166894654 72.61982078286337 61.54744708936187 150.22745491917613 112.71922738986041 63.56399306040794 118.57356769231546 67.34337224582578 47.11755018387748 57.41611000466037
74.5104893668049 63.5046389076806 116.7010929248172 58.6709438239418 69.9301196702636 58.149395293788075 47.40893418486303 86.1595180468953 77.41114619910877 127.73062709203714 51.963426072074526 61.68020487650847 62.41983025779791 53.267799823075165 52.86134948779727 44.2213438156482 45.167607831634086 35.25696547659891 68.89478466329365 61.84973498827867 54.244826166894654 72.61982078286337 61.54744708936187 71.14261516985107 112.71922738986041 63.56399306040794 76.79385104572611 67.34337224582578 47.11755018387748 57.41611000466037
55.95040810422688 52.379129882951474 53.07046697732494 43.73199464389245 37.46874570927412 38.878937043802125 44.884907148560615 41.62928357550618 48.92026270641645 42.43284871078822 38.68946793475925 49.724385008692025 57.28975211229272 38.24434687625262 40.437607601950276 35.28745575727817 43.70553598858805 35.25696547659891 51.8274511815016 54.131211193666786 49.537869214268085 41.87240624702554 35.24391846964954 42.76457724717102 44.406756484841026 46.3284141500485 38.03191234030828 66.3858522307728 47.10428453418399 52.44721927988576
31.536316692893706 39.25797329038414 32.92711966266597 33.3171674788905 27.308472090328905 31.979663228752997 38.67560496951455 31.0787323489335 35.7304398686324 34.9975153132109 33.04721508944476 33.57357873712999 40.621020172961835 31.356753279060285 27.88881586705429 35.28745575727817 34.81152192288164 35.25696547659891 33.1721920120076 30.801144550837307 34.389550817840245 32.777711433555396 33.98595459791841 35.10101826721848 33.50741243363791 34.589134102774096 32.93817773413548 40.89297067479083 40.87335001973497 32.065280057179734
26.516783293113804 22.353373374215153 29.547375282439134 31.128660684259557 25.717937267170328 28.387769050917996 29.183922588841142 28.65485105118296 30.21922931243762 29.28494094762118 28.938999705602328 27.967368375480874 28.143879373872096 27.511049185838147 27.88881586705429 27.390562812283406 28.107343349522125 28.495395889970496 30.60025028337941 27.341866054134243 28.29183030159902 30.78301956092082 26.94955628212665 29.224686119634953 33.00514521973173 28.451702534454398 22.387877006130566 30.957977192277667 29.377351826844006 26.602237416611842
24.484631362213804 16.660519994200058 24.31110718039099 21.83272505919922 25.717937267170328 26.2798488794092 25.548039501170024 26.544586893528503 26.829694676323015 24.66474925237344 24.934884590868023 25.809080142935727 23.55190848177108 25.005297196009906 20.43585726909305 20.703322214531 24.98049190437041 26.14628024016247 26.09289733348669 25.306798501050707 25.751747324125972 25.826362127411812 24.70586186572382 25.903836400481396 25.69682362665708 24.349397486108955 18.40265593093909 26.092972504434783 19.48787469735953 24.99024167344487
22.870615326968164 15.902600513487414 22.36453667123169 15.460729413028275 23.622449613068056 24.93265510174342 22.96097678391152 22.8614048521963 23.345496454131535 24.169907492016137 24.075482069631562 23.444014454803437 23.55190848177108 24.744378004738792 20.43240175625442 15.75891262775076 22.916069846681694 24.90267067368859 25.336041580815618 23.38118168349638 24.163304779267946 24.857532871125386 24.607487756343744 23.264234344175293 22.83582805911601 22.731540220096576 15.5734103273021 21.508943896132223 17.601077077383252 22.731812845894183
22.36795971387619 15.611501047168531 18.06699871844603 10.809203050398992 18.056487463059057 22.83425310398934 19.911669053774858 22.009395482167747 22.864145941747665 22.132664111998565 22.650737621326243 21.638627165543767 22.768439563452375 22.64896654922859 15.850870277607555 12.955895309686184 21.956046470874753 20.430521411475638 22.310747472136427 22.074691103753594 20.50553840071825 19.358080514902667 22.85481242217429 22.945098606970078 14.292846528598147 21.86877109578154 9.252484688516233 20.825846648970582 15.785748240724388 22.1793899995846
21.054990888674183 7.256198063064858 11.554164417816537 6.975485395524174 16.21262411147518 20.62676985887856 17.48571906963889 17.45237437557489 21.272653472533875 9.32673778668368 20.386014726729172 21.039027572359828 11.21411223835139 22.554912183441047 13.74199980092817 8.324326282609036 10.342484151271947 10.909511118726641 21.433733637139085 12.45373997697152 9.964739171005931 18.366763506626285 21.801907706061684 21.658688563113174 12.05021726831319 21.48052177969248 6.751182746153063 17.60865219724201 11.660150796316884 21.300389738782997
20.469983738991687 4.171130608291605 5.268887771288519 2.1553696386640695 13.906153462106431 17.178465014896574 3.7408566682365745 5.707006299934164 20.608384863955507 4.296258709900485 18.90641727878483 20.382733788026144 4.302658258670363 20.662190791450485 7.482494630191923 5.223616060916356 5.499113131570994 4.5403522731353405 20.209334374576883 7.786102225127706 6.98418571404045 12.33720779476107 20.616792438495395 20.977827262641313 7.798354597259731 11.971282915657866 5.292568389696498 12.773253613091128 6.470189213517642 14.773899843138679
20.000018093093786 0.01071349088124407 0.6627976295249027 0.2388182338054321 0.47036744522256413 0.14153508218259958 0.05904938708044938 0.664164070953575 20.02092732383244 0.624581830400075 0.7057666135128784 20.141370149063732 0.6334168613147995 0.019279279631973623 0.019870976991569478 2.6680755306852006 0.646520122725633 0.631518901761865 0.6347197858030995 0.03824668348488558 0.009761832051935926 0.828222066408216 0.3222451839574205 0.6837116570695798 0.7714389525813203 0.6265844888262109 0.023367498519291985 0.6362462455376772 0.6256569285378646 0.1421654896603286
199998.0 199998.0 199998.0 199998.0 199998.0 199998.0 199998.0 199998.0 199998.0 199998.0 199998.0 199998.0 199998.0 199998.0 199998.0 199998.0 199998.0 199998.0 199998.0 199998.0 199998.0 199998.0 199998.0 199998.0 199998.0 199998.0 199998.0 199998.0 199998.0 199998.0
