330.5939360278594 266.2072767631885 312.44042842731915 431.17587687706555 439.4904605133388 458.3294170796148 375.3446679058111 581.592774157753 447.83323188212944 450.1323128042127 310.41262836483565 353.11166987693696 317.6465427532835 339.67604577693055 480.2053822443877 455.4702780228163 387.53245614756815 492.52019850545867 251.2166001709229 263.5206594014112 374.3464062343073 383.6129076281213 464.6177166978259 384.6394952896371 320.7494052061961 307.14621706747994 383.0796209991727 358.42844663897404 276.39481770444354 295.45323302741235
330.5939360278594 266.2072767631885 312.44042842731915 402.03173559430115 332.23352532989566 282.1037554848713 255.9284846596488 499.3277331249128 401.3951968591505 364.5251370484357 293.0909077282349 301.3583243845478 317.6465427532835 309.7356315639913 306.2617238308985 425.5933623699061 288.87922367464444 313.66292266087294 246.75070522965189 259.4859310705024 338.99205469952767 383.6129076281213 301.5895197418058 384.6394952896371 297.6796645730592 306.3056751461668 383.0796209991727 358.42844663897404 276.39481770444354 295.45323302741235
281.88896562306945 266.2072767631885 265.8554645112181 278.6914627919782 323.9808380115346 282.1037554848713 255.9284846596488 331.45907295451525 401.3951968591505 284.61117248677147 293.0909077282349 301.3583243845478 269.1067357124721 305.2436148826232 250.59192055261883 284.80735676126733 288.87922367464444 274.2390641158254 207.58175612534023 259.4859310705024 251.0753560875346 231.6281606028947 263.73062242555534 384.6394952896371 250.97698603871822 306.3056751461668 306.9110101441561 358.42844663897404 216.77588273455467 295.45323302741235
281.88896562306945 250.18931063594118 262.1735760950928 259.818871702887 297.47730404672893 251.72007143344035 194.71415270568014 268.37514995546735 293.5070966130511 204.42227587224897 192.64005238883465 270.2905671788899 255.01054034998015 293.01461715112237 250.59192055261883 218.87629657283742 234.6437426214684 274.2390641158254 192.08298051292104 251.93344948110462 251.0753560875346 231.6281606028947 257.12961518612747 326.6878927753223 244.84705133200487 199.96488720878278 247.68985996460333 316.14197530323827 207.0494010766497 292.72037438725374
228.50459718936872 230.334903726598 262.1735760950928 228.48169520014653 255.392966851447 251.72007143344035 194.71415270568014 268.37514995546735 293.5070966130511 204.42227587224897 192.64005238883465 201.14765050365986 238.44633741562666 237.55651024538474 188.6209004709567 218.87629657283742 209.3649859704242 205.26167616102794 192.08298051292104 231.36255490037456 194.46420995252174 193.63188163955738 223.1576270551468 326.6878927753223 227.51458437842348 199.96488720878278 243.64840283602507 253.82286321446418 207.0494010766497 252.76637215823075
228.50459718936872 230.334903726598 187.95462061780108 213.86056907308057 247.62513564379014 216.13995018929518 188.3886124788628 221.92428130331336 249.53582853937132 204.42227587224897 189.158207311943 201.14765050365986 238.44633741562666 207.23056902133476 188.6209004709567 218.87629657283742 192.48531202763888 205.26167616102794 192.08298051292104 231.36255490037456 181.9227262602717 184.0039326864944 215.18692028268288 212.95049418410008 225.88364590613492 199.96488720878278 228.24983838540493 253.82286321446418 203.90544548217895 217.1017256418245
226.86353878997033 203.62180453357132 187.95462061780108 186.0941457604199 219.39923986808208 184.5113573630574 181.76795149816553 185.58549952585736 249.53582853937132 187.18287900730957 188.39825315452254 195.1687710629658 238.40721891386556 207.23056902133476 174.9909685694256 204.4930248518849 173.68547308684947 174.4982874102161 192.08298051292104 190.11102172625124 179.89493625983732 184.0039326864944 185.919909486518 191.84367490460454 177.1261802705244 194.53788460545593 198.52380469540594 242.4352615972448 172.04464062895886 203.80015418470248
168.90462507469374 175.66454679291246 170.97585295748559 173.63669089581254 175.8098176980775 171.26078034964257 166.7394055912664 173.54674572024487 175.24102733971858 174.51050545252883 167.31895662439274 172.14541563645798 168.96703058196408 168.41295832332798 171.44754752977406 170.91803083134937 169.10245562729096 169.9759357398284 175.59800017964017 171.78530599159058 166.77218961315884 171.84357348547246 169.25698346027548 169.469084353188 171.7408385427334 173.9367135778284 173.24815902266073 176.15927175459728 165.19219177751847 172.48057110914897
165.4685681498895 168.16536213998825 166.8650757209166 166.05405446533086 166.4491736370319 166.34689988827313 165.57345296828908 166.44402817852006 167.2911893984019 166.91818672245336 165.7337986522457 165.45521099694633 167.49927532717993 166.54821878345228 167.06472808459284 166.2220836283759 166.4336331356767 166.4529095879684 166.02763622771954 164.97380984721576 164.88948622664338 167.70170124937886 164.74771559427654 165.93512698495852 167.69234154555943 167.6853494509569 166.44426469770542 167.72895817902054 164.24977901901957 166.80774038366326
162.97948919034025 163.89405942172425 164.58754893602054 163.26115820047198 162.66473609448894 163.26144737344248 162.6904510633567 164.7144237452635 163.76864845069395 164.1876388927726 163.45666281108106 164.05652653522475 163.10276099801604 165.45529615212627 163.66460459628343 162.57913758062023 163.45931309551543 162.63577128123416 164.7931165204377 163.7884424388135 164.08317315435897 163.49663928004293 163.64683575038634 163.07483084643854 163.84841803691506 164.31742422188245 164.74836747212476 163.44346601567986 162.47553585526703 163.99680753965504
162.2600374607814 161.26638439308408 163.16324898023186 161.9827275590951 161.66810062418108 161.24268847360827 161.6524119387209 161.9775306924671 162.29084932809837 163.42011023390342 161.75128751231387 163.36818918105246 161.6290594102179 162.0782851289605 162.56075378181686 161.07324163389558 162.06813508902724 160.25185320886703 162.2402180202721 163.17123396204488 162.15813906898848 162.56559603894948 162.1923150953976 161.68603636424496 162.52943398737307 162.28255530778597 162.09783718054678 162.66773890221702 161.74216134804328 161.87702206877566
159.93677514305864 159.94592477446395 161.52134275331673 161.46893005993388 160.36590148483765 161.02886491340405 158.89453065993712 160.6796393179793 161.37767019359944 161.70211965637554 161.4909111039833 161.10383206176402 161.5292066355123 161.52745648565133 160.55124532856826 159.6840860555244 161.5621562478118 159.96031705357655 160.86252642659565 161.1299563107682 161.5665830643511 161.6159945634945 161.77758156844902 161.4839646256146 161.82748750920655 161.44980625868857 161.8850197440088 161.5058413739348 161.44742913355867 160.42570502740546
159.58267708559333 159.5376231498758 159.41172052148158 160.14578937744955 159.2012460793394 160.318915951706 158.7913086853514 159.94677456017916 160.05831893001778 161.5474198361344 161.4204565611094 160.50888156871451 161.44501606015228 161.40966101220693 159.77680487700536 159.04093152141968 161.5106769823965 159.13506432940903 159.6888741997691 160.15636409694525 161.41809368791337 161.4205310558591 161.47214095692107 161.4270327875911 159.88704075546684 159.91980241570445 161.43523556429045 161.41731426310162 160.0969341182772 159.36589955633372
158.89115423174826 158.86213501740986 159.0434667458203 159.4546139121976 158.76857937358454 159.8690195142185 158.72358850819 158.77438423791 159.67906628675564 161.40871167814885 161.40490638341498 159.60852716648196 160.00298105553065 160.03858976100946 158.89876561042774 158.7461926473011 159.52146848683742 158.64423200904184 159.21751127124026 159.86801709562087 161.4049268454105 161.4048972731075 160.13164219692862 161.40488306234965 158.83067356846732 159.52091024985248 161.40500837359104 161.40488132061637 159.5778674756757 158.80498499800797
158.63684882549842 158.6202558080745 158.63433902656607 158.70093497200287 158.62219474801486 158.62170230990978 158.61856639036478 158.61976692508506 159.37050497060636 161.4048807587492 161.4048807587492 158.72099582734245 159.68505431383983 159.54385638101758 158.6753964836971 158.62346662493064 159.38336695437192 158.6185114783375 158.68770862341808 159.541692807069 161.4048807587492 161.4048807587492 159.54607782836138 161.4048807587492 158.63132406779368 158.704778176118 161.4048807587492 161.4048807587492 159.54379784076855 158.62360140125338
158.61835462084537 158.61835455766823 158.6183545975391 158.61836320759494 158.61835467254605 158.61835455781693 158.61835455769688 158.61835455766823 159.36873363703762 161.4048807587492 161.4048807587492 158.6183546062539 158.61835490897192 159.54377628679686 158.6183545692411 158.61835455851315 158.6183545685085 158.61835455926803 158.6183545783033 159.36906338232075 161.4048807587492 161.4048807587492 159.54377628679686 161.4048807587492 158.6183545576905 158.61835486944256 161.4048807587492 161.4048807587492 159.54377628679686 158.61835457920506
199998.0 199998.0 199998.0 199998.0 199998.0 199998.0 199998.0 199998.0 199998.0 199998.0 199998.0 199998.0 199998.0 199998.0 199998.0 199998.0 199998.0 199998.0 199998.0 199998.0 199998.0 199998.0 199998.0 199998.0 199998.0 199998.0 199998.0 199998.0 199998.0 199998.0
