1233.1485562865264 584.4026160118174 1229.5753239318442 605.908205314408 976.8753153716207 836.4378542213667 503.8101399467573 889.3654894154479 989.0835579327259 814.6411748337746 1002.8161212609075 1367.693243236693 1202.0037344724506 737.0466220197404 2103.417907439314 920.7701053298333 1388.1454168072178 1026.954261148784 1665.9344630248925 975.7256489111805 944.1027153798909 693.2858938228273 1184.6920892453963 183.8276292892906 430.38234731456623 683.1852138232462 772.9689349291989 1109.940097748814 682.9463823170086 1587.1957068515003
1233.1485562865264 391.4149468666583 952.898488224128 605.908205314408 976.8753153716207 836.4378542213667 503.8101399467573 889.3654894154479 879.8270329142574 814.6411748337746 393.88020087282985 1003.5802830364828 932.2872518163872 533.3554918767504 1551.4002919702511 920.7701053298333 1060.1650235496145 1026.954261148784 1391.4730420781566 975.7256489111805 231.02131584568588 693.2858938228273 873.3218429693629 183.8276292892906 430.38234731456623 683.1852138232462 665.4174553163039 905.1972494214551 601.4599590127432 1587.1957068515003
963.2881639942234 391.4149468666583 671.7861046545845 459.13292601178364 976.8753153716207 514.3506637032547 503.8101399467573 889.3654894154479 519.7335651921148 814.6411748337746 393.88020087282985 489.9396907336554 932.2872518163872 504.5855739665908 856.1965805730488 744.7560869437189 1060.1650235496145 345.8141757532617 814.8990167640018 975.7256489111805 231.02131584568588 693.2858938228273 514.3404142173067 183.8276292892906 430.38234731456623 611.9491934490861 665.4174553163039 558.9985936532144 601.4599590127432 1587.1957068515003
963.2881639942234 391.4149468666583 558.2159828079689 453.3107810286833 976.8753153716207 504.1183563488248 266.22611209642764 668.3116665581883 519.7335651921148 814.6411748337746 393.88020087282985 489.9396907336554 932.2872518163872 504.5855739665908 856.1965805730488 744.7560869437189 580.544844987764 345.8141757532617 581.6047422843221 695.0120333962095 231.02131584568588 509.3648034244029 499.3583392826995 183.8276292892906 430.38234731456623 490.1203761141178 665.4174553163039 558.9985936532144 260.19302972304604 1332.3124274656575
963.2881639942234 153.33462440851144 558.2159828079689 453.3107810286833 976.8753153716207 504.1183563488248 266.22611209642764 657.6244040327338 390.5252668636663 814.6411748337746 393.88020087282985 489.9396907336554 932.2872518163872 443.2925612936401 856.1965805730488 622.3861377431449 580.544844987764 345.8141757532617 552.5906996826407 646.5284220306739 231.02131584568588 509.3648034244029 295.14974271047186 183.8276292892906 409.6708722853514 490.1203761141178 665.4174553163039 465.7480018283277 260.19302972304604 931.745002841491
606.6294325468957 153.33462440851144 558.2159828079689 453.3107810286833 976.8753153716207 254.2541433831061 266.22611209642764 646.7490332564912 390.5252668636663 447.32191467348 393.88020087282985 489.9396907336554 742.7735228065267 396.3425389057393 604.8722552140016 510.70671152128307 580.544844987764 345.8141757532617 463.2050955431059 646.5284220306739 231.02131584568588 509.3648034244029 295.14974271047186 183.8276292892906 409.6708722853514 360.6528762681219 487.018412741485 283.5519026654447 260.19302972304604 138.7232915748191
551.7776353320041 153.33462440851144 540.1855487702992 453.3107810286833 976.8753153716207 254.2541433831061 266.22611209642764 579.0644663114449 344.12267777867464 447.32191467348 393.88020087282985 489.9396907336554 669.0202416147454 396.3425389057393 604.8722552140016 390.5643558934921 159.4420157940276 345.8141757532617 463.2050955431059 646.5284220306739 231.02131584568588 509.3648034244029 295.14974271047186 183.8276292892906 409.6708722853514 360.6528762681219 487.018412741485 283.5519026654447 260.19302972304604 138.7232915748191
192.58550605742994 153.33462440851144 324.1427306874666 209.9287474548678 717.768426680851 156.84063918894344 212.9407811231713 122.96175462927977 344.12267777867464 330.07389779732785 88.8425308166461 309.54412861341234 419.71570738280207 362.0423999734858 223.01513271724616 267.96040799027287 114.66568130692485 186.45496811525618 251.01939112884293 463.6794186199545 155.76314376858772 173.12413519584925 187.06196177459515 183.8276292892906 239.60540998731585 290.62255478209727 459.2875191408789 266.67208894747364 260.19302972304604 138.7232915748191
166.9308260587468 77.42249561176459 92.1350331104777 39.598233432087454 74.8313651167482 75.32383249651002 37.08029130499017 121.88254306631143 114.98796776055678 108.33705988213114 58.48943747426074 66.57709105678623 105.94997384268936 74.03433584353843 67.17038062226857 79.55370521792702 73.0178275513531 73.62692339088244 61.335097655830396 85.50915645980604 117.0594726742147 80.65914502974374 82.80915172930645 86.89549024694224 159.7609234802826 80.60442920379637 65.56463843305801 116.8625297466383 59.55090935473572 136.15549337329503
51.42144677001443 45.32992904472121 48.824523232614865 38.99678106428746 59.35806844507215 47.62075864057442 37.08029130499017 51.68678851961431 54.34286619539762 46.57496262245968 50.50105328716563 52.52969463973159 46.99517370867943 54.309161371242226 51.01163465618765 51.80751239420124 46.819013738699596 58.997460809719996 55.20599460329004 51.882509077635405 60.13052493696023 71.69481139345362 54.14730278068828 43.67381146579464 60.89095622239438 53.27422010862347 41.67712895192153 76.14853386184677 48.19924535029031 42.768593753565256
43.30923995954208 36.476766607438094 38.7841647236819 35.267352328134166 37.56471492729588 40.626591671655206 33.131079332449644 41.533203585743195 36.237207419789684 36.71258258765283 37.6347681496145 38.59040801573883 37.29537504330983 35.1805346370943 39.966903033336166 42.72421398233746 36.747635774610444 39.70203829419779 38.06583453627218 36.4224057800775 47.34757635650385 37.15335384529317 40.506276976959725 38.59261996405348 40.93818772615214 41.696266700135766 34.19632252633528 41.3417520204257 35.42099394677962 36.709416902257544
36.91592369534328 35.753398540673516 31.186059068752 34.562771073626664 31.46651556941788 35.1592099462714 31.089550387970576 33.58266955015097 31.887984949657493 33.673185706132244 32.903113348324496 34.497228930374604 32.25788355784334 31.657380719364937 29.77861181787557 32.3581631874863 31.079436253424774 31.628042856771117 34.4766701276767 29.519055459870742 35.69941058783206 30.878459470215603 34.07130512066078 33.523594215017056 35.139777839001454 35.57196943967665 31.547862955132132 34.195410719311894 31.66638730577597 30.75528779786964
29.337736427691652 30.672728369058404 27.443793575750533 29.31429500414697 28.92405517807265 29.312675428671355 28.040772814549655 28.27155532680763 27.810203720874142 28.47708521648883 27.105033739675036 29.01878435634808 25.902698671342932 28.1735869385966 27.94730593691611 28.31263960987917 28.531225508571424 27.31723177642243 28.689709080991634 27.736255897789306 28.225353889140933 27.50476831424203 28.42588153281031 27.890160924952852 28.90035254663917 29.51342120457275 27.651208651177058 29.144484596205075 29.418375127643685 26.990686203945643
26.873492386194812 27.200636902997758 25.06492383527211 26.3298437481958 26.678947172169046 26.337008271937066 26.208682097199926 25.858460428411036 25.719984056660905 26.593751697125754 25.22066497158221 27.206557497906033 25.466148641415202 26.20713735257823 25.710445752960823 25.22747180682245 25.58706225554488 25.02990105527988 26.04900227754797 26.751707372159217 26.93972965146395 26.227654574117423 25.53759646621529 25.981864872459028 26.36789809183665 26.985433441624536 24.071371138238646 26.57343318095036 26.115541918296913 26.114320507932916
24.528814012872317 24.600365699478516 24.512753129103658 24.6243799851718 24.794513926616673 24.513632691188377 24.007053083593746 24.372501922145602 25.156763969102485 23.682224340670473 24.82721344855827 24.393791424534356 24.34288004286782 24.245281580651863 24.137459819663945 23.938633387489517 24.694800005520392 24.097520645709665 24.691802630095935 25.074230990382148 24.248313823697572 24.483851664399936 24.00437928920246 24.374815969903466 23.876408160075243 24.46925050867685 23.3036088715794 24.798743184021077 24.36982647414652 25.060747963555514
21.26409702069668 20.777014651444915 20.913839322078275 21.07368507668707 21.07431566618061 20.68861195004729 20.989526319373454 21.204683916984322 21.068681266061958 21.10323910281295 20.799695097248332 21.08007571670487 21.06605862059814 21.411810242884258 21.268314326442123 20.873751933686435 21.049944803555263 21.17593354218343 20.998594476024664 20.826175094191967 21.154168733066854 21.125431279810527 21.030616438413745 20.81217847055268 21.260309165627405 20.839319189791695 20.75724538330769 20.95216504563996 20.83946390681467 20.82583674667694
1000000.0 1000000.0 1000000.0 1000000.0 1000000.0 1000000.0 1000000.0 1000000.0 1000000.0 1000000.0 1000000.0 1000000.0 1000000.0 1000000.0 1000000.0 1000000.0 1000000.0 1000000.0 1000000.0 1000000.0 1000000.0 1000000.0 1000000.0 1000000.0 1000000.0 1000000.0 1000000.0 1000000.0 1000000.0 1000000.0
