2330.8445111050996 1833.3860162481692 2171.0611015263908 2206.980139611943 2399.2907256109947 3027.3865706688994 2352.752130481442 1914.72041752299 1638.5477670086111 2902.4504271524943 3293.829686610883 2812.4356259497363 3264.495595086917 2180.543851887503 2320.659371083522 2401.712737649926 2234.311650440206 3093.4105971352024 3381.345374637045 2498.6224202168282 3781.9729021694875 2116.6761020339904 2943.4947983291913 2409.2718722640843 2731.316477508041 2977.668426379531 2644.841855645679 2569.819538672955 2895.7066523432604 1095.2816857393775
2330.8445111050996 1298.0379244663645 2171.0611015263908 2206.980139611943 2399.2907256109947 3027.3865706688994 2352.752130481442 1914.72041752299 1638.5477670086111 2476.6142226759985 2190.039581690904 2550.0828659563113 2553.7478660908055 2180.543851887503 2320.659371083522 1196.1796024654914 2234.311650440206 2176.588420017251 2329.311412898399 2498.6224202168282 3781.9729021694875 2116.6761020339904 2522.0987884254173 2339.105012673936 2580.164977939856 2897.526197955805 2644.841855645679 2470.5320642063607 2895.7066523432604 1095.2816857393775
1569.5815022045158 1298.0379244663645 2171.0611015263908 2206.980139611943 2120.0369593918945 2810.9254537763136 1140.7878231371108 1144.4849930095568 1638.5477670086111 2476.6142226759985 2190.039581690904 2550.0828659563113 2553.7478660908055 2180.543851887503 1838.397506050027 1196.1796024654914 2234.311650440206 2176.588420017251 2329.311412898399 2498.6224202168282 2189.820218056533 2116.6761020339904 2165.391326046974 2197.724375588709 2580.164977939856 1066.2043592568357 770.5822069553114 1855.2136606221784 2895.7066523432604 1095.2816857393775
1569.5815022045158 1298.0379244663645 1457.3047517362766 2206.980139611943 2053.973393850171 1847.6191080772537 1140.7878231371108 1144.4849930095568 1638.5477670086111 1690.7889399348114 541.3991828062669 2550.0828659563113 2553.7478660908055 2180.543851887503 1369.0413700558229 1196.1796024654914 2045.4999069904488 2176.588420017251 2329.311412898399 2498.6224202168282 1332.7065728092075 2055.539856836511 1860.5733892596236 2197.724375588709 2580.164977939856 1066.2043592568357 770.5822069553114 1855.2136606221784 2895.7066523432604 1095.2816857393775
1569.5815022045158 1298.0379244663645 1457.3047517362766 2206.980139611943 2053.973393850171 1847.6191080772537 1140.7878231371108 806.0164312028724 1638.5477670086111 1690.7889399348114 541.3991828062669 2550.0828659563113 2553.7478660908055 2180.543851887503 1369.0413700558229 1196.1796024654914 2045.4999069904488 2176.588420017251 932.0688438511138 2498.6224202168282 1332.7065728092075 2055.539856836511 1059.0032829081244 1728.319213896757 2580.164977939856 1066.2043592568357 770.5822069553114 1855.2136606221784 2843.4432424840575 1095.2816857393775
1569.5815022045158 1090.6732127857047 741.5704730259706 2206.980139611943 2053.973393850171 1847.6191080772537 1140.7878231371108 733.731133282384 1638.5477670086111 1019.4296920978536 541.3991828062669 2550.0828659563113 2081.1270856254064 2180.543851887503 1369.0413700558229 1196.1796024654914 1221.301881750198 2170.346700770712 486.3248931025714 2498.6224202168282 1332.7065728092075 2055.539856836511 1059.0032829081244 1728.319213896757 2580.164977939856 1066.2043592568357 770.5822069553114 1855.2136606221784 2843.4432424840575 1095.2816857393775
1424.5330262524212 1090.6732127857047 741.5704730259706 2206.980139611943 2005.597091562534 1338.1399528241318 1140.7878231371108 733.731133282384 1638.5477670086111 1019.4296920978536 541.3991828062669 2550.0828659563113 2081.1270856254064 1853.9074142146765 923.5394198775903 1196.1796024654914 1221.301881750198 745.3454733874551 486.3248931025714 2498.6224202168282 1332.7065728092075 2055.539856836511 1059.0032829081244 867.0725152308073 2580.164977939856 1066.2043592568357 770.5822069553114 1460.2528733194968 2843.4432424840575 1095.2816857393775
890.9340283970996 1090.6732127857047 622.0095279863717 1229.901783503573 824.38198162259 1020.618980669494 1140.7878231371108 505.032260886378 1306.8556275350184 1019.4296920978536 541.3991828062669 1350.4973088831512 1298.6224401550735 1428.5968055299645 821.7534679643027 468.77122347441286 876.0378906135934 745.3454733874551 401.5248424559893 1053.330450575367 885.8860268742474 2055.539856836511 1059.0032829081244 598.3688776189556 1536.7560967981326 874.3093298412491 770.5822069553114 502.2980627564268 1632.6948384673678 1095.2816857393775
756.0633940142161 715.6510821718152 518.0829098071727 731.1380084709942 824.38198162259 631.3987321114034 737.8662095139789 430.4090894025162 420.9311622068474 570.8318057682304 541.3991828062669 1342.4337664585191 661.950906628485 972.4319198624421 188.31400989780218 320.96760992094596 702.7442227371528 542.2976187253657 358.5404975602155 1036.980220761109 370.5675389655835 656.0372582371956 576.2456065345873 286.1266706803317 883.0980748306035 402.03576361194246 426.8117152654388 439.55882124569666 1179.697575024209 563.6907264421684
300.91351474338353 413.90156417893036 296.17685560723567 477.8177285875397 248.78649493486273 441.730927547736 390.39431992629466 274.6375742161688 398.3035929360924 247.74058496874977 354.2945165835433 540.5850802372202 223.97653587011655 341.6639869946541 188.31400989780218 175.70717915814475 350.14870030366455 216.18849672123315 290.70741053515235 504.49607199210004 197.8313728166704 520.5417326889938 345.2404036687726 166.74814434558948 303.68166375385135 267.6007840471002 199.8668386531765 325.2983671861441 630.7754952469977 299.6218406734936
134.4805377313146 133.10819201740787 212.91311783502601 132.61849630702477 172.16783983543678 154.54870070764605 293.9334077665819 125.8984648711089 168.809901767964 104.33634877537929 126.97618822823074 89.60352427182579 197.6198919860833 204.09092593334162 99.07733094041839 78.09936789819915 217.14218145294944 51.82609389056984 217.33978341353304 291.774870564054 172.89460273866666 333.7780101199994 103.77030130389278 127.3800758673035 111.23453276150985 150.66100649620194 155.21247883606839 99.28500270990867 291.2967929653737 130.53321595496027
49.685454093278736 130.8767721517188 151.5619437734399 64.2268408985417 79.00717008408128 78.12055154353493 129.42190693329576 57.21888413394231 52.488610179856096 94.83178283757832 90.60706141335811 54.194325330627976 90.44405421792521 134.9189059126627 36.82986606656675 46.92130027649603 49.98348583189693 45.00072686812621 103.04258981417365 80.20477850859584 33.35042607018431 118.01061207799773 103.77030130389278 67.22173362567935 21.146090165376336 70.30755900953955 59.92295630277147 99.28500270990867 126.68792010972948 64.62185777367267
32.84661662899725 57.14372735160691 41.731803250526355 8.384077633923425 52.59755516886196 26.457050385586513 22.965292677966772 31.73563438549604 14.765081183855955 26.374453432568544 28.49468114421518 36.45216597775027 31.08751415546783 36.770034897556684 16.036583526348863 21.811139251788518 22.45862878011144 12.247481325018953 41.0416960972409 38.40453219104813 33.35042607018431 34.56278380768822 34.34600122555082 24.754045052745255 19.008475199784698 26.05040037071649 23.79910763611383 27.350964835357672 44.26016992859536 36.733909063177975
6.807316707698874 4.9200406542584005 6.157241447479009 3.8589665280392182 5.933002821502441 4.861762911948972 2.1105577668737396 4.350121035178518 4.112599381849122 4.233072824486271 3.4216253903636016 5.0628460970104925 4.182614952399945 7.226491389373223 5.081237204091849 3.3928367206675603 5.822023428849889 3.8696705615622022 1.944098953985531 5.228580932996124 2.2547819255213426 4.248812486397469 3.1741932770655694 3.019103756052232 4.633782800802237 4.082903522647825 2.432510139839337 10.134614320451988 15.26237599934825 4.150297334285028
0.190113880825038 0.7642089293218532 0.3380014210158606 0.4615769420971674 0.5440393642084018 0.2697035580429201 0.15754045835103625 0.05797800294192257 0.31919154154763874 0.38619141987317107 0.17582801683693106 0.2692925570499938 0.3767346150796129 0.36232190034797895 0.5643913685107691 0.02359469531643299 0.43062408030709776 0.09850844075583609 0.6637893021307946 0.8080529731813613 0.3670705325802146 0.2354249163967097 0.5062527773785632 0.1799946343217016 0.15183380333462537 0.19825041875083116 0.1149167685238126 0.34374966676148233 1.0287705975176777 0.3040059780834099
1e-08 1e-08 1e-08 1e-08 1e-08 1e-08 1e-08 1e-08 1e-08 1e-08 1e-08 1e-08 1e-08 1e-08 1e-08 1e-08 1e-08 1e-08 1e-08 1e-08 1e-08 1e-08 1e-08 1e-08 1e-08 1e-08 1e-08 1e-08 1e-08 1e-08
174081.0 179691.0 180919.0 180195.0 173063.0 178993.0 166094.0 169439.0 176430.0 179411.0 176214.0 181219.0 177246.0 172235.0 179922.0 166292.0 173684.0 164527.0 178053.0 181059.0 178352.0 174575.0 182218.0 176262.0 174471.0 175967.0 167499.0 183121.0 176814.0 171675.0
