891938.716874142 148813.8525977973 1022184.8207708349 57235852.4599964 227108184.2814583 7441678.105261146 99707.14561473182 661883.9756827012 1304768.369471751 4763937.569262071 69220.86617861161 97274.86671477472 2338976.0938455407 711716414.2159749 5054991.625998953 109935729.10640861 642424.1172503671 188929.7060382694 1577192.3248195678 2185509.0984336156 148807624.48244354 95598.82509424236 150108.4895243071 6445913.49210783 94281.02950880973 137313.98542990486 2304550.8616291448 374095.0229121176 91974.94102642294 579710719.8401712
891938.716874142 148813.8525977973 84624.48886700581 195963.4450524581 1155356.4835020907 7441678.105261146 99707.14561473182 661883.9756827012 1304768.369471751 104283.55659838094 69220.86617861161 70039.9065532517 296433.93591395457 3363348.475750665 2323106.3772898563 109367.83782983222 128443.03343731827 98663.95567429329 120576.67903033916 1322682.900435259 1058054.9204130732 92017.41995713931 150108.4895243071 1322537.3078273593 94281.02950880973 35623.47064657553 231590.37957346393 269021.02424982947 91974.94102642294 60035.06073030499
108882.87152533497 61720.21352695955 84624.48886700581 82745.28572693522 88552.06680445424 89036.03348774137 98885.14308834 140094.96397421334 136350.02855952497 104283.55659838094 63257.88924312401 65531.31065267655 102206.57957102949 68992.23246252038 83610.14098553735 86619.99923554635 91736.38504922585 98663.95567429329 102356.51297349641 1322682.900435259 97753.35459513609 92017.41995713931 65888.864863409 82498.41285227046 52627.68557011697 35623.47064657553 79356.71246675037 71778.13874201724 91974.94102642294 60035.06073030499
75523.52011413913 61720.21352695955 71573.70941401015 82745.28572693522 88552.06680445424 89036.03348774137 84372.3442503764 99311.8511182367 41341.01025381488 66833.26158684914 63257.88924312401 51657.07123967873 102206.57957102949 61305.72054657336 83610.14098553735 86619.99923554635 91736.38504922585 98663.95567429329 68742.37441232262 83134.14445880936 79810.26588265016 73689.06851974329 53179.6321376681 75947.6233260303 47807.852106444036 35623.47064657553 79356.71246675037 71778.13874201724 55386.10930968465 60035.06073030499
50551.56255995529 40015.74989717703 40071.95612369365 56097.266106268966 67673.76358124492 71958.3213288902 53182.45572427059 59496.101739427504 31050.532598974285 61859.78489056016 52967.767453330955 51657.07123967873 47433.60630282555 49492.39805124622 59641.38289274966 55931.4458977255 63534.466767494596 74448.12837454483 68742.37441232262 70060.75886413419 44559.66163452481 59864.751811157934 36743.42728675719 63482.90483022193 47807.852106444036 35623.47064657553 47445.38830102448 54650.1140534051 44448.99314100176 50491.47466688717
26483.463247894833 40015.74989717703 36001.19441440222 46609.55890232369 46838.38698059103 46753.935999122004 37816.74922572244 40018.83438435135 31050.532598974285 43004.93917282309 43231.41056519735 25874.260486590872 44512.532836469734 38509.8575491435 49877.115991083905 46375.44475869723 57084.83718629254 27948.43814248007 68742.37441232262 40577.815702583925 44559.66163452481 58831.95323770243 25321.11826653604 54461.30452382453 47807.852106444036 35623.47064657553 47445.38830102448 54650.1140534051 44448.99314100176 50491.47466688717
25342.130838445846 39561.166733138496 36001.19441440222 39616.06399794024 46838.38698059103 45925.53232156475 34621.67212441698 38372.27533965298 30426.751180872292 42342.369410861334 43081.15562988988 25874.260486590872 31406.096324719758 32697.072320514562 42025.55006032894 43840.8466793579 40670.787621340016 27948.43814248007 51328.94731214167 37177.18339289488 43250.147478954066 37962.933964213 25321.11826653604 37504.31595766349 43651.50116495505 35623.47064657553 47445.38830102448 38924.01300569761 44448.99314100176 36396.170099839524
25342.130838445846 36331.97983960936 36001.19441440222 26286.50959942709 38432.24689331241 28535.300447526522 26915.152554449596 34108.768881501404 27694.44787550283 28887.00652642895 33543.01017923963 22200.674353513376 31406.096324719758 28798.574333242806 42025.55006032894 37547.21485829736 36159.96102635538 26606.837703842273 50290.27583817408 35523.96212277767 32921.0394337512 37926.94504283116 22933.07841031214 37504.31595766349 41987.70233638908 35623.47064657553 42729.70864638863 32871.56711176705 40939.11128273925 34990.814987466445
20063.30299596948 21554.5512336195 17507.01926044087 14496.826590652874 26667.629364363118 28535.300447526522 16790.84635538967 24120.93727869598 24285.51477968933 26080.320809867073 27989.732465632722 20094.069526999876 23062.7023392269 28514.915516577195 28219.68938964325 31808.793442830232 29681.464197267676 23406.2152718768 25685.41932753851 23958.53754686082 23463.124334718806 28451.551295988356 19082.137327252054 23404.165172383044 36554.871847927534 25322.254236065684 39570.226337845284 21803.006167119547 34406.05577864715 13664.376255345871
14179.36315539413 7845.229017967566 13129.497805367591 10377.737756271106 15337.946781799144 17335.43598627766 14387.496723507486 15867.02379823464 16072.65472210842 11492.889125058626 9991.174674602942 12488.691545373205 16350.927528564851 15785.613607080253 19008.499914281652 23435.187081236414 20400.211114599915 18721.400559024438 16330.286471272826 22520.627679735546 14139.857487453317 21723.567302494892 9368.887290254352 13003.171413505414 17186.95746041377 15404.709046827244 21062.00005332915 10292.08197195873 20670.14997220945 11397.77048749198
2986.079574138993 5637.159114360831 4177.888850679645 1869.7767253770376 2511.6919104401773 3620.663590894664 5568.4205225829855 4030.7303057355284 3693.7930745234376 4892.829586709257 5274.311846711121 4993.663930283053 5530.919188908392 3995.8476960296193 5640.112408838735 8905.909254999695 4643.5079813522525 6034.427549164734 8978.45017318048 10137.081729819802 3116.465707218633 8210.914622658167 3273.9875901019 4258.263061191363 5589.3501087669065 5910.3977507821755 4143.593347247719 2530.8689139113435 7008.736310656921 4590.660335503747
0.0014443055083575018 602.3773107239584 0.004024568733655087 2.815741595441068e-07 0.011841535002474757 0.3264632137385206 12.792176047960083 1.9792307000443543e-05 57.21881134682161 0.0008479922445872035 425.2147136680553 213.27108173438523 10.111784189187972 43.83306694812018 526.9522209420663 1376.4621425112198 4.319682175149126 333.779412528736 660.8289516920419 134.01775318387627 7.246350151035585e-07 753.4752494542711 2.4608172739405063 21.228837550694323 0.014930102027221892 0.1556798437234761 294.0654415526019 0.09142554422334115 1402.3214163198277 37.554117274838745
1e-08 1e-08 1e-08 1e-08 1e-08 1e-08 1e-08 1e-08 1e-08 1e-08 1.0254478297611058e-06 1e-08 1e-08 1e-08 1e-08 1e-08 1e-08 1e-08 1e-08 1e-08 1e-08 1e-08 1e-08 1e-08 1e-08 1e-08 1e-08 1e-08 0.5979492376978897 1e-08
1e-08 1e-08 1e-08 1e-08 1e-08 1e-08 1e-08 1e-08 1e-08 1e-08 1e-08 1e-08 1e-08 1e-08 1e-08 1e-08 1e-08 1e-08 1e-08 1e-08 1e-08 1e-08 1e-08 1e-08 1e-08 1e-08 1e-08 1e-08 1e-08 1e-08
1e-08 1e-08 1e-08 1e-08 1e-08 1e-08 1e-08 1e-08 1e-08 1e-08 1e-08 1e-08 1e-08 1e-08 1e-08 1e-08 1e-08 1e-08 1e-08 1e-08 1e-08 1e-08 1e-08 1e-08 1e-08 1e-08 1e-08 1e-08 1e-08 1e-08
1e-08 1e-08 1e-08 1e-08 1e-08 1e-08 1e-08 1e-08 1e-08 1e-08 1e-08 1e-08 1e-08 1e-08 1e-08 1e-08 1e-08 1e-08 1e-08 1e-08 1e-08 1e-08 1e-08 1e-08 1e-08 1e-08 1e-08 1e-08 1e-08 1e-08
104700.0 151300.0 105600.0 94600.0 108500.0 111000.0 121700.0 100500.0 128400.0 104400.0 174500.0 140200.0 119200.0 132000.0 152600.0 150500.0 119100.0 164400.0 153600.0 123300.0 95800.0 148100.0 119700.0 127100.0 106900.0 110500.0 135000.0 112400.0 223400.0 123400.0
