109.93900842785206 383.43942436276484 121.4833319514014 144.40675334541538 229.5009137206498 363.34453867095726 180.3726586237608 86.39277910298597 291.60942753026484 350.6037867322384 77.07740537130121 79.88722660904978 287.80900877700014 249.89203747135343 120.24631297380938 211.03697939092035 323.1009885214471 73.45873117342353 256.48698872547175 256.8725065473941 326.6769558649644 425.2618300870258 100.4999689974361 212.4735404611747 62.30680594377054 200.91983793859208 126.8818976869652 306.54132121068915 135.7194073778237 201.68482499188804
109.93900842785206 66.29784170995299 121.4833319514014 144.40675334541538 89.25521763161441 112.20784733359278 132.7428913593053 86.39277910298597 291.60942753026484 57.40783934678848 75.46529043226565 79.88722660904978 130.41402110076524 139.90803336504268 120.24631297380938 192.42358992213167 85.90372646848164 73.45873117342353 180.25485663951395 67.7327041247604 113.3976032259643 425.2618300870258 100.4999689974361 212.4735404611747 52.66561372903516 200.91983793859208 126.8818976869652 247.13186283834148 135.7194073778237 201.68482499188804
102.36098751707596 63.36669401364679 77.79141238878401 61.89316350955369 89.25521763161441 112.20784733359278 38.477904901347756 42.55781798287262 59.16585139325616 57.40783934678848 75.46529043226565 79.88722660904978 62.813896781523454 137.61003731687788 75.8217198291768 133.31592660129445 75.27676988008079 73.45873117342353 69.77263847698214 55.407801973801725 113.3976032259643 187.67243193682225 100.4999689974361 104.06798189359597 40.27453625698308 175.8259637658357 125.07639647405449 55.66015252858915 72.7521244016234 71.42499818427268
85.23250684353707 63.36669401364679 59.28388974595509 61.89316350955369 69.2829211205476 68.49305474281982 38.477904901347756 42.55781798287262 39.74857920923978 57.40783934678848 75.20577711456235 79.88722660904978 61.442281437081874 99.60724775186873 48.96449407366799 90.77184524911672 75.27676988008079 72.69746290710918 53.23938015461863 55.407801973801725 31.7907136373542 94.72764833327983 54.29189457703842 104.06798189359597 40.27453625698308 175.8259637658357 52.45402493018537 52.60192910237993 72.7521244016234 71.42499818427268
41.838732438932766 61.3492803782724 50.28889355370575 55.587533754441665 46.22045803466017 68.49305474281982 36.78061238005694 42.55781798287262 36.882715590364114 46.03879234133228 49.49158301156649 59.83238807016596 42.581289662794916 42.920384973050204 48.96449407366799 46.81410867215118 58.435359983795024 43.78742167034443 45.64165378372945 49.030057518310514 31.7907136373542 55.590043522905034 54.29189457703842 49.3207243538709 37.25731867726654 79.03772449053986 52.45402493018537 41.83519866998722 41.40667254138407 60.6653626153543
36.42771234448446 38.71680888973242 40.72974667981907 39.670755636997455 36.86835904677446 36.457697858532356 36.78061238005694 38.361113877694606 33.26146146789597 36.907054054048785 37.91148546747445 41.98884356043391 38.494286814887346 42.920384973050204 46.84571110506431 31.333545505229267 35.10859556342257 36.1428869652068 39.72560181174913 33.283235572242575 30.10400324025977 36.561250209283116 46.06834264103054 37.866864218389765 29.681475881330243 41.301717441440815 37.28554295741151 40.171122663826736 38.159131069395244 29.924274295808573
35.49963197994293 35.6719090079514 31.613286472048003 34.654729217149 34.727235487258895 36.457697858532356 33.839902132834595 32.63143659032539 28.212375955166863 36.907054054048785 30.772139041393075 36.86721622139248 32.2493763595744 33.34949170453183 37.733358380661684 31.232730388351683 32.52719287785749 35.03647614588772 29.787596335978833 31.40321916292578 28.94744681576185 36.561250209283116 37.05699982354008 37.866864218389765 29.681475881330243 24.65988743921298 32.30208357846823 32.16313724468955 29.411096265859214 29.685032807565676
32.52679850938557 29.12340791974384 30.923045060530512 29.520641672630518 30.383715351354567 26.27907227736023 31.501576965961704 29.471967346219117 28.212375955166863 29.220888686187664 27.935861459092393 31.93495597430092 29.362545664038862 33.34949170453183 22.204506936325288 29.66392761480256 28.75602309990518 28.876936711771577 29.787596335978833 29.812176415584418 27.18095219062934 33.510854823641694 32.12845256567152 31.187281580456784 18.749091059514285 24.65988743921298 27.315470830621052 28.44767830210185 28.021783528485685 29.685032807565676
29.27088608024178 29.12340791974384 24.49529647495183 23.635177609132825 28.703688782043173 24.91929921929068 29.611306015774062 25.5193564753763 27.74376082060553 28.953033042713287 25.854091814642743 23.30328636220065 24.386675622639814 27.31879905266078 18.91727710000532 27.9695849355694 23.435248249139477 21.320734884767717 27.798385817542112 27.587448728695563 26.883299085851377 28.895216981798512 26.631391103840087 28.901956549282204 18.749091059514285 24.65988743921298 27.315470830621052 24.295591951022743 25.7807682319135 27.543016490278205
28.26721711353639 15.866827194523921 21.026453034648057 22.32309123092591 25.924313156732296 24.91929921929068 26.994341201220323 18.74239618551701 25.52272944051947 25.83832434128408 20.257186669828116 23.30328636220065 22.19560136963355 25.890235723327805 16.171453521941658 26.873408170706625 23.435248249139477 16.055079102497075 26.423903577168403 25.60796953129011 20.83149263503674 25.958408724358378 20.761704497390383 27.026821756154277 17.74065533638077 24.65988743921298 25.054657300561303 23.10329229061017 17.577623741204206 24.5142527484727
24.36831838733451 15.769942455068758 13.891541715299809 13.73371634256182 23.59563728425792 24.35135527698185 24.883688818287283 14.421930498429447 23.720028983294014 25.15034306061716 19.705197493185096 20.952462735784138 19.41971324525457 22.335838866892118 15.923577124909116 23.703437959654366 22.546783677153144 14.629485458950057 20.929366491164274 23.648037928393023 20.61654281220217 23.975468677823756 19.898415070509145 16.873502895771708 16.571394920149487 24.559481014895937 23.7425590470757 21.004088130135187 12.277688005646269 18.144405564341014
22.896007368054597 14.905615898360338 12.747940989243943 9.780018429858046 17.070656605760632 20.657755579449713 21.808814374969643 12.356484564873426 20.40251012256931 22.334833338346016 18.161922941655575 19.784861009441556 16.94879322461111 18.632227311836687 11.793244860525647 20.238732362902283 11.884879319540232 12.949858001781195 17.54870470722517 23.18663633746064 11.269469459191441 21.368081429183803 18.89709319158692 15.583000281547356 13.465923416037185 23.622799164003027 18.524938059075794 14.643273969140864 11.008216662166888 11.910688655032573
22.129575325791393 10.448287993418035 10.772817499860594 8.120166751446959 10.354484904995843 16.896005611687542 18.769716655612683 11.030016565422557 17.01817540496495 13.24170907590269 15.136309399363654 11.29593823283085 7.027410946591772 16.69987281541762 8.470225427722653 16.298039917905953 10.225607141543605 12.532113614037826 9.848877096001615 18.212581804412366 10.606412909871324 8.609308873019472 13.146348126680095 15.565463590105082 5.697921640616187 20.022322858291773 10.886428556106239 10.101579642956949 7.221176597887734 8.409625800615686
13.214703450881188 7.828205837816768 5.262960523813035 4.006589205859655 9.509719444517941 12.141616679374238 18.057188920660792 7.212931641247451 14.04694763067073 8.939906487765256 11.913638897504825 4.18102146309684 6.736118218890169 5.3909408689683005 6.131709715486522 9.637091772618078 10.057386316868815 12.451714451422959 6.945768811487142 15.214284067533754 6.70119588946045 6.5766178834314815 9.14232103404811 11.038409785053773 4.120313480709228 17.39804848422773 10.566742868689289 9.010672123365111 3.6901332579236623 8.128553328681846
10.407146601582554 3.2528204472068865 2.6249410945470117 3.097834547565526 5.926070710087515 7.763470721369686 11.097660269531843 2.2319662443146626 13.323620134834073 5.766789070452887 4.04682149908831 3.4331795471584883 3.2709745693700825 4.294056076274956 3.922725726160934 7.523895308569536 1.6891915130731832 9.26692872069134 3.8618936181633217 7.801094622280743 3.0164489305825555 4.4256118352095655 4.515835891849747 4.909164410580615 2.5045197687290965 10.314894882746103 2.5365810168050302 2.794486194019555 2.545864641125263 5.003985757147348
4.737423335461699 1.9815947444967605 0.8934330783545192 1.4183511598789664 2.6957747934038707 1.6365311487770668 7.272089048709859 1.0024772133010629 4.615702072108434 2.6656493409777795 1.9656901412217849 2.0717741788903368 1.1849309943258959 1.22063589386471 2.467767997277406 5.634149735441497 1.0579757449554563 8.097124954962965 1.2453520304134145 1.6034809011512152 1.7513531972163037 1.2455363766039227 1.6221098003693442 1.8771228156210782 1.3404549615074757 1.7776858255601837 1.9346138084974882 0.9453698317943235 1.4968430916105717 1.5369988195739097
200000.0 200000.0 200000.0 200000.0 200000.0 200000.0 200000.0 200000.0 200000.0 200000.0 200000.0 200000.0 200000.0 200000.0 200000.0 200000.0 200000.0 200000.0 200000.0 200000.0 200000.0 200000.0 200000.0 200000.0 200000.0 200000.0 200000.0 200000.0 200000.0 200000.0
