335.5969561437714 267.17388599045444 289.5359415595692 250.16883972817004 301.19112390863984 286.64148401867624 307.3630834910159 192.20908199319615 270.15259332773803 343.9626788453568 303.8316173577862 323.89780758020515 328.2167922557637 330.0273294420117 297.6954319660165 277.1482528548247 321.8302924705015 300.54985686537634 279.9597620606921 305.14050490750606 323.804148340412 263.42261444752717 284.47831127003974 305.0619399564773 318.463033078172 295.8549791371138 269.3749582283979 327.45278156721315 299.32801875353107 303.6808074950293
287.9464330746421 267.17388599045444 208.73446273809975 250.16883972817004 264.83716643754474 286.64148401867624 306.85449038965726 192.20908199319615 243.80407632771676 283.52438647786494 208.0312937677212 249.19177809746634 285.8634794674522 291.69456191854965 253.3725895280179 277.1482528548247 293.0679140626871 276.51135948176693 279.9597620606921 305.14050490750606 276.2734305177005 263.42261444752717 284.47831127003974 274.1667928702277 250.11658837496975 293.09253730326895 244.04954555623294 284.8256627591404 280.6390407509607 278.9347638165498
270.9005950276651 239.61193448186395 208.73446273809975 250.16883972817004 225.73774417795153 259.7366153389553 258.1941559550751 192.20908199319615 206.50166251324686 228.7726324577668 208.0312937677212 232.9324381933452 269.0038178004013 260.0106954880498 249.0937755154771 189.06366197499278 258.17136508079784 254.90640799761354 256.7225667261084 242.20631658876528 245.32089201884605 240.90641382458057 271.20189160583254 253.98411308102936 248.27627011273012 213.52364155882515 244.04954555623294 224.80460435143232 233.756580429942 247.77423610411438
223.12703183149097 225.78691328251625 208.73446273809975 237.53685188051645 225.73774417795153 232.1076986363987 237.08515978646346 192.20908199319615 204.4357967902573 201.13620402811307 184.16756663678677 232.9324381933452 202.91735422350757 223.58097854004757 186.38617378533968 162.35568854211226 205.08549531884955 201.4248328851288 213.04977897988329 206.2791962622914 238.61583007759123 228.79250560493642 202.17196232384242 230.03934110661635 217.85126492997006 213.52364155882515 194.7575315231786 210.40799657580862 204.2636074643267 216.3975396151061
202.35630084745242 208.46110974789906 166.58479317458705 133.58892600302875 188.67939943745773 179.01620937288703 200.37591053827305 174.75604986418705 189.2056261761909 187.46323538674505 163.25851306914524 184.85315124383783 172.43403929050123 191.83161904871383 186.38617378533968 162.35568854211226 205.08549531884955 199.43629499563792 188.90293334899116 188.32971079843674 184.25547902857522 197.0164976415897 200.7491226369841 189.06714637489154 198.85068809757263 194.5750405693567 194.53807461033193 194.7968680328845 164.0812241531471 142.88363780226462
164.05192067035705 162.0090325264689 151.61716229959438 133.58892600302875 173.32904677189595 147.91739124705555 154.77475524149872 161.54624861490925 153.66468813423717 164.50381130796893 163.25851306914524 162.41243847870976 142.79235613611104 143.32022641754986 163.32624925639755 137.99844820272506 164.626570653033 153.0178764007792 160.4174938645483 149.01906052799745 151.37534214617313 153.11960703713817 153.79678703546824 147.73762945700514 160.96850055985908 178.45752996383635 150.1975300528302 166.80880453632926 133.245282700281 142.88363780226462
132.6440452005569 135.26135520030562 151.61716229959438 133.58892600302875 151.04801554950825 139.47600072882676 150.86012421436897 140.52925944359617 133.98858686806852 132.58614611963014 151.87192644659387 136.39903754171075 133.7098460286603 133.35869560985986 124.12108740136193 137.99844820272506 146.82497556447538 146.2790734660225 128.4116692632815 143.51729048095729 129.4857082393545 135.39251894339645 148.55415373057008 128.39979935214558 129.88098389250797 150.83780548925324 147.15340068018327 135.0273394235801 102.60359026870412 121.52584678167705
123.02545760306316 120.36902000431496 114.84065499781764 133.58892600302875 104.53336021189693 128.9354185986274 116.14999017585762 127.61759231207691 125.85407048073944 119.12750073257826 124.30661410917787 113.05416727416537 122.40367428903767 128.54393127335948 112.32614753508847 124.22214985218591 130.0809429781417 130.03862919559413 128.1768793779222 125.95952234703998 129.4857082393545 135.39251894339645 127.41731498662443 120.81476256355631 124.4054969627723 136.6223528419696 127.54840000002343 106.55469855426873 102.60359026870412 121.5047634353225
114.80660614684837 120.36902000431496 105.8136627557949 108.6274278573103 104.53336021189693 119.40650393937835 103.54362835093457 109.90117551222079 101.6896651269459 96.44947742352872 108.37764061614189 113.05416727416537 113.77396100343412 111.57330512889087 100.83580771545712 103.1985112586043 122.09106038691266 107.27136122000161 110.35809357370374 91.73757829594138 121.78432980100615 108.7514489530538 118.3853233755923 109.66218584121316 108.00080950122663 125.89003504067875 112.9214905142153 106.55469855426873 91.27580504211187 106.0776280466896
59.89797315093335 62.954446293150454 75.90199052027424 83.06219988609075 65.27903060484141 72.58906317487754 79.83538519773106 80.26640858908252 75.74064793178536 75.14549818174396 87.22669652480647 65.75517454963381 68.91544242237114 70.79239507938576 69.19342258947393 72.0898269137258 89.09071587079961 82.85009962208221 76.31714793318031 65.97013985255842 74.09873319634517 77.5503223894907 91.31107281075026 80.88473841470011 76.29865815676442 78.33692150330774 83.57884059574474 76.68523786236437 60.76428948728892 74.75747471062357
36.83478332266998 41.50886821053882 36.88163888873851 24.226736077786086 40.755389349222696 36.16773940576206 41.375198767716256 38.82785367304007 33.894818626913775 29.717468523857747 44.62833036080542 32.159007796160154 36.86859428710591 33.00076555803594 40.59332865155807 42.003865925217724 39.305871452987844 48.50218187559301 33.72809133346459 43.97543548500357 41.284841474698396 34.5967957178583 45.08958213248968 36.28497276687085 40.11322682281207 51.65979234258839 48.501009196399764 26.515578778267127 35.52410535807485 37.948876604545376
16.809129753382535 28.6204773892116 24.39179545531954 16.292264260861316 21.894910187590767 21.693792462805277 17.09293451294866 25.790645764957958 17.300466202432517 16.926236939886167 27.44857200920012 17.78608044085388 24.633772661691523 20.140123605252256 20.093893460780578 24.9125928833148 22.485100731126067 30.037262047067543 20.801660264600287 26.137365454585733 20.7689727535967 16.821451755324347 27.722377677313943 15.220827783706227 25.061729152267958 29.136632356452424 23.16891619247633 21.39393037347554 23.44184908456532 23.866063212060112
11.668479253646296 18.733468396881676 13.807684432584665 14.620575142890175 13.22473142407 13.287984644517906 11.12490499259286 11.533302543142554 12.202290087532333 12.20791164440493 18.378941632113083 11.533805356889843 11.095042328846262 13.376289655681262 15.987082781343815 11.56270734628356 12.84661819799885 14.86340547001555 14.837435807184306 12.390333151016307 14.157083419698779 13.05759530231785 17.868030310826384 11.755856126876779 14.930101759924582 20.126632871529182 14.899232147091652 16.53507185178762 12.312544256278215 14.95002338995198
10.30913258541591 14.079286577282687 11.37366887077792 10.61168646263809 10.53928756538096 11.156920838349492 10.337376396943 10.19171792863608 9.801207160545914 11.25263633557256 12.55222036833436 10.33699162776054 10.197840978546878 12.168825271415926 13.643053481734228 8.359521270991308 11.346278607374643 12.477210433229061 13.159814725815295 10.322299948401678 11.467835476100163 10.35507173780968 13.960879668024631 10.201082757863105 12.818034221296784 16.92854440633448 12.354314628940529 13.857408317626778 10.184065772006079 13.107912931445071
9.973209432810677 13.953359000433238 11.023708180753033 10.034318975741371 10.130273243800957 10.986111512360822 10.015597494808162 10.039832124806253 9.089929805873453 10.991478645636334 12.092285715495109 10.048015999546806 9.982819221785235 11.958645432673507 12.988397974237046 8.00689953775327 11.007301637970158 12.009417795003401 12.993915337805674 10.055036971271761 11.013730338421851 10.023398019955948 13.688237788357583 9.994671565870249 12.005298050085685 15.98557554012757 12.016001057809603 13.04485281758798 9.992033644657909 12.977899993532901
9.96086030270385 13.933690442559055 10.953203044633028 9.97410826876012 9.96490451268403 10.95446350936436 9.964060247743987 9.981912913216547 8.972346265237888 10.956349852660765 11.955615926327027 9.960514867522647 9.959916928985535 11.947910542983436 12.9393443030865 7.966613513510424 10.953152185471367 11.94785357433932 12.93786656208897 9.969273667631455 10.959337601607103 9.966965829440369 13.567184190064268 9.955873049763909 11.952349025812396 15.930223144065963 11.946499607786677 12.965851312132145 9.959069073093133 12.9445877677432
1000000.0 1000000.0 1000000.0 1000000.0 1000000.0 1000000.0 1000000.0 1000000.0 1000000.0 1000000.0 1000000.0 1000000.0 1000000.0 1000000.0 1000000.0 1000000.0 1000000.0 1000000.0 1000000.0 1000000.0 1000000.0 1000000.0 1000000.0 1000000.0 1000000.0 1000000.0 1000000.0 1000000.0 1000000.0 1000000.0
