306754192.50899535 395075908.17190254 310192658.70128083 581893378.0378721 311109768.79251987 564232977.3299036 498661262.4656185 333252393.2966691 538246012.9307573 591764410.5637043 329530219.1538004 249889705.18493167 185853382.1350106 111820163.25368662 497669679.1438956 141776932.63155043 24077101.67367987 945426841.6382726 122481005.77830975 531480260.0046079 176901234.55814087 232762014.65546024 202906020.38651237 618135168.1507934 238343883.87491313 521765406.85452646 376355630.00076294 541279246.5960692 780098029.8570118 147464900.16459933
246618171.20249155 263727217.18371603 94922512.75673173 221310946.7480677 311109768.79251987 499186532.0433192 165143848.29609627 333252393.2966691 507132429.077607 591764410.5637043 255932842.79851943 249889705.18493167 185853382.1350106 111820163.25368662 371871386.1986233 141776932.63155043 24077101.67367987 945426841.6382726 122481005.77830975 322306289.7656422 65181700.108689494 232762014.65546024 202906020.38651237 365564503.01281446 238343883.87491313 521765406.85452646 131717387.03573066 541279246.5960692 780098029.8570118 147464900.16459933
179933065.62155622 252639411.71859264 94922512.75673173 154800923.27519307 155223738.6102249 110308849.6433761 165143848.29609627 103970969.78195564 140715942.68394288 236892942.1266714 121622254.6940176 117426535.20083354 185853382.1350106 28021107.357055288 211923013.2512149 141776932.63155043 15763948.282749174 134663245.64733103 122481005.77830975 322306289.7656422 65181700.108689494 15118112.091859253 78804227.28561544 92087546.83093725 212670923.94999582 521765406.85452646 107129597.41896299 108140380.119261 343291566.2212077 147464900.16459933
155052339.73363456 56473320.60143378 39365808.09564621 145640073.04430357 155223738.6102249 105995436.09671545 46386924.35790551 77911367.52994873 52824495.197120786 71933052.97382183 121622254.6940176 28696653.45721408 100074434.67911628 19354316.44604449 147962116.90732983 99073172.6946633 15763948.282749174 18623317.390935015 122481005.77830975 103061752.09613276 65181700.108689494 15118112.091859253 12224394.18597244 41301356.00520797 32874304.44722659 200134713.52264524 51795097.12287005 50194020.705080956 81643169.97694793 74046358.48427288
34175195.415644936 22829590.610770006 10112541.579362078 12640764.903076764 5420914.476201797 16430902.532479059 45336383.93624394 17994254.673556164 19010921.196859155 5189350.446265796 15806002.068476858 16928692.131588787 16586810.122823646 5282129.565405431 28193773.791001834 57363778.00644416 15763948.282749174 8300008.827786509 38670247.22450894 23673408.079633888 8271514.667168578 7203481.223629775 6701261.474098119 41301356.00520797 32874304.44722659 10321490.867776703 6281976.800639777 11083568.667040648 12377724.905854154 31357897.062273275
3558788.729956253 6432173.421976303 7308033.450179568 2172027.480012684 5272522.632900454 3814000.893451699 2952823.3825540887 1210583.4581111295 9956081.457648925 5189350.446265796 6087440.636127544 4921785.939085574 9605335.589284552 2345204.489475342 7824134.298191912 11625523.854384443 4933705.149764248 2464702.0618745633 4114530.160829409 7670119.547289764 2335599.303051931 2340049.609373082 6701261.474098119 10775284.920070203 3065368.0083804647 1190720.0388662086 1095633.16682702 6659265.017977123 462532.3839539545 1757595.6817152747
527798.8919783467 1315669.9054031076 1109581.0777419116 2170405.280435045 2325961.2849657782 1484144.9617315317 1071719.9657309125 1210583.4581111295 917397.6109885456 290755.74939353496 222752.45767659973 85515.4320641556 1225097.4496294921 1617886.9091060772 1644366.8782664542 185699.85269763827 1024743.3794786026 2464702.0618745633 2562345.653001157 193973.46401258855 453644.3695358444 730250.0677210627 129312.07076765795 878605.8079805273 1770127.31260882 1190720.0388662086 1095633.16682702 2828496.368161954 284059.52139810944 82425.69837785457
148219.70439411284 347009.4156008963 7566.982298723084 338111.3933769618 216158.5692124034 150510.22995417842 50039.04848329173 24088.270403206003 621669.3463013219 89413.20059894121 222752.45767659973 85512.53249043747 497142.3409739446 67103.86275415179 354088.97157156334 93802.60932929485 431244.6394856865 80371.13020260102 173237.35817414132 46841.06381362434 105614.5174151978 285817.15600175835 129279.3198440168 123538.73336709195 141001.4963720849 376994.76570208266 50904.69458696221 270889.2730283795 68746.71567858753 31318.288290329918
7805.869631949747 28712.394505873483 1735.5316212618468 37994.28603041812 37412.118561162744 21441.946069721598 25023.374280136366 18267.709685881262 17463.26894712488 12338.523259660496 57235.046660382526 4289.730625049617 7431.278569201526 17367.849182703238 8749.07161708681 27921.418555408425 93527.63820533102 41046.59280466339 2478.966795596829 46830.62783031272 19535.909530937763 26964.632945783254 35106.59519513 46227.548713446 41356.08510336861 12372.780776065163 50879.1422420561 4365.119016703565 11084.01815591045 31306.91367181769
4342.819783352764 4862.381347693631 1729.5532559926596 3984.471208774411 1522.3198327643408 2895.3007554042524 6565.497480175825 2554.941125725618 5277.412386106379 1175.7596133366055 4523.739579479688 4274.996218588081 4551.77213050025 8203.003283439311 2669.9389423993653 7391.300311852807 16316.588599673516 2595.6246684813595 1613.397439353992 9201.888213449334 8633.349144553074 6646.747940727877 969.7059224320442 2023.5590423588092 5768.43563518318 5842.886493199375 26669.485235018772 4322.910205808141 3241.5168876245734 13139.72679315516
2676.463656790069 2355.744599599284 1500.9637510700336 2135.506981841747 1522.3198327643408 662.2374705908628 1828.9008555105502 972.6824378427377 1356.283560398098 1166.0697192206362 4161.2691714003595 2592.434270668313 2702.284114518172 976.7140897162885 607.0229443844582 3299.3070247766964 2345.787646994575 1273.3228855230345 770.3718064078957 185.81597254933695 2928.1049041965634 2647.2056017784034 941.8084017025121 1287.3859394123642 3025.110479717383 3509.163520807946 1638.1358901573622 1716.188042159427 628.9758742848653 400.90628124144314
498.57875343212663 879.1157349369787 368.29630351107517 397.32433404267886 619.4215597444022 266.7075365768487 355.4612687357321 228.26480180711678 834.2447380173639 654.9573593398227 300.64427686155386 365.0699486335211 588.7280312772791 405.61593518495374 366.8392372990211 150.6578717247994 222.28394403893367 1039.1629237855514 214.57091616665343 170.82352721084771 343.1591376729898 440.7821803837028 490.6591511049264 233.88422165829115 375.66116645698185 270.16485843290593 404.2428373911839 207.90734818069814 363.71975385199767 308.787623653458
280.2602308252699 177.54109482015156 78.79374906258658 180.8943304697716 114.92524334056634 55.387845586901676 180.2441226346582 125.41301924717573 89.45184175387794 88.97386606751888 144.62771135829212 49.66635977733927 94.87856897390634 56.24546718123338 127.2142524002627 79.21761526345153 60.51461322301566 191.73536636022413 110.50895659929597 52.30594263775788 38.7684752106004 129.2719633571851 166.01594743139776 158.0758350287806 95.54473185387428 149.5564248970627 90.68015336468397 55.60111400378514 155.8240388753038 69.24863232729194
45.61037761231182 57.29244735950101 46.14313965610222 16.064661861773175 46.05072122374031 21.904417192251458 37.49341082599835 32.32112658854021 20.291434000613435 36.69494793383274 32.475542613260814 19.60922819670668 37.557195206893084 52.56733380592027 20.10706107201804 15.088938941890774 48.57019590665709 34.16053690459739 60.30909946690417 23.758108553669672 33.98515370411769 44.05160910550785 20.95256645402992 44.197396240536136 15.821257293588133 37.56561335603533 40.18606226026918 14.807376716944418 25.323817247546458 46.40439808071392
7.448855435942733 4.104165528909789 15.668972541848007 7.489825581079913 8.546569898042662 8.834361039996338 9.248149427307453 9.188404710856958 9.310573366460403 8.658898999968415 6.350721310419885 8.886647545508367 8.277083509482736 16.71526325377249 3.896313394199524 1.630753028130357 14.264933380773982 16.110829402744002 3.300635703734997 8.966620939353561 13.23857740297126 7.761706476774634 7.748198346647314 21.80537873117919 6.892643750753223 9.391838661086467 8.015309552188228 4.259895018949464 10.549210100469736 7.5158805984553965
2.4354333710207356 2.8492273961151113 0.6411462427759034 2.293008804619376 2.7935848693241496 1.5172149527436432 1.2229204348084295 0.5646867234786441 1.5696196372819031 2.4993192378765343 1.9671764803024416 2.294170664029025 0.7957075199233259 1.9770876260622572 1.2273019903093427 0.41157352943173464 0.4732512849207069 2.6285353389919237 2.2889419265979996 2.031066304992919 1.7089436970527458 2.6290150798181458 2.737846571181535 1.6997644096659315 2.9243037305293456 2.883379972105331 0.6720736428164855 0.49684012814600464 2.855694366704256 2.51113113750489
200000.0 200000.0 200000.0 200000.0 200000.0 200000.0 200000.0 200000.0 200000.0 200000.0 200000.0 200000.0 200000.0 200000.0 200000.0 200000.0 200000.0 200000.0 200000.0 200000.0 200000.0 200000.0 200000.0 200000.0 200000.0 200000.0 200000.0 200000.0 200000.0 200000.0
