25695.168931636832 74791.73826062008 28871.885766850057 27864.502128497472 10914.582829344414 45685.918268679845 38571.1822862866 71526.66402127265 40291.2521140508 16431.519994488695 42354.852071968686 27804.633245245142 25898.91442749407 18294.8798708434 30650.795400895324 26572.01207555061 59494.15214846659 47466.4061916061 127147.1350781096 32074.760366443577 49541.96327600452 64183.473520956904 37277.16101825597 48787.014232158435 64293.21106477594 309930.1934523354 14333.586054949164 15957.262002326952 43224.13731103431 52775.335181482704
25695.168931636832 29189.5880719855 28871.885766850057 27864.502128497472 10914.582829344414 25938.92826269263 38571.1822862866 22704.849927784813 40291.2521140508 5988.321364619259 34340.7290048771 27804.633245245142 12890.616755133258 18294.8798708434 30650.795400895324 26572.01207555061 31330.52665950744 47466.4061916061 19444.19880986927 21815.125107938686 37300.14614816155 45426.99467927893 37277.16101825597 19331.418183667472 64293.21106477594 11352.507030123614 14333.586054949164 15957.262002326952 33343.68602541162 52775.335181482704
12258.989280607366 26514.926818975404 28871.885766850057 27864.502128497472 10914.582829344414 25938.92826269263 38571.1822862866 18664.24505063292 19348.45425563492 5988.321364619259 30007.211387062074 20245.481063634295 12890.616755133258 18294.8798708434 28000.35906549507 26572.01207555061 31330.52665950744 21819.845463902675 19444.19880986927 17689.69455638263 20254.31803628974 22990.091079244907 27379.61969344911 19331.418183667472 21173.595083003664 11352.507030123614 14333.586054949164 15957.262002326952 24963.52681520932 37707.045383549914
12258.989280607366 13082.481465977236 26315.99549920443 24862.64796838451 10914.582829344414 25938.92826269263 28534.153501668246 18664.24505063292 12531.959668783678 5988.321364619259 22397.339632925727 20245.481063634295 12890.616755133258 18294.8798708434 27348.730751692678 26572.01207555061 31330.52665950744 17303.09706939927 19444.19880986927 17689.69455638263 15061.993585196971 22990.091079244907 17535.4859336213 19331.418183667472 21173.595083003664 11352.507030123614 14333.586054949164 15957.262002326952 16674.049830076183 37707.045383549914
12258.989280607366 9160.4426545523 13675.808031517647 16728.683813691874 7861.358486827577 15029.65998055871 27403.73442426815 18664.24505063292 6837.457974019373 5988.321364619259 21251.94206180601 13890.09972212676 12890.616755133258 17967.434049009007 11093.991679659583 20077.259957988328 18062.162933657753 9844.271749715335 19444.19880986927 15597.10046804344 15061.993585196971 16537.04977968057 10118.112508289036 19331.418183667472 19090.299906684602 11352.507030123614 6065.34729138323 13689.941223694219 10328.692033720099 34470.80363666265
12258.989280607366 9160.4426545523 10385.898991702801 13859.02774800568 7861.358486827577 11139.164972624472 13050.38287231482 7400.8707049938985 6837.457974019373 5988.321364619259 21251.94206180601 9043.87524225302 12890.616755133258 12069.67270716815 10697.039660111011 16487.32725510919 12145.963429801808 9844.271749715335 10500.015287593145 15271.60294737898 5814.052597230156 16537.04977968057 10118.112508289036 14047.140003849048 14129.553946404989 9704.525757352874 6065.34729138323 13689.941223694219 10328.692033720099 13767.073897502849
10195.130067820182 9160.4426545523 4560.463161856493 12574.192629449919 7861.358486827577 7391.933063660369 13050.38287231482 4653.789627304482 6740.982065447642 5185.912233786438 18824.177349840946 9043.87524225302 8043.787180861869 4888.118023499674 8069.259558081943 13964.28754248978 12100.894418913127 6387.61207947107 10483.46841620284 11832.731917856017 4855.1348532265965 13088.098013831821 5891.76468936937 11192.878408905985 11190.428908208041 9704.525757352874 3616.1338953942554 7074.392721567696 6554.126285453284 11745.168096859055
5321.952329170412 9160.4426545523 3782.037417777101 8883.180175702282 7861.358486827577 3973.381051723749 12184.846537553578 4538.200949929566 6740.982065447642 5185.912233786438 18803.983165343656 1494.9925627125438 6178.601820278599 4888.118023499674 8069.259558081943 7988.9817301491385 5405.631011047894 6387.61207947107 8594.177434618421 6700.139632998036 4855.1348532265965 13088.098013831821 5891.76468936937 10382.087101083134 11190.428908208041 9704.525757352874 3616.1338953942554 7074.392721567696 6104.235508342261 11745.168096859055
4202.832100276642 6685.832926608788 3685.502487455761 7199.396795763627 4876.007452529136 3087.280659695921 5806.085569729515 4342.091331259329 6454.218740086439 4613.021477892434 7091.398800240136 1494.9925627125438 3092.264140139952 4888.118023499674 4961.481293341582 6519.793498554156 5405.631011047894 5548.784951742721 7326.254552425131 5276.858380014846 4855.1348532265965 5752.957663361519 5891.76468936937 9359.55612335446 11190.428908208041 4086.502129353097 2359.755630312847 4776.117275412928 4784.557767672966 10784.772446444504
3018.230888113921 3569.6196481913667 3488.7344129641338 3155.8774092235053 2846.003557493653 3087.280659695921 5322.8357471343115 3391.4815034969674 3900.154740213701 3275.1757961777907 3749.181858597163 1494.9925627125438 3028.808449081716 2981.216784593849 1410.6780716859655 5699.282042659387 2909.4053024816394 2656.4560075788063 5420.648459191585 1915.4475874310301 2905.888947243678 4892.5209316776 4413.895536774022 3544.715418074072 2954.019636820126 2004.561559835306 2080.167793548099 3953.8672567504036 2220.0595187331705 3390.6305766081914
987.5278152791875 2770.141101745343 1942.973094471863 1987.2318811017553 1221.4338918554827 1235.6611786467056 3090.4231855271883 1537.3601292316407 728.5059112597016 1221.3766073051781 3118.4869090837938 954.2438525915968 2120.4561106440037 1563.6304114784234 1097.5524285155243 2203.5557575266234 1578.0391354381625 1150.3473010874468 1680.2738962335625 1654.4368006841885 1538.8464823750799 1890.2802331049902 2052.420958240735 1868.8727992295194 2214.0603040975993 1250.0390734318564 1742.067796470745 767.4070463253472 726.3839519397097 2132.5773375075805
284.86145531017314 627.5060673633864 241.68268425151405 422.9296121313487 341.0938017484798 349.17465854523095 606.717971397784 112.2654291187248 154.887198069909 188.96206897718616 797.7994488157333 228.77871609846557 196.6810950772242 453.7678575555069 258.91084941883116 192.37385159803705 299.25973094186793 209.31476696410664 416.05499414729866 287.78286845180537 386.5090155721057 422.1935858148819 358.1262063633328 413.76893584262075 336.2194999431081 203.0344261475928 314.7093418335321 290.1869149432739 244.36205657344738 408.20600300859167
0.33234448041156384 7.935503361321366 3.8151533267368336 3.6976459636668437 0.4169106908663025 3.202552347056894 23.111912468312198 1.547836054208176 13.202604313756922 0.3901048288250877 10.319224732419855 0.5642955933291205 0.6542588243730165 7.967359263057574 1.5682039608592504 1.6805214045939465 5.946845015456006 0.7348245663853845 5.546191579611445 5.407382786639516 2.57599554649164 2.04208108775822 1.1289150992258215 2.2659269347311124 5.735982300959563 1.777205209341389 2.803203941140339 8.9261147421131 1.2144707248909299 2.697287569420382
1e-08 1.817296038097993e-07 1e-08 1e-08 1e-08 1.6208173292397987e-07 1.6277874124170921e-06 1e-08 2.5879245413307217e-07 1e-08 6.24687572781113e-08 1.1533927590789972e-08 1e-08 2.4481317836944072e-05 1e-08 1e-08 1.2559326023620088e-08 1e-08 9.401134093423025e-08 3.9362686266031233e-07 1e-08 1e-08 1e-08 1e-08 5.3442022363014985e-08 1e-08 1e-08 3.8365038790288963e-07 1e-08 1e-08
1e-08 1e-08 1e-08 1e-08 1e-08 1e-08 1e-08 1e-08 1e-08 1e-08 1e-08 1e-08 1e-08 1e-08 1e-08 1e-08 1e-08 1e-08 1e-08 1e-08 1e-08 1e-08 1e-08 1e-08 1e-08 1e-08 1e-08 1e-08 1e-08 1e-08
1e-08 1e-08 1e-08 1e-08 1e-08 1e-08 1e-08 1e-08 1e-08 1e-08 1e-08 1e-08 1e-08 1e-08 1e-08 1e-08 1e-08 1e-08 1e-08 1e-08 1e-08 1e-08 1e-08 1e-08 1e-08 1e-08 1e-08 1e-08 1e-08 1e-08
71600.0 83100.0 76900.0 77000.0 71800.0 85600.0 87500.0 78500.0 85500.0 76100.0 82200.0 79900.0 74900.0 93100.0 78500.0 76400.0 79800.0 74100.0 83300.0 85100.0 78800.0 75300.0 75100.0 73000.0 81900.0 79600.0 79100.0 84400.0 75300.0 78500.0
