12623.00058619119 13879.518123652522 13440.58624024153 10347.25091077745 11010.405019391803 12274.276217933528 8126.149238325634 10789.608742450966 10782.628976951808 10316.979337992252 10854.654956820003 13757.145109888694 12869.703385776524 11995.750234189107 8205.94833173445 13324.009274242508 12119.564454458607 13511.892427094097 8607.100137036958 7108.082609597425 14143.267743992097 12291.179902396332 10757.72843666905 10785.818258050193 11803.474907769723 7727.206847677484 7235.219267248494 11880.73326288728 8490.04869821218 11878.027632962201
7871.601879749225 11943.600998478372 8171.132206565428 9676.86954302926 10251.601682649773 11407.722552638415 8126.149238325634 9672.448349655293 6730.383891260781 9428.595714090927 8955.377666621745 11867.550702312545 9771.73116456179 8532.581104085628 8205.94833173445 13324.009274242508 9812.670376611835 9686.974862854153 4254.337046806551 7108.082609597425 11151.556816121129 11262.426624983986 7679.081634650596 9256.883107343043 11263.406557942095 7727.206847677484 7235.219267248494 11880.73326288728 8490.04869821218 11878.027632962201
7871.601879749225 8371.491067621337 5137.631074911922 8108.4950139133325 8727.023359725272 7588.002713553025 8042.009579821035 8911.991626964087 6730.383891260781 9379.908364912746 7897.192256596138 7088.755685136108 7758.262626242722 8048.931216044362 6359.349445454685 6709.52326434645 7100.551281764213 9141.567857553231 4254.337046806551 7108.082609597425 10276.104952247995 8156.296961865752 7679.081634650596 6776.263128925703 9365.468115637412 7727.206847677484 7235.219267248494 8598.609879231786 6226.381560177364 8019.318462971763
4908.972172216161 7621.264278248709 5137.631074911922 6961.329580665344 6954.250205832959 6573.326602518311 7220.043562391672 5317.3661378380475 6375.947508317696 7354.360267511001 6080.738086137251 4605.876991962631 7480.67305171163 4275.512652814248 3862.360794149229 6709.52326434645 5767.659206186333 8012.456538002776 4254.337046806551 3873.980048188735 8335.23164930993 5828.758654186476 4346.515893410966 6689.742685207374 5544.935313015678 3430.0747333190175 5036.65321684133 6621.633618000836 5878.141722361246 4878.354897926194
4180.663042489554 4661.411565544316 2456.5755935001957 3942.3614796242764 2716.3085002076295 2443.6515949222876 3643.173848699391 4469.122619380325 3808.3797539996303 3492.0709182278697 3529.426415565318 3943.1015288507015 4273.71280067182 2954.0280406689235 3862.360794149229 4072.923606023749 4341.227762913932 3604.426407509309 2716.2677574387913 3524.3890851221568 3847.096012243501 2975.3614740192984 3450.3904415962697 3984.906601756951 3983.4796649000136 3430.0747333190175 4255.064373620501 4916.919940499102 3026.059982994257 4878.354897926194
2260.9620973621104 2176.690372495635 2322.7079777441177 2003.5273965888855 1424.8756883344445 1996.8461276056996 1442.2951428067222 1326.283393906298 1517.7336104338328 1924.6675661949412 2019.3631979161355 2086.134040117956 1932.106120828767 2008.4549807999738 1696.2542710053813 1198.189712406721 1440.332684314073 1964.995771252573 822.4107841650734 1976.5118321700056 2602.242296784034 1287.5956177294456 1969.8847022526516 1309.5102296253335 1811.3275961174322 2102.257334424647 1526.110865285129 1597.4744427912037 1548.7767290352158 2079.088580480582
1181.6007671847847 922.3290698989153 610.8080169991949 824.631745891209 644.7101161989301 969.2474779875254 438.0911457854327 883.1403668527655 398.07488444696605 567.7102570342759 845.422989234313 826.368372489831 623.3967127839189 610.4477874948293 591.8605499791856 517.5681112181342 562.7842381452529 525.8890318687977 451.19124115404225 1008.2109264159626 429.9899084815827 261.9132138277837 529.3386620483393 786.2277963999459 604.8646936419527 756.6828112664366 568.3059537280214 867.1582391913844 736.3846983003505 709.7800220338686
262.97315435539986 153.0321332626072 155.26633613050467 197.51707737404513 225.03746103999765 152.4595264138311 115.0175453770471 178.81794301552918 142.65976410182975 109.24795440353012 127.0997982453373 235.19131460907556 146.04155342357421 143.4481782898015 132.15322750640235 78.04788744762891 72.56277444564307 207.06154936807525 179.19703147209907 228.24763310235198 176.27837338388827 57.63575788598496 107.30094263067679 172.20461388968033 127.60752917577588 98.83348193687345 98.45638983710319 162.69273179745392 171.51157943524686 149.85595650674713
16.749077178733955 5.725454756100589 10.349937896604615 9.24738784304327 13.811198022095937 10.863913385756518 5.019241448785465 6.094109923817655 7.0731436382104675 10.008550512234365 6.5350933491045 11.056558328378287 9.019748582036641 4.5012368145337405 6.307395338018068 4.62072899726013 7.530440516119029 5.018656276586057 7.574655465242245 9.2725289490769 11.09868578337364 7.392554356424398 6.973652852915166 9.013062612216004 7.454388749873942 5.178441973880695 6.625636504489307 6.689780099803215 7.631378355607467 8.230424713093385
0.037678214407151245 0.0073356688928925 0.009679971397190457 0.006086142596700483 0.04670855747576752 0.004830971312799193 0.0021286750629769813 0.004804163705671272 0.020634668237676124 0.008662119038035598 0.013403828987861743 0.013144137033464176 0.003713088587915081 0.0025209481819956636 0.006506522067525111 0.002269472392640637 0.009951261704145509 0.003715417958233047 0.01729868945221824 0.01873032831508681 0.007161868048683573 0.0020792286526329917 0.004185771871334509 0.004370332842654534 0.0038924937406363824 0.0019533693630364724 0.0032275919412541043 0.007930371961720084 0.03466394257759475 0.009496691934941737
1e-08 1e-08 1e-08 1e-08 1e-08 1e-08 1e-08 1e-08 1e-08 1e-08 1e-08 1e-08 1e-08 1e-08 1e-08 1e-08 1e-08 1e-08 1e-08 1e-08 1e-08 1e-08 1e-08 1e-08 1e-08 1e-08 1e-08 1e-08 1e-08 1e-08
1e-08 1e-08 1e-08 1e-08 1e-08 1e-08 1e-08 1e-08 1e-08 1e-08 1e-08 1e-08 1e-08 1e-08 1e-08 1e-08 1e-08 1e-08 1e-08 1e-08 1e-08 1e-08 1e-08 1e-08 1e-08 1e-08 1e-08 1e-08 1e-08 1e-08
1e-08 1e-08 1e-08 1e-08 1e-08 1e-08 1e-08 1e-08 1e-08 1e-08 1e-08 1e-08 1e-08 1e-08 1e-08 1e-08 1e-08 1e-08 1e-08 1e-08 1e-08 1e-08 1e-08 1e-08 1e-08 1e-08 1e-08 1e-08 1e-08 1e-08
1e-08 1e-08 1e-08 1e-08 1e-08 1e-08 1e-08 1e-08 1e-08 1e-08 1e-08 1e-08 1e-08 1e-08 1e-08 1e-08 1e-08 1e-08 1e-08 1e-08 1e-08 1e-08 1e-08 1e-08 1e-08 1e-08 1e-08 1e-08 1e-08 1e-08
1e-08 1e-08 1e-08 1e-08 1e-08 1e-08 1e-08 1e-08 1e-08 1e-08 1e-08 1e-08 1e-08 1e-08 1e-08 1e-08 1e-08 1e-08 1e-08 1e-08 1e-08 1e-08 1e-08 1e-08 1e-08 1e-08 1e-08 1e-08 1e-08 1e-08
1e-08 1e-08 1e-08 1e-08 1e-08 1e-08 1e-08 1e-08 1e-08 1e-08 1e-08 1e-08 1e-08 1e-08 1e-08 1e-08 1e-08 1e-08 1e-08 1e-08 1e-08 1e-08 1e-08 1e-08 1e-08 1e-08 1e-08 1e-08 1e-08 1e-08
44600.0 43300.0 42800.0 41700.0 44200.0 42500.0 41900.0 44300.0 45400.0 42500.0 43300.0 42800.0 41200.0 41700.0 43800.0 41600.0 43400.0 42200.0 43300.0 44000.0 42200.0 41100.0 41400.0 41500.0 42600.0 40300.0 43600.0 43100.0 44000.0 43300.0
