10009.963543189131 6163.77077939087 12788.133282046656 7878.481890049765 7423.722405307053 9926.22717814118 9778.10626955729 5671.124836606627 6977.85161443244 8114.766673465976 6817.383390665766 5750.864144606674 5449.068468921119 3085.1473997008984 5543.8751170955475 6060.979684529806 7018.707180072176 7154.279543725599 5258.649554591904 5963.3482276004 6192.306856587052 5638.604095193061 7429.831295585772 5819.730836594478 5831.465198573587 9011.401796804908 7966.288043616696 7095.410450983105 5095.596744000734 6415.114887101322
5647.389688039332 5474.099274172296 12599.196131093491 4885.59625233971 6882.165128979891 7231.816753776429 8028.523704475972 5441.352960316537 4867.499935548014 4145.541617551687 5072.44357014062 3869.39548860626 5449.068468921119 3085.1473997008984 5543.8751170955475 6060.979684529806 4408.691912476477 7154.279543725599 3014.245173320134 5963.3482276004 6192.306856587052 5638.604095193061 7429.831295585772 3751.8185823838367 2676.70878740336 5294.769408506201 4819.026952838876 7095.410450983105 4713.940686768705 6129.875281045105
2633.7224002135536 3273.7187775868997 5793.263530990584 4276.31713356767 3531.795961885174 2673.888972561574 2799.7992828120236 3581.2399487120156 3338.2522073861646 2922.143427675176 3106.274770033922 3341.72615319954 2411.5909285892776 2137.182958237964 1534.1952742259832 3168.3637126453064 2508.615532148167 3702.8027743145685 2387.217382295878 3275.6213782439845 4212.335448051158 3513.4158680061414 2775.364391299532 3007.604261660332 2676.70878740336 2970.770233706508 2609.310543350947 4069.1907292783926 2786.7718843848215 3360.102118070392
2102.7262420085613 1630.4460355431966 3072.495894996861 2004.392467955815 1656.992088355214 1601.8852075632328 2303.5389979762213 1384.0082291424992 2226.0808920268028 2055.575855970905 1804.8163041921875 1795.6934457667794 1496.4232062502215 1557.0782625932784 887.3083576527927 2391.479339405525 1260.4997634317745 1108.1819376504955 1383.6709495603081 1253.8053282741882 1746.4502740769708 1718.0477343111706 1429.0614763331214 1931.3362917691738 1730.9325911458168 1828.5788946818066 1364.8790961357622 1478.8086496961391 2080.1019506519733 1654.7657844912228
545.6284955821079 780.4303649858275 1008.7895723205243 675.5337305492321 744.5843844665474 1037.9845594825113 571.2853343548175 609.2638924686064 704.1335723071738 769.5939220086964 859.2467324753407 605.9498026163842 670.635576307712 736.2462095184251 566.3736909817734 783.4026445650038 609.4150738656547 589.7364587562463 620.628443690011 468.9020044400479 940.4047909515618 670.7030153041201 705.6166206638002 686.3607477962025 626.514743690944 1011.2156426724241 517.3287493317215 818.5695600361864 865.0247492785816 867.5453495713273
241.65278993221204 217.262348148525 206.22347508503367 263.0095150777287 258.5869028430237 222.4343779317138 262.8048142918461 197.13596148384215 213.2378060423962 262.14679060359595 322.68233537115316 232.92685298056904 248.2393766635273 202.34917762783152 299.11619197261984 236.9363475293086 217.88053624040776 237.9980080941392 267.9169256080113 292.19439552368647 343.27357563759995 244.09181345593083 150.3041368468373 207.3362183562483 345.32755842211566 272.416937810464 225.7812599446827 311.04821803853997 215.57391811733373 276.8049672124291
90.36139744872037 74.90085062754895 80.22576265405507 103.76911451618616 89.21037872981287 73.43790442873615 98.22949998478725 110.50155271533447 81.87570513842121 106.57856022260523 113.13194469824441 107.40562394233513 88.80498694882158 91.95299913715081 122.47996265888185 93.72018495230964 109.36610798449186 96.7438926889497 120.92843236439353 129.78296895872745 122.49963150858264 78.76462577815818 77.4870434681792 84.74648981624284 138.98362368880748 93.93379719859803 72.44774432351466 128.525172313128 97.2585112721452 100.6623224064312
51.70740724603564 50.997506588801 51.092131481864385 54.98340440608325 52.189554329704094 52.193428451698765 56.088609638523906 53.99546055416374 50.162173919697864 51.238438507914225 54.65699297140219 51.740343766093304 51.64558827888959 50.86686450836845 54.72384283690815 51.40303734406149 52.59241313416646 51.42128967053634 59.25382835697417 54.28827997012223 54.33700804184008 51.624981513151056 51.705182415215916 51.4594723604439 66.96026124131129 51.98071703936449 46.85186813742166 65.37963500895899 51.11698478582764 52.74224741129456
49.09913239896815 49.09629232929757 49.102450806941874 49.107129498126255 49.1049273276102 49.1126792502406 49.11073894247136 49.11928573068036 49.09128345936455 49.1105893816561 49.14424065308418 49.11019261389589 49.12448687459374 49.09637011893966 49.154479894168276 49.10267907405779 49.10543026220074 49.10410515069168 49.1636635872639 49.15671537363511 49.14259904759848 49.12282831343032 49.1076903626921 49.11896463978627 49.30478106436482 49.10297938797942 44.90891768062727 49.247299651992535 49.09535915258613 49.10213001010328
49.08451174924784 49.084497819118496 49.08450978090349 49.084524496556355 49.084508206998066 49.08451788287289 49.08456829055376 49.084523473177114 49.08450528860419 49.0845627496102 49.0845903090397 49.084491682354724 49.08456933647972 49.08449618530358 49.08459505403948 49.08451062029218 49.08451845565037 49.084521963307225 49.08499138593618 49.0846089112506 49.08454996233934 49.08457902002738 49.08455398354738 49.08453006887356 49.08460116284721 49.084523136111045 44.89546958007929 49.08479914909509 49.0845039569823 49.08449324199222
49.08447897977095 49.08447897977925 49.084478980772076 49.084478979651635 49.084478979672895 49.08447897972502 49.08447898012838 49.08447897956904 49.08447897957609 49.084478979658115 49.08447897975867 49.08447897949935 49.08447897969296 49.084478979503956 49.08447898051213 49.08447897961781 49.084478980190624 49.08447897980699 49.08447898149666 49.084478979529194 49.08447897957518 49.08447898017772 49.08447898003948 49.08447898009774 49.08447897968614 49.08447897966914 44.89546931745133 49.08447898148211 49.08447897999497 49.08447897950941
49.08447897948122 49.08447897948122 49.08447897948122 49.08447897948122 49.08447897948122 49.08447897948122 49.08447897948122 49.08447897948122 49.08447897948122 49.08447897948122 49.08447897948122 49.08447897948122 49.08447897948122 49.08447897948122 49.08447897948122 49.08447897948122 49.08447897948122 49.08447897948122 49.08447897948122 49.08447897948122 49.08447897948122 49.08447897948122 49.08447897948122 49.08447897948122 49.08447897948122 49.08447897948122 44.89546931745133 49.08447897948122 49.08447897948122 49.08447897948122
49.08447897948122 49.08447897948122 49.08447897948122 49.08447897948122 49.08447897948122 49.08447897948122 49.08447897948122 49.08447897948122 49.08447897948122 49.08447897948122 49.08447897948122 49.08447897948122 49.08447897948122 49.08447897948122 49.08447897948122 49.08447897948122 49.08447897948122 49.08447897948122 49.08447897948122 49.08447897948122 49.08447897948122 49.08447897948122 49.08447897948122 49.08447897948122 49.08447897948122 49.08447897948122 44.89546931745133 49.08447897948122 49.08447897948122 49.08447897948122
49.08447897948122 49.08447897948122 49.08447897948122 49.08447897948122 49.08447897948122 49.08447897948122 49.08447897948122 49.08447897948122 49.08447897948122 49.08447897948122 49.08447897948122 49.08447897948122 49.08447897948122 49.08447897948122 49.08447897948122 49.08447897948122 49.08447897948122 49.08447897948122 49.08447897948122 49.08447897948122 49.08447897948122 49.08447897948122 49.08447897948122 49.08447897948122 49.08447897948122 49.08447897948122 44.89546931745133 49.08447897948122 49.08447897948122 49.08447897948122
49.08447897948122 49.08447897948122 49.08447897948122 49.08447897948122 49.08447897948122 49.08447897948122 49.08447897948122 49.08447897948122 49.08447897948122 49.08447897948122 49.08447897948122 49.08447897948122 49.08447897948122 49.08447897948122 49.08447897948122 49.08447897948122 49.08447897948122 49.08447897948122 49.08447897948122 49.08447897948122 49.08447897948122 49.08447897948122 49.08447897948122 49.08447897948122 49.08447897948122 49.08447897948122 44.89546931745133 49.08447897948122 49.08447897948122 49.08447897948122
49.08447897948122 49.08447897948122 49.08447897948122 49.08447897948122 49.08447897948122 49.08447897948122 49.08447897948122 49.08447897948122 49.08447897948122 49.08447897948122 49.08447897948122 49.08447897948122 49.08447897948122 49.08447897948122 49.08447897948122 49.08447897948122 49.08447897948122 49.08447897948122 49.08447897948122 49.08447897948122 49.08447897948122 49.08447897948122 49.08447897948122 49.08447897948122 49.08447897948122 49.08447897948122 44.89546931745133 49.08447897948122 49.08447897948122 49.08447897948122
1000000.0 1000000.0 1000000.0 1000000.0 1000000.0 1000000.0 1000000.0 1000000.0 1000000.0 1000000.0 1000000.0 1000000.0 1000000.0 1000000.0 1000000.0 1000000.0 1000000.0 1000000.0 1000000.0 1000000.0 1000000.0 1000000.0 1000000.0 1000000.0 1000000.0 1000000.0 1000000.0 1000000.0 1000000.0 1000000.0
