6142.194655821451 5138.598895829807 6445.448400983885 5622.81110613998 5668.9567506834555 5575.545019245688 6008.071959405239 5345.847543156011 6031.568454689095 5055.629444599165 6011.542788986902 5968.735614078654 5382.23222883475 4222.666921475939 5469.027523836812 5897.9857574412545 5948.053387663 5725.490273200472 728.4313074801516 5323.0458647320265 5937.680741179323 5268.512961405141 5660.531158548875 5851.297796497962 6125.129987614007 5734.065361632007 5994.082327397893 6309.677717793456 6128.136683020824 5139.529301653475
5386.019209294729 5138.598895829807 5863.784698951275 4705.639436560966 5465.71671144192 5575.545019245688 5254.792326624447 4752.632643482693 5952.127741378352 5055.629444599165 5583.019872339806 5484.4038800431645 5382.23222883475 4222.666921475939 4797.392212723344 5897.9857574412545 5948.053387663 3323.3110815585896 456.33585583888953 5323.0458647320265 5937.680741179323 5090.259546965176 1780.98771725797 5826.372558265732 5914.035683722417 5632.017873398875 5994.082327397893 5660.384171158884 5952.997191121671 2516.7656338223915
5370.053303006068 2375.423141127577 4702.791837897228 4705.639436560966 5024.698414871525 4794.2599357366535 5254.792326624447 4534.829050937921 5700.424002503443 4770.89752310106 5456.536803139784 4912.045760032056 4974.111837987515 4222.666921475939 2149.492246554536 5577.6620174165955 1457.9251894924018 2774.8870651402194 456.33585583888953 4839.555629853354 4829.065005377301 5090.259546965176 1501.9406114332487 5527.231585124416 4808.99143413451 5366.848238466007 5450.70000631374 3935.4592168603394 5048.424426941742 2516.7656338223915
741.7366376280065 2375.423141127577 4702.791837897228 4649.29619286362 5024.698414871525 4610.89965557652 5254.792326624447 4085.8637804470654 2611.203190420565 4770.89752310106 1503.287246538096 4294.133871020205 4974.111837987515 4222.666921475939 344.26774374341176 1065.8993408909964 1174.5262109600817 2774.8870651402194 215.46902696384586 4257.491572863578 4829.065005377301 4282.12929833385 1501.9406114332487 3755.5878396391363 3146.4652302117192 4570.270409819464 4979.563318877028 3935.4592168603394 1590.0677569772388 243.5679445894516
475.8487568220198 382.4963316268145 4702.791837897228 4577.904925765204 4544.38957867811 1141.7769529045913 4441.457545841986 4083.676537848769 520.1140835791425 4555.696206530914 250.16503897385655 4197.061993744467 3632.573063720829 1631.071004043536 176.64346523391532 1065.8993408909964 407.620302261937 233.54932905558235 215.46902696384586 4257.491572863578 4344.244856435915 3012.7498407132807 388.58326152799145 326.66190796714545 1333.234986580118 4064.1601159866686 2805.301451116409 3935.4592168603394 230.44060418712616 189.1612701886247
169.2273840113612 192.78851372917416 3711.589882334375 3624.799051028056 4019.5537273677655 605.2680507069376 3665.2768650710514 1381.7783741957392 157.81019146163726 1875.212139507943 175.3272149537479 3674.3953703292846 3632.573063720829 416.3126260684303 145.71159096450583 211.39033303304495 149.84174056209758 148.19600427870728 141.4895123445176 4233.150990823874 3814.1936400864543 213.64883438655215 177.1071827835849 175.32482952987812 177.1461511510597 921.4253419461602 212.78141488376787 2151.996985350026 158.95282854275274 137.4034228967098
118.6697495119688 121.12579259694257 3595.1646434768973 243.71022216947222 538.3028088115138 157.58042442615306 3665.2768650710514 179.2003595872211 117.15767160202586 187.38689445872842 121.97331273675718 1507.0158298548076 218.5846611176894 162.68245169987995 112.82494361920772 125.8509004446646 112.15961871909622 107.58319923236195 107.42081083957055 3283.354571008511 546.628509060507 146.69873001380074 110.75190849220508 120.70233886801134 123.88383970729319 226.15515708482053 141.67194745085226 321.93510581953433 109.14573894778005 103.74203744031911
101.4099566355867 101.28865774470842 2860.487798143221 113.97770783448459 146.64889164623355 106.40908195984457 903.8735555531716 109.97468796970225 100.76702711840471 111.16339577342023 101.19315092494435 341.1805158879224 117.12602911446356 105.23184742037665 100.9157678163142 100.93491098480126 101.1825665193478 101.16931860702562 101.04040885534323 320.4129021108538 145.43222756201158 101.56201017508101 100.93217370418051 101.0544537747146 101.24729576178697 124.95862177613617 102.84888724661869 122.235666317295 100.90740403869631 101.36706211416595
100.59651151744492 100.8083687577714 2536.387208994335 100.71256164698798 101.52514031200644 100.88190586791916 170.75635587217812 100.67649698807463 100.65373897406744 100.7237830655904 100.7255255474688 224.92668522831536 100.899533950354 100.88043571446315 100.8291667889248 100.47133159824398 100.86324017069182 100.63151824032639 100.80589696335528 237.6877778607868 102.00151571740344 100.93579924780352 100.77236456150922 100.60503567648584 100.63336560341122 101.22607557787114 100.78215927666724 101.00110059250801 100.69996028208243 100.96514100564491
100.55534244127466 100.61363807001226 1730.9745705909545 100.59790785127007 100.6193673148673 100.70138698877372 103.4741410181573 100.54094852734625 100.63266010607595 100.68910805202859 100.5248266383619 202.87093999506897 100.51832613941042 100.50718969707395 100.4969883665699 100.47133159824398 100.67102727754718 100.61211776508435 100.60034317943519 205.44804338546373 100.67379226721596 100.63808390250097 100.58000629062508 100.60503567648584 100.46400019723023 100.66495515030965 100.59033345226044 100.7417636173227 100.57587990934053 100.72451241664976
100.34346996171416 100.49138612230627 392.57187207986135 100.40292253323878 100.57994601063047 100.40146226197612 100.73819856587534 100.45724331232714 100.52090268854226 100.5284697281163 100.43418254433936 200.00058556625572 100.51832613941042 100.44977524488195 100.45332262321563 100.44379805187418 100.46256205768259 100.47403110582582 100.48379656460929 200.01279288327896 100.6316199055068 100.44714402831687 100.4272167715817 100.4406409569774 100.44398009246515 100.51768794823829 100.46673033729985 100.48744477867922 100.42549192916249 100.57874384218803
100.34346996171416 100.43155639082033 49.595298563551296 100.40292253323878 100.47355216295728 100.39286329219658 100.56600372849334 100.41081944066309 100.42994461202534 100.45393887002638 100.41168857958337 200.00000000006958 100.42868563360435 100.37868147069639 100.41731673129607 100.40941606685692 100.46256205768259 100.4372503857985 100.44448455799011 200.00000001145145 100.36644384530791 100.44714402831687 100.4238685516234 100.4193416832245 100.36365921098059 100.45332787834286 100.42796451287813 100.37879403879833 100.39842244656711 100.48442931524278
100.34346996171416 100.40367854736178 1.0970042665685469 100.37754319688929 100.46632532918056 100.39286329219658 100.54855341871644 100.3471938742914 100.417713928176 100.40130228944736 100.41168857958337 200.00000000000045 100.41599963468752 100.36471984841182 100.3177099473678 100.34253435910796 100.45440587326766 100.35751686620688 100.44448455799011 200.00000000000045 100.33251733108818 100.40982776900546 100.37552358434596 100.4193416832245 100.33576368576632 100.45332787834286 100.41072429559472 100.37879403879833 100.39842244656711 100.47562896583577
100.33443794606683 100.3916922515341 0.031230140713887522 100.37754319688929 100.44558770398999 100.39122066106665 100.47219960685106 100.3418614355669 100.39427268307963 100.40130228944736 100.41168857958337 200.00000000000045 100.41426079137364 100.35472479957389 100.3177099473678 100.34253435910796 100.4375383472161 100.35751686620688 100.41528936400027 200.00000000000045 100.33251733108818 100.39065356040464 100.37552358434596 100.41805196335645 100.33449453296907 100.43394969130622 100.41072429559472 100.37879403879833 100.39842244656711 100.46287153562889
100.32246277303057 100.38708418897522 0.031230140713887522 100.37739961464058 100.34629551157423 100.37788827910754 100.45045607253951 100.31734840164563 100.39088135783686 100.40130228944736 100.41168857958337 200.00000000000045 100.40797866778985 100.35109938849246 100.30522439854713 100.34253435910796 100.41544347774243 100.34638754231082 100.41528936400027 200.00000000000045 100.33020758958628 100.39065356040464 100.37552358434596 100.39977546775845 100.30961392920972 100.37895666222903 100.40640936349746 100.37879403879833 100.39220218312357 100.45920313370698
100.32246277303057 100.38708418897522 0.031230140713887522 100.36861727671567 100.33699660817092 100.36709491669353 100.37219542593675 100.31734840164563 100.38463756512601 100.36487719179195 100.35577417026616 200.00000000000045 100.39675177626395 100.35109938849246 100.30522439854713 100.33971099017981 100.33676635232541 100.34412145545366 100.40496881365198 200.00000000000045 100.33020758958628 100.35563297865338 100.37552358434596 100.37982478663116 100.30961392920972 100.3738304878134 100.36524307905029 100.3774347054673 100.38900423547057 100.45920313370698
1000000.0 1000000.0 1000000.0 1000000.0 1000000.0 1000000.0 1000000.0 1000000.0 1000000.0 1000000.0 1000000.0 1000000.0 1000000.0 1000000.0 1000000.0 1000000.0 1000000.0 1000000.0 1000000.0 1000000.0 1000000.0 1000000.0 1000000.0 1000000.0 1000000.0 1000000.0 1000000.0 1000000.0 1000000.0 1000000.0
