84.28147643523425 68.46065240339874 76.97993887652808 85.7487875388623 82.38605171127756 80.47520075988632 91.10816392837 75.11868753163105 69.07247089215775 78.89665195381087 76.64939590204278 85.92752179913464 76.30299772108663 65.15709110177761 81.72175839353372 90.86386196951162 81.91317699322633 87.97952915005305 106.05992333646714 69.36116150531961 85.05201343340241 95.49346280038208 57.36417161770805 85.27658572567793 87.83751606693295 87.96295053328845 69.8609663681857 84.04675867737615 84.14106239571538 59.10682633708279
76.31375579220878 66.4527593391523 76.97993887652808 76.61641988452152 81.5930539555925 65.80048345604337 66.92969544846187 68.71598916864139 69.07247089215775 59.8246659108454 59.054243128947746 72.69348013940737 66.20029450894299 51.7470739340946 76.2638983296971 88.60265615795197 81.91317699322633 76.56500745477729 89.41559500312792 47.07707262442841 70.3446724622222 75.72888601201862 55.43816152926081 61.81087967325345 69.771301538996 85.19225705736005 63.499971612332956 78.78644612739345 70.10215125346008 59.10682633708279
58.058611859027565 61.11247434732388 65.97479788984276 64.57451827498107 69.71241911128504 60.051711112397925 66.92969544846187 65.4731917831316 65.68346472236863 59.8246659108454 47.00214059342602 68.67315682939852 61.09395774787538 51.7470739340946 58.53331442331569 61.62138693917029 45.00160709310751 45.88184529685145 63.312895314809566 47.07707262442841 69.52694404054341 63.47326818420436 55.43816152926081 61.81087967325345 51.07474815544788 67.38191038494426 58.75987608947844 78.78644612739345 62.68762494089833 55.364771710929176
57.53710017440892 53.19262195048475 51.580933816887864 51.93372523418236 59.225349357071536 58.448071889054404 60.12989701428842 51.932724275076566 49.44725035479087 45.263001104436626 47.00214059342602 64.9430987851647 39.570239274434925 51.7470739340946 58.53331442331569 49.77594815747182 45.00160709310751 45.88184529685145 57.04975586703472 39.822167322614064 57.041789349827354 63.47326818420436 51.9069156898604 49.77617762628256 51.07474815544788 40.69116392072135 58.049194464915445 30.445546397333146 50.690257611979746 42.332033879967184
32.78471019663277 37.799575403821336 38.634787365929355 44.367946922620604 40.42275568531227 24.27150711679019 36.738327796490466 43.338503257482444 31.774928368989208 33.69026526536243 29.659880312402834 31.106556179534095 38.50826586405333 39.05635610098284 42.911691722871865 40.58500564689052 31.10463619430857 33.48758396575238 40.40568042087216 39.822167322614064 43.508644849937355 41.32279001091899 36.03598706634011 36.14064402807412 34.88458979292216 28.59185438671784 34.45299562449861 16.165550414647214 31.04158046573707 42.332033879967184
21.531269524937784 20.45833716909351 22.2424004199072 28.35641628327528 27.297840379820627 20.734390427744756 21.937452148805505 30.824785016865462 16.117978441535 22.231992773675643 21.71663016809464 26.858793576710696 24.829449006040477 15.912312443404744 20.795886530222333 31.84321554988844 25.656433144779385 19.419681789082347 25.357293982580245 30.165019929190635 23.87100993848935 22.765766141981203 17.37975268323021 16.206127217100175 22.307399360944714 28.59185438671784 26.734478783790564 16.165550414647214 25.942947774538084 17.140651964570907
11.595989745432007 12.14981635740071 16.538491319493914 13.05802989813401 15.094464666329714 13.840803688711276 15.66096002495999 12.266574849024778 12.749615475108499 15.707960917287096 15.981051010644705 16.127528633352085 14.3296451464563 10.808782421712749 15.679063873920995 18.327061425833563 15.060634371180413 17.405654214677384 12.340400922149684 12.790126619947728 17.022682429326778 17.630146372614263 13.445633880708783 14.139877519158404 15.286134637889859 12.264143702329307 11.821761010631235 10.961962750659382 13.434519308518588 13.334058269669868
7.568802162281941 5.555820107578256 7.915512941586371 5.508322221115691 4.4675425117844725 5.210566400083735 7.485759573783412 7.021426367722938 5.614780609445347 6.693171675816757 4.9361440269568675 5.275283234919016 6.7717118569453305 7.357026739008234 4.623321536765957 7.3478661523648725 4.546612160542509 8.805027745000416 6.2918382412468645 7.323400624354804 6.105445858918756 5.64589563533832 6.056361367139516 6.781750350060747 5.507174221668038 7.684211917336256 7.148567151315888 5.568855357551911 8.872979956948257 6.356369907553358
2.3207672000944513 1.6314072394077357 1.9890313779520739 1.9811919117529442 2.56476222694198 2.0377376820748623 1.965386483068528 1.895907624104666 1.1424076631013804 2.257378463327882 3.142897591105225 2.67127139368381 2.626661086558329 2.710586493294045 1.7788006749268561 1.9979470316419565 2.3715754740262582 2.5171403865440425 2.1437404749701727 1.7202237482745204 2.412505036206653 2.4224241977487964 1.707427425927449 1.737790017013367 1.6806692707153843 2.6550277481277362 1.7867097684306827 1.94139462853866 2.316284222162608 1.715817600612354
0.38934734667236626 0.18083050651455324 0.22277269582548342 0.2195147161443174 0.3844828570007621 0.3812967802383582 0.46022318962241116 0.41994136260507275 0.24037798581309744 0.32521720841430124 0.3787349826201307 0.46813246787360185 0.40162956451138143 0.5527066277512631 0.30015610609893884 0.442021857038867 0.35753009525649304 0.48941915136992975 0.3079429342160438 0.3424962148524173 0.3850281067252581 0.3770519751722077 0.4056773279735353 0.27395038372435465 0.2845695100255625 0.35310504528047204 0.27522943610597395 0.3403873872271106 0.3151596859571555 0.37091751322043365
0.031033237098995414 0.021537052392886835 0.017860134075249334 0.01533644140852175 0.020800526077550785 0.03267273087635658 0.03910848211717166 0.032184525834281885 0.014832218959895727 0.02132515795619838 0.038243663470211686 0.0301664543935658 0.020466681142920606 0.026850232177366706 0.029710087306511923 0.0290093167369605 0.02168152771264431 0.02472067022358715 0.022000538248903467 0.025799644705102764 0.02225509334675735 0.02024331019879355 0.024476012512195666 0.018496270374612322 0.024977011120313364 0.020831682312746125 0.02311745496331241 0.02624887980425683 0.023017095587874792 0.025324283189888774
0.000478135673347424 0.0003238282670281478 0.0003906987150230634 0.0006463200548978421 0.00045174342221798724 0.0006781876292052402 0.0007209904276805901 0.0006666683992762046 0.0002620430984734412 0.0005593497847939943 0.0007135971561638144 0.0005981076761827353 0.0007291793382364631 0.0006161561500448443 0.0005994304641490089 0.0006110083190833393 0.0005973066117803683 0.0006543648057686369 0.0005474443956927644 0.00025622623650178866 0.0006462436431320384 0.0003974708112082226 0.0006123217387994373 0.00034694396867962496 0.0006246027127190246 0.0005008387695397687 0.0003993473814034587 0.00039600459615485306 0.0005465100919082033 0.00044517974095015234
1.309718413722294e-06 6.94867480888206e-07 6.325884669422521e-07 1.7148792039733962e-06 8.068511760939145e-07 3.389015546417795e-06 3.242510388190567e-06 2.474848542988184e-06 6.038198989699595e-07 1.706260832179396e-06 3.720287168107461e-06 1.1068759704357944e-06 3.4076180099873454e-06 1.7179369251607568e-06 1.648626380301721e-06 2.149317538169271e-06 1.1789155678343377e-06 1.8654427549336106e-06 2.10887424145767e-06 8.730082754482282e-07 1.0050491709989728e-06 1.3509646805687225e-06 1.0908481726801256e-06 1.1308883358651656e-06 2.1649207155860495e-06 1.4039404732102412e-06 1.5806901956239017e-06 8.925238716983586e-07 1.8576324691821355e-06 2.108984858750773e-06
1e-08 1e-08 1e-08 1e-08 1e-08 1e-08 1e-08 1e-08 1e-08 1e-08 1e-08 1e-08 1e-08 1e-08 1e-08 1e-08 1e-08 1e-08 1e-08 1e-08 1e-08 1e-08 1e-08 1e-08 1e-08 1e-08 1e-08 1e-08 1e-08 1e-08
1e-08 1e-08 1e-08 1e-08 1e-08 1e-08 1e-08 1e-08 1e-08 1e-08 1e-08 1e-08 1e-08 1e-08 1e-08 1e-08 1e-08 1e-08 1e-08 1e-08 1e-08 1e-08 1e-08 1e-08 1e-08 1e-08 1e-08 1e-08 1e-08 1e-08
1e-08 1e-08 1e-08 1e-08 1e-08 1e-08 1e-08 1e-08 1e-08 1e-08 1e-08 1e-08 1e-08 1e-08 1e-08 1e-08 1e-08 1e-08 1e-08 1e-08 1e-08 1e-08 1e-08 1e-08 1e-08 1e-08 1e-08 1e-08 1e-08 1e-08
64000.0 61000.0 61400.0 63900.0 62600.0 65100.0 64300.0 62000.0 61800.0 63300.0 63800.0 63000.0 65400.0 63400.0 64000.0 64100.0 62900.0 64300.0 64700.0 61600.0 62200.0 62800.0 62600.0 62700.0 63900.0 64200.0 64000.0 63100.0 64300.0 62900.0
