899.0123582170759 603.7243385821143 507.99813547681106 771.9550848955237 576.1191487614215 617.6503188013876 698.3773405110105 474.5737595264518 538.5049619652991 472.44742870744903 498.732401028356 415.2110455408474 517.3744503293465 555.523406304731 568.8336550108156 562.3052964020872 577.9599521657883 660.1373852848587 483.9539979734923 701.9862950958277 641.3241045057989 542.0853785056024 555.1028706246561 554.2720401251854 654.4369506501289 544.8580165814019 491.25001676531156 468.5505672681343 712.5923592606223 505.33540614123604
472.40893007408386 445.3204553640344 507.99813547681106 736.2149224309323 576.1191487614215 502.52360471061365 671.7050327572733 474.5737595264518 538.5049619652991 416.2122274059043 498.732401028356 415.2110455408474 501.5998533403035 432.54519720192457 566.8375319744973 562.3052964020872 577.9599521657883 660.1373852848587 483.9539979734923 529.1511368132005 618.3156570363608 542.0853785056024 466.4986669846494 554.2720401251854 388.60937513037607 521.6076566071297 465.633254433968 468.5505672681343 595.5742653671423 437.8532715586489
440.79969614111906 445.3204553640344 507.99813547681106 490.3825046950856 576.1191487614215 420.6816234042585 392.2235159913689 433.7906163729899 448.65475065469127 416.2122274059043 392.75832566035024 406.24858474811026 425.93786024451765 411.22784850318567 532.7634166873631 523.1651186943591 534.8329858294396 575.5863530705738 471.75231716336384 493.78646212073363 409.6026303361109 519.7918619196653 466.4986669846494 462.03235633802797 388.60937513037607 512.2625847214363 465.633254433968 468.5505672681343 443.550911940416 389.61518346275216
385.3077400291636 445.3204553640344 504.14607506239736 377.4696831306419 513.7597993533695 420.6816234042585 392.2235159913689 414.3324844885883 341.9138018399476 416.2122274059043 372.3292171996436 406.24858474811026 425.93786024451765 374.71479182749454 447.41271908183626 412.0782435016258 454.0350620148911 474.2372078377416 417.6369693192237 493.78646212073363 403.2072998760518 349.2138944392309 466.4986669846494 462.03235633802797 388.60937513037607 442.16940323390645 449.5950209928187 468.5505672681343 417.7849220656876 358.8848348832298
348.06085653668015 376.4775303541878 351.5826090194978 320.7067801373619 401.13507271269737 371.0606213512424 368.91106131602874 344.2139690386316 301.71546961986223 370.1233019709348 350.419186774986 375.219505968279 352.9402719319787 331.5367851265969 402.4609909753053 340.0927320912824 431.0021076199264 380.15932975552687 331.15425816252036 404.96443335739104 326.41389768891577 334.7826786665428 401.9448411379831 401.6447552814502 353.29090306297394 367.9086976048079 337.2361456434992 341.2678537514348 404.5589409509971 321.54750296083785
300.5113640730874 268.5093958362395 290.39898937117687 275.6457692373083 306.4779131318501 295.64435328385616 287.01042105080523 289.7942304981634 274.04433943725235 312.04993607676715 300.50584875277764 304.81657991772727 275.12904003497033 278.73302373392744 288.4010062955804 309.44297494072816 309.85100597856535 334.8398939305571 290.66737212397993 325.77937242361804 284.21937970254703 292.2326763044198 287.3531214860518 331.54371421429414 301.23921549238275 342.61429223917867 310.0123811694002 299.78357640012746 307.420473226412 265.30230780213515
248.39523988589463 247.9412719628358 235.7280784949371 247.21477613213438 268.1049970770723 247.4042662580764 257.10979228283804 249.8529345151851 245.6790114737637 251.11861359959676 255.01661413263764 252.4189146809249 245.8904131950535 247.65725044762667 245.5870049701357 242.72250293445722 239.57592644902388 249.0319626430546 243.81033482794282 243.75101390520103 246.46145567490294 243.69841848445685 238.9634086372448 258.6988999310579 242.02802728213055 252.8133697010503 256.51687895436 264.71795222656465 247.2154646139329 245.98680255069212
232.88764996412874 230.65763493657687 231.50626746284524 230.128902941673 231.88869744630165 231.4033847359392 234.59353173040427 234.38251167715634 230.8271943574773 231.0558472387561 232.48806668836278 232.37781438630645 235.59436408382362 232.18859263260583 234.75976288583433 231.8693901413153 232.2295819053279 233.93507974142767 231.6662972152867 231.73947616239093 232.92251627826363 231.44775031105837 231.64280631932616 234.12029481066975 230.24122160559455 233.77329098637256 233.6091973130715 236.93447159658854 233.76843018797945 230.96854359017289
229.48734603792627 229.52830628473976 229.44433343112178 229.32845996906462 229.42555472160575 229.3213549438451 229.5417171323811 229.47272623982963 229.37554932196963 229.47046722241248 229.42898498294107 229.45780854183977 229.5246132785678 229.5649135279682 229.6104753180498 229.48847353148494 229.78717401424137 229.815768506714 229.41920726179706 229.4905742302094 229.47394498488165 229.40603329618762 229.62497418537032 229.43025855077803 229.3532824424342 229.697756211679 229.76184876374964 229.74563118375545 229.5151739300386 229.69220250134276
229.2851198514286 229.28573861232417 229.2846262949397 229.28467713268492 229.28500252724143 229.2847442166676 229.28552006847485 229.2860335066316 229.28468428354063 229.28497958040953 229.28545496009474 229.28530810569964 229.285210927123 229.28600890699272 229.28528131364374 229.28493109977035 229.28666802165162 229.2865668053837 229.2847747768169 229.28488020348323 229.2849937696392 229.28484758353534 229.28645089077645 229.2861307004564 229.28517504146612 229.28873623013214 229.28584647564503 229.2852983383127 229.28571234310266 229.28634515471867
229.2843827797069 229.28438297374532 229.2843827366023 229.28438275696726 229.2843827409729 229.2843827620345 229.28438290229997 229.2843828600453 229.28438273907204 229.2843827841334 229.28438284537742 229.28438295178785 229.28438272117228 229.28438293515273 229.2843828437526 229.2843827348861 229.2843831256905 229.28438304885913 229.28438275900908 229.28438289524956 229.28438276153975 229.284382726476 229.28438282151365 229.28438282936395 229.28438285027732 229.28438296069044 229.2843828083105 229.28438296530157 229.28438277111127 229.2843827510942
229.2843827084871 229.2843827084871 229.2843827084871 229.2843827084871 229.2843827084871 229.2843827084871 229.2843827084871 229.2843827084871 229.2843827084871 229.2843827084871 229.2843827084871 229.28438270848756 229.2843827084871 229.2843827084871 229.2843827084871 229.2843827084871 229.28438270848756 229.2843827084871 229.2843827084871 229.2843827084871 229.2843827084871 229.2843827084871 229.2843827084871 229.2843827084871 229.2843827084871 229.28438270848756 229.28438270848756 229.2843827084871 229.2843827084871 229.2843827084871
229.2843827084871 229.2843827084871 229.2843827084871 229.2843827084871 229.2843827084871 229.2843827084871 229.2843827084871 229.2843827084871 229.2843827084871 229.2843827084871 229.2843827084871 229.2843827084871 229.2843827084871 229.2843827084871 229.2843827084871 229.2843827084871 229.2843827084871 229.2843827084871 229.2843827084871 229.2843827084871 229.2843827084871 229.2843827084871 229.2843827084871 229.2843827084871 229.2843827084871 229.2843827084871 229.2843827084871 229.2843827084871 229.2843827084871 229.2843827084871
229.2843827084871 229.2843827084871 229.2843827084871 229.2843827084871 229.2843827084871 229.2843827084871 229.2843827084871 229.2843827084871 229.2843827084871 229.2843827084871 229.2843827084871 229.2843827084871 229.2843827084871 229.2843827084871 229.2843827084871 229.2843827084871 229.2843827084871 229.2843827084871 229.2843827084871 229.2843827084871 229.2843827084871 229.2843827084871 229.2843827084871 229.2843827084871 229.2843827084871 229.2843827084871 229.2843827084871 229.2843827084871 229.2843827084871 229.2843827084871
229.2843827084871 229.2843827084871 229.2843827084871 229.2843827084871 229.2843827084871 229.2843827084871 229.2843827084871 229.2843827084871 229.2843827084871 229.2843827084871 229.2843827084871 229.2843827084871 229.2843827084871 229.2843827084871 229.2843827084871 229.2843827084871 229.2843827084871 229.2843827084871 229.2843827084871 229.2843827084871 229.2843827084871 229.2843827084871 229.2843827084871 229.2843827084871 229.2843827084871 229.2843827084871 229.2843827084871 229.2843827084871 229.2843827084871 229.2843827084871
229.2843827084871 229.2843827084871 229.2843827084871 229.2843827084871 229.2843827084871 229.2843827084871 229.2843827084871 229.2843827084871 229.2843827084871 229.2843827084871 229.2843827084871 229.2843827084871 229.2843827084871 229.2843827084871 229.2843827084871 229.2843827084871 229.2843827084871 229.2843827084871 229.2843827084871 229.2843827084871 229.2843827084871 229.2843827084871 229.2843827084871 229.2843827084871 229.2843827084871 229.2843827084871 229.2843827084871 229.2843827084871 229.2843827084871 229.2843827084871
200000.0 200000.0 200000.0 200000.0 200000.0 200000.0 200000.0 200000.0 200000.0 200000.0 200000.0 200000.0 200000.0 200000.0 200000.0 200000.0 200000.0 200000.0 200000.0 200000.0 200000.0 200000.0 200000.0 200000.0 200000.0 200000.0 200000.0 200000.0 200000.0 200000.0
