1230.9792016179445 1116.4025785399367 2134.56429920994 2075.6471359595325 903.4765574151047 342.3152691267737 896.8160574232561 1241.7180227432082 1176.8183213441116 1134.7070846248785 979.853895955509 1481.434631054528 1763.8336777168333 1121.6269845639504 748.0212158757417 862.9383499837159 1097.8619586692557 1567.4182570828998 2072.7567449000107 1456.2859297338919 1436.9916528342706 2055.3866574501044 1671.76738146158 851.9667922834815 538.7031772609321 1129.0219981511227 2033.7182764657682 2051.09376518974 1628.4065211711695 1594.2029275695086
1080.4531612521691 1116.4025785399367 1001.319360462946 1646.1968382314399 903.4765574151047 312.80794510897795 838.1932990288624 944.9256873718209 1176.8183213441116 883.575899110022 979.853895955509 1216.4869373547872 1362.9052510512347 1121.6269845639504 748.0212158757417 862.9383499837159 1097.8619586692557 1000.8375328738971 762.4554125506957 1088.6216658720832 875.8117685733287 1989.0106281852086 1051.43018803515 434.71301158123606 538.7031772609321 1129.0219981511227 842.0265497938317 2051.09376518974 1628.4065211711695 1093.555931354531
447.9010866984745 810.405429463543 1001.319360462946 495.7884456251795 780.4412640940172 312.80794510897795 559.6267248276981 866.9895254873486 823.1012482662431 556.904490328986 800.2130992705511 1044.427716706995 393.17068783203786 853.9448152319519 748.0212158757417 572.4504097612767 562.9776618399223 660.7880914762636 762.4554125506957 1088.6216658720832 583.1357704314523 1671.067889265786 1051.43018803515 434.71301158123606 357.6695506874471 486.413672584762 564.1019478144722 1093.2237763640069 874.2494651265188 816.8996831960694
447.9010866984745 499.50923903421835 307.5321710030339 495.7884456251795 516.5384932436918 290.0065837345237 553.7949352951218 414.2425526909565 552.0641891105652 316.58133156070335 495.932577643076 413.260496707112 393.17068783203786 520.9931568146849 371.5983735130326 406.9777582318093 533.9202925403451 286.20708043419245 346.16743078411446 603.0335812135977 583.1357704314523 873.5332485797717 656.0816726765288 343.51609063676005 357.6695506874471 464.13257803995566 436.2347074551326 448.36596096304174 556.6715459216452 327.25351408184497
224.60431799663775 295.5387792620095 221.38968098919122 336.7128726347473 292.71421284881853 275.42923918429597 305.09316689732304 312.63056945551534 272.2916731765663 256.6004157411594 209.42295022106237 207.4982667358363 318.9550033360697 251.86683327941228 258.0578151451614 244.54151076622884 298.773808444053 286.20708043419245 326.47764084721075 319.9198312162307 277.5769081220428 546.8009301098723 284.9754717266442 240.49817210254287 261.7734991192274 248.50418133856238 298.4793930523697 365.0282117048969 224.86935832902054 209.15022735582124
182.9214823768234 192.9214357633964 194.00635701980173 227.2241184217305 184.72276455116116 196.82996707669236 189.85957314157758 205.23862868087008 192.50453212029925 179.6251435676404 195.9541412071294 184.40999830675082 199.1417380990074 166.41714751941163 191.76315613898214 188.65427873449698 198.13869795214669 196.01900654186693 210.4332122322212 199.74933087787895 193.15598151361564 209.7120413725138 214.59052960311192 162.6499491977761 189.57951874693254 190.42733907917182 192.36818105846305 197.04680611331332 214.9420670089562 177.84574747054648
165.31810507634464 161.65965314526784 164.71461404486945 190.9624957280871 162.67349369833255 159.7106606515049 167.97300867988952 170.8387704562865 161.41756958021142 164.759795380985 163.27608072967905 148.2024416603922 165.07076148043188 158.2590033630886 170.25693794881818 161.7527456568414 163.68737941385234 161.65881727095893 177.03807322940065 173.29263901356717 158.43476352691732 170.93670417653811 170.7508609442416 156.76408034025462 158.15004775410898 165.12807769335768 156.38183264635563 170.52757419188538 172.2302719858676 168.19957713902113
152.4125183931974 145.28018557846735 151.74286138360594 150.4498122895011 131.10497113350448 112.30184649734565 149.4237271053703 149.85748447997776 149.45534473424868 151.20973574548952 148.49419233328763 135.31531056714175 145.22757574531988 126.44177158148705 146.6070921065152 135.99307458103567 147.86611834529913 145.57921362638763 138.6273350167121 154.43310338498168 146.40155383403953 157.96343551719247 152.8703230656156 123.84789370497447 149.2784373934578 146.39109249574267 149.48022028283413 151.03267147350198 150.51726777182057 151.1246585917902
150.66827898960082 33.706924231636094 112.63874582484368 59.45796831797816 33.23336065426474 17.202485054722274 33.29368402992395 37.51219983501187 56.98498462573798 69.0758194956511 57.63215881073029 28.37820032506852 45.573165187373434 17.491172573814765 38.215865385546294 22.416806666853518 28.341069484158652 36.8236345370201 28.605687518247123 79.53610002152573 39.322142733477904 92.18669551694256 82.3827825429903 20.0646434073019 41.080378153902984 36.513749231136444 39.28155992776374 49.261778747783865 57.40122224660763 70.26931365630071
150.44078549280357 1.4069531425056994 4.542504298543008 3.501673616559856 1.4662697823900999 1.1241835913338036 2.162813062427631 1.4362433646892896 2.2054434306869553 3.2992124661946036 2.571334551187192 0.8953194571199674 2.2074208349149558 0.5962054755027566 1.4507055363351355 1.2125340996981322 1.772125754834633 1.8068928054381104 2.0614468149633467 4.946535895286161 2.0833244044697494 9.810399930982385 2.6337026095457077 0.90756843232748 2.4605036550269688 2.2542460893173484 1.7796355914656488 2.0549876793447766 2.9392471462183494 2.6685174821600413
150.42721911598483 0.008156442893323401 0.04519731864002097 0.039751320630330156 0.011844155608741858 0.007184292871443176 0.012669188864038006 0.016994548584079894 0.031982496494947554 0.014578271910977492 0.019981566082151403 0.010859896518923051 0.01800926294617966 0.0034595754018482694 0.012766080902110843 0.005644753700380534 0.016026221617266856 0.014669529904040246 0.018262362184941594 0.043204964238611865 0.012068994978562841 0.10260210856631602 0.0272756785866477 0.00651612790670697 0.019454681141723995 0.019865098432092054 0.01440194211090784 0.015251304776484176 0.023414162811150163 0.023415111480062478
150.42716456839707 3.592421307985205e-06 3.6939643450750737e-05 3.194290229657781e-05 1.0517297141632298e-05 9.299065368395532e-06 1.815751693357015e-05 1.532848955321242e-05 2.701344010347384e-05 1.2696964859060245e-05 1.7836778170021717e-05 1.1067378181905951e-05 1.148043202192639e-05 3.2399971132690553e-06 9.196251539833611e-06 4.043551598442718e-06 1.0235406534775393e-05 1.1091924534412101e-05 6.42415488982806e-06 2.876981989174965e-05 1.43831148307072e-05 0.00015107941999303875 2.1950836071482627e-05 4.2874271457549185e-06 1.8786951841320843e-05 1.044338159772451e-05 1.4644316252088174e-05 8.446482297586044e-06 1.865120748334448e-05 1.5832203189347638e-05
150.42716383684 1e-08 1e-08 1e-08 1e-08 1e-08 1e-08 1e-08 1e-08 1e-08 1e-08 1e-08 1e-08 1e-08 1e-08 1e-08 1e-08 1e-08 1e-08 1e-08 1e-08 1e-08 1e-08 1e-08 1e-08 1e-08 1e-08 1e-08 1e-08 1e-08
150.42716381362652 1e-08 1e-08 1e-08 1e-08 1e-08 1e-08 1e-08 1e-08 1e-08 1e-08 1e-08 1e-08 1e-08 1e-08 1e-08 1e-08 1e-08 1e-08 1e-08 1e-08 1e-08 1e-08 1e-08 1e-08 1e-08 1e-08 1e-08 1e-08 1e-08
150.42716381071568 1e-08 1e-08 1e-08 1e-08 1e-08 1e-08 1e-08 1e-08 1e-08 1e-08 1e-08 1e-08 1e-08 1e-08 1e-08 1e-08 1e-08 1e-08 1e-08 1e-08 1e-08 1e-08 1e-08 1e-08 1e-08 1e-08 1e-08 1e-08 1e-08
150.4271638098321 1e-08 1e-08 1e-08 1e-08 1e-08 1e-08 1e-08 1e-08 1e-08 1e-08 1e-08 1e-08 1e-08 1e-08 1e-08 1e-08 1e-08 1e-08 1e-08 1e-08 1e-08 1e-08 1e-08 1e-08 1e-08 1e-08 1e-08 1e-08 1e-08
200000.0 42300.0 46100.0 45000.0 43700.0 42700.0 43800.0 44500.0 46200.0 43900.0 44400.0 43300.0 44100.0 40900.0 43600.0 41600.0 43100.0 43700.0 42500.0 45900.0 44300.0 49000.0 45300.0 41900.0 44300.0 44200.0 44300.0 43900.0 44400.0 44200.0
