1649.1330034899656 2705.7849323916244 834.406824778488 1283.4778797118365 1097.1521956767124 1057.2060207057195 418.364845409189 2285.6444755500543 637.4704751530405 1727.8690244714671 452.559339333618 1325.56375495829 2884.5139738775824 398.1876914847684 1597.9176816204908 2423.368279153106 563.241679079011 811.4162197314456 950.9938789653656 871.4611504358534 1793.745410654894 1465.7751624472853 1557.3542446603983 1801.0347470384586 1328.3505651424111 1856.516805145705 955.9155572242289 2086.6768773972526 1712.9092375520295 2209.4521134343195
882.4557016996016 600.0436351500691 674.7230501523368 863.6747423746237 850.6906472804428 1020.39586485479 418.364845409189 1276.89821300882 637.4704751530405 1163.9821681775577 452.559339333618 1325.56375495829 1966.6455806501917 398.1876914847684 705.0324537401934 1181.3203156339248 563.241679079011 811.4162197314456 647.676142829213 505.245102534736 1708.2789274807083 1465.7751624472853 1231.0205061013107 1801.0347470384586 1231.6003210309125 1160.17114165911 955.9155572242289 574.4895027801845 1055.9708240220518 603.4203817868591
760.7464587181946 377.1112112012298 493.86993159672863 313.8642200317038 341.7944349411043 430.60789425364555 418.364845409189 978.6666289492605 359.61265568673 172.98167333024048 452.559339333618 805.7787888639277 506.15507832852563 323.1123548853949 664.3192574038126 565.362807900735 421.7381559533578 736.8893736162549 147.64186946267932 318.0878337555016 765.5923768007488 556.9018468874365 441.8730371674437 770.4525489361454 306.86439764428906 749.8555400426753 464.2020044119238 574.4895027801845 849.272949249892 438.60352648147443
224.3491114094793 377.1112112012298 267.38007396934677 141.4114847433093 176.92918387805753 383.15805039824113 395.55128931604634 294.9288038676027 161.42284524028344 172.98167333024048 339.83709383511143 414.50042643085794 239.72035835497957 323.1123548853949 241.43848770400348 413.8257966726451 421.7381559533578 357.1033972266433 147.64186946267932 271.4463612592633 331.689140620781 414.1870572998163 224.10361237473865 572.0378976274142 189.39383160236127 323.68845276045886 164.96885177951208 253.2616081452793 296.9149534701312 174.933004259958
144.02193904629632 202.70546827329156 202.29056059640538 141.4114847433093 122.0111196293866 95.53983418754729 141.8132385752175 99.20265827097842 161.42284524028344 117.17097736627181 193.53613824497552 137.76857362262626 123.33627135387462 182.80586433236545 118.2004804235703 187.78586049705882 114.90375305605733 178.35866708515266 118.8949198308087 86.93999977658581 203.81866380409542 176.78605571141907 154.23734461648382 183.89523489761632 81.36351451150574 127.73460292031211 134.77203363283968 95.68297945082816 159.30515200400578 122.8565005148456
32.802282174740526 35.60016621768523 112.40272108792942 42.42668911118693 59.246146178935646 45.99590471413467 71.97531055099341 42.5294784785022 61.43744497925957 90.13368427279244 58.701393870919446 72.74036613755106 65.25626792879837 90.20794438982153 82.4110944902207 88.6193098786693 57.22340032354498 57.13228483331511 67.0499497891609 75.1120787696479 96.06908498363441 84.20811543553532 68.5835365078255 81.5559277017689 32.5262157734694 89.03800829294727 61.40857905167559 86.07971885495056 79.792956215701 87.60932672702808
27.743926697151778 35.60016621768523 33.59012206196536 27.366237731348804 23.086210631012705 25.052343613247047 36.624043894187935 27.448562532752703 33.568370854712555 61.90607100451632 29.527821717545237 34.73706247479578 52.86326044374226 21.587066742917955 39.94412468738278 28.707152286649432 37.831480637568006 42.605005358357744 40.98519438408658 30.691158653303603 42.56482485984935 40.14309054282222 42.19595282656155 39.41261325917935 27.591934335487224 37.48439362915087 40.45207887114515 36.729544264510196 28.90680561924654 44.977435162955715
11.456854477073762 14.395832251814738 11.229102369013958 11.470926334681224 10.011363196028412 13.264241157626714 16.46656083206244 11.603694113612278 14.557871596530333 14.835055858753378 12.072662335606083 12.001040987031047 15.070246611035714 13.092696313246677 14.190324942858979 24.05246165977161 15.560500477989422 15.658255477515354 12.925205174119526 10.758846034192459 18.466251547739148 14.87840864835539 15.146113912902024 22.483666658698723 13.293140862607572 15.19024958666813 11.237117694634264 13.659957662769102 12.447718173313888 14.645172272345008
9.11055237961159 9.332122299292507 3.483134924095168 9.300628574820337 7.653689760083125 9.233830056149372 9.954109040013861 8.97483161841211 9.236384872971371 9.90377330492015 9.35322240995032 9.636273085927087 11.274509756163184 9.30470049871792 9.286532657062423 9.757365953448073 6.657931893676846 9.052542172890242 9.160863786023583 7.852247197237091 9.816816964073269 9.383995581869272 9.466483772171955 10.67247434593611 9.017191864947222 9.34219129125188 9.200124765297232 9.67140848757083 9.039409054131227 9.593783745134601
8.917531398990263 8.918109119515293 1.1241003943292185 8.918587631744685 6.7866311563837485 8.916810544630323 8.918917119991988 8.917127468737988 8.91675622481148 8.926320473110877 8.919772173792467 8.934223646431462 7.6018675760651035 8.917714259059096 8.917855656829602 7.015042803400604 1.3883595120067298 7.524183343135178 8.917124908909955 7.115672742626373 8.928416104305484 7.7656070696289135 8.925282197770002 7.783643737355135 8.916709715760078 8.919241020547815 8.91884558837171 8.919407300154774 8.916696961854711 8.954068985277786
8.916102206057303 8.916102438805751 0.4859907419681804 8.916102698056022 6.198215655146555 8.916102440373379 8.916103579154196 8.916102062633058 8.916102169975261 8.916108567964159 8.91610301322197 8.916120398949772 6.958401625728982 8.916102271191562 8.916102264774793 5.701917959307764 0.501675140774239 7.0622308242943745 8.91610235846116 6.530417685053749 8.916104323099091 7.211369085501929 8.916105597066291 7.077723640784711 8.916102072640513 8.916102806367633 8.91610322605925 8.916108868503954 8.916102065009795 8.916314974841441
8.91610192778785 8.916101927783131 0.39892677832631307 8.916101927786087 5.658075139878122 8.916101927789953 8.916101927791317 8.916101927781597 8.916101927781881 8.916101927832301 8.916101927784496 8.916101927953434 6.29834436204311 8.916101927784325 8.916101927782336 5.4678453763170864 0.3361651996285673 6.327340872426873 8.916101927785576 6.025792164763288 8.91610192779541 6.596992259174442 8.916101927861973 6.653584535832465 8.916101927781938 8.916101927784553 8.916101927786883 8.916101927850207 8.916101927781597 8.91610200326653
8.916101927781312 8.916101927781312 0.2590081005416778 8.916101927781312 4.898046190807577 8.916101927781312 8.916101927781312 8.916101927781312 8.916101927781312 8.916101927781312 8.916101927781312 8.916101927781312 5.933641397397253 8.916101927781312 8.916101927781312 4.70874111738317 0.2427942196757158 5.88785913283175 8.916101927781312 5.650626005432628 8.916101927781312 5.987534277781776 8.916101927781312 5.9875262671338305 8.916101927781312 8.916101927781312 8.916101927781312 8.916101927781312 8.916101927781312 8.916101927781483
8.916101927781312 8.916101927781312 0.09259600431772697 8.916101927781312 4.234595497393627 8.916101927781312 8.916101927781312 8.916101927781312 8.916101927781312 8.916101927781312 8.916101927781312 8.916101927781312 5.319506893373841 8.916101927781312 8.916101927781312 4.1170674336689785 0.1603532177189777 4.96771674824231 8.916101927781312 4.812128811875198 8.916101927781312 5.111430725309674 8.916101927781312 5.097437190485778 8.916101927781312 8.916101927781312 8.916101927781312 8.916101927781312 8.916101927781312 8.916101927781312
8.916101927781312 8.916101927781312 3.0306038638627797e-06 8.916101927781312 3.9866254325017962 8.916101927781312 8.916101927781312 8.916101927781312 8.916101927781312 8.916101927781312 8.916101927781312 8.916101927781312 4.219585865632553 8.916101927781312 8.916101927781312 3.9865812219290433 0.0011614237065487032 4.155106610839255 8.916101927781312 4.148974288617637 8.916101927781312 4.139064761377142 8.916101927781312 4.146764498623725 8.916101927781312 8.916101927781312 8.916101927781312 8.916101927781312 8.916101927781312 8.916101927781312
8.916101927781312 8.916101927781312 1e-08 8.916101927781312 3.986579112347158 8.916101927781312 8.916101927781312 8.916101927781312 8.916101927781312 8.916101927781312 8.916101927781312 8.916101927781312 3.9865791320387416 8.916101927781312 8.916101927781312 3.986579112347158 1e-08 3.9865791176435437 8.916101927781312 3.9865791507216386 8.916101927781312 3.9865791459994853 8.916101927781312 3.986579138679474 8.916101927781312 8.916101927781312 8.916101927781312 8.916101927781312 8.916101927781312 8.916101927781312
200000.0 200000.0 142400.0 200000.0 200000.0 200000.0 200000.0 200000.0 200000.0 200000.0 200000.0 200000.0 200000.0 200000.0 200000.0 200000.0 162600.0 200000.0 200000.0 200000.0 200000.0 200000.0 200000.0 200000.0 200000.0 200000.0 200000.0 200000.0 200000.0 200000.0
