199.3001558422984 200.7272624242264 136.47060021263815 125.99179321441125 255.58933814495822 169.6748003284847 148.61544844003356 187.55872917257693 173.95632320076083 131.80326117471122 166.22465427043744 208.58636003980791 150.5900522686061 217.71320256842046 214.60141646246439 154.85500230506977 156.90042541838784 153.00299904095118 121.82488907967218 106.34632405185494 161.86657913852332 196.53292721494654 188.11454013128196 149.5864866478887 188.83922033206773 169.69686377638573 225.56493659664739 232.66379254453204 233.66559944925166 244.6498278951558
199.3001558422984 141.1385312241805 136.47060021263815 125.99179321441125 255.58933814495822 169.6748003284847 148.61544844003356 187.55872917257693 155.32721512660237 125.1317667883286 166.22465427043744 204.45902166778433 150.54116115074476 188.67088276339837 213.06924993377788 150.09402660579917 156.90042541838784 153.00299904095118 121.82488907967218 106.34632405185494 157.719042947896 196.53292721494654 174.9127684456157 144.34152929789707 141.5553203030663 169.69686377638573 154.3365026940287 154.93224733618536 162.2472843984674 224.28724836194215
199.3001558422984 141.1385312241805 122.37244686825534 125.99179321441125 191.28555349092812 147.93346732365717 69.3517814080019 167.20591863051868 155.32721512660237 122.99854200284653 95.89748343196561 144.53598725011716 150.54116115074476 172.41279501330246 189.1379900789293 146.7719398828699 156.90042541838784 152.00786680753117 119.5084912841412 91.82030798140477 129.58168561361526 124.6653346492817 170.21442480236556 144.34152929789707 134.325229557503 124.39905505687057 111.23887764238407 143.63063173447244 141.7118722032842 113.63542005931095
123.037947449694 86.42180492395073 122.37244686825534 112.82398674037677 170.01550379359014 130.70910532071593 69.3517814080019 128.18437320284465 155.32721512660237 90.74437695684946 95.89748343196561 117.02373331647505 150.54116115074476 82.55959458579218 113.0999093342516 146.7719398828699 132.53510388203767 83.74034622748013 109.35464441916884 90.55477727521975 115.6487702753061 124.6653346492817 151.54764461991772 137.50618609018102 102.85749989365604 124.39905505687057 111.23887764238407 128.5461723754902 138.83848228032093 113.63542005931095
119.7600373893647 72.33470783252505 96.33005865179211 55.00530354297689 123.9222556949262 90.55209502007756 69.3517814080019 93.73465236268476 117.38519303218254 90.74437695684946 95.89748343196561 107.04745255075613 117.99733939170301 82.55959458579218 103.23677705284399 66.30355717205475 114.18460510700424 80.77609628722439 83.02467163278607 83.29128313959473 97.9074946597625 87.00222926497645 121.9605936188168 100.0811306379378 92.48240100258454 108.98696082343758 66.64873317933552 108.51191051292335 82.3297677765504 105.89692194739337
56.88847149810408 54.244439393717585 65.36211779568839 43.291966892820255 71.47532884678412 90.55209502007756 69.3517814080019 72.68285179390023 84.86714179209685 66.67510627271804 63.96611371279869 87.64635517671422 95.16312663795588 82.11661539342049 88.45158209815327 62.30305155788119 82.52865616438794 80.77609628722439 50.36124103583734 47.07503108701553 79.96876022683728 87.00222926497645 84.12372620239466 71.03864429328269 86.59422502922416 76.1798664969142 66.64873317933552 100.29469340116202 82.3297677765504 71.49387676799279
39.07940048725277 48.7982460556982 62.49918802883121 43.291966892820255 43.33643985273898 54.72490011131504 47.749107100332594 59.473440166026194 54.87025892886004 41.38679718667845 63.50334754918185 68.79753351204954 67.10904083650075 59.95316181538465 65.06870021072837 43.327754781277235 70.33061179502238 63.559615031243084 50.36124103583734 47.07503108701553 53.01753881696732 65.2518091576485 68.25935452969497 47.77147602757668 54.34091055914041 55.94388940240697 47.17441390936233 50.62481168101431 41.93022226580797 58.592099167539345
39.07940048725277 42.01738087745912 47.347426026751236 43.291966892820255 31.2818723856019 29.392326551824226 31.295268504862634 42.791673248117604 40.66171562850195 41.38679718667845 43.812075161285065 39.74442464030858 45.90758768741489 43.32550864288055 51.70286117150408 41.01174765303813 40.23702527527348 42.76997723582235 49.26882392986954 38.9187598630092 49.9703245790015 46.24925518068517 46.73812955006406 46.0505479945075 29.893077275088217 44.498658597692156 47.17441390936233 47.505292713620065 41.93022226580797 37.717097258371496
35.77260451420625 34.42674448160028 31.981625271682333 33.69918362837234 30.360441830399395 29.392326551824226 31.295268504862634 32.71627727754344 30.03554776517035 32.98597956969138 28.757054981244437 30.398049001330264 38.30130161154875 34.06309212593942 36.78495895177002 34.79945755386393 35.5178887491636 34.644676533275515 34.4949166427898 29.734130964197902 42.25312131946475 37.2353275352873 33.30042953877387 37.47099910819861 25.691609345757115 29.958409279419357 21.42015063382496 25.5822693118173 30.587404417972266 37.717097258371496
26.147998797314585 29.1449350935045 22.729237482620647 24.354825024107413 20.955129905123158 20.085850396489832 27.218898193903897 25.542044452373602 26.380709415216643 28.478513427314283 28.757054981244437 29.51977096279893 30.367323752041784 25.84318338164985 24.2620429682313 26.467296919943692 27.97449521929161 31.02102906569371 25.752817626830165 25.054489069594865 29.26095115252383 26.796957477294654 24.996033720451805 28.091632234732288 25.691609345757115 23.618381188394324 21.42015063382496 22.65767736827229 27.486715521641145 31.960847810093583
13.383764244515532 23.2040836228216 22.637829139295036 15.715552463597078 11.77953598534441 9.370846348091163 20.493031265193167 18.360734560563287 17.325529802428264 24.728640305357658 23.9650146593101 24.281854746867793 22.04693389970612 11.155384328490527 18.308069351514177 24.133519725892484 18.60906937458344 25.507119036133645 17.20824397248043 11.96660149792865 21.87084854515706 23.89103283701411 19.003800413341196 16.086245283986045 16.00411697304412 19.791318181204588 12.192858645513752 10.49599032702963 23.336302709599522 22.685924954702614
7.3773961316978784 10.29436248108209 13.016818241376768 6.587691748605039 9.74782053485319 9.05219375980414 9.439186912146624 15.930613368622971 10.915085380280516 16.937454829230546 6.477319771419388 14.112907708836929 12.082853888271757 9.089325044826865 10.4896041337106 11.7063054499788 7.229827431483955 14.014516569055786 11.650689383056488 8.202153188557759 14.698304994182536 11.837437955010046 6.504692760629723 10.249705020207557 9.22946371963394 12.487778117556445 10.8816964558996 8.785483335277831 10.296057268475124 9.693979444635715
4.167903135530196 3.4109877574385337 6.859191837234221 3.1527175276526123 4.231710682138328 4.196797598416197 3.984361577233585 6.034284304506173 2.4461708527487644 8.556383773651078 5.058570515624297 5.775160691878227 5.145949700655365 6.661699060378851 5.365438404213592 2.5451378318873594 4.331988322843927 3.5153277045515097 6.994239462134146 2.7414499858443833 5.171319224403987 5.069185452225383 4.615753963309771 5.795109645812772 3.928564582495028 5.027785626110017 6.3349348382673725 4.43346243240876 5.038728389467451 5.678051743895139
2.597733925365219 2.354153985349967 3.010097387145379 0.3181121307545709 1.2050659148671912 1.9707303526240594 1.9350445511902308 1.0060138202543385 0.7542563613842503 5.056135925449098 1.7469212570110813 2.9779500846393603 3.1007063155834658 0.8601837645242085 1.6136148390710332 0.7610283027422611 0.8961700246095461 2.4645188147139834 3.572828643387993 1.7291736956401564 1.3782322437232324 0.9107562326137213 0.30393707376560997 1.8435593596755098 0.4149087676041745 0.48140148445986597 3.4848054330152536 0.5152748882717333 1.1421417226849826 2.5681789306756855
0.44248556097045366 0.1195796840154344 0.20023326696900767 0.008131025779675838 0.06422898690061629 0.06910364940813452 0.26371990595657735 0.10679232243137449 0.09679463331599436 1.369191114239129 0.0972227628217297 0.44962619135139903 0.21486972916591185 0.21220349714940312 0.1455033499662477 0.11399178554620448 0.558176312481919 0.35057147711700054 0.6599226041957991 0.8568941696630645 0.25201173734967597 0.011884472964766246 0.0123209198341101 0.09451646299226013 0.13305067699070605 0.07857329653620582 0.2876268798036108 0.008498683964262455 0.11772790371219344 0.12619029590837272
0.0017461737231769803 0.00037470517827387084 0.0010877397169224423 7.473712798855559e-05 0.00017217056119989138 0.0006737548389992298 0.0032014423161399463 0.0025733599622981274 0.0013700764732220705 0.033374921319818895 0.004622165796490663 0.014168066210459074 0.0009522153559373692 0.00017609258270567807 0.006967368373807403 0.0007316298938349064 0.002397739727939552 0.005717012544209865 0.0033979479007939517 0.006304143743363966 0.0013302878392096318 0.00012499885474426264 0.0005487702264872496 0.0014135295496089384 0.0033690190307424928 0.0011700254560764733 0.016649174453732485 1.8767309938994003e-05 0.0005385072338413011 0.002881799732676882
200000.0 200000.0 200000.0 200000.0 200000.0 200000.0 200000.0 200000.0 200000.0 200000.0 200000.0 200000.0 200000.0 200000.0 200000.0 200000.0 200000.0 200000.0 200000.0 200000.0 200000.0 200000.0 200000.0 200000.0 200000.0 200000.0 200000.0 200000.0 200000.0 200000.0
