1246.7654673878442 894.7050696743026 1330.3273292317035 3767.405187538443 1151.2358143319452 1463.7953332616548 338.25000051595543 3126.516992985713 1725.6271715583362 806.7415918686611 2076.921248343935 9166.800690534983 6255.1379528950965 614.0065510305685 623.7722092580475 12155.090194094744 1292.8909556980684 1003.5617728010052 800.2753668438704 2695.7732836656123 561.324046441724 1005.984892325007 1679.7131335257527 3964.2171486326024 672.983187774727 1346.93669492068 1118.9684666507583 7530.966597854971 1765.8489571976825 2567.849591347851
1236.931838522919 894.7050696743026 1330.3273292317035 1007.0767376102672 1138.9594819810468 1041.0025243205891 338.25000051595543 1626.3584359657498 1725.6271715583362 579.5573995953778 1151.0847582095535 1776.3334087789399 2606.977216768215 571.2400169970451 623.7722092580475 2032.4625014395006 1043.2598845400962 1003.5617728010052 773.154834884288 2695.7732836656123 561.324046441724 892.7118425756039 931.4301932509243 1214.196511645394 672.983187774727 1026.3795810767601 1118.9684666507583 4568.07523510633 1765.8489571976825 2382.1753388017023
548.0915429686029 746.0913134938319 502.92956083229046 904.1312877170562 934.3467243966279 678.0151684652851 338.25000051595543 178.2699919434731 272.02167666383684 294.54916433289327 349.1873018126921 1184.2680521993789 1038.5458038152246 571.2400169970451 623.7722092580475 980.7697467592625 335.92889340226566 535.0943684754125 773.154834884288 906.0058671948391 384.3728634388208 564.2609745953932 855.7333938713937 483.19960221102474 618.1729059499789 651.3850101124181 949.1037519807969 695.8150346285456 646.4747248091735 803.5361837087689
86.32852556006173 390.09797481468604 502.92956083229046 564.8007846252603 482.1266260947559 224.72424529049522 338.25000051595543 178.2699919434731 272.02167666383684 294.54916433289327 349.1873018126921 479.41868249023946 382.0845469407177 456.3338694591512 518.9893512062026 398.8100495365625 212.90986667585594 535.0943684754125 431.81947717466664 114.8909220391979 81.74410529499755 355.19100183560477 588.9106424115162 305.6435430797378 260.5311114709025 451.6062381219549 569.7444376202243 448.3512830847776 411.61277567513025 583.5626525780553
86.32852556006173 157.85336001574115 277.6473284568133 192.03117859922804 329.2328611185321 224.72424529049522 203.37451222597656 178.2699919434731 70.36517254101773 109.57916094203165 325.26381748640324 163.96283136469174 155.56035915688562 136.43995098866253 215.01546878213367 289.1174863537676 165.6837051632001 116.35450959295122 137.94076614957112 114.8909220391979 81.74410529499755 156.7037930106667 250.91776772244975 205.82718468791336 160.9026925055091 163.20270940716182 114.217541751309 245.99365080680036 267.83836284562403 188.05093015460216
67.02117020783044 88.98440839143495 108.97008718928919 99.37391813796557 75.38308364072645 131.43971865163758 88.48268697283311 85.12023033778996 64.61562388134007 55.73387819290929 92.91849256313253 63.17337541318466 80.65062425050564 136.43995098866253 49.11904180567899 57.84823842021342 83.0509013139781 66.72166675994686 92.45256450231045 74.51581442064844 80.08626574526488 84.36859825590136 97.83928274819846 74.04430542642467 114.21310017594715 72.09322252872335 55.828610793523694 74.52220871175359 62.09984949276895 105.02103957811096
57.19958199999701 67.89961021260478 62.58488205767844 60.274252957017325 55.285679141469245 50.49191499529934 52.680259769081204 59.36823389395113 48.58792222274769 55.73387819290929 41.087922439402064 62.298989415944106 77.87585694664358 52.172975983737615 49.11904180567899 47.61097096585081 64.94455050645956 66.72166675994686 50.666613400978804 73.57500754168359 46.60138771194352 54.13015799092682 49.85023042731018 63.26373432312312 62.11179063049212 52.62270373346064 52.63932827000599 56.95665342827397 56.375232085485095 52.26222786841936
57.19958199999701 51.6032857332807 47.93636652278519 57.15918686554869 48.97435043492669 40.72761820224696 45.124757033549486 58.203082959496896 48.58792222274769 48.04181276091458 41.087922439402064 56.43452629958756 49.03696915249202 51.776842494752145 39.82674380666913 38.33711183739251 44.16023206912405 47.15534454135968 39.16209990465086 45.350645406820604 45.8693334360396 40.87672167082792 41.50023230239913 43.548619624766616 37.777414899823725 41.458871258663294 41.7155805970574 38.70509835223038 52.37895769825036 46.845954226341746
40.73752530490265 39.10825399535452 42.13757731320675 40.224017220287806 39.623255035084185 37.741639178562764 34.240090587486975 43.91018899460005 35.15585509395032 42.78517061405091 37.204817019655366 37.429815202529426 42.98609418313117 36.035944614241544 37.51165150086217 35.84026199555683 36.872863534910266 37.18878838108003 39.16209990465086 39.4716961319823 40.50205613077742 37.13395874108846 37.7665393855159 37.78468346195723 37.62738115158572 37.167166709793946 40.43126529630945 36.21133793493891 32.71853417728062 38.91100721117846
33.21729193194233 33.9736992532703 33.55717180820466 31.005268543411603 32.935518328161834 30.117216610829473 30.541709284513217 36.43904011682844 33.091511837737926 32.52573334099179 32.281369821730095 32.80412387914339 32.36256111399098 33.19248569379488 31.25064807810577 31.448203253799875 31.974935879235545 30.42574041850048 28.987413545160052 32.755165510842744 29.359129269433197 32.15851795001936 33.538771507472575 32.44658813542674 32.017826326183695 31.069826297774398 31.17989129434727 28.65551925534237 32.56641730095271 31.43066793573189
28.192881243518514 27.6462999819546 29.002372148672748 27.406400955037952 28.57864060211159 27.908571164432033 26.65516219013034 30.26331875178039 26.605275079407875 28.051246233143956 28.13893118648093 27.28170283407735 27.802699579133332 27.595301803030907 27.67160072916613 27.211814000113463 26.85174607984527 25.91266481804405 26.720292560074995 26.150143974167804 28.39106677159907 27.743151879935795 27.808122871239448 27.52425225142315 26.659315626832722 25.69582290819517 27.529668340037006 27.51374426301618 27.19697752249158 27.719405302118048
25.044252995941406 25.563247099480122 25.338512852184067 23.522438821861215 25.73159275017497 24.534002455151494 24.988615069608386 24.371918928211926 25.038931837661494 25.774021207038913 25.280714959704255 25.72193312505624 24.975069367409105 25.547498648933924 25.824627962894283 24.891744699346873 25.68159472608113 25.804395237277276 25.16515359407913 24.865596080738214 25.456590313043307 26.08962155229301 25.231489137692733 25.52363973682168 24.294966554242365 24.643546531689935 26.691100000961796 24.087994535173493 24.09954546434392 25.74179025724061
23.081355189422084 23.865082530300697 23.206345140020858 22.97855198557272 22.73003414783807 22.802250652333896 23.62278092063525 23.482507497085408 23.41651014085346 22.98340748259443 23.416210318858703 23.66500786040524 23.244090647256144 23.732665398176323 22.824407232881185 22.99894734170084 23.47939816833241 22.617934490522657 23.62333378710173 23.4438579857042 22.831285862896948 23.541537583989793 23.3189229166951 22.669185828457103 23.612430847548694 23.04347591079977 23.157123922311257 22.524459286454658 22.67818885292081 23.594844378328162
21.90202665591505 21.74580007064469 21.98675453244323 21.69948464351728 21.777795739623798 21.524972358493415 21.577541895804643 21.60631158441538 21.305214645486558 21.56827662329215 21.297388256431987 22.34372443172333 22.507486231533676 22.203608711757624 21.45388474862466 21.750646116078315 22.17616081888218 20.288956369409334 21.753890457510806 21.761486661288018 21.97237548231169 21.84806567569194 21.911777526879177 21.795360689058725 21.84298554605175 21.30765541442497 21.48274357852233 21.453868746065382 21.724566937404234 21.678950048874867
20.957493966731818 21.254955221358614 21.005626608074635 21.094960454722695 21.213614141680864 20.92347286469203 21.074584466288343 21.347179442213474 20.759768390410954 21.31964226583932 20.85064141610701 21.36788844585135 21.392546203912843 21.521770020756776 21.047635904846175 21.15166538747326 21.058022600313507 19.340501545154893 21.067596580480767 20.831548964531066 21.105383708791123 21.224306920792515 20.670965676249125 21.31435669980783 21.13977645608793 20.752892859067288 21.13264779747533 20.831356141648484 21.132902433282197 21.29060943935019
20.74195665074194 20.85873130794971 20.84003609789488 20.723876356917117 20.527452888366952 20.690556537304474 20.89107975654406 20.63160730706386 20.72452213780116 20.666740180389752 20.506859169145628 20.84933518434991 20.84935654996889 20.753916504380868 20.856867869508278 20.70104140737294 20.87370040324231 18.83669402069563 20.73223117865882 20.540092868368447 20.55388847966833 20.908257930504078 20.45224849287115 20.63412183673063 20.82939161175682 20.586068407876155 20.755566734138938 20.596576548415214 20.75568215849762 20.903558412820985
1000000.0 1000000.0 1000000.0 1000000.0 1000000.0 1000000.0 1000000.0 1000000.0 1000000.0 1000000.0 1000000.0 1000000.0 1000000.0 1000000.0 1000000.0 1000000.0 1000000.0 1000000.0 1000000.0 1000000.0 1000000.0 1000000.0 1000000.0 1000000.0 1000000.0 1000000.0 1000000.0 1000000.0 1000000.0 1000000.0
