2381.967158270864 3000.297707368458 2465.656661313955 1954.8965625825122 2438.697734844627 1796.4469828534948 3423.5658068003495 2142.7253471036743 2924.2887362217953 1686.3632670412035 718.6266787651862 2294.0968239315816 1796.1947296651429 1441.2458468421482 2616.358647129812 2138.252029206669 3593.763719629378 1871.6321312071232 2075.6236452137155 2262.4512326592485 2825.0380019364115 2163.435087315538 2528.952214988183 3291.04758638748 2413.4710904863514 2340.5735774277628 3050.2130878208764 2123.9081031574783 1880.6693073936344 3260.0321647322025
2381.967158270864 2907.9842410349165 1731.5428471147916 1954.8965625825122 2438.697734844627 1796.4469828534948 2556.018304712732 2142.7253471036743 2300.373605238964 831.9450696781269 718.6266787651862 2294.0968239315816 1796.1947296651429 1441.2458468421482 2616.358647129812 1635.6203856568427 1937.8421516810968 1871.6321312071232 1251.6383034006567 1067.7533193314048 2293.7664105636345 1821.1566781818651 1126.5870390816463 3291.04758638748 2413.4710904863514 2340.5735774277628 1147.369131105696 2123.9081031574783 1396.6880673973092 1946.7487683879126
1554.9033322605642 2094.3031836630826 1731.5428471147916 1244.869702397421 1689.9853571155327 756.3799034066606 694.1357883273731 1336.324505507429 2079.516805078952 831.9450696781269 718.6266787651862 1575.6268258735358 1796.1947296651429 1093.461800880111 1415.8996546335375 1507.3701938325407 1937.8421516810968 1269.0176657375678 1251.6383034006567 1067.7533193314048 1849.2510306233416 1821.1566781818651 1126.5870390816463 1321.4769417391235 1798.1648101281853 2218.062418760375 1147.369131105696 2123.9081031574783 1394.240110504054 1910.8148791703725
1111.7382708726254 1447.936260606794 1731.5428471147916 1244.869702397421 1096.0010586348362 756.3799034066606 694.1357883273731 1336.324505507429 1305.0511256418667 831.9450696781269 718.6266787651862 1203.2386078886439 1194.089390016934 676.379119862188 1415.8996546335375 560.240576238064 1669.4359976043402 1269.0176657375678 646.2619257424285 1067.7533193314048 1610.5330464841063 1379.2433588407885 1126.5870390816463 1321.4769417391235 1137.0637158196278 1890.2837003825316 1147.369131105696 1647.9648941024661 1117.4450993653008 1710.265460083202
848.6491792784605 563.9131531872736 1043.564645674378 747.9850866328916 662.5202156071146 656.6386386752365 694.1357883273731 636.0984752326203 784.1044401829224 831.9450696781269 478.2930159615221 1035.5044298132484 773.7505001508544 676.379119862188 1113.768210366582 560.240576238064 758.6503680778114 1269.0176657375678 646.2619257424285 606.3920950327213 796.4682892122119 635.072945797629 279.7759180912849 362.2647476319446 1108.6303854525306 706.7889691922078 654.6098394808628 1074.6984682213524 568.1596136056842 657.9075260326545
404.602176849349 479.66592989435844 662.4485743584801 486.595851701215 413.59796533857457 589.2788060784353 436.51064517751024 371.6830749999226 285.1377362955923 531.0814067135548 452.5641331957636 660.1208790476121 553.9184217043246 426.1675043925054 501.95037466085887 337.4225578945711 564.692859840819 540.3770587070212 415.3672982870112 402.65207176512104 556.1267402648837 561.032536352604 279.7759180912849 278.54398186674825 392.1086033133406 540.1800018755516 414.8203243735695 459.96023221019254 492.79665307081586 574.8503365742993
141.84235646238312 263.2031888729134 181.18990746206964 234.88636640074947 238.9624830421758 176.47600146748437 219.5531586763957 235.55433536722944 159.6708489494904 290.3079488940648 177.22199220429684 192.1913324368827 121.26480473366621 342.49257824743404 256.3413580937031 128.05601076797188 207.58946307966153 144.2203667367137 155.05917066235497 142.16639298195742 157.17686923658334 232.3383096318389 215.56241699140514 220.74917197082254 155.93779418630288 186.70775715777768 231.11201060096596 201.79429723972999 213.72978427838643 252.32931411386107
36.21782681873765 44.491152323606 42.63542401297343 69.71436323627552 79.95485119411615 63.68764740304675 34.0501567266258 70.88452813620893 56.87053492649727 117.05222328320656 75.49717375665341 49.461843669377345 64.88178405067663 61.5392935460045 108.49771677786953 84.33540866926216 86.8050345802776 76.66135075204306 51.3477263581583 56.69518922344105 109.66829052505796 47.26129900844546 62.7646392438578 71.41567868122013 62.19529969370262 90.8967693248585 43.82288912299282 71.77457884906175 127.19292584503455 102.10545555673013
16.264198341502265 17.58102581169601 14.116295933104539 23.51108584399742 22.429139206172522 16.806976354777476 14.891304729750573 11.643009303863664 16.927979217349048 34.45148870552623 12.57730352455178 8.767329452353692 18.32755308545154 23.87714383069863 27.102228592887627 14.929751638728021 17.878986009973687 19.599720230395405 14.253429309851981 11.055642791916625 17.599113428339933 14.844559891675203 13.976602376809183 13.624062476259269 13.103787045292847 12.969948941306598 14.746909046766973 18.0273638557519 30.760396707171935 7.56112955302433
0.6517425585482215 2.087686621573539 1.02381963258415 2.4259856281729526 2.0458542790452157 1.5256520886701992 1.4813235053217113 1.3645211007416265 0.9390953104536948 3.10114966354638 1.3997350650784028 1.1116497073804794 1.9800798600319922 1.8417332874560088 2.1796835347457773 2.0285689512228373 0.6194626585590868 1.6175677666768706 1.3654777814712133 1.184890492240811 1.4205419854789625 1.1492940050500238 1.597225008000919 1.1969214758588578 1.5012742105424195 0.7902404391799109 1.3541617907284262 1.1652818996911947 4.090937513489052 1.4468696103017464
0.022415107321307914 0.04540670086907994 0.006727443705358382 0.08667917347293042 0.02660383203829042 0.03952502550464487 0.007126015565518173 0.011910441428995 0.01600689823067114 0.06717681199734216 0.006587524833207681 0.01686561991664348 0.06147744839108782 0.027500325587766383 0.05130887171515042 0.05297293792216351 0.038278271693229726 0.062033737335468686 0.03058699577184143 0.05561456922919206 0.09480194135016973 0.013446436910271586 0.03770545448412577 0.050567674051194444 0.03678690685114816 0.013096965442287 0.011373145073434898 0.013895496089617154 0.21181958976319493 0.014752119094737282
3.160243977617938e-07 4.6010427467990667e-07 5.088611487735761e-08 1.8461740864950116e-06 1.3626174677483505e-07 3.584617616070318e-07 4.036917289340636e-08 1.197864776258939e-07 1.3067983672954142e-07 2.5068784452741966e-06 1.5471709957637358e-07 2.0592028704413678e-07 9.24032747207093e-07 4.004532456747256e-07 1.390782131238666e-06 3.700429260788951e-07 2.945034793810919e-07 2.418279564153636e-06 5.504990667759557e-07 7.519288374169264e-07 3.670081241580192e-06 1.4239674328564433e-07 1.3909896097175078e-06 9.543462056171848e-07 4.702192200056743e-07 2.1426478724606568e-07 7.613016350660473e-08 1.6241142475337256e-07 9.567604820404085e-06 2.0023162505822256e-07
1e-08 1e-08 1e-08 1e-08 1e-08 1e-08 1e-08 1e-08 1e-08 1e-08 1e-08 1e-08 1e-08 1e-08 1e-08 1e-08 1e-08 1e-08 1e-08 1e-08 1e-08 1e-08 1e-08 1e-08 1e-08 1e-08 1e-08 1e-08 1e-08 1e-08
1e-08 1e-08 1e-08 1e-08 1e-08 1e-08 1e-08 1e-08 1e-08 1e-08 1e-08 1e-08 1e-08 1e-08 1e-08 1e-08 1e-08 1e-08 1e-08 1e-08 1e-08 1e-08 1e-08 1e-08 1e-08 1e-08 1e-08 1e-08 1e-08 1e-08
1e-08 1e-08 1e-08 1e-08 1e-08 1e-08 1e-08 1e-08 1e-08 1e-08 1e-08 1e-08 1e-08 1e-08 1e-08 1e-08 1e-08 1e-08 1e-08 1e-08 1e-08 1e-08 1e-08 1e-08 1e-08 1e-08 1e-08 1e-08 1e-08 1e-08
1e-08 1e-08 1e-08 1e-08 1e-08 1e-08 1e-08 1e-08 1e-08 1e-08 1e-08 1e-08 1e-08 1e-08 1e-08 1e-08 1e-08 1e-08 1e-08 1e-08 1e-08 1e-08 1e-08 1e-08 1e-08 1e-08 1e-08 1e-08 1e-08 1e-08
36200.0 36200.0 33800.0 37200.0 34600.0 35700.0 33300.0 33600.0 34800.0 37800.0 34300.0 34800.0 37700.0 36100.0 37100.0 36200.0 35400.0 37900.0 36500.0 36600.0 37400.0 35000.0 36300.0 36900.0 36500.0 35400.0 33400.0 34100.0 39400.0 35900.0
