144.69542303061485 120.22608158907747 119.07654755227702 148.07332051423316 110.78811016459451 117.39791379621443 120.53832619826312 143.40834970514982 135.44294387307366 118.23062457453739 121.63881863806034 103.36632222760795 83.13459954301106 119.86040826226633 129.5873345011613 111.73458377895781 130.20799182183282 144.26399837351096 107.25279163850576 141.75142558439893 128.61470614445852 131.8976947864063 129.02357532153462 127.44378865645751 142.71994079309457 132.58927876332064 109.34729679532506 118.62059839958101 128.09666558106483 120.05954587914346
137.0086587290698 108.24350213739115 119.07654755227702 139.81409896378375 110.78811016459451 117.39791379621443 112.73813886602329 110.51732995070097 132.32823170333472 118.16694632650228 117.85748467040048 103.36632222760795 83.13459954301106 114.38616691989853 120.51467096488227 111.73458377895781 98.96037718434013 126.78520845917478 107.25279163850576 109.79402086817072 108.682142887797 118.85260778892871 109.40288021273398 108.44654448668655 119.83572110575051 119.28659174269933 109.34729679532506 113.67755813512758 115.36807412083522 108.89112410284781
108.1499448938398 108.24350213739115 116.65190892049645 116.60111392307886 93.07386589197029 98.15634611471262 99.77957141785305 82.55640021860063 121.98849904673648 63.91885368842827 90.71185381351563 103.36632222760795 83.13459954301106 101.17362493157373 97.61738301635705 109.64676673860004 97.20391454695107 101.92790051149291 83.5160448402612 86.4172510818446 100.09481721238876 109.80790489888727 99.47184332564711 85.2423483680866 114.44034361540548 78.39970692814461 73.28117121063826 92.78373962182877 115.36807412083522 95.12248651438154
82.34720053588546 78.6617225630149 87.02379765655519 90.9880593083351 70.76278012029161 77.91305428452904 81.43292507484273 81.27647772792261 84.01993188531742 63.91885368842827 90.71185381351563 86.57276409241604 74.85056773566839 81.86442133349874 74.54854147152082 92.39117770640996 76.1963781356443 82.98384499261022 68.28596057557115 78.28011217788946 87.45066488167959 70.82646970509245 92.34492642449277 85.2423483680866 97.37698104731408 78.39970692814461 73.28117121063826 91.85761622746179 79.73686796351899 84.23349324562275
44.730126132127 57.84053639004867 68.11677341593622 65.39678746886466 57.9615467520083 66.28586401209611 65.79332142632529 53.359788371855984 65.05357306469136 61.62496342908935 62.48054634855748 60.87238288285198 58.40665829647787 63.88597517708217 68.93511830276987 70.33914493777274 33.84234125831472 64.29843881271688 54.167423956108564 45.10319384712659 65.16983564209045 47.45597533460261 60.873447547994715 72.82216662093958 58.61787724848523 57.74232824777607 61.01007826524335 51.980604651134286 54.96837416033111 53.379555761333904
34.21488277184005 36.73151832429187 31.982211650414683 36.912257919351305 34.79465604007362 45.386242475540826 34.83226638300732 33.73545118016273 34.381269334501326 38.73238211090245 40.650592409120804 36.39588954432588 36.2829250393753 36.980554707505235 38.24608788482237 35.46236342869918 31.003782158132253 45.01035591001505 33.78057439739257 35.76059056422821 32.91941723328091 38.15968420048682 43.28778660484829 40.778374239564755 36.07555012983903 36.60692765456963 38.470627896272845 36.37189180641417 40.73929898015706 37.52133599335366
17.6932569064669 16.710868844236074 14.949091282803124 15.318249704761342 18.174877901344985 22.315586376898523 19.83329603746529 15.188888716624547 17.415034101754486 16.754653494450054 20.963966128810398 16.67163595154409 18.6709948246297 20.432470519856906 19.068564452914302 21.04641513443528 15.743153560151313 22.022115509927175 17.488520595105456 21.373280502480952 18.53830566236752 20.4420368923561 18.700630659544117 24.41279049035768 16.268139269819585 18.66531484778102 18.79524817282197 16.99511579751038 22.133065915236102 20.494648086251914
5.4964737727025295 5.291984853981489 5.06169974515592 6.642671818435588 6.108356762705171 6.575246470414868 8.08716113107539 6.320241530442786 7.600658963865953 6.869173590510286 7.590152745559408 5.885859413662956 7.841512912809662 8.09808907575632 8.186262303993203 6.910237207188061 5.478540575132001 9.030650369686441 7.198004633227811 6.775927626061389 6.976662368462712 6.439034493620625 5.322629061033467 8.79707061195927 5.373392604332139 7.436201863159113 6.300251534659537 8.96569566976234 7.289345216104152 7.750306071488126
1.0661993500206108 0.800280247486512 1.0257536782839907 0.8247693577985729 0.9776682237151135 1.1192793667302112 1.0834826251542609 1.301995630725969 1.1255818259159014 0.969619174054742 1.0725641101955716 0.8269828664368788 1.2668301477390287 1.2237672515660734 1.5693573842007709 1.1855914188669203 1.0549206550293775 1.509653725133262 1.133136776348124 1.0197041458977765 1.3832164709759809 0.933840372543159 0.9124687996869625 1.502060467558067 1.1369115954914832 1.2137015701644032 1.0662778041630645 1.0645532856605087 1.0358327144873556 1.041217498953415
0.04736501015383965 0.02767241723938696 0.06608640696765633 0.04615183874511786 0.03284839032335185 0.05132806274491486 0.061238826724206774 0.054966518215564975 0.06438809976418725 0.0557597880067533 0.06261251013813762 0.05013545112126394 0.059504242296611665 0.06220845643622397 0.07475502248610155 0.07604301371111433 0.04926206219784035 0.09565626082030576 0.05834781078465312 0.047382511403270655 0.052942925831871435 0.049475140813115104 0.04302448253986313 0.06489752367247092 0.041828112641383086 0.06729998330490616 0.04635061297756238 0.04136689297274643 0.04827654700864059 0.04366485772345641
0.00034344744040026853 0.00039753208818638086 0.00033797161972870526 0.0003909993027946257 0.00031437645782261825 0.0006841227447011988 0.0003950662960505724 0.0005195373436208683 0.0003686995237330848 0.00051006433159273 0.0005094547959743068 0.0004902462511608974 0.000424947684223298 0.0005806317089991353 0.00033483008667190006 0.0005393836017901776 0.0004036601374082238 0.0005177558898594725 0.0006172241330659745 0.0003719609014751768 0.0003014699262848808 0.00032883982817111246 0.00023869870619819267 0.0006251356875281999 0.0003558737065532114 0.0003981621576940597 0.0003686564039071527 0.0003241108423708283 0.00028926455638611515 0.0002943945903552958
2.3225891254696762e-07 3.5405844300839817e-07 2.7062469598604366e-07 2.7478154152049683e-07 1.628908421480446e-07 6.697309800074436e-07 2.1310790998541052e-07 3.845240144073614e-07 2.3079030597727979e-07 4.7079765863600187e-07 3.1545346246275585e-07 5.038926929046283e-07 3.689353889058111e-07 4.891790013061836e-07 3.581499186111614e-07 4.074213393323589e-07 4.2389285681565525e-07 3.0421051633311436e-07 6.518376949316007e-07 4.776218247570796e-07 2.133313046215335e-07 3.709338898261194e-07 9.715176929603331e-08 6.086888788559008e-07 2.5979306883527897e-07 2.977931217174046e-07 2.8866963930340717e-07 2.0460333871596958e-07 2.1612925138470018e-07 9.969414804800181e-08
1e-08 1e-08 1e-08 1e-08 1e-08 1e-08 1e-08 1e-08 1e-08 1e-08 1e-08 1e-08 1e-08 1e-08 1e-08 1e-08 1e-08 1e-08 1e-08 1e-08 1e-08 1e-08 1e-08 1e-08 1e-08 1e-08 1e-08 1e-08 1e-08 1e-08
1e-08 1e-08 1e-08 1e-08 1e-08 1e-08 1e-08 1e-08 1e-08 1e-08 1e-08 1e-08 1e-08 1e-08 1e-08 1e-08 1e-08 1e-08 1e-08 1e-08 1e-08 1e-08 1e-08 1e-08 1e-08 1e-08 1e-08 1e-08 1e-08 1e-08
1e-08 1e-08 1e-08 1e-08 1e-08 1e-08 1e-08 1e-08 1e-08 1e-08 1e-08 1e-08 1e-08 1e-08 1e-08 1e-08 1e-08 1e-08 1e-08 1e-08 1e-08 1e-08 1e-08 1e-08 1e-08 1e-08 1e-08 1e-08 1e-08 1e-08
1e-08 1e-08 1e-08 1e-08 1e-08 1e-08 1e-08 1e-08 1e-08 1e-08 1e-08 1e-08 1e-08 1e-08 1e-08 1e-08 1e-08 1e-08 1e-08 1e-08 1e-08 1e-08 1e-08 1e-08 1e-08 1e-08 1e-08 1e-08 1e-08 1e-08
103600.0 107800.0 106300.0 104900.0 101900.0 114400.0 103800.0 108400.0 103400.0 109200.0 106400.0 110700.0 106800.0 110900.0 107400.0 108200.0 108800.0 107300.0 111600.0 109500.0 101900.0 106400.0 97700.0 113000.0 105300.0 105000.0 103700.0 102700.0 102800.0 98400.0
