8562.452088899578 9612.530520625087 11046.539558382527 10771.444387932008 11907.381750862709 6379.064065211845 12322.364555075437 9790.1516199364 10443.864671536983 6418.465680322874 10553.153345678733 9620.274626924864 13247.826601355184 15215.74489828831 10323.463629105225 9525.461879542934 10356.138862951177 9392.54584630475 10811.05672102289 10961.073125644289 11416.973957023398 13257.257176716692 6242.47201792747 7292.082492146339 7129.328763077076 8911.233575640836 12492.07820562686 8696.135530460535 13050.445947096317 9954.80931123588
8562.452088899578 8870.304025154603 8815.61082017466 9082.47634282662 10946.502201632295 6379.064065211845 8454.644890608612 8836.682376649664 8412.53634366263 6418.465680322874 8326.838408755999 9112.361676253979 9153.105999577734 13001.549411794911 9051.196607611364 9525.461879542934 10356.138862951177 6921.177051805409 7435.694981025874 10220.99159104044 11416.973957023398 10040.389922541446 6242.47201792747 7292.082492146339 7129.328763077076 8911.233575640836 9512.251519247693 8696.135530460535 9088.234212732103 8165.999490763066
6846.585544624326 8772.192280954398 7061.2592353053915 5353.388756836085 8591.338887298261 6316.078719629368 7509.751322811218 6741.058560209767 5880.899761969147 6418.465680322874 6524.008856713415 7917.46290658155 7551.531158892847 8259.041725350107 6394.672393319779 8790.138232804233 7318.261234520387 5318.570137998527 7435.694981025874 10120.769201046765 3374.86178159442 8997.85700323783 6242.47201792747 7266.521879491185 5821.527532908578 8247.552982092078 8578.153351622506 8696.135530460535 7892.720223659657 4963.134405637074
4928.204931764039 5267.8452855717815 5983.875451170716 5199.176318775048 6213.248292655258 4097.989877646353 4615.520006975918 5268.303921829268 4899.913996291962 4758.786242057856 5126.091524627366 6594.174358329772 3965.9865322558926 6525.9048476307635 4526.883523825872 5990.242965125952 4751.703122389072 5318.570137998527 4966.020231186482 5377.181189076622 3374.86178159442 5003.275532407681 5427.25925222748 5746.124386808202 5735.271823580419 5005.604354675488 4309.286698139164 6513.433803980959 5653.37457811278 4963.134405637074
3658.5113799770006 3332.3221808037833 3264.4766536801326 3016.4812376893797 2921.6958582058023 2864.5370038656492 2882.654173110255 2750.9889103021524 3344.206166903905 3637.8659872576836 3373.223924172109 3141.0978109997714 3773.5286484903445 4725.0127030240965 3517.2633158925382 4237.599470977153 2685.9817171175764 3373.773143093784 3030.937567308052 3248.6032902568377 3305.414666639226 3300.2941441349776 3874.7175699535237 2844.6441240319546 3623.9502615171677 3475.1730737537655 2100.48917161611 4230.68760507347 4043.7389476889657 3823.584680043389
2021.7044219044683 1822.9570889110637 1975.4698547551143 1870.3285939799298 2121.821261432746 1414.03621489324 1559.7046462321068 1742.5761057076252 1954.1050772724375 2382.8719787428427 1907.441720165999 2146.9160497834846 1903.2497223949667 2351.2040089456104 1796.1099386176456 1921.1315068138265 1084.3429181470246 1963.581025254457 1969.07071917113 1708.8079333975174 2207.9441917244567 1904.9141642312552 1977.0659335386872 2067.5350471939855 2054.4110693414723 1570.5473385570112 1270.0204707482567 2083.3768151909626 1930.928868987413 1964.9269483857106
990.4327538787948 820.3861272471822 1014.2652882327347 928.5529565952888 992.8055072685393 819.0028951523241 847.7300014885586 960.9822674732823 925.4116324466722 926.739590570578 973.7901450065392 1158.2594856935739 1046.7278401355634 1217.8091065430576 934.5756454377774 998.9201075280444 816.7221434120506 945.7981059091517 952.3335645785728 982.9028370683418 1064.7239057386341 980.149396580452 1172.5629003991498 937.8014643143447 964.9380966182757 1000.4501319568167 768.3047128768749 963.3510836622231 881.8775983316104 1119.2012665678103
442.4649006157133 403.2083757424516 408.8240604356288 392.9189287338686 417.49274979674783 706.4093888882549 385.4236351852196 401.57188108547643 453.0737367193615 459.4812921435787 416.3629994196099 457.2458092662491 419.8038124908753 455.8966945308093 403.50965528886536 406.65931187335445 709.231682727801 405.64723360605785 397.2875919627445 422.6086173539611 408.23171202256754 416.52671438066636 467.94076103678026 434.8850872400453 424.6177253641922 773.0836497784617 523.5179450101969 410.6867380116514 408.19225811591514 442.17842265068793
303.75068108966025 303.48248219559673 304.57627558151853 303.49139305173367 304.6400431713769 663.4140549125264 303.60390067637945 303.6203632506772 306.1193194422967 306.61624523052933 304.85762321323864 307.26090378702247 304.4993417130718 306.5624506702684 303.2394488649111 303.3533480357073 585.9807590412925 304.2906675786062 302.449540890811 303.9085409707459 304.469749769597 303.82989034658476 307.4216591189852 304.61852100649867 303.54713873397804 684.6325342293981 403.96675824308113 303.45941536754844 303.60461026696794 305.71836113168047
300.0070346135735 300.0046393245316 300.0089982913905 300.00681028600775 300.01091568200945 407.50323619159826 300.0079759694554 300.006207647657 300.0198164887297 300.0150367003803 300.01009679431945 300.01603896166444 300.0078673278372 300.01278450660993 300.0063660979604 300.00672952310833 401.24495644062245 300.0077535589926 300.0058639359795 300.0056354862986 300.0091875653029 300.0101511881703 300.0247179297562 300.01391142508146 300.00729795547477 479.220272578249 400.0078365638424 300.00774637108816 300.00638624033536 300.0143981904953
300.0000001216995 300.0000000839759 300.0000001677813 300.00000012106966 300.0000001740582 400.0001360406404 300.00000014548414 300.000000083784 300.0000006681357 300.0000003078949 300.0000002051934 300.0000007699414 300.0000001724816 300.00000023883877 300.00000010749227 300.000000096275 400.0000407833354 300.0000000983696 300.00000008653615 300.0000001102485 300.00000025716463 300.00000017226967 300.00000092615073 300.00000024421206 300.0000001238627 400.89933534179454 400.00000010664917 300.0000001292301 300.00000008748066 300.0000002268084
300.00000000000045 300.00000000000045 300.00000000000045 300.00000000000045 300.00000000000045 400.0000000000009 300.00000000000045 300.00000000000045 300.00000000000045 300.00000000000045 300.00000000000045 300.00000000000045 300.00000000000045 300.00000000000045 300.00000000000045 300.00000000000045 400.00000000000045 300.00000000000045 300.00000000000045 300.00000000000045 300.00000000000045 300.00000000000045 300.00000000000045 300.00000000000045 300.00000000000045 400.0055196393755 400.00000000000045 300.00000000000045 300.00000000000045 300.00000000000045
300.00000000000045 300.0 300.0 300.00000000000045 300.00000000000045 400.00000000000045 300.00000000000045 300.0 300.0 300.0 300.00000000000045 300.00000000000045 300.0 300.00000000000045 300.00000000000045 300.00000000000045 400.00000000000045 300.0 300.00000000000045 300.00000000000045 300.0 300.00000000000045 300.0 300.00000000000045 300.00000000000045 400.0000022348554 400.00000000000045 300.00000000000045 300.00000000000045 300.00000000000045
300.00000000000045 300.0 300.0 300.00000000000045 300.00000000000045 400.00000000000045 300.00000000000045 300.0 300.0 300.0 300.00000000000045 300.00000000000045 300.0 300.00000000000045 300.00000000000045 300.00000000000045 400.00000000000045 300.0 300.00000000000045 300.00000000000045 300.0 300.00000000000045 300.0 300.00000000000045 300.00000000000045 400.00000000000864 400.00000000000045 300.0 300.0 300.00000000000045
300.0 300.0 300.0 300.0 300.0 400.00000000000045 300.00000000000045 300.0 300.0 300.0 300.0 300.00000000000045 300.0 300.00000000000045 300.00000000000045 300.00000000000045 400.00000000000045 300.0 300.00000000000045 300.00000000000045 300.0 300.0 300.0 300.00000000000045 300.0 400.00000000000045 400.00000000000045 300.0 300.0 300.00000000000045
300.0 300.0 300.0 300.0 300.0 400.00000000000045 300.0 300.0 300.0 300.0 300.0 300.00000000000045 300.0 300.0 300.00000000000045 300.00000000000045 400.00000000000045 300.0 300.0 300.00000000000045 300.0 300.0 300.0 300.00000000000045 300.0 400.0 400.00000000000045 300.0 300.0 300.00000000000045
1000000.0 1000000.0 1000000.0 1000000.0 1000000.0 1000000.0 1000000.0 1000000.0 1000000.0 1000000.0 1000000.0 1000000.0 1000000.0 1000000.0 1000000.0 1000000.0 1000000.0 1000000.0 1000000.0 1000000.0 1000000.0 1000000.0 1000000.0 1000000.0 1000000.0 1000000.0 1000000.0 1000000.0 1000000.0 1000000.0
