9619.42887057065 4686.500852903733 9475.609464454365 9089.471479928521 8862.285674352957 10862.069386050645 10895.720090641307 8317.145207118683 8873.293796788472 12179.596066011713 8161.727677808471 10941.124956356256 9825.075260720056 10980.69105595379 10357.779282986216 10509.552160485764 9639.075890156699 12500.740786633101 11424.854478772771 11291.685837130546 10237.569708175606 9877.10432669473 8106.749457665408 8259.205678186638 10624.712063043147 10263.365748713619 9383.286808559844 10023.336762420839 11079.146568236263 9181.866059186032
9619.42887057065 4686.500852903733 8424.304325393055 8234.090675153042 7193.875653485765 8995.761703372309 5183.824378577864 7939.967763934939 8332.536303504141 9189.149437929673 8161.727677808471 10941.124956356256 9825.075260720056 9649.245482102839 8083.540654625645 7863.934945302206 9639.075890156699 9338.49423659013 6295.582509190113 10465.42432236797 8681.914213173539 9877.10432669473 8106.749457665408 8259.205678186638 7916.2075831396 10263.365748713619 8728.905550269099 8948.022719168928 4541.640472026929 7981.965316304646
9619.42887057065 4686.500852903733 8424.304325393055 8095.8052908494155 7193.875653485765 7316.892324002847 5183.824378577864 7258.502991816288 6896.990269078584 7468.267158318142 8161.727677808471 9380.400170719071 8735.132588420975 9649.245482102839 7798.891884600722 7863.934945302206 7081.717999474076 9338.49423659013 6295.582509190113 8538.895459823978 8681.914213173539 8829.920190008408 8106.749457665408 8259.205678186638 7916.2075831396 6503.798624107622 5990.5775348906955 7276.9886687494845 4541.640472026929 7021.960099757826
5384.674219615228 4686.500852903733 7579.57902487908 7545.526434971627 5907.125904334034 7316.892324002847 5183.824378577864 4468.633854547463 6081.985350677706 7468.267158318142 6930.375720715254 6350.061596974843 6806.442465065551 7655.315310426184 6372.35197169708 7854.792155892339 5387.093588665581 8884.614153962182 6295.582509190113 6076.816101494937 7709.516527431671 8829.920190008408 7667.232107690566 7379.612402683639 7289.167115285337 6503.798624107622 5990.5775348906955 6238.447912938415 3406.523067103215 7021.960099757826
5384.674219615228 4686.500852903733 5890.331535470467 5869.622802549883 5907.125904334034 7316.892324002847 5183.824378577864 4468.633854547463 3589.3347790446096 6090.476808829533 5415.117859332899 6350.061596974843 5630.5714579592295 7655.315310426184 6372.35197169708 5813.331080190521 5387.093588665581 7109.958864858309 6295.582509190113 6076.816101494937 7709.516527431671 8829.920190008408 7667.232107690566 7379.612402683639 7289.167115285337 5860.3674745159215 5990.5775348906955 5974.521162067745 3387.7455921531773 6278.333683831205
5384.674219615228 4686.500852903733 5890.331535470467 5869.622802549883 5907.125904334034 6539.123424673893 4500.101098941737 4468.633854547463 3589.3347790446096 6090.476808829533 5415.117859332899 6350.061596974843 5630.5714579592295 6652.146853718944 6372.35197169708 5813.331080190521 5387.093588665581 6579.977942475966 6118.198100874958 4998.737578465844 7130.037092221928 6108.431865940196 5348.191584221737 7114.703971063412 6057.181898960061 5860.3674745159215 5990.5775348906955 5974.521162067745 3387.7455921531773 5448.448477822402
5384.674219615228 3784.666816419872 5759.395560855253 5869.622802549883 5907.125904334034 5891.498158576109 4500.101098941737 4468.633854547463 3589.3347790446096 3051.7528251858143 5415.117859332899 5841.5136513097905 4658.139866345487 5183.2866974860935 6052.670788175656 5813.331080190521 5387.093588665581 6266.721845038261 4664.525519367658 4998.737578465844 7111.220410650815 6108.431865940196 5348.191584221737 6403.007461685398 5798.178740843648 5860.3674745159215 5990.5775348906955 5974.521162067745 3387.7455921531773 5448.448477822402
2379.8292192618496 2718.141155648861 2814.7677950776824 2257.198708382191 3138.608164348314 3590.912985072837 2656.6051232522277 2438.0622057142155 2342.736144181878 2584.613522435179 2928.7307280842706 3361.4235192237684 3348.0818301197214 3502.4218495946934 2583.16300302589 2767.5677682659157 1989.2570258469436 2482.695308627108 2396.0304020507124 2889.601585194828 3083.699744214542 2771.941515674068 2503.3656763840204 2652.649897428444 2590.0321385387506 3420.594615253369 2281.25327658806 2796.7262074743385 2909.309723202776 2335.4071830318335
1656.770343991182 1498.132807297783 1274.0708379424332 1710.195499461418 1237.7625043766898 950.697065214139 1095.2900063495706 1196.052368408743 990.0469974763676 996.4663155115134 1170.9409281579537 1007.9284652531505 1194.41998883621 1059.9196291075116 1617.8147861113225 950.9232451753455 899.6936207682631 1412.4267784365175 1254.9757341399536 1589.4130035367166 1726.0504152091667 1057.0847265263726 1410.9355172738246 1019.7016876707996 1394.382122699085 1216.5881228518265 1600.191140358972 1527.1347674851359 896.558481074765 1163.511280035194
493.74644508061465 335.7374788433374 350.8482412606363 367.7187965637438 407.6053969536101 378.0894480601196 316.7693840563152 326.5024924289646 234.22026083831452 471.08515549548565 257.57437684652496 262.0076521176825 280.2496830551886 583.2895860480432 314.72613393717484 340.8937064374204 457.94287567048923 507.5071237353227 443.9157752878118 448.740212577437 437.2837291737708 320.99063013072623 427.2715932946028 421.70914455773595 445.7040307583511 428.9346691936353 381.36823842762874 427.5262202040158 336.45676741804255 423.89007748693007
64.88401641872235 58.38657399168483 71.15350481518658 35.494802876129825 55.07472811609796 55.99473011997486 49.08883544488276 96.82583286459908 79.93790591649088 69.14983386447659 57.114149756940606 51.951310967399536 39.51182299014761 74.43922212348241 53.997589817440485 38.41106690674883 60.295628430717215 61.93646569929274 70.82734136611509 50.29106927211535 63.67422703724742 61.45775302919026 59.984795674910174 37.926714084618766 55.16811006619105 62.61880894823355 57.77487904868019 70.78727222552072 61.265820106639126 52.02821389429482
1.3841629197022485 1.4639951384183405 0.8558987242653302 0.9999212910182678 0.9569627978349899 0.7850775897376252 0.9554937416561415 1.5544146004360755 1.1431793750973611 0.9073341247276403 0.917271515058701 0.9136488682024719 1.5786301996128032 1.2243184516095198 1.4226220669651184 1.1312554866515256 2.4805680744309484 0.9177076368799817 1.9303743039628216 2.4590296678636605 2.187249681481262 1.1297331749556179 0.680579832216722 1.0061678212406377 1.2963393604344446 2.1296217799009582 1.138139356466695 1.258142408513777 1.46500570026501 1.1452628870754324
5.574055421675439e-07 6.21991034677194e-07 3.104272536802455e-07 5.415107580120093e-07 2.821512907758006e-07 2.0162281089142198e-07 3.049749466299545e-07 6.126518883320387e-07 1.0461948249940178e-06 3.508641839289339e-07 4.338112375990022e-07 4.059260163558065e-07 9.062350727617741e-07 4.074995558767114e-07 9.735113053466193e-07 4.5175022478360916e-07 7.798812475812156e-07 5.133510967425536e-07 7.351503654717817e-07 1.5113802191990544e-06 3.0642320325569017e-07 5.722201876778854e-07 1.8623063624545466e-07 1.9566607534216018e-07 5.242121687842882e-07 9.232169304596027e-07 6.034945272404002e-07 6.063413593437872e-07 2.849318434527959e-07 4.028418061352568e-07
1e-08 1e-08 1e-08 1e-08 1e-08 1e-08 1e-08 1e-08 1e-08 1e-08 1e-08 1e-08 1e-08 1e-08 1e-08 1e-08 1e-08 1e-08 1e-08 1e-08 1e-08 1e-08 1e-08 1e-08 1e-08 1e-08 1e-08 1e-08 1e-08 1e-08
1e-08 1e-08 1e-08 1e-08 1e-08 1e-08 1e-08 1e-08 1e-08 1e-08 1e-08 1e-08 1e-08 1e-08 1e-08 1e-08 1e-08 1e-08 1e-08 1e-08 1e-08 1e-08 1e-08 1e-08 1e-08 1e-08 1e-08 1e-08 1e-08 1e-08
1e-08 1e-08 1e-08 1e-08 1e-08 1e-08 1e-08 1e-08 1e-08 1e-08 1e-08 1e-08 1e-08 1e-08 1e-08 1e-08 1e-08 1e-08 1e-08 1e-08 1e-08 1e-08 1e-08 1e-08 1e-08 1e-08 1e-08 1e-08 1e-08 1e-08
181791.0 183561.0 182086.0 183266.0 179721.0 180017.0 178537.0 184151.0 185327.0 181791.0 178537.0 181496.0 185621.0 183561.0 185327.0 181201.0 184445.0 182971.0 184445.0 186503.0 182971.0 183856.0 178537.0 179425.0 183561.0 186797.0 181201.0 181791.0 182676.0 181496.0
