1930.6916082941843 950.1469544383554 2128.2374310451214 941.8683251505631 898.4621416455502 1553.0210614401913 1675.2913386564342 718.7911445661111 2040.3886709791195 1410.494685520809 1760.4183640987394 1668.1064563700347 1231.2067057072622 1542.4692028069294 1769.0344291028578 586.7052650364758 1331.0947317577993 1470.499913563026 1182.3222039650682 2094.8610466323717 1115.6993905444397 784.561184819027 800.345951113814 1001.6784478238892 1792.2275213750827 1307.915068562912 1542.8198328311992 698.5604273632989 2326.0376004581376 2896.0789446178123
1896.7844789872233 950.1469544383554 766.8416121346318 941.8683251505631 898.4621416455502 699.3329173226261 847.6600189185783 718.7911445661111 1887.332309230599 975.8307242336896 1760.4183640987394 778.0353405606002 1048.8059084878623 1542.4692028069294 1769.0344291028578 585.1281696659717 1331.0947317577993 1199.2662329384161 1151.1340407445105 2094.8610466323717 1115.6993905444397 784.561184819027 800.345951113814 1001.6784478238892 1792.2275213750827 1173.3173086479792 1542.8198328311992 698.5604273632989 2022.847615191491 1889.3784807933307
954.5786708385376 950.1469544383554 716.4448553212301 504.2313445708169 898.4621416455502 699.3329173226261 677.3742605830894 718.7911445661111 755.2340389563456 975.8307242336896 1689.5815003572116 778.0353405606002 1048.8059084878623 1542.4692028069294 819.1426715898242 585.1281696659717 1331.0947317577993 1199.2662329384161 567.5903232462379 787.7864267634723 713.9342237024616 784.561184819027 766.9057375743664 903.7267319497087 600.3942347985931 1173.3173086479792 1542.8198328311992 698.5604273632989 1098.0830395190005 1889.3784807933307
954.5786708385376 605.3524264746252 716.4448553212301 376.67754367664656 742.971099091988 699.3329173226261 677.3742605830894 718.7911445661111 755.2340389563456 975.8307242336896 1689.5815003572116 778.0353405606002 717.8129767586179 1542.4692028069294 819.1426715898242 585.1281696659717 840.3684414621866 1164.5789480303488 541.356813874198 787.7864267634723 713.9342237024616 784.561184819027 766.9057375743664 586.278348083546 600.3942347985931 762.4183197341481 997.3552962336876 698.5604273632989 584.2231141063294 1889.3784807933307
528.4982326326735 605.3524264746252 716.4448553212301 376.67754367664656 495.14425873476694 699.3329173226261 595.0542006645669 718.7911445661111 620.8841418738189 975.8307242336896 1103.2103188630063 778.0353405606002 717.8129767586179 1084.2316988257294 522.1321990597489 292.06474767135114 805.254844356914 586.3506771075463 541.356813874198 787.7864267634723 639.8814273778871 784.561184819027 766.9057375743664 586.278348083546 534.9844723355554 538.2787489308603 939.1405136221811 698.5604273632989 550.7018530514501 460.7527416736266
487.13215164597204 605.3524264746252 533.3854459824906 376.67754367664656 495.14425873476694 645.9442872352956 399.6952296494842 718.7911445661111 620.8841418738189 835.9126001443815 815.4547136180081 778.0353405606002 621.6081865635956 464.8931312019686 449.0453361331429 292.06474767135114 289.02881022338124 586.3506771075463 334.4380186388312 554.5697728413297 479.987383927004 318.8507755884498 766.9057375743664 447.7915510556013 534.9844723355554 538.2787489308603 679.5902779835251 666.0303439955765 550.7018530514501 460.7527416736266
268.39657901375176 355.65837240123255 436.9283065909144 309.0983819284029 251.93840935376966 223.10627421621757 343.3842853635233 321.00749191424256 293.54481514869894 232.22707512575016 456.8851562711825 259.7016178572694 446.9922222961536 333.58682558062947 225.0659911090488 216.2039480175954 249.7241132921299 239.3593304516089 290.2600858413666 307.59854514518975 278.58633056896633 232.2053869988831 289.3324762518232 240.78135708735272 363.7390417181168 251.59391354809213 274.1223183439465 292.59451548274455 262.0203398191852 365.67580240303005
211.2181528365386 195.99941876435378 211.77476770119029 207.06754496655958 190.91896203498072 174.91070566470535 207.2819587377585 198.60863310753166 189.22306090622624 202.13014624344078 212.1161601948629 195.83471107048308 180.78203555360187 194.34821784864016 196.7871329008599 194.86915695188236 209.7143132703868 211.2812794450365 217.9992903179741 209.42174080367704 196.197251424378 185.38000225555425 213.62279409601024 190.65591038452294 200.1650308921544 215.91047563276197 187.8778004583869 190.35191909453806 208.88724026792624 184.51790519814858
174.2124345004554 162.9617543043687 157.4943319087306 162.8261671343289 166.82431638900562 165.490564893993 172.68567548484725 167.89335733394137 161.47228988490588 164.29172131985842 168.5245972780849 166.8097618265865 174.63344464224292 168.92637917391266 169.83802890287507 164.33296017364546 155.39333239092593 171.17599756165464 164.4439542270752 166.6567626322758 166.48616509740805 156.15025410299768 163.91928962806423 164.20764913894345 175.51125907575897 168.32542053827774 164.3353085848389 162.20233406729903 167.56827782034406 160.13336829446553
147.65785353044657 146.55018391139674 142.35578798814322 150.74049218866412 146.3619580663667 140.59286492136698 152.52985429715227 149.12936610391398 144.56294627485568 151.6643661615435 146.86448415685754 149.59608566723819 151.30850847563033 146.78484564576547 143.7651903797173 142.69515278793688 150.0477483033519 151.1725431486493 144.60262221435914 152.32713627496423 132.73585878297945 141.5419402411908 144.80890529925637 144.25442757831706 139.36825238377696 152.2977475487687 150.13783514712622 148.95662478881695 148.82964206914357 142.2065946678299
12.735228051128615 21.651860011229473 19.07392776886809 20.19181141203444 17.188288873082456 17.776928819941077 30.14449569728913 24.287681060216073 21.788659967548938 22.23251545829862 22.97122931408876 21.089296017938068 28.62966013417781 20.52476028682804 31.418883354058835 18.285234769107774 26.251279544115278 23.126994855108023 22.969758073303183 29.95629087434463 12.996137562531658 17.369391134247508 23.654880813016007 20.110936199359912 21.829699149915996 30.477181601476786 20.593033309266502 28.95774949092811 17.380847959549556 21.157802360319693
0.7674389825397157 0.7290626635444823 0.7580176850774478 0.6863240508828312 0.7236083413622509 0.34120103215946074 0.7934823097939443 0.7845694524594364 0.7915678830618162 0.6707512605089505 0.6619956642707621 0.44495159231064463 1.0741224599241832 0.5337076270370744 0.7387220057112245 0.6951557847260119 0.7226111073973698 0.7235754840430673 0.4547859728590993 0.8651850016563003 0.507515831442106 0.5888243523600067 0.6552883589811245 0.4647568339883037 0.6879709450536211 0.9500675423314533 0.7205268182510736 0.6827958382295947 0.4381809663150307 0.5130190603267692
0.0015659169148420915 0.0013433120880108618 0.0017158884284071974 0.002059803773136082 0.001804341192382708 0.001165875348760892 0.002220041797045269 0.0021452464275171224 0.0018223829811176984 0.0022002431278451695 0.001481892937590601 0.0016261944588222832 0.0013325986287782143 0.0014350560441016569 0.0020108823969167133 0.001171960625470092 0.0016011059792617743 0.002040371456587309 0.0011957393339798728 0.0026327540113015857 0.001008333487334312 0.0011531648901836888 0.0021559782767326396 0.0011158468869325588 0.002059045321857411 0.001981779631023528 0.001911871921038255 0.0015807065387889452 0.0013152515621186467 0.0019154009710291575
2.3656866687815636e-08 1.5062141756061465e-08 1.698799678706564e-08 2.1184860088396817e-08 1.7968886822927743e-08 1.6580088413320482e-08 2.9673174140043557e-08 2.1029336494393647e-08 3.47918103216216e-08 2.405386112513952e-08 2.4800556275295094e-08 2.2986569092608988e-08 2.907336238422431e-08 2.89192030322738e-08 3.2636762625770643e-08 1.3689714251086116e-08 1.78829395736102e-08 2.137085175490938e-08 2.2737367544323206e-08 3.429249773034826e-08 1.448006514692679e-08 2.261595000163652e-08 1.244552549906075e-08 1.2402779248077422e-08 3.597187969717197e-08 2.0485913410084322e-08 1.3831595424562693e-08 1.1048086889786646e-08 1.588341547176242e-08 2.532942744437605e-08
1e-08 1e-08 1e-08 1e-08 1e-08 1e-08 1e-08 1e-08 1e-08 1e-08 1e-08 1e-08 1e-08 1e-08 1e-08 1e-08 1e-08 1e-08 1e-08 1e-08 1e-08 1e-08 1e-08 1e-08 1e-08 1e-08 1e-08 1e-08 1e-08 1e-08
1e-08 1e-08 1e-08 1e-08 1e-08 1e-08 1e-08 1e-08 1e-08 1e-08 1e-08 1e-08 1e-08 1e-08 1e-08 1e-08 1e-08 1e-08 1e-08 1e-08 1e-08 1e-08 1e-08 1e-08 1e-08 1e-08 1e-08 1e-08 1e-08 1e-08
82071.0 81531.0 80770.0 81315.0 80443.0 81097.0 82609.0 81639.0 82609.0 81531.0 81531.0 81315.0 82287.0 81963.0 81639.0 80006.0 81315.0 81315.0 81097.0 82716.0 79896.0 81315.0 80988.0 81097.0 82502.0 81855.0 81097.0 80661.0 80879.0 81639.0
