700.1073772537561 481.24155060897874 502.937042101265 529.8345951106903 472.2507547093319 469.3155413646 552.7643360426864 607.0675606378131 639.5642760632309 585.0929312379485 586.9183779794866 538.4196512603194 520.1466023139537 428.8708202272196 698.9537096666636 659.6343164111131 523.4913721264311 493.3489155849711 823.7716390586343 523.3469868384987 519.0423930156317 386.23494662144185 508.1359880987029 421.9765572153374 709.9228168408408 513.6911363501204 596.2323926592389 597.2958813401729 650.085867448226 596.8004657850215
555.6045354322387 405.94264146045634 470.4832460942039 529.8345951106903 472.2507547093319 469.3155413646 527.2094788312697 451.9178901371238 509.1008373419072 569.9255763982674 586.9183779794866 538.4196512603194 520.1466023139537 428.8708202272196 689.8199928315717 659.6343164111131 523.4913721264311 493.3489155849711 812.3513784858296 523.3469868384987 466.4542245440816 386.23494662144185 508.1359880987029 421.9765572153374 632.087243372549 513.6911363501204 596.2323926592389 445.17126951202044 461.58174834074634 504.34247667199816
429.3792837683932 405.94264146045634 470.4832460942039 495.5756899632038 472.2507547093319 469.3155413646 504.68389843984414 451.9178901371238 502.28770413444954 426.8741535582726 586.9183779794866 514.82316150413 520.1466023139537 428.8708202272196 633.1353256206185 565.4935008804914 510.0678458156153 493.3489155849711 471.4413064938826 523.3469868384987 466.4542245440816 346.7682437512367 500.0504564762323 421.9765572153374 620.6328836328285 513.6911363501204 556.8253685875952 445.17126951202044 461.58174834074634 504.34247667199816
429.3792837683932 389.44087459447064 470.4832460942039 495.5756899632038 472.2507547093319 469.3155413646 398.88345478129895 451.9178901371238 502.28770413444954 426.8741535582726 537.8613899312227 470.9722154845567 520.1466023139537 428.8708202272196 571.6867164549976 565.4935008804914 416.1574638278853 493.3489155849711 408.9266423045424 523.3469868384987 455.5431082330174 346.7682437512367 438.6257540610786 421.9765572153374 457.3528243057526 513.6911363501204 496.07054901170613 439.4868243518217 461.58174834074634 503.18183002145815
429.3792837683932 389.44087459447064 469.2083944393444 472.37428635072047 472.2507547093319 469.3155413646 398.88345478129895 451.9178901371238 420.5390082387062 426.8741535582726 507.5439005222538 375.58213737497545 407.5056738405797 428.8708202272196 566.1343705260615 488.6327026401932 416.1574638278853 476.8665879288187 402.98463122469775 512.394876957786 455.5431082330174 346.7682437512367 438.6257540610786 421.9765572153374 457.3528243057526 513.6911363501204 496.07054901170613 439.4868243518217 461.58174834074634 468.04759732717457
429.3792837683932 389.44087459447064 422.33738886672927 472.37428635072047 472.2507547093319 390.604947234634 398.88345478129895 451.9178901371238 420.5390082387062 426.8741535582726 462.9031356525288 375.58213737497545 407.5056738405797 428.8708202272196 501.78083544795845 475.5501117652352 416.1574638278853 476.8665879288187 402.98463122469775 438.9828153085773 439.527428601667 346.7682437512367 432.0240260527821 421.9765572153374 457.3528243057526 475.18407405420385 478.7172440821646 439.4868243518217 461.58174834074634 459.9259944310893
397.81679734858335 316.15293606418663 362.6919808308526 382.4416860907554 399.7649478187009 335.8246478214778 398.88345478129895 367.09162591159975 368.09804628198344 345.17952306755205 339.92357613043714 308.53997127909497 354.48601040568883 418.87198230796866 365.63730395030734 373.3752347012178 407.70290919306217 383.06680299018353 361.40643823113214 331.0461420264296 396.3806977293698 343.9278415680601 400.65621267818733 379.6990359562551 384.2215094013568 417.4503875090636 359.7223010517928 385.24360592284893 363.65015452658145 322.5467205634427
358.67809980657876 297.8374800989104 297.19935856988786 321.7701971442166 257.425371411362 294.4835159339782 286.4209227070123 288.5926634438197 323.40870729514427 284.41830682035516 270.5027802466552 283.1315347131126 301.0662351873448 290.7447769854052 285.63123533601265 298.3316103360785 376.18974802208686 324.1175413765477 286.969024751445 321.3063548439759 287.7987094560963 281.95230041375 323.04635509424224 317.37878240344435 348.4868141305601 342.0162024108722 286.8561950477965 324.3028449481144 292.4127267942281 269.34701381012974
268.99552785112337 241.31770794417844 246.79943955859653 241.8321858277518 235.71186822893105 242.3022780784222 245.95058063213673 236.51311469520851 248.28511589884965 242.59716471319916 234.62585110929786 240.3962025751689 240.3027040930515 242.62750445339452 245.09457127296355 238.7556921632172 255.70738176822078 239.48555799464566 241.4242456700963 242.6809457503623 245.0896127056858 253.01208436351044 242.8370402542114 244.44369886788672 235.89319408376969 233.47211366961392 237.59465522322125 251.8615431828748 240.88787866934626 241.35590282087423
231.32146593481548 231.41978535186536 229.60868796533396 230.96814589694168 230.50550142224847 230.91802859333393 230.7607896575846 230.30061864458185 230.49512592546307 230.27373779357276 230.3808305171192 230.6644716396886 230.9305312755755 230.01339578450597 230.42876337116058 230.0389811116338 230.8503629585507 230.52198095932636 230.88762161576642 230.48887646246612 231.5223523678992 230.39337692074332 230.5850685447349 232.45356664535984 230.180469815346 230.1340872896444 230.62765539642442 230.16934906781762 230.48209430756742 230.66157526300367
229.35263377878937 229.34670545863946 229.32066444424208 229.3229472276821 229.30020788514094 229.32544440221818 229.32772140944462 229.35697234462714 229.32190870568002 229.310647605721 229.31039356242718 229.29820520889916 229.32870010781107 229.3164777645352 229.32047082993995 229.30090297580546 229.3292262601717 229.33400492927376 229.31664826015594 229.33528425436134 229.32018058871336 229.31529519435207 229.32649182685464 229.33480377634987 229.3507527347142 229.34072743997785 229.31536878284214 229.35276556440704 229.3209630108022 229.31980502950137
229.28450244096803 229.28446929062875 229.28441857155667 229.28443118481482 229.2843993299516 229.28441746378348 229.28441757990095 229.28450961630642 229.28441779502646 229.28440795148344 229.28439830276102 229.2844210072467 229.28439708992164 229.28441603553574 229.2844152534476 229.28439285162767 229.28443217847416 229.2844433392197 229.28441423591084 229.28441823662024 229.28441556956204 229.2844058642645 229.28442042009237 229.284400266376 229.28444220408346 229.2844207838366 229.28442649777935 229.28445825506333 229.28440392286848 229.284408553684
229.28438270940978 229.28438270868628 229.28438270879724 229.2843827086267 229.28438270859942 229.28438270882043 229.28438270865718 229.28438270877223 229.2843827086581 229.2843827086108 229.28438270867264 229.2843827085544 229.28438270854713 229.28438270859306 229.28438270895367 229.2843827086117 229.28438270866673 229.28438270877223 229.28438270857578 229.28438270868583 229.28438270869447 229.28438270857532 229.28438270869265 229.28438270865672 229.2843827086349 229.284382708699 229.2843827086399 229.28438270878678 229.28438270853894 229.2843827085435
229.2843827084871 229.2843827084871 229.2843827084871 229.2843827084871 229.2843827084871 229.2843827084871 229.2843827084871 229.2843827084871 229.2843827084871 229.2843827084871 229.2843827084871 229.2843827084871 229.2843827084871 229.2843827084871 229.2843827084871 229.2843827084871 229.2843827084871 229.2843827084871 229.2843827084871 229.2843827084871 229.2843827084871 229.2843827084871 229.2843827084871 229.2843827084871 229.2843827084871 229.2843827084871 229.2843827084871 229.2843827084871 229.2843827084871 229.2843827084871
229.2843827084871 229.2843827084871 229.2843827084871 229.2843827084871 229.2843827084871 229.2843827084871 229.2843827084871 229.2843827084871 229.2843827084871 229.2843827084871 229.2843827084871 229.2843827084871 229.2843827084871 229.2843827084871 229.2843827084871 229.2843827084871 229.2843827084871 229.2843827084871 229.2843827084871 229.2843827084871 229.2843827084871 229.2843827084871 229.2843827084871 229.2843827084871 229.2843827084871 229.2843827084871 229.2843827084871 229.2843827084871 229.2843827084871 229.2843827084871
229.2843827084871 229.2843827084871 229.2843827084871 229.2843827084871 229.2843827084871 229.2843827084871 229.2843827084871 229.2843827084871 229.2843827084871 229.2843827084871 229.2843827084871 229.2843827084871 229.2843827084871 229.2843827084871 229.2843827084871 229.2843827084871 229.2843827084871 229.2843827084871 229.2843827084871 229.2843827084871 229.2843827084871 229.2843827084871 229.2843827084871 229.2843827084871 229.2843827084871 229.2843827084871 229.2843827084871 229.2843827084871 229.2843827084871 229.2843827084871
199999.0 199999.0 199999.0 199999.0 199999.0 199999.0 199999.0 199999.0 199999.0 199999.0 199999.0 199999.0 199999.0 199999.0 199999.0 199999.0 199999.0 199999.0 199999.0 199999.0 199999.0 199999.0 199999.0 199999.0 199999.0 199999.0 199999.0 199999.0 199999.0 199999.0
