90.94540873881829 99.17122364284648 101.2328085843368 113.3270397331778 118.92306764125976 113.41461028720437 97.36561820923225 112.16449575946558 93.19952821589936 111.99333820178879 78.0581920687464 119.47652145642223 130.46392757879755 75.10821910922073 95.80496715344566 110.31609685754142 101.04163096240416 129.0992210709045 108.8669235137479 110.84720731527909 108.15415443188658 122.44974064588325 116.62491753266079 116.91369616704947 119.46689917055403 92.92608284495998 113.16916525908653 103.97790766443086 102.53896372620034 105.81266292325756
90.94540873881829 90.53530329184503 101.21506571935345 95.25470590878444 118.30468092793285 106.17076398450911 97.36561820923225 112.16449575946558 93.19952821589936 87.97036433282267 78.0581920687464 84.86850155619277 108.86039720545409 75.10821910922073 95.19919366590841 66.10773507131557 101.04163096240416 117.13951225730284 108.8669235137479 93.66341948216461 108.15415443188658 104.4796978565721 86.14414876056878 95.66365064998081 109.81464481105763 92.92608284495998 89.75698451441872 94.97791123467857 72.20108089588848 105.81266292325756
90.94540873881829 90.53530329184503 101.21506571935345 95.25470590878444 90.0623165494037 91.44493359985893 97.36561820923225 112.16449575946558 86.55366677952338 87.97036433282267 78.0581920687464 84.86850155619277 92.13225663315995 75.10821910922073 95.19919366590841 66.10773507131557 91.73277421406397 100.77356543597989 96.38813320955342 93.66341948216461 86.43556124848624 97.52332647028754 86.14414876056878 95.66365064998081 92.23105944025372 87.96606756120877 89.75698451441872 94.97791123467857 72.20108089588848 103.53812026023172
90.94540873881829 90.53530329184503 96.01527364460878 95.25470590878444 81.12279629375337 91.44493359985893 97.36561820923225 75.0652856729264 86.55366677952338 87.97036433282267 78.0581920687464 74.28279275016178 92.13225663315995 75.10821910922073 95.19919366590841 66.10773507131557 91.73277421406397 91.62816644617362 84.17295067637872 93.66341948216461 86.43556124848624 97.52332647028754 86.14414876056878 95.66365064998081 92.23105944025372 72.85601481617778 89.75698451441872 91.20666654071692 72.20108089588848 89.46151726429491
90.94540873881829 68.45047745439342 96.01527364460878 73.43176702326491 76.26549050480196 89.2848149407979 90.49086772510441 75.0652856729264 86.55366677952338 87.97036433282267 78.0581920687464 74.28279275016178 92.04943018225572 75.10821910922073 86.70815658936954 66.10773507131557 67.42557222740732 81.38960676824229 78.53927853439598 88.10745737126138 86.43556124848624 68.01458382000351 82.29889048252153 95.66365064998081 92.23105944025372 72.85601481617778 89.75698451441872 74.25618959475617 72.20108089588848 89.46151726429491
90.94540873881829 68.45047745439342 96.01527364460878 73.43176702326491 76.26549050480196 89.2848149407979 90.49086772510441 75.0652856729264 86.55366677952338 86.18323011558368 78.0581920687464 74.28279275016178 92.04943018225572 75.10821910922073 86.70815658936954 66.10773507131557 67.42557222740732 81.38960676824229 78.53927853439598 71.30435584276427 84.04828306345564 68.01458382000351 82.29889048252153 95.66365064998081 86.33397156050705 65.13029248252928 83.48393105333628 74.25618959475617 72.20108089588848 87.1646030029251
64.20907726933785 66.25047657961227 69.21739134949644 72.47200763456794 54.39555726548372 56.78333426022277 65.51265318103651 75.0652856729264 66.5902062477578 47.05575180394942 69.79133840189047 59.60173754888751 65.22666781881503 72.13442012658516 63.413685017747184 66.10773507131557 62.41528210556078 80.15187023344151 78.52436701127033 64.79081705834051 72.06387130726955 58.02322736178621 74.17844542970158 70.84329798588726 71.04338829775702 63.426905233011325 63.00480842619504 59.654057953961 71.83174763306204 79.03756791863816
55.27052434436962 53.14616906239189 58.629788041192 64.14702385135877 52.47944474119515 56.78333426022277 56.03622481022171 57.90500337116623 66.10300713773245 47.05575180394942 46.79674429570048 59.60173754888751 44.989198181031725 63.85363699347852 56.94586222614009 50.251295595529314 62.41528210556078 58.00846670552619 66.47726896512847 64.79081705834051 47.70450414333493 48.20562443477945 56.8058328027405 45.843072176092505 53.80010562434245 54.264685187517784 50.30420384183435 52.456758682273744 68.79143045434535 43.73860511655323
55.27052434436962 47.6094834782383 43.62540741923351 46.012448806771545 51.46378107614828 43.912809075531754 43.31220135346075 43.130330909825034 47.06749664454594 39.61392695582617 45.100481873464446 41.82239835171697 44.989198181031725 47.28730671531821 50.34150027572173 41.34185305088624 52.41510342829463 42.330270585996004 57.24400846288154 28.550088188586983 45.31811089605276 43.07955596344277 52.09710966124214 45.843072176092505 49.42495692640216 45.898753572661235 48.080320100938366 52.456758682273744 40.8262721010459 34.30979284272348
39.75550022733614 42.921711197616446 35.547392402314586 30.114693954174186 44.487408662844246 41.26611134333325 42.82491419400458 42.848313216556335 37.440477230703664 39.61392695582617 26.80092006305847 28.56583562916876 42.99511556255686 42.81423122018214 41.39799317925565 39.912705475963094 52.41510342829463 30.721593712073968 44.081401860626556 28.550088188586983 27.586045463628807 37.06519206514065 36.321398698591224 38.546008321135105 39.07551679660287 31.620372619669638 35.98848039650636 40.1695770248258 35.43871065102633 34.22757970258863
31.96143381589968 33.77162901709369 34.473320219926336 27.266950606083128 35.885992079649895 32.23770463407607 20.57658078813688 30.19757370211721 35.50548126916783 25.92628340203089 25.271679521057422 28.502891489358262 38.6385788866005 33.14724160732601 23.799574018434896 32.91076673171733 33.46114370383225 30.721593712073968 28.384750680153502 28.550088188586983 27.586045463628807 32.39364958492433 32.822323968646515 26.83967658790084 26.646441458150207 31.04392538497723 24.88819943032877 24.23900550955352 29.619024611633677 25.26518427539054
25.717684493451884 30.62033985591745 27.596680923606982 24.639715323328232 21.64813882017063 21.722702399437253 16.152489488688047 16.504983695840338 24.310738548784798 23.589752541962298 16.799574225674178 28.092170965110085 25.132986411109414 22.919411240853037 23.736744861520037 23.81231000295793 25.956587307908535 29.798576940752014 16.277172817148312 24.588218824594378 21.313076323982727 27.237491178584037 27.033240831872718 24.809946926555767 19.68406368063711 24.662127871634425 20.2149959175332 20.768158778457632 21.84669092752972 15.77499697860867
13.0475753411107 21.000071634529036 12.405660896357062 16.870571478994293 18.035765596030274 15.968650446930496 16.152489488688047 11.825766640003735 16.87696444222604 13.090812814578953 16.7919526901577 20.400948790323127 14.98359193678823 7.052672940110938 18.640455697812286 12.044414119681278 22.91289771877632 18.802402711305717 16.257700759774252 11.619524560950254 16.647600052051985 20.110958666901297 11.495428892593395 16.72270024073316 12.06437174457426 15.516189566724051 16.186969710659582 15.389001843524852 10.755008276189528 15.39596244885729
11.180862134672566 10.72906251834877 9.215539743207842 14.166906492327485 10.840608898486039 12.582795607032722 10.607847575486858 8.832966266783615 13.475079620788165 11.126210990247387 7.002717769078686 13.174707154701196 11.532474190915764 5.802855422196558 11.74330670852953 8.598709507887293 15.007706125567552 12.150350933707273 8.542185404302359 9.769304389392687 9.830380592242136 13.133635473367008 7.600543459616233 8.294074262014647 9.187623617440863 9.474474765647074 12.524147784582283 9.73021518213784 7.55719312006886 11.649212520516244
6.320422016801444 6.06931569672588 5.460639972113427 6.909206295280569 6.815019711380273 8.463679272860645 6.199534177297664 5.982795623446805 6.910325192544178 5.985472050112435 3.844954708153864 8.73790439158779 4.442615502281683 5.21961042104283 5.3708178739656205 4.7640351179109075 4.842876877069898 7.578449863355786 5.225251617533445 5.98318643995583 7.5631077442374135 5.418327057662054 5.467300320108166 7.581159215573052 5.617768377201287 6.998323294351962 6.510922479429951 4.206314469886934 4.981057438018411 4.402463069071246
3.9798362283731876 2.9848771712798907 1.9899181141875033 3.9798362283731876 3.98113779980838 3.9798362283731876 3.979836228373415 3.9798362283731876 3.9798362283731876 2.9848771712798907 2.9848771712798907 3.979836228376712 2.9848771712798907 3.979836228374097 2.984928403755589 1.9899181141865938 1.9899181141865938 4.9747952854664845 2.9848771712798907 2.984877190270595 3.9800608656457825 2.9848771718666285 2.9848771712800044 3.979837774279531 3.9798362304696866 3.9798362283731876 2.9848771712798907 2.9848771712798907 2.9848771712798907 1.9899181141865938
199999.0 199999.0 199999.0 199999.0 199999.0 199999.0 199999.0 199999.0 199999.0 199999.0 199999.0 199999.0 199999.0 199999.0 199999.0 199999.0 199999.0 199999.0 199999.0 199999.0 199999.0 199999.0 199999.0 199999.0 199999.0 199999.0 199999.0 199999.0 199999.0 199999.0
