329.2107174720077 272.88233263987513 481.89811900586756 631.9898850110003 320.35395461071585 391.086500423693 531.3149617646673 382.94626451728163 289.48240370657413 376.0657560710383 363.18205674716364 547.6898545169888 385.05732274870843 448.15164010340095 284.571701857054 378.1361940778356 394.7231200004967 444.46369017691086 353.5533849583694 234.33412622499418 496.139283256859 467.94355157208065 358.19645143610023 319.3108039129106 408.35284707910296 364.2082246142627 403.6481638521159 399.56709642891246 245.21670777087502 326.864923378459
329.2107174720077 272.88233263987513 311.0478697481676 446.8134617652122 299.8800781173186 255.0515967080578 260.83577932884054 382.94626451728163 289.48240370657413 376.0657560710383 331.06881469026393 374.6964116045392 385.05732274870843 323.0319372062663 284.571701857054 349.5958012825249 342.67331783297095 434.2033067900502 353.5533849583694 234.33412622499418 398.50609312929646 278.15424923404726 349.335216658405 319.3108039129106 373.6924491845102 331.1890277243092 369.5881601669662 282.72059367264956 223.34836040081882 326.864923378459
279.850093541821 228.312981330404 311.0478697481676 295.8125555347069 299.8800781173186 247.4030261233729 260.83577932884054 329.7513454773225 260.78347955396566 249.93818428408986 302.69532995851887 334.33422032555154 342.82919916810897 323.0319372062663 284.571701857054 276.87972976543915 283.57825437784777 377.01616331215746 353.5533849583694 234.33412622499418 368.6369593009131 278.15424923404726 323.72255192612374 319.3108039129106 293.06724069673874 251.06218627345925 317.9147111786433 184.191305845427 223.34836040081882 326.864923378459
261.5051911814262 228.312981330404 289.7051649707396 295.8125555347069 299.8800781173186 243.54333197477854 239.5811323404073 227.2784269331455 260.78347955396566 249.93818428408986 302.69532995851887 290.8922386777426 313.68731599541024 323.0319372062663 284.515512855045 266.4647529025342 283.57825437784777 221.06215448626654 345.7969429835066 234.33412622499418 220.4536961717863 254.7582258362445 191.80905893786075 268.82079972608653 249.1265420228974 251.06218627345925 231.50324600562362 184.191305845427 223.34836040081882 262.84958715398943
247.47106774752228 211.6257583700508 253.58607480975843 290.18632027848616 179.91197003564048 243.54333197477854 234.0354233434482 193.28913401302634 213.0470565886135 222.3743701903304 265.3142788470982 235.51687598304397 241.61074627402786 235.05431469583573 213.86912690840836 222.4716404232645 242.7580590114717 205.006421635655 228.7450082526243 229.72385946482837 212.78058749511547 227.55918577100874 191.80905893786075 178.84860239160753 205.2961851098221 224.5758542667786 207.00060234216835 184.191305845427 209.06954642956862 253.85972251856538
247.47106774752228 202.56610831210264 238.1242507073689 201.53576310023118 179.91197003564048 243.54333197477854 234.0354233434482 193.28913401302634 213.0470565886135 222.3743701903304 250.44860830043535 209.0659393451906 226.14622444204497 217.9076456719922 213.86912690840836 221.56336546553348 219.07389413879628 205.006421635655 228.7450082526243 214.16680186618623 212.78058749511547 207.48505651044388 180.73081848467973 178.84860239160753 190.97887627223463 207.7095620594905 207.00060234216835 184.191305845427 209.06954642956862 228.1625264671011
173.3082920969723 173.22730630422075 175.72203092857717 176.67491880385705 172.07059404283518 172.2574823896639 171.2892609162318 172.83849494671813 174.79518732973565 167.71564020656933 171.32774090166868 173.16414383941265 175.71262710035944 174.5521002692617 170.56840825360723 169.94441303487656 174.04773971298664 175.12103974615957 177.8728894591959 174.86383549799348 176.26230599028804 175.53588811973532 168.0897425584035 171.44869966126316 173.0003638140115 174.22850391775546 173.04670588149747 177.6332564842728 173.67461883797478 176.07774256361063
167.0311680335435 168.53546214989092 167.90475448359575 166.2985131358555 167.23062331274832 168.36868438977262 166.74684280086012 167.29828294373692 169.45592386515773 166.903720283035 168.8282376388479 166.79696489834487 169.03969701433243 170.3357768838282 167.4433378310905 169.0963964566081 168.70627961827677 170.06632260837114 169.16228352105054 168.00270820547757 169.15450357736245 167.9977930318173 168.0897425584035 168.55942318857342 167.2592118737939 167.73217683179064 169.88408655106105 167.27254600583 168.3685722838827 167.82784021165662
164.89816270659367 164.94825276670144 165.17717921908206 165.31259500006945 164.30950421543366 163.46840406279625 163.59533241344843 165.10055340506096 162.79860067913978 165.39293520504998 165.44804022790504 165.41062158708155 165.09483665857533 163.27606228436844 163.96154713797887 164.86404072685127 165.7025339587567 166.32562530741916 165.98904513734533 164.9404935479888 165.43191942981548 164.91948382833016 164.5532398023397 165.62017112766762 164.6049554028291 163.81659417692254 164.59598352996682 164.0905722745042 165.3364604020785 164.90627329873405
162.94052947323416 162.9013575439376 163.89715013468094 163.38489446144968 163.96907743062366 162.81902689214894 162.68883874203675 162.29989029260332 162.55946020771535 162.52758515715323 163.5938204605318 162.51819015609908 164.3604831074631 162.55720450946228 162.72352696339794 164.1097221827481 164.40626991388672 164.12286013883295 164.06208197231308 163.58412287988358 163.8030169019371 161.8487810713541 163.96611757509663 163.15779475434647 163.37662984400413 163.01956256802805 163.05076675025703 162.9596881636744 163.61063121601728 163.73649958466285
161.78179104666833 161.4980679830569 162.2922122094683 160.5826798031817 162.16934680212762 161.57644145734412 162.14456398692573 161.53295842215357 161.86007337886076 161.6738983880864 162.20003524389858 161.77712470334518 163.21813581581046 161.80871726804935 161.65642071695174 162.73371278898958 162.23288412618922 162.147857361751 163.3781081708171 161.06253106623763 161.9682134072118 160.4009993463519 162.55424219677343 161.72087176671994 161.01454739528936 161.7765252561985 161.5690696782276 161.8832917225427 162.0793944996226 162.68938521635346
161.43397033673182 161.42367765738072 161.62803237409798 160.13691583236505 161.53562019820174 161.41234829676614 161.49978711209997 160.9004096122835 161.51932166196775 161.47909904855078 161.51391482800318 161.4541835998134 160.84784382863745 161.43257663963368 161.4240139846811 161.67351218477552 161.50225880219568 161.73834283402266 161.5354474067526 160.79935319122978 161.42164446188735 160.01127000953784 162.01131396513847 161.43617343394453 160.2940453655151 161.41842237149604 161.42390307239748 161.41453128848707 161.4929016844021 161.53005841093182
161.4048809747528 161.40488082898992 161.40646822775898 159.41545613707376 161.40490210429607 161.40488079394072 161.40488241978073 159.5470283249383 161.40490462382058 161.40498024573571 161.40488509342458 161.40488111149944 159.69093121956166 161.40490729620387 161.40488085873812 161.40514423404784 161.40503404866286 161.40560458055643 160.69840508141942 159.28903938083886 161.40488090830286 158.91974683595254 159.17954349507409 161.40488199732454 158.74489623469708 161.40488112844196 161.40488103985444 161.40488082117508 161.04382690106422 160.40518856587823
161.4048807587492 161.4048807587492 161.404880758751 159.36873364550138 161.4048807587492 161.4048807587492 161.4048807587492 159.54377628689554 161.4048807587492 161.4048807587492 161.4048807587492 161.4048807587492 159.3687360578133 161.4048807587492 161.4048807587492 161.4048807587492 161.4048807587492 161.4048807587492 159.54379075094994 158.61957350834246 161.4048807587492 158.61847459069895 158.62267227051507 161.4048807587492 158.61837933691504 161.4048807587492 161.4048807587492 161.4048807587492 159.65951459015832 159.3687358620964
161.4048807587492 161.4048807587492 161.4048807587492 159.36873363703762 161.4048807587492 161.4048807587492 161.4048807587492 159.54377628679686 161.4048807587492 161.4048807587492 161.4048807587492 161.4048807587492 159.36873363703762 161.4048807587492 161.4048807587492 161.4048807587492 161.4048807587492 161.4048807587492 159.54377628679686 158.6183545620088 161.4048807587492 158.61835455879645 158.6183545665358 161.4048807587492 158.61835455822347 161.4048807587492 161.4048807587492 161.4048807587492 159.65341678329696 159.36873363703762
161.4048807587492 161.4048807587492 161.4048807587492 159.36873363703762 161.4048807587492 161.4048807587492 161.4048807587492 159.54377628679686 161.4048807587492 161.4048807587492 161.4048807587492 161.4048807587492 159.36873363703762 161.4048807587492 161.4048807587492 161.4048807587492 161.4048807587492 161.4048807587492 159.54377628679686 158.61835455766823 161.4048807587492 158.61835455766823 158.61835455766823 161.4048807587492 158.61835455766823 161.4048807587492 161.4048807587492 161.4048807587492 159.65341678240247 159.36873363703762
199999.0 199999.0 199999.0 199999.0 199999.0 199999.0 199999.0 199999.0 199999.0 199999.0 199999.0 199999.0 199999.0 199999.0 199999.0 199999.0 199999.0 199999.0 199999.0 199999.0 199999.0 199999.0 199999.0 199999.0 199999.0 199999.0 199999.0 199999.0 199999.0 199999.0
