16569.3825455062 33749.88382291358 37918.8863854487 43600.29587552367 40432.49700108577 33348.11638100489 29136.837387043088 34063.18629339149 13913.730671555844 44886.764939566885 58357.63720640051 60861.080226404265 30400.10153003003 100473.43234309932 21731.911458471735 16175.449887509953 49779.3035561977 28103.080634391386 22184.999630952298 41670.30834405544 38146.73720015333 28958.17134035153 66915.75309176258 13996.058943464632 23148.03917167587 32442.68091615382 45648.61230949171 64964.119308180074 33882.09198976366 17543.057196989994
16569.3825455062 24090.533746922207 37918.8863854487 26223.720174463982 25508.347862701296 33348.11638100489 29136.837387043088 34063.18629339149 13913.730671555844 39056.83085104709 39042.75629301998 30095.027995894066 20868.1847920045 26017.153182391703 21731.911458471735 16175.449887509953 19855.223234420526 26442.549805628496 22184.999630952298 41670.30834405544 20084.568065809166 28958.17134035153 26837.27077897264 13996.058943464632 23148.03917167587 23711.05010538786 45648.61230949171 43411.80988375583 32893.05049400637 17543.057196989994
16569.3825455062 24090.533746922207 28406.95074133162 13723.005113442487 25508.347862701296 33348.11638100489 10452.796421988525 33572.93373753586 13913.730671555844 39056.83085104709 36753.33035304742 30095.027995894066 20804.09714428451 21697.180218836904 20015.786828360375 16175.449887509953 18450.950008391617 26442.549805628496 22184.999630952298 30321.916400322996 20084.568065809166 24025.988588907087 26837.27077897264 13996.058943464632 23148.03917167587 23711.05010538786 40009.28116296505 28056.4716498776 32893.05049400637 17543.057196989994
16569.3825455062 24090.533746922207 28406.95074133162 13723.005113442487 25508.347862701296 15503.591712365203 10452.796421988525 33572.93373753586 13160.056806166313 35976.605464689834 31096.43099866843 26665.19418442878 20804.09714428451 20496.449306608556 20015.786828360375 16175.449887509953 18450.950008391617 26442.549805628496 22184.999630952298 25038.630318142892 20084.568065809166 24025.988588907087 26837.27077897264 13996.058943464632 23148.03917167587 23711.05010538786 31874.000171343563 21385.935523904434 32893.05049400637 17543.057196989994
16569.3825455062 20732.029821180597 11294.374832074493 13723.005113442487 25508.347862701296 15503.591712365203 10452.796421988525 22587.034506911925 13160.056806166313 32752.37676988372 24148.450742113106 19427.97656288399 18656.11138816414 20496.449306608556 20015.786828360375 16175.449887509953 18450.950008391617 26442.549805628496 20110.065672398465 13000.542920442787 20084.568065809166 24025.988588907087 14142.79070287168 13996.058943464632 23148.03917167587 23711.05010538786 31874.000171343563 21385.935523904434 20528.280658642205 13694.142826394174
16569.3825455062 20732.029821180597 10608.63449008694 13723.005113442487 25508.347862701296 15503.591712365203 10452.796421988525 22587.034506911925 13160.056806166313 20020.210874593686 24148.450742113106 19073.870251784734 18656.11138816414 20496.449306608556 20015.786828360375 16175.449887509953 12773.467449999749 26442.549805628496 20110.065672398465 13000.542920442787 20084.568065809166 14233.851393677647 14142.79070287168 13996.058943464632 23148.03917167587 23711.05010538786 30973.863645932477 21385.935523904434 20528.280658642205 13694.142826394174
14629.106282896168 13240.014317547735 10608.63449008694 13723.005113442487 18332.734328182876 10515.717486986503 10446.967384843765 16995.08415747285 7517.475928245656 20020.210874593686 11682.7022668616 9682.554483711532 10099.067946527946 12764.754265560123 15416.756621033497 16175.449887509953 12773.467449999749 16461.023970527785 13233.660367843328 5740.7982356710945 18950.77675513552 14233.851393677647 14142.79070287168 13996.058943464632 17517.742347651623 13255.538556405278 18635.862614686146 8421.351619025194 15679.735349289305 6528.736449699242
8713.389062795899 10885.498794130937 10608.63449008694 8039.574370945345 10491.456319356466 7596.999811399529 9007.92206083427 10013.533654330262 6027.423736496784 11196.386873610714 7431.379428945802 5867.5103666467185 6393.8050305112 12764.754265560123 13270.32080330649 12784.215780594466 7059.753049597715 16461.023970527785 6905.578619421205 5740.7982356710945 14475.075151322415 6414.926047631768 11187.401262724225 13996.058943464632 14980.805739135776 13255.538556405278 11319.804974512997 8421.351619025194 9022.288411159221 6528.736449699242
8713.389062795899 8231.349962260409 8426.913811331546 8039.574370945345 6529.184352127232 5951.205526634433 6388.880790922975 8539.310857727447 6027.423736496784 7800.939712952634 6332.5582202241185 1733.0939363821667 6331.116991163477 9159.70044948738 7272.486240012336 6947.905168153556 7059.753049597715 10403.47075969983 5863.646728854295 4872.599392550015 10122.281372265892 4244.37298554943 7929.806659676877 8546.019037164273 8492.41655409665 8821.214195998118 6260.424829210856 3135.851262165162 9022.288411159221 3250.2594277611056
8532.70081663421 3497.9828218581915 5863.541647258044 7536.6934416971 5112.971035017658 4651.083874906814 5447.800288205893 5013.495628329332 4698.92395058474 6398.735502178179 5611.004174410063 1733.0939363821667 4598.641480620627 5806.847748526501 5873.532961686706 4389.472124346412 6667.381109097326 6894.914304187864 3708.5766279396857 3152.8089332097047 4285.832730020055 4234.046467489 7763.906288686124 4459.485394041734 5609.147969135893 4118.326751021227 4414.016042020737 3135.851262165162 5333.066619966217 2710.047700629696
3048.33105647137 2789.395552574365 3244.4303908287693 2880.4169962869437 3395.7377195698423 3375.4327427641424 2896.869498038046 2640.185368788263 1476.0691056886508 3443.475758706724 2240.321323061885 1672.791693929859 2117.3006441436246 3868.292207712573 3742.3768987526087 2480.6320177433527 3044.0596623357087 4496.344386997117 2389.0300152780646 3138.8014062252128 2145.552965198682 2369.45112738203 3745.773252619368 2087.569214217698 2694.0237120228503 1538.8490812627215 2417.308809282437 2643.41336508042 2515.83967859348 2591.757230404857
1236.132285153927 1163.2664544539305 1366.9452126111748 981.6350080605255 1047.751688211187 984.8682524374533 993.1811752746084 836.9073153980839 1057.3017321318835 406.2808110881282 912.0978164848539 937.3619020910542 1261.9860080696437 1139.8516619377938 666.5072834340895 754.7602758849164 1770.424880203267 1458.2043907179502 1041.2932342119386 594.4861225029063 564.6699983228249 1023.6642650271201 1543.8802305128952 1140.8303271241969 898.998708987355 1459.4580817406181 1339.8490533696884 731.3985451551009 968.878538941545 897.8861309794515
118.76733478536153 139.93538711135483 62.63571744119031 106.78153420654121 74.61607090546988 112.55205627311551 107.27269054275075 186.6548735135998 89.07900924711788 107.465922885986 81.74911546024589 57.602496485787924 52.276356596948176 113.10911808008109 160.54078954458174 168.13887773741374 152.44380306231312 204.82906116959782 122.74046602723377 120.98308153813724 191.36064401383425 104.3639090586368 191.99716338479203 204.6723237983976 104.54073537146002 131.1570483384122 103.49337381834056 16.480895904125703 92.5455774808342 115.9660327652183
0.05918097026733449 0.03230604292082262 0.10417336653591747 0.07074112199978799 0.04054175527460302 0.009793412936005552 0.0633570039531719 0.06776524023274533 0.025449616343280468 0.04823168990748172 0.03631984078725736 0.01334233482413083 0.010472654569127826 0.049730900790450505 0.06614181613082337 0.013751716371530165 0.04667864287557677 0.05205136863912685 0.02725250378199462 0.047810374834057257 0.10689903705787174 0.027716770144934344 0.042780851848306156 0.16076170694645953 0.07229775228051949 0.05452691722649661 0.03421271140638282 0.03906773324496271 0.009471986722985548 0.07196581145774417
1e-08 1e-08 1e-08 1e-08 1e-08 1e-08 1e-08 1e-08 1e-08 1e-08 1e-08 1e-08 1e-08 1e-08 1e-08 1e-08 1e-08 1e-08 1e-08 1e-08 1e-08 1e-08 1e-08 1e-08 1e-08 1e-08 1e-08 1e-08 1e-08 1e-08
1e-08 1e-08 1e-08 1e-08 1e-08 1e-08 1e-08 1e-08 1e-08 1e-08 1e-08 1e-08 1e-08 1e-08 1e-08 1e-08 1e-08 1e-08 1e-08 1e-08 1e-08 1e-08 1e-08 1e-08 1e-08 1e-08 1e-08 1e-08 1e-08 1e-08
109081.0 107897.0 109669.0 109752.0 108322.0 107812.0 109165.0 110499.0 106956.0 109081.0 107557.0 106698.0 106698.0 108407.0 108152.0 106007.0 108829.0 108913.0 107042.0 106698.0 108577.0 104609.0 108913.0 109752.0 109081.0 107214.0 106956.0 108661.0 107300.0 109669.0
