525.892150059514 1181.4784003872242 2944.05930523042 2003.8214878991184 1829.5561586132822 549.9392037099487 1504.2603372835497 291.16581144059023 708.1161628800883 1682.131606971664 2179.9616023014687 696.2845429987774 1979.666127635191 2047.3604657093938 3838.922484259978 2823.8637660624936 4314.714447608718 1296.9765656895097 2251.331769835874 1672.5224541321377 696.6628234222128 1706.039024505978 686.1852340139524 616.1472551147584 522.7418771977715 1403.6939406764654 612.1335455066832 864.8429604749774 1400.575631062642 1874.7628866025902
525.892150059514 987.14124246642 1316.800988696818 1181.1560870559706 989.2667109167403 463.42741780055167 1228.3883344413496 291.16581144059023 708.1161628800883 1288.3097496181003 1887.5109960935806 696.2845429987774 1979.666127635191 1067.6900760356325 1352.9324523037758 1388.341209912163 2458.195221709426 1296.9765656895097 634.5050903286569 1319.7029378221416 692.1572878416127 1061.7011439525654 686.1852340139524 576.7975696610937 522.7418771977715 1184.1367052211174 612.1335455066832 400.4592779327247 1400.575631062642 1627.9093223007126
525.892150059514 229.83162128622507 1035.3614396572718 1181.1560870559706 989.2667109167403 463.42741780055167 797.6574508437825 291.16581144059023 670.2539630964866 1286.8092407805166 951.1948841548649 696.2845429987774 1397.9111477712233 1009.4578176274897 1215.8118053680416 773.4658403904486 1198.1841270067891 633.3920098886797 634.5050903286569 1319.7029378221416 692.1572878416127 1007.0316930501788 686.1852340139524 576.7975696610937 522.7418771977715 857.114364837731 612.1335455066832 333.61574541474783 1379.859409495087 1408.7662557468109
481.8925389998627 222.09221249289124 1035.3614396572718 396.5444942352891 511.1766462570855 463.42741780055167 702.6447795189765 291.16581144059023 670.2539630964866 638.1486562719865 951.1948841548649 445.7455196112162 619.7434107495858 810.2224308538034 1104.8269719209156 437.3757099069236 252.736652299271 633.3920098886797 634.5050903286569 325.233823751807 692.1572878416127 913.9737088866275 460.4300050922368 566.8019319743303 369.1198926962411 759.4736401938715 465.2575059492227 333.61574541474783 1379.859409495087 564.8402347821341
481.8925389998627 222.09221249289124 252.03290340167928 396.5444942352891 490.98904041949845 442.334520086868 240.66236962675828 196.9625614297628 549.4056236562348 484.305439708359 434.4501123664886 445.7455196112162 552.0787652260499 810.2224308538034 725.2756950741068 306.5331556913043 252.736652299271 563.9493350459348 617.7689458626564 325.233823751807 398.361637708673 598.0135833950935 460.4300050922368 566.8019319743303 369.1198926962411 747.5285118265292 465.2575059492227 333.61574541474783 610.2037004781953 564.8402347821341
312.24171315755507 222.09221249289124 246.25066513149636 396.5444942352891 297.80012919768865 442.334520086868 240.66236962675828 196.9625614297628 308.29755649295953 392.19898985443706 430.1300936955005 418.7907519373342 552.0787652260499 276.8936665383558 528.9848951626803 251.0087882473215 252.736652299271 383.6514602794772 266.7131458972749 325.233823751807 398.361637708673 491.77310052522876 192.63392315897272 420.1302799470268 369.1198926962411 440.9475303819768 381.20611315631527 333.61574541474783 493.08059170621937 316.2791106680895
157.14457384088837 134.28028003849136 135.44319475239774 166.50382332560753 132.64635403283387 150.7425376650349 107.4486010159232 97.22066332677866 148.49299334260945 171.7919965010351 120.70784074766175 143.951696802176 125.78936324653932 160.94332993210367 96.20367897422557 133.60917657051948 113.27414401601402 118.8814297911822 130.1069264796006 145.65244206312082 215.6801701083 150.6537833165288 174.24465242375095 108.64814286282558 131.63244440475637 95.68885221390434 198.12554854346945 189.83924103271033 64.04094570927202 119.58280060267452
61.203626498473284 77.25993159154228 70.22422224253785 90.96982003456225 34.19335394342994 53.08208408496586 71.26225020546877 59.07588510952189 72.44491017139728 64.3369924173744 78.42028204316671 73.86684772793376 76.90269149860433 68.42036602248794 56.79552323350987 98.53706945033821 62.91259977375182 67.90477158582712 58.4151491908417 69.66764283042863 94.19383904749645 67.10330096588586 55.360505123102485 57.414568783384084 77.39603603529747 56.9821500896262 72.9278739497015 71.30777619748392 44.61758637917626 72.76660752947112
26.11703367350856 30.220356821485097 25.050174962036067 45.25645412040524 29.62983165403324 28.660770214467448 21.16186811066001 27.890963805270417 15.675326970579249 16.83026683099331 39.355484172353954 26.191634414213127 27.381847298917478 26.385042205777438 17.9528743453875 32.72442772485624 29.970063362335736 22.197049826097043 26.048083704396902 22.297680382742556 20.60128043935714 27.99260727243336 33.027047971806496 36.66476438673129 33.2848047551073 28.445972895167472 15.407360687184905 38.20966123778146 21.071095357888453 43.858944476025215
8.569607647090095 11.334165297596826 11.95389790959723 12.376189467143092 11.031820037141074 11.466440713427687 13.070073373986077 12.93860876038184 11.327846982987012 11.844590808028386 14.410696541111804 9.187003335513054 13.831440324777134 11.456718310256065 9.96382846891072 9.343146960064757 12.545110308161952 13.709556782760558 10.737537607116565 11.93165425280472 13.157162274451707 10.129267715774063 14.378440799194607 13.134392544955517 13.90526482260185 9.615925921979454 13.806504143588882 16.04017734104076 11.328099086369605 13.154806126601386
7.192744004515362 9.238058400546095 9.07673896993748 9.017814914278006 6.691614510894681 8.197707679808389 8.513094702867477 9.043155734824154 7.724734305962102 8.432793099361504 9.21468019693964 7.4334107749699 8.258725006701582 7.039303581317199 7.723833820433413 7.001335027716038 9.017210607182108 9.225011926179775 7.553858475426296 8.960774084051366 9.080326108252223 7.538408619562233 9.182338857122431 9.408899231078692 8.027697660381989 8.954004987835276 7.513190386582835 9.565860664255752 9.055525536320147 7.753841724479059
5.960037811806217 7.410476802810763 8.916374217056273 8.916293287741325 1.5953766325346805 6.993872005427818 7.059430895148296 8.916335979656424 6.236671378992298 7.403480479020857 8.916494272926627 6.267603476045963 7.176596716365509 5.761712930155795 5.912868475871562 5.602493487495622 8.916269590207037 8.916562125538974 6.184028148075299 8.9161703733281 8.916341072855516 6.05799906133268 7.282473439961279 7.41305871111723 6.510135238696762 8.916187077367113 5.835509085846638 8.917877862725732 8.916370810880949 6.247738198829836
4.560317459834323 6.030402938956286 8.916101930986201 8.916101931185892 0.46871267594485744 5.360320169829208 5.49278464601133 8.916101930852506 4.617878895602928 5.835708550210654 8.916101930603133 4.642052153423208 5.478786935967719 4.531836929062308 4.575848824382433 4.429841074763999 8.916101929455465 8.916101932835375 4.647658434742084 8.916101930829939 8.916101930095067 4.5958054922796805 6.01378307598236 6.491555913256434 4.74985550937771 8.916101929804427 4.662303625549669 8.916101965334349 8.916101932129152 4.653388009822663
4.021965530515558 4.275679895050473 8.916101927781312 8.916101927781312 0.2918728597124982 4.099486363399592 4.103857607134046 8.916101927781312 4.031831967446919 4.1842977995730735 8.916101927781312 4.0296058984041 4.1101772810759485 4.02524931519082 4.032380910708639 4.016219462825518 8.916101927781312 8.916101927781312 4.037412213996674 8.916101927781312 8.916101927781312 4.019415131129904 4.320243773270363 4.63859127697458 4.063657441942439 8.916101927781312 4.022728505213934 8.916101927781312 8.916101927781312 4.038973862642138
3.986591970560653 3.9869337613728817 8.916101927781312 8.916101927781312 0.004479974938249143 3.986635965326684 3.98669143357381 8.916101927781312 3.9866169589329274 3.986778937062752 8.916101927781312 3.986591566067659 3.986930780443629 3.9866144106819092 3.9866181058841335 3.986600419701631 8.916101927781312 8.916101927781312 3.9866524835194923 8.916101927781312 8.916101927781312 3.9866196279948554 3.987064515792042 3.987446107245148 3.9866441731034 8.916101927781312 3.9866505777831094 8.916101927781312 8.916101927781312 3.9866426955640577
3.986579112347158 3.986579112347158 8.916101927781312 8.916101927781312 1e-08 3.986579112347158 3.986579112347158 8.916101927781312 3.986579112347158 3.986579112347158 8.916101927781312 3.986579112347158 3.986579112347158 3.986579112347158 3.986579112347158 3.986579112347158 8.916101927781312 8.916101927781312 3.986579112347158 8.916101927781312 8.916101927781312 3.986579112347158 3.986579112347158 3.986579112347158 3.986579112347158 8.916101927781312 3.986579112347158 8.916101927781312 8.916101927781312 3.986579112347158
199999.0 199999.0 199999.0 199999.0 174471.0 199999.0 199999.0 199999.0 199999.0 199999.0 199999.0 199999.0 199999.0 199999.0 199999.0 199999.0 199999.0 199999.0 199999.0 199999.0 199999.0 199999.0 199999.0 199999.0 199999.0 199999.0 199999.0 199999.0 199999.0 199999.0
