217.33075023725814 103.79471118289848 494.6248963142316 163.97308829293388 371.2184220748036 164.65599767755202 93.40697460786896 494.70685851021244 332.8673905976998 117.66898501301011 168.21167598181455 96.76854548522078 172.58311834276856 87.06054721703322 296.28756783963036 106.57425915110889 168.11030410218063 67.82607309653122 290.86005832839146 111.72930224564425 351.2114045614712 290.4462986916401 202.26637867482077 228.83046984556677 119.22838690665913 97.77392658310691 230.74862662962414 327.99074357700056 291.1281886789875 270.72095102000276
217.33075023725814 103.79471118289848 150.84607997104877 163.97308829293388 371.2184220748036 164.65599767755202 93.40697460786896 166.31431595860568 159.19178565696802 117.66898501301011 168.21167598181455 52.55696570440341 105.86358664782756 74.81725648485735 229.286530058464 106.57425915110889 168.11030410218063 67.82607309653122 118.67421745671027 111.72930224564425 206.62459471639204 91.1033820829457 187.61832627607646 64.2482016486556 119.22838690665913 88.08869803855032 230.74862662962414 126.94031314716995 201.60303157949238 270.72095102000276
216.80157650677074 82.10873471854984 150.84607997104877 61.379273898861356 77.08363093741536 164.65599767755202 93.40697460786896 165.92373547922443 108.80412478007565 83.56082423604494 168.21167598181455 52.55696570440341 58.65618253377579 74.81725648485735 129.30993209305643 106.57425915110889 168.11030410218063 67.82607309653122 118.67421745671027 59.97604420417247 142.81497593692256 82.05327251106746 67.74051443502503 64.2482016486556 119.22838690665913 88.08869803855032 176.6762955897584 126.94031314716995 86.73739650496327 89.61206040996058
214.7668773168416 77.98141715787597 134.2697695783113 61.379273898861356 77.08363093741536 44.139823538965175 93.40697460786896 63.853130938683535 108.80412478007565 83.56082423604494 168.21167598181455 40.4746184373339 58.65618253377579 74.81725648485735 129.30993209305643 106.57425915110889 127.99305683280136 67.82607309653122 118.67421745671027 59.97604420417247 142.81497593692256 49.80318127027249 67.74051443502503 53.87008514413719 119.22838690665913 88.08869803855032 160.30961429165382 126.94031314716995 86.73739650496327 84.40876727093428
61.398323469079514 77.98141715787597 134.2697695783113 61.379273898861356 77.08363093741536 44.139823538965175 93.40697460786896 63.853130938683535 108.80412478007565 83.56082423604494 91.49250581635488 40.4746184373339 58.65618253377579 74.81725648485735 68.95021395272215 97.65080297665554 127.99305683280136 67.82607309653122 118.67421745671027 59.97604420417247 124.36024752406865 49.80318127027249 67.74051443502503 53.87008514413719 70.66909624518121 73.8603665820624 90.00902024744437 108.30806329948518 86.73739650496327 84.40876727093428
61.398323469079514 77.98141715787597 57.79550120438398 61.379273898861356 73.21362090112734 42.571154899949306 90.28104613595724 63.853130938683535 105.88911326691004 74.93879537090288 91.49250581635488 40.4746184373339 58.65618253377579 54.82483090591268 66.2404072133454 97.65080297665554 127.99305683280136 67.82607309653122 114.86610496335243 59.97604420417247 124.36024752406865 49.80318127027249 67.74051443502503 53.87008514413719 70.66909624518121 73.8603665820624 90.00902024744437 96.86077860695104 52.700735302745215 84.40876727093428
55.774871172961866 40.69863819175043 47.93723377073229 35.01883758527674 71.64323672987575 40.83281190901971 57.052282043780906 52.802192789702985 60.62011467600905 53.808573505715685 64.29647960159127 40.4746184373339 39.494564892042035 54.82483090591268 62.02195230765983 68.50494495876546 48.08049639496949 42.6102886629792 38.544772986821044 59.97604420417247 53.07344203551429 30.926765596432688 53.867831854272026 30.977526341568137 46.091864593869104 43.260017941501246 47.77357862947201 69.26116510413067 50.86417657240554 69.86995478854578
39.208757827248064 38.92895842036842 38.45359147923227 34.19302989151265 35.20416648213768 34.920891281487 43.77959642455289 41.91333307129344 35.29691115577407 38.098389428327664 37.63420684246694 40.4746184373339 36.865794185782306 46.91566787218517 38.20104814422939 41.637014946807994 38.66150233076087 30.970704616705007 34.828696350527025 30.607819759562517 36.37033911849994 28.44230683510432 35.0500174779354 30.977526341568137 34.898634260228846 40.71542648246805 31.67818632107037 38.96779836388259 39.70737482140021 37.11306978148559
34.895135525807746 31.83342860971561 35.39115100159415 34.19302989151265 34.27773393413372 28.483150323468635 37.318436095935795 33.49893607365948 34.61719895765145 33.48283247304016 33.088288836835545 29.78588636517543 34.22872067265962 30.18277279740323 27.899675083905095 30.19361216846164 30.640017178487142 29.945222182138878 27.720957563272805 29.56226875598395 29.10629189478732 28.44230683510432 29.939028459502424 30.977526341568137 33.29721814881441 35.63364696529334 30.35587820233377 34.706556844441366 33.49583432682675 26.61029737386025
19.323180434934784 27.11119137599144 29.210685816261957 29.929651599416502 26.661225807974915 27.580490410127823 26.890540324670837 28.728360543018425 29.1642829881539 27.989883874414318 30.734352577097525 29.78588636517543 18.17244331660868 28.267273439019846 27.144450460652934 30.089193417774823 26.75303389473447 29.470067130679126 25.916983049468854 26.086353253055677 29.10629189478732 28.171247147219674 29.939028459502424 28.062413900559477 30.6908815646766 28.184307429604814 27.825358887202583 29.60466310724769 26.982510995851044 26.61029737386025
19.323180434934784 22.494530509053675 27.372684298549757 27.55964952840168 25.787597552885927 20.750044447416713 26.539646574464314 24.524346780585347 21.286675155089597 20.04374000561711 27.843782795610423 27.500615648989424 12.011416827429457 26.186332394494457 26.63887303120009 25.251893347016903 23.17929711101533 25.43376907343054 22.3728569130908 24.815871433335815 25.804744178722558 27.280030029955924 22.503754969722195 25.98922156343724 25.37564740210837 25.988820968847904 23.34943895498691 26.436637308938316 26.505873820504803 25.877805126740896
18.983152015749056 20.278599030803434 15.698391167067257 24.81453817630154 18.650113082607277 20.485562976836718 24.648577613721955 21.37757328902171 13.569417798998984 18.41641440124795 21.999628894061516 21.127912407939675 11.780715680964931 19.513431619792755 25.316926279703694 18.91406253099558 19.51075166132796 24.74411472105021 20.644437167006345 24.108078957151065 15.584286857731513 18.413042089352075 17.976574435122984 15.998571970733337 25.122198130402467 21.462828151410122 23.125453839987586 24.000820135042886 25.264765456352507 24.71500108278815
14.375778143922616 11.410102636716601 12.701601889507856 14.574626207519486 13.62738028147487 11.121129298542655 21.242292379187802 14.553582414326229 8.34756208363342 12.648001557724456 21.21002518574869 19.076371124306206 9.801768093608189 15.26016204132793 17.258974911804216 17.38290860153029 15.32077816774472 20.146589778476027 16.228928692592035 17.12759780339502 12.490751161163189 15.176511810927423 15.942855951927868 12.56121975349788 23.760684817752008 14.506319843142592 15.629226041939546 17.053781548689585 16.762237893738984 24.090473300928807
9.13828791228525 9.578079105122924 9.723134293619296 9.48993775657209 10.873046602922841 8.334664541107031 13.070442739122882 8.365717473383029 6.193933720981931 10.250111823925636 8.291247649457091 11.17548490297122 8.747951505323726 9.169195200288868 7.7137636252491575 11.960839656841472 6.676035115796367 11.343969687047775 9.281174246346382 10.01423855568919 9.812125144130277 9.190681298967775 10.548729039761838 10.782701805367651 19.757786471821873 10.465833535416095 12.985364472259334 9.848513854734847 11.509010482449867 22.402756582321672
5.06507169114866 4.5411593161788915 3.0474118874403757 4.797898452646223 3.6945876657155168 3.2664930128676133 2.8836471119125235 2.4569609345121535 1.9896874799001125 2.645881098298105 2.3989636596552373 3.5934956439168673 3.56473215827873 3.4116843683523257 4.560874401988258 8.915341663538129 2.718324205931822 5.460572427473835 3.2652479082480568 4.412151910878038 5.0057240337300755 4.078767616654204 4.595632333772755 4.007995369777291 8.812135664618836 3.7349866578797446 5.537482286827526 5.122587779268542 6.514270401367867 5.304524135298834
0.003605163040901971 0.6445984517990837 9.289042372984113e-05 0.6367333132739077 5.041842905484373e-05 0.6292316298358855 0.04611353508062166 0.00322782360990459 0.0070461351492667745 0.03528274167865675 0.05974220839698319 0.002684466263417562 0.1374877309499425 0.008567415656671074 0.005191351018311252 0.04152572837710977 0.043431784269159834 0.00916431176574406 0.1756405427909158 0.0182333871443916 0.158987379069913 0.02923679126342904 0.13068341371626957 0.0263855829584827 0.09971335899490441 0.02431303328148715 0.06530718039994099 0.001457550411032571 0.03272937939937037 0.039630958838188235
199999.0 199999.0 199999.0 199999.0 199999.0 199999.0 199999.0 199999.0 199999.0 199999.0 199999.0 199999.0 199999.0 199999.0 199999.0 199999.0 199999.0 199999.0 199999.0 199999.0 199999.0 199999.0 199999.0 199999.0 199999.0 199999.0 199999.0 199999.0 199999.0 199999.0
