365.7682212523241 353.3121367445756 399.0933439772548 374.066257805408 251.59852567824828 495.09658629253454 387.8494866764577 357.54757555446076 427.84164280718187 273.9512060216948 469.3249483059599 249.0874427739518 241.7078752644784 380.7618699120894 386.8637353688723 291.7815388763943 389.3031593751616 350.8020655075529 476.5309594326591 444.3575818631275 297.48976932574215 380.0316536873629 327.01044324528857 333.1822223631516 318.5783920907452 270.2125543473403 530.755752753184 440.1132089407638 413.24843340261623 340.0654949622949
339.4990122504787 353.3121367445756 399.0933439772548 365.6475212127507 251.59852567824828 440.6285526721613 329.769194644618 238.76295857962032 329.16257289309124 273.9512060216948 328.7950648822948 249.0874427739518 241.7078752644784 380.7618699120894 386.8637353688723 291.7815388763943 389.3031593751616 232.79046367783212 331.5735269976735 444.3575818631275 297.48976932574215 380.0316536873629 304.9351343796975 333.1822223631516 318.5783920907452 270.2125543473403 401.02461763074734 185.9663232364028 413.24843340261623 340.0654949622949
339.4990122504787 325.81715107805076 353.98907788542556 365.6475212127507 251.59852567824828 440.6285526721613 329.769194644618 215.42064240361742 205.37282132573364 273.9512060216948 313.6286869616497 249.0874427739518 188.45887289893244 380.7618699120894 359.97840971851656 287.77662381698383 389.3031593751616 232.79046367783212 290.12538109917296 318.3773383416233 297.48976932574215 355.3725294803544 304.9351343796975 333.1822223631516 318.5783920907452 263.82074167717974 345.2724222277084 185.9663232364028 363.2662845981913 340.0654949622949
339.4990122504787 325.81715107805076 353.98907788542556 332.35491811959946 251.59852567824828 431.7883285337184 329.769194644618 215.42064240361742 205.37282132573364 273.9512060216948 289.8374434406269 249.0874427739518 188.45887289893244 272.421472288881 359.97840971851656 287.77662381698383 389.3031593751616 228.44478853400142 290.12538109917296 318.3773383416233 291.7209617411945 355.3725294803544 304.9351343796975 333.1822223631516 318.5783920907452 263.82074167717974 335.88085358876515 185.9663232364028 363.2662845981913 317.7549756031217
272.4165764624331 202.95454724831188 321.6227868517349 246.7818236458461 251.59852567824828 357.07437105746294 329.769194644618 215.42064240361742 205.37282132573364 273.9512060216948 289.8374434406269 249.0874427739518 188.45887289893244 272.421472288881 359.97840971851656 287.77662381698383 389.3031593751616 228.44478853400142 259.7506240248408 287.24113241945133 248.79321758755032 355.3725294803544 301.0542108793875 317.7781386290294 241.38176653957635 252.07206778110367 333.35835556282746 180.541414446428 306.84291486210896 317.7549756031217
272.4165764624331 202.95454724831188 321.6227868517349 246.7818236458461 167.65521116921036 357.07437105746294 329.769194644618 215.42064240361742 205.37282132573364 273.9512060216948 285.24792529553406 249.0874427739518 188.45887289893244 272.421472288881 359.97840971851656 287.77662381698383 307.4933316829538 228.44478853400142 259.7506240248408 287.24113241945133 193.55483184736386 340.8564011601684 301.0542108793875 258.34168075550133 241.38176653957635 252.07206778110367 333.35835556282746 180.541414446428 279.8947670588059 317.7549756031217
272.4165764624331 202.95454724831188 320.8117912117714 246.7818236458461 167.65521116921036 357.07437105746294 329.769194644618 215.42064240361742 205.37282132573364 273.9512060216948 237.33035520167732 249.0874427739518 188.45887289893244 272.421472288881 359.97840971851656 287.77662381698383 307.4933316829538 228.44478853400142 259.7506240248408 287.24113241945133 193.55483184736386 271.79432306328044 301.0542108793875 258.34168075550133 241.38176653957635 252.07206778110367 333.35835556282746 180.541414446428 256.1508035142115 317.7549756031217
196.6447259676661 129.73662255278214 214.32578507195603 216.26351865169272 167.65521116921036 299.8475115200513 145.26865213865585 215.42064240361742 174.37898802727796 232.39962942069496 157.03293110852155 188.79125623193295 172.48536361819015 228.36805132112022 287.3345550264712 222.22195420961543 224.38436918070147 211.95124371004977 205.83622573232333 188.56423398508105 193.55483184736386 265.5106074777882 157.42950005123066 125.90519560335133 197.9620902444408 243.83991507606788 201.30871008953545 162.83742630458073 210.31656171728537 206.13041468592746
149.26952735761597 127.56272142035732 150.58153889946288 158.99055667956236 167.65521116921036 121.07596900251974 114.89072407700905 186.65760398966313 170.73397692779326 135.05019949431244 157.03293110852155 139.07026134744774 138.16138357092268 179.0486633180326 136.59219934405155 165.33208283472686 168.08219064840023 162.01605016134772 148.41248295051037 139.7317004676961 160.03212258371286 154.47522394466205 156.28013783476945 125.90519560335133 179.5456452756457 184.64125187503168 153.14932031704848 151.60805699044113 123.76493259973813 173.78456341587798
124.62787749945937 120.97202521460986 134.15944278867846 106.76297494909068 108.55175962699013 121.07596900251974 89.9151945220051 133.29706669088728 125.02012817391369 128.01052254942806 115.15392420336866 120.15387949761453 109.8326850775943 152.2744626736012 123.39573076590978 116.7703971704841 141.58628666392178 115.21570370064728 129.15607260803972 122.62043244024972 128.05904482670485 113.46436438732599 126.00336783257171 125.65007033342317 141.11164490761166 123.53623038345722 136.92601111829026 113.11043760983148 119.63511451284558 134.00946158006263
103.89631322243531 84.2840246143628 100.20264309922959 84.15628345798177 93.2382390980124 88.21720826439059 67.36210542622393 80.904789208686 67.02787939367636 88.38874293883418 92.5030214345611 94.17633318045046 70.89995877720412 97.88917676779647 90.4167634330006 85.26762917214683 101.38487659443672 85.54612591575233 83.19928890982055 87.32666836212411 87.74571028321816 75.18768405106584 89.20235011207114 105.97988129472515 97.30649321329702 76.899422309084 94.7172537565807 88.74534042540427 105.94711483749734 84.13653799280428
69.229690311789 66.6062650191243 63.290759064166195 67.43465471819536 75.42049249128877 65.60456260265482 54.809191782750986 72.3119978894315 61.906502256448675 74.43965824514135 77.59332930962364 60.992776607929045 61.83183876672274 67.44905654992363 71.02594279898585 76.86445662991264 65.29927590844 63.810497821332774 48.90276727616356 71.44986785483707 64.0274907051271 69.07651009391657 59.22431391941382 64.52286372620574 59.827755486595834 73.80415290183237 59.82995876172163 65.14755961838091 61.674928484258544 59.77369344733506
51.35550322534209 53.16753249199019 47.38518312010592 46.103748483722256 52.52846061735545 40.40403364342842 42.299970249740454 50.77001069632479 46.002564623588114 47.76703855958726 52.50758630130758 48.217425923888186 42.63938768767889 53.4130598836764 57.34889026255405 40.80102145716205 49.899995242351906 41.93400862928411 45.388631853388915 54.71431451814897 45.69146973244074 44.86359467528246 43.487031100934246 51.987040823837106 51.41985809136122 48.94482318725022 42.45590527602985 47.795354622857076 48.1835127299064 49.1201110844313
35.736485935469545 35.48318457122491 36.33295438582945 35.737754828288644 38.53278189605999 36.153092910713895 34.865417205314316 36.580235195477144 34.550356973333464 30.81669497950179 39.488853091293095 38.637565386596634 35.06485063879427 36.67381667700374 38.37888034330854 31.671168003932962 37.92456403451433 33.060759294106674 36.75922892065523 38.61521150680892 36.27500817992859 36.328874500425854 34.287682915942014 39.90203512215908 38.271529245835836 36.67688194468906 33.60852105049457 34.531197799806705 36.10687560884094 31.7960991234238
26.734103483825038 28.40146389220422 27.432733538834782 27.125915142110898 29.026082601709504 24.059703521674464 25.445229392056262 26.409534301329586 25.560012638659373 26.031937556043886 26.952461288683935 27.355564081725333 25.83322476890521 26.518783861022257 23.67541863181441 25.181977597005925 25.662577005350613 25.359788445074628 25.344353237523137 25.106567698492654 26.94155900409055 26.465389248973906 25.668453244161583 24.385064497452504 28.04976106375807 27.407401324531747 25.87955421734432 27.145527329892275 28.6917775149891 25.324817510982484
20.305430360176842 20.31181866128145 19.999998661486416 20.31213688286107 4.292009484357095 2.302091370207563 2.302104925208141 3.2970504278637236 1.3576628816736047e-05 3.979836228718341 21.61906488726936 0.3121732999352389 19.996108092696886 21.619305484742654 2.984877171282278 1.3071323133954138 1.989918114914417 19.999371394091668 2.614264626177146 5.286963503630886 1.9899181142018278 5.4714800449621634 3.793740224905605 2.3020913701748213 19.961474531635304 21.012965742913366 2.439459134738854 19.835584942310106 4.292009484535811 20.312168794240733
999998.0 999998.0 999998.0 999998.0 999998.0 999998.0 999998.0 999998.0 999998.0 999998.0 999998.0 999998.0 999998.0 999998.0 999998.0 999998.0 999998.0 999998.0 999998.0 999998.0 999998.0 999998.0 999998.0 999998.0 999998.0 999998.0 999998.0 999998.0 999998.0 999998.0
