7887.950317333403 7614.165760924472 6484.422598898382 10466.336016614194 9333.935548111403 9759.763365553345 9900.222199635513 6454.9944703479705 9159.659086014215 9501.559088755017 7329.788014308053 10527.4211830117 8635.798988173305 11574.251487571903 9538.228870251873 7990.5101924432165 8196.578874141956 10739.269713639422 9392.329317912114 8715.832054497332 7870.431426595318 8107.6671078187865 7183.03477127324 8369.910133611658 8610.076844087667 11366.090955230151 6915.269028448645 11112.90097200674 9276.810950251158 7573.146178976076
7887.950317333403 7614.165760924472 5979.702620354907 9540.582291890305 7027.937640268401 6384.695440375939 8671.766599367898 6454.9944703479705 7331.024875645198 8076.120117666287 6196.3223599577595 7999.6572909335955 8635.798988173305 10587.389510861018 9538.228870251873 7990.5101924432165 7188.9393633780455 4821.098065230547 9392.329317912114 8715.832054497332 7517.875191716792 7567.07407586951 7183.03477127324 8369.910133611658 8610.076844087667 8484.37559279015 6660.175709445484 9717.728559720768 9276.810950251158 7573.146178976076
7809.210522289857 7614.165760924472 5949.266792824488 8275.332977106955 6447.542979709524 6384.695440375939 8501.777135505969 6454.9944703479705 7164.245479647088 8076.120117666287 6196.3223599577595 6723.244976047823 7502.074186905995 9074.999455439194 7863.904817358425 7760.889800551902 6025.589640823193 4821.098065230547 8162.522216230715 8715.832054497332 7517.875191716792 6882.170450572907 7183.03477127324 6226.702892114343 7978.325974211019 7834.903918205853 6660.175709445484 6137.658227843971 5852.515100786917 7308.930177064129
7345.057084095366 7562.3496787395525 5949.266792824488 5478.44585638818 6447.542979709524 5208.03601620419 6177.496294064098 6454.9944703479705 7029.052542456648 5607.371054919389 6196.3223599577595 4943.5285306444275 7502.074186905995 8307.964348562762 7358.948312875107 6049.024057017217 6025.589640823193 4821.098065230547 5414.137408623752 7999.229056448778 6513.03930686658 6858.738032008328 7183.03477127324 6200.189911129135 7978.325974211019 7704.642522395825 6660.175709445484 6137.658227843971 5852.515100786917 4648.003168699427
6127.149010414698 6128.2885664585665 5266.373388880155 5478.44585638818 4556.324646959301 5208.03601620419 5754.191946265382 4787.555682098372 7029.052542456648 5520.2376328686805 5352.790966493264 4943.5285306444275 3903.2382345105752 3845.505586285157 4949.930220501205 5606.082674119898 6025.589640823193 4821.098065230547 5414.137408623752 5723.2382445542535 6513.03930686658 6858.738032008328 6166.234076930039 5244.114651306301 6720.843403302832 6804.130778966359 6075.119837888189 6137.658227843971 5852.515100786917 3635.703252020452
6127.149010414698 6128.2885664585665 5266.373388880155 5478.44585638818 4556.324646959301 4532.256391554981 5631.840792640156 4787.555682098372 6610.689526220987 5129.145412253321 5352.790966493264 4943.5285306444275 3903.2382345105752 3845.505586285157 4949.930220501205 5606.082674119898 4254.4564046057085 4821.098065230547 5135.6462818756645 5484.6178533789625 6136.921681953063 5787.050300410112 6166.234076930039 5244.114651306301 6025.455820098719 5999.582621002686 6075.119837888189 4200.550804887351 5852.515100786917 3635.703252020452
5149.1763604292855 5970.083983904533 4029.7162248388395 5478.44585638818 4556.324646959301 4204.2432179370335 4705.66094905307 4787.555682098372 5046.430873701638 5012.067973969848 5352.790966493264 4943.5285306444275 3903.2382345105752 3845.505586285157 4949.930220501205 5507.06648242414 3477.9795593896797 4821.098065230547 5121.049096949698 5484.6178533789625 5484.594291392877 4206.937428524818 5827.324459156098 5185.75317109991 5817.016167408921 5281.51550614922 6075.119837888189 4200.550804887351 3609.9516409022563 3635.703252020452
2635.998575600155 2305.892780911139 2847.684376037855 3094.0025390905867 3165.2692777065477 2981.5738003987644 3076.0748349934493 3087.756957957372 3305.7484178617306 2228.8943891851777 2943.8831975651256 2835.8237712060036 3206.709096100005 2960.960122292947 2920.7183012767273 2676.1846469148513 2407.0806355320274 3324.639407527875 2692.149195382961 2852.540838690271 3508.962633586445 2536.017797187039 2767.5643125594843 3140.735351061613 2771.77745190917 2668.542517449734 2970.990044787228 3202.8401076183354 2696.902797939566 3214.290909446342
1574.0782121363773 1492.9604474414655 1671.8282148694561 1562.1924541476892 1531.6363048900112 1576.3445638119683 1554.9621167435726 1725.166366280513 1753.823927579836 1490.4839332780384 1659.285648497059 1626.514050943133 1721.2210512507609 1506.1316353079383 1453.5055892103355 1597.5689553830152 1490.2293304149725 1510.5441255744881 1300.4748552769297 1487.312135516077 1712.726734236854 1681.9374614075123 1713.9136238352503 1409.0798705913885 1644.9767144393763 1605.889916145743 1614.8096152924381 1600.015960869645 1498.9347328366912 1631.0054217928073
721.898184829447 728.0483896235733 674.5989868007459 677.884087255994 732.1599629193647 689.5747110464881 709.149159217634 783.8332005776797 712.3134120050768 712.7118653531061 727.4884913126771 735.8290573927466 725.5340408961702 699.391290851052 654.0509612762589 733.4316257034611 893.1287009323673 736.0123634603206 645.034787133613 741.8328188541091 810.4502963581917 710.6873160592604 723.4425395182257 758.0543662951859 659.9260108840299 768.4432699512304 777.1319417210561 707.1954095920728 762.5622781209731 731.5977622528344
348.9008096762509 344.9232438575805 344.83964110563556 337.782152636255 348.3754341757244 348.4247414700585 350.86643330441484 349.5167058369284 339.7737546676981 339.3346417442058 339.4997677993297 346.4993477418384 348.6621307896198 340.660597938077 343.0219281016989 344.6859687850733 375.1787255129948 343.1200949801996 338.313359879367 340.6418200987873 347.314452140562 341.15772257500475 343.3571826769394 339.4832970489283 342.29425998120587 345.83663896996586 342.10288376797234 345.91583963190396 341.3825893545204 345.3097403401807
300.4476662524603 300.415522366397 300.3997278006059 300.37694109176346 300.426467080345 300.38749552330137 300.3940124843666 300.58143990858025 300.3528920459835 300.382100373723 300.3930692312083 300.382994370103 300.381771459472 300.40749022247064 300.3032864278466 300.40365065835203 300.7059382660045 300.3674430199035 300.39941379409356 300.34239656038017 300.4696799971907 300.4230518284194 300.3600073220291 300.3493325883387 300.34876796997514 300.43201592057767 300.3919851398691 300.35215542858896 300.2962349152667 300.40409722915274
300.0000647101351 300.00005551046706 300.0000512555225 300.00006683617994 300.0000501537538 300.000071474331 300.0000568646683 300.00009113074066 300.00006220039404 300.00005242283623 300.00004933454693 300.0000572379681 300.00006435752994 300.0000505648313 300.00005221164383 300.0000590510517 300.0001031934157 300.00004895193706 300.0000550586037 300.0000526741942 300.0000755094743 300.00004712732834 300.0000565072173 300.00005520515606 300.00005960601266 300.00006592755017 300.00005147977527 300.00004774249055 300.0000547561608 300.0000704376498
300.0000000000018 300.00000000000136 300.0000000000018 300.00000000000136 300.00000000000136 300.00000000000136 300.00000000000136 300.0000000000018 300.00000000000136 300.00000000000136 300.00000000000136 300.00000000000136 300.00000000000136 300.00000000000136 300.00000000000136 300.00000000000136 300.00000000000136 300.00000000000136 300.00000000000136 300.00000000000136 300.00000000000136 300.00000000000136 300.00000000000136 300.00000000000136 300.00000000000136 300.00000000000136 300.00000000000136 300.00000000000136 300.00000000000136 300.0000000000018
300.00000000000045 300.00000000000045 300.00000000000045 300.00000000000045 300.00000000000045 300.00000000000045 300.00000000000045 300.00000000000045 300.00000000000045 300.00000000000045 300.00000000000045 300.00000000000045 300.00000000000045 300.00000000000045 300.00000000000045 300.00000000000045 300.00000000000045 300.00000000000045 300.00000000000045 300.00000000000045 300.00000000000045 300.00000000000045 300.00000000000045 300.0 300.00000000000045 300.00000000000045 300.00000000000045 300.00000000000045 300.00000000000045 300.00000000000045
300.0 300.0 300.00000000000045 300.0 300.0 300.0 300.00000000000045 300.0 300.00000000000045 300.0 300.0 300.0 300.0 300.0 300.0 300.0 300.0 300.0 300.0 300.0 300.0 300.0 300.0 300.0 300.0 300.0 300.0 300.0 300.0 300.0
999998.0 999998.0 999998.0 999998.0 999998.0 999998.0 999998.0 999998.0 999998.0 999998.0 999998.0 999998.0 999998.0 999998.0 999998.0 999998.0 999998.0 999998.0 999998.0 999998.0 999998.0 999998.0 999998.0 999998.0 999998.0 999998.0 999998.0 999998.0 999998.0 999998.0
