6479.965538618791 6148.573707748378 6184.284448487111 6264.675482433315 5273.29671761535 3775.626348703914 6710.350461766035 6587.539929990626 4456.1945738281465 5330.053260016433 5285.701455946866 3690.25260732568 1851.6539988202994 4836.563848862555 5325.432508508273 4046.9021927745725 4734.533493378511 4923.339395921269 3739.6777476785637 5506.449534371997 4926.246313244391 5506.1838687651725 2551.4429635349898 5528.343492704845 5176.367668388103 6256.857932162488 4821.641482439744 4240.507334457008 6529.065943517208 6091.177302716946
3470.9788913068824 4132.752425094419 5345.160476551088 4637.368488503276 5273.29671761535 2811.8954747550847 5758.420533646351 5377.72133010082 4456.1945738281465 3743.4338384769408 4206.362737725151 3690.25260732568 1851.6539988202994 1726.4974528402927 4181.211938384657 4046.9021927745725 4327.164326981017 4923.339395921269 2589.179970502369 5393.236234432841 3337.9953848726586 3370.7077053378375 2551.4429635349898 4735.638706893707 3261.920086228433 3894.0632350869455 2171.793609975437 4240.507334457008 3094.043817132695 4979.41395479013
3356.060500832048 4132.752425094419 3294.7477132216095 3691.97425906332 4063.379373973047 2502.355722721048 1522.0377089884007 4169.926035651168 2852.2158008558417 2750.9793976930982 1640.4369858401667 3015.3589329164934 1851.6539988202994 1726.4974528402927 3819.1107719632837 4046.9021927745725 3845.3333972356068 4923.339395921269 1888.4062030116938 3611.320750889554 3337.9953848726586 3370.7077053378375 2551.4429635349898 1935.5704552442394 2210.1669062960787 3894.0632350869455 2068.0259639697 4107.198955236946 2540.35827782033 4622.0727047408955
3356.060500832048 2910.4086485880252 2892.1086990165236 3650.502945828413 2262.7878148800073 2502.355722721048 1522.0377089884007 2848.3304674703422 2728.9257741883866 2610.178036221753 1640.4369858401667 2024.9099240070454 1851.6539988202994 1177.5878694822825 2712.8385525271265 2905.51515436842 3008.1977994167983 2122.6965669465067 969.2335809815611 2158.3483853130133 2705.2966319064135 2663.8609255391843 2551.4429635349898 1390.1029171844652 1135.784223054985 2831.234346950938 2068.0259639697 2889.732131190736 1982.9752841723703 2563.1816877054507
3339.6493126732566 2070.924293251253 1468.8785421931398 2287.9631682289787 2262.7878148800073 2495.765728338525 1522.0377089884007 2277.7814836121715 1781.4212716822844 1331.0858726442193 1186.6408594075997 2024.9099240070454 1851.6539988202994 1177.5878694822825 2712.8385525271265 2224.815444150827 2387.754865811 2122.6965669465067 969.2335809815611 2158.3483853130133 2061.9532373218444 2159.3667512419643 1771.893903402106 1390.1029171844652 1135.784223054985 2831.234346950938 1925.9332851201607 1653.892268416852 1644.8001536595832 2291.0084959629717
2402.8274535164232 1529.178152594411 1468.8785421931398 2033.4920705099785 2262.7878148800073 1615.1198975596428 1233.3279978499522 2277.7814836121715 961.3978355223669 1331.0858726442193 1186.6408594075997 2024.9099240070454 1100.1137944074292 1177.5878694822825 1812.3877269693053 1539.4820927712644 1794.1474225258225 1698.596944478852 969.2335809815611 2158.3483853130133 2061.9532373218444 2018.471231614491 1771.893903402106 1390.1029171844652 1086.2505845271507 1698.3329924627842 1212.5416217940356 1471.8814085201084 1422.109271323519 1689.6642252179918
2199.7502534487016 1529.178152594411 1230.5111059712228 1638.2603142787545 1855.8858874106882 1615.1198975596428 1233.3279978499522 2277.7814836121715 961.3978355223669 1152.895703261747 1186.6408594075997 1505.6378916008289 1100.1137944074292 1177.5878694822825 1812.3877269693053 1522.7590986055775 1561.7244383002926 1197.8718988848202 841.8629710541909 1554.1378987231344 1476.9845212849216 1723.0371949399778 1425.7920472191927 1390.1029171844652 992.3282687178289 1698.3329924627842 1212.5416217940356 1213.1810753891712 1422.109271323519 1677.808089807584
406.7083489393358 549.4246930663325 374.50662690941954 456.5476252941911 634.9219959269731 433.52660605264066 494.8160650560483 574.7725575981391 431.7881754234528 502.7630493334989 576.3604717771898 455.8011786088748 571.7029908891393 415.08481784666446 384.2792319190162 443.61167645841044 391.30355998773393 345.48367045359134 395.76715482526504 653.830363267675 424.23287699258856 333.8769431901593 448.62738510815973 378.76673704189363 467.24145497808945 329.3053995446378 418.8540100616399 506.6822157239583 490.4300065800845 368.3450581529057
148.99505818546197 180.5020702130072 171.32365641662136 143.7457873585082 199.30432358977987 129.25975604912924 142.2683302788256 171.8209569166554 182.4066659151407 148.52928981107812 149.52688598431644 170.69605412998953 142.85082096193128 150.58512803687017 120.55586474671861 157.21758275377283 178.89397447952183 107.17456496728647 156.94192734948047 175.51969081862876 124.16938516934249 180.61586077380366 155.30027290142357 143.73786062247154 176.54099977237297 159.0028892194067 176.51186193152353 144.372374420989 146.34246229708594 141.2312649080061
61.581443388066134 66.96230317259142 64.18514043359426 66.85555829594375 67.98071054808577 64.49192645948392 64.63798162311673 66.62648763442809 62.047880514816484 64.28866765287995 60.195335942806935 69.85996544425569 58.18566242880024 67.46190943747717 66.10892976155861 58.8786561233855 63.45273942182661 63.61875831796357 61.166868958770465 64.01985797053351 62.43912675870155 63.74052264848683 63.353317219581925 62.895378074504265 68.88944239166915 61.3017336912248 66.08781968924092 60.80531303463539 57.256248159205825 63.623491229359956
49.25427346789547 49.49584014511714 49.281281223582596 49.32701396706716 49.35695925423801 49.35164863856073 49.302133250536485 49.32908958661761 49.37362060884851 49.333474348377365 49.26176753585651 49.3880835684414 49.33442303098565 49.38091619956583 49.30388770859122 49.44687347202307 49.300747866379936 49.365892173207726 49.41365639447264 49.42347177377269 49.25747926312829 49.33416383970831 49.24089057081767 49.37535460422464 49.3331535579606 49.32807432504518 49.35311073530522 49.270326817732325 49.3630938120524 49.28840031747876
49.084603036144244 49.084649999444366 49.084587826677364 49.08460330991704 49.08463139021376 49.084640130701246 49.08456677165577 49.08460820740288 49.08467866531265 49.08455956170695 49.08459890227857 49.08469967831485 49.084658127333626 49.08463413742987 49.08458524635273 49.08465788991583 49.08460920565852 49.08457981567392 49.084619554936125 49.08463183231305 49.08459937669619 49.084569972172915 49.08456113180654 49.084598854426815 49.08459472623218 49.084617527110595 49.08464512564859 49.08458097361546 49.08466419610454 49.08461982763197
49.08447897957126 49.08447897965641 49.08447897958172 49.084478979595076 49.08447897961469 49.08447897957234 49.08447897955796 49.08447897956961 49.08447897960974 49.08447897960474 49.084478979569894 49.08447897960508 49.084478979590756 49.08447897956728 49.08447897957694 49.08447897959178 49.084478979592916 49.08447897962094 49.08447897955165 49.08447897958928 49.084478979572225 49.08447897954551 49.084478979516916 49.084478979604455 49.08447897955966 49.0844789796156 49.08447897958433 49.084478979528626 49.08447897962742 49.08447897952993
49.08447897948122 49.08447897948122 49.08447897948122 49.08447897948122 49.08447897948122 49.08447897948122 49.08447897948122 49.08447897948122 49.08447897948122 49.08447897948122 49.08447897948122 49.08447897948122 49.08447897948122 49.08447897948122 49.08447897948122 49.08447897948122 49.08447897948122 49.08447897948122 49.08447897948122 49.08447897948122 49.08447897948122 49.08447897948122 49.08447897948122 49.08447897948122 49.08447897948122 49.08447897948122 49.08447897948122 49.08447897948122 49.08447897948122 49.08447897948122
49.08447897948122 49.08447897948122 49.08447897948122 49.08447897948122 49.08447897948122 49.08447897948122 49.08447897948122 49.08447897948122 49.08447897948122 49.08447897948122 49.08447897948122 49.08447897948122 49.08447897948122 49.08447897948122 49.08447897948122 49.08447897948122 49.08447897948122 49.08447897948122 49.08447897948122 49.08447897948122 49.08447897948122 49.08447897948122 49.08447897948122 49.08447897948122 49.08447897948122 49.08447897948122 49.08447897948122 49.08447897948122 49.08447897948122 49.08447897948122
49.08447897948122 49.08447897948122 49.08447897948122 49.08447897948122 49.08447897948122 49.08447897948122 49.08447897948122 49.08447897948122 49.08447897948122 49.08447897948122 49.08447897948122 49.08447897948122 49.08447897948122 49.08447897948122 49.08447897948122 49.08447897948122 49.08447897948122 49.08447897948122 49.08447897948122 49.08447897948122 49.08447897948122 49.08447897948122 49.08447897948122 49.08447897948122 49.08447897948122 49.08447897948122 49.08447897948122 49.08447897948122 49.08447897948122 49.08447897948122
999998.0 999998.0 999998.0 999998.0 999998.0 999998.0 999998.0 999998.0 999998.0 999998.0 999998.0 999998.0 999998.0 999998.0 999998.0 999998.0 999998.0 999998.0 999998.0 999998.0 999998.0 999998.0 999998.0 999998.0 999998.0 999998.0 999998.0 999998.0 999998.0 999998.0
