94.60378289651067 63.89002178473652 81.52653328208271 68.29233453292932 47.71602903087751 88.25415323813809 103.80131794507554 68.7310875960984 94.79996013249956 78.73518912421343 85.96026588512541 78.70814990057681 96.25707237857625 96.43525244773787 97.2742340432784 70.67638186211161 87.30980686995315 68.43877724755919 72.06726785401315 94.53322138818942 84.14388530490692 89.13884112834091 65.6206012053326 99.14744517629913 87.36177670000666 81.0551633640057 74.65270204592639 93.35266380465043 89.77528434337341 66.71127722491417
68.74361725400433 63.89002178473652 81.52653328208271 67.95770162354859 47.71602903087751 59.52476678245091 61.45803713681312 68.7310875960984 65.30244784126808 78.73518912421343 77.03838878165902 78.70814990057681 71.99146006138915 87.67742361403464 94.92632043687331 70.67638186211161 86.36877067471198 68.43877724755919 66.63321048551916 66.452812749813 79.52742777387584 79.93049949492831 60.64476702195532 99.14744517629913 73.94820027881553 81.0551633640057 67.46661895023726 75.7873477204447 74.89107610430733 66.71127722491417
68.74361725400433 63.89002178473652 69.3576123142783 52.08034061565479 47.71602903087751 51.622037511808 61.45803713681312 68.7310875960984 60.70146109345046 66.48357968738662 77.03838878165902 78.70814990057681 71.99146006138915 73.63501246569649 80.96826295585356 69.85395079622094 57.144033933728 68.43877724755919 66.63321048551916 56.38659524591719 79.52742777387584 79.93049949492831 48.648216609239626 71.45395646756856 73.94820027881553 76.68899394612424 59.94258644705269 75.7873477204447 68.16895911411984 66.71127722491417
48.04973798159358 61.075028131563954 66.3500069172112 46.064634886173735 47.71602903087751 33.176225615339604 61.45803713681312 68.7310875960984 60.70146109345046 65.9607953672164 68.81512276502792 65.03404254864245 71.99146006138915 73.63501246569649 70.09129194735397 69.85395079622094 57.144033933728 68.43877724755919 63.1276374889062 56.38659524591719 63.51623794693762 61.7658917443116 48.648216609239626 71.45395646756856 73.84732380752939 56.09996003057927 59.94258644705269 75.7873477204447 61.06737449506522 66.71127722491417
48.04973798159358 59.13101976383666 66.3500069172112 46.064634886173735 47.71602903087751 33.176225615339604 53.08121174975361 68.7310875960984 52.88961089298641 65.9607953672164 68.16809357392083 64.03054817660347 71.99146006138915 61.466585959527606 70.09129194735397 69.85395079622094 57.144033933728 68.43877724755919 63.1276374889062 55.119906162114944 63.51623794693762 61.7658917443116 48.648216609239626 71.45395646756856 43.573368761089114 56.09996003057927 57.62397794250546 55.25055011423683 61.06737449506522 65.49966804520113
48.04973798159358 52.78062018470257 59.91421863571611 46.064634886173735 47.71602903087751 33.176225615339604 53.08121174975361 57.10981449977362 52.88961089298641 65.9607953672164 57.14446700772737 61.379871553626685 64.63076692201093 61.466585959527606 70.09129194735397 66.18600774992342 57.144033933728 52.0295168831218 63.1276374889062 55.119906162114944 63.51623794693762 61.7658917443116 48.648216609239626 71.45395646756856 43.573368761089114 46.71551284625309 42.018707859705614 55.25055011423683 61.06737449506522 65.49966804520113
37.73896146953837 38.12888273556814 43.08556416537465 29.85460683952033 30.755378748308203 30.265982536974775 40.195338132052825 36.32507379955882 41.310131404549566 36.7245569067054 42.27950945476232 33.53349841688055 44.422962466822355 31.456254492364565 48.07041746627681 42.88344468302057 45.0077042817137 43.95224112470794 23.24602380934266 37.62541293970867 47.30764732054081 47.53081619821364 32.56534827679991 44.018079633073285 40.668759540836845 35.710271687312456 36.820101298068835 54.09437642361445 42.142343172032724 35.24397056368923
30.533163055696264 28.221466954324796 29.109530073264068 26.569406837184147 25.190193134897413 24.850947955454103 27.702290263000123 29.13851767780079 26.745607723998432 35.531314822449644 30.341401189480166 23.810736295139236 23.436045885476915 29.032370239461216 31.072877126044432 29.56479127424859 24.693660176793173 28.183748279199108 23.24602380934266 25.73396214221384 26.066713175908717 34.52878289879959 19.089931187550746 32.79991646309372 25.292832458161115 27.372304154421386 30.617153632273016 32.832321748809136 28.741717797234855 28.879636844757215
15.377928194730657 17.518390293663742 15.692674074605748 13.967877416580222 17.140556773779508 14.95498803506996 14.20189230846097 17.260347798836392 17.656742621562103 17.09277951691422 17.11420223446578 18.43213522080225 14.640216064846527 15.760226949016669 16.294002348567346 16.232472937677926 18.823583639619642 15.776172305901582 14.34090966208214 21.248913914524678 11.759186735652293 17.63338777107333 11.964163907922284 21.072911482314794 13.963161321590633 19.785269724393743 20.351211484006058 21.19211232365069 19.336103334624568 16.57260710388539
8.533190637580446 6.46555815416275 8.039866487781183 6.676787961613968 9.044558473333154 8.981210407563822 9.156542453398401 11.486210642806554 5.970535176123462 9.393784547193377 6.829121498142172 6.5362043569134585 7.691030360652462 8.915928217264081 7.7449172807685045 6.777323465894256 6.217861701823949 8.346093559599012 8.723977923227267 8.110256917485003 7.395564761003584 10.409339145301033 6.365855452380629 7.0696464983971055 8.619586216611197 5.664298541651533 7.434191219169861 6.058718062261391 7.672926363216106 6.780450335334876
2.2957505018287065 2.242892044731775 2.7035416325725237 2.0296568619713753 2.365640873026564 3.774981803299397 2.9251454231072103 3.220134396085996 2.319535410847152 2.924384801197675 2.487333546142281 2.912860043174078 3.4119014071018228 3.193231635333518 2.721640403930678 4.237643273914728 3.370482830963624 3.118345822298579 3.17577379426848 2.4110606294525496 3.751501613695382 2.7883902306821255 2.148475767424088 1.9000611822101519 2.813251749622509 3.211706312502656 2.1792248954809565 3.3527044995503275 3.232417833668478 1.9780979909140797
0.5288605379851106 0.4658852380821372 0.6013658329674172 0.49570530004984903 0.619801426879917 0.6312276115321538 0.3304736242951094 0.47856418456922256 0.4885890678438045 0.553683475576463 0.3206914816950075 0.5729807021269835 0.7492552847681964 0.5305888006910209 0.47362533519219596 0.6526794537384148 0.6964086122050048 0.5391209840678357 0.6263856754341077 0.6295674046484692 0.5082888175838889 0.632839086531817 0.3203536374774103 0.6207274494577177 0.5665307167499805 0.5267138810955885 0.5456079281320854 0.5966719404723335 0.5612724858447109 0.4391283045245018
0.038298971171116136 0.03565951230223163 0.035538658839413984 0.03116376046091318 0.04421116546336634 0.04981163505283348 0.02988884594708452 0.03970940441968196 0.024609088998772677 0.030011621665153143 0.029997145656807334 0.029922744312329996 0.057357408359507644 0.03497014028380363 0.026977881723496466 0.03647863031108045 0.03390444787328306 0.0348024219186982 0.045081933742494584 0.03635561497355866 0.025107513017246674 0.031773138059861594 0.036402270685471194 0.035477875846822826 0.0505449659643773 0.034906083732380466 0.029108232493285868 0.0483804960301768 0.03310187428883182 0.02273895690916561
0.00023498117445797106 0.00018578264484858664 0.00016426109220901708 0.0001644842452606099 0.0002259128643800068 0.00020214860126088752 0.00021137843941687606 0.0002225144583007932 0.00011554232128219155 0.00023601794362093642 0.00013321319181613944 0.00018286856857230305 0.00023817466205855453 0.00028980118133858923 0.0001658592304920603 0.0002342257561167571 0.00023364718560969777 0.0002618869181105765 0.00020999744288019428 0.00021788928324895096 0.00012369682860935427 0.00020008710328056623 0.00025180415013892343 0.00024705173495931376 0.00015446100530880358 0.0001749173255802816 0.00018721260153142794 0.0002614227562389715 0.00018072794830459316 0.00014779152616029023
1e-08 1e-08 1e-08 1e-08 1e-08 1e-08 1e-08 1e-08 1e-08 1e-08 1e-08 1e-08 1e-08 1e-08 1e-08 1e-08 1e-08 1e-08 1e-08 1e-08 1e-08 1e-08 1e-08 1e-08 1e-08 1e-08 1e-08 1e-08 1e-08 1e-08
1e-08 1e-08 1e-08 1e-08 1e-08 1e-08 1e-08 1e-08 1e-08 1e-08 1e-08 1e-08 1e-08 1e-08 1e-08 1e-08 1e-08 1e-08 1e-08 1e-08 1e-08 1e-08 1e-08 1e-08 1e-08 1e-08 1e-08 1e-08 1e-08 1e-08
114312.0 113513.0 112546.0 113513.0 115102.0 113273.0 114233.0 114470.0 110167.0 115652.0 111979.0 112465.0 113913.0 112870.0 111487.0 112627.0 115418.0 116120.0 115652.0 114628.0 113433.0 115964.0 112060.0 113833.0 114628.0 114233.0 114470.0 113513.0 112465.0 111241.0
