898.919544884242 1221.5282796943598 1497.4681811217333 1218.6276977635407 1129.4331844393269 786.1873448185852 1417.853192240298 978.5028523688229 1264.2941494447964 1461.7528780853027 1189.829193999522 1334.6256914436453 1218.0819787491523 1177.0729107637517 1015.8353623303701 905.2486781023053 1270.7247318069444 1292.526271654663 937.8627092009951 1200.4149437787823 1142.8510080686892 952.7404695524237 1303.9105060975398 1305.6189469595129 1259.3764616575836 1194.2848171376127 1255.7917614554217 1513.5186983176682 1444.680507316707 1564.8375777230785
898.919544884242 1103.4171129821898 821.3565063235083 1088.1171323558883 1129.4331844393269 786.1873448185852 1136.752450953638 978.5028523688229 1211.5643555322113 1120.8256471876816 1081.9192555797308 839.3036966341588 737.9721037501486 887.7539133581477 973.0597323324164 854.2872552727131 1193.1518450827707 978.7331254441665 729.4911364986997 1080.9825732083686 1142.8510080686892 952.7404695524237 986.6664570720095 849.5214878635788 921.013159789658 1025.5024522135013 1163.2598624801835 1227.8345377894402 1222.8683576109474 1361.2721984126788
867.3475943776202 814.8009311220048 676.388684260925 1088.1171323558883 725.5573320300145 555.5161344967651 818.7466455567055 879.5104448272818 1132.7161810015741 879.8485792235069 733.547116716275 839.3036966341588 737.9721037501486 887.7539133581477 832.5167402104976 827.2094624381275 967.662891197735 822.2137782069385 729.4911364986997 1009.4025174107564 919.6465084267802 787.8132467528858 909.9353333023319 830.222916359708 645.6290754751831 1025.5024522135013 930.2294130849732 679.1679652273779 851.1527666441798 986.4858938628126
821.4866098988064 801.9037712829058 676.388684260925 785.6553210546003 613.6214724801862 555.5161344967651 648.8614785683067 517.4356520256129 875.7131665455631 789.2198520747861 669.0509161485015 646.9940217121639 661.7131769753987 787.5011323011236 573.9428102067304 827.2094624381275 691.0346101858013 640.8108887464127 676.7148317670658 822.8884022364973 919.6465084267802 731.0714248731601 909.9353333023319 830.222916359708 645.6290754751831 1004.9769920020403 817.7587522864533 679.1679652273779 851.1527666441798 655.3999043526474
727.0871728754346 502.7014912545901 676.388684260925 785.6553210546003 519.4658490143725 555.5161344967651 524.7226254873976 517.4356520256129 754.7399866745095 789.2198520747861 669.0509161485015 447.9173025948471 587.6405624138465 653.6198482280261 510.2259823571667 706.6662829083266 611.2855060032634 640.8108887464127 676.7148317670658 721.0576524158769 864.7284190008363 731.0714248731601 526.6308750158032 775.5225705357607 645.6290754751831 655.0581772928408 617.8431302582376 543.1567573940783 671.2548934128399 648.7704471775619
530.9711536650098 486.28373226682334 633.8428873399052 568.8644322892255 481.49002247343196 492.80566625726897 524.7226254873976 517.4356520256129 607.825800214332 566.4011349906314 585.8928374647576 447.9173025948471 587.6405624138465 551.9104947439928 406.567290483601 667.8617936888895 611.2855060032634 607.7160180646456 531.5698920876071 698.1449110048434 648.035684237444 596.318262720938 526.6308750158032 709.8950814278896 578.8395221940564 655.0581772928408 617.8431302582376 515.0306369637519 583.8914966029793 648.7704471775619
496.57216615247717 486.28373226682334 554.0993287179763 568.8644322892255 462.4148476948094 492.80566625726897 482.6902880363268 517.4356520256129 558.586715362343 474.0156633910037 525.9001703504027 425.6723887959588 406.4146432464586 529.0296929263804 406.567290483601 513.1207769256525 546.6143227567691 417.2633158427998 500.7086074973208 470.46847477562005 485.96348872332874 437.6771663279251 526.6308750158032 631.7010234545678 466.49310565484075 620.6182520203629 564.6978900165777 515.0306369637519 583.8914966029793 479.2311966695861
336.3313953791776 319.0240575684893 341.80578694671203 340.18249055469596 335.5048156081584 345.878650915422 320.88251897433884 320.81825334983523 309.7695117365952 340.2119892039127 327.27001874700727 313.14855405496155 323.7705013050936 353.2776439967206 311.89892546275405 292.84527739740497 325.4213629515366 331.48830614803865 314.46181486252226 333.95269926864694 314.1091694421775 355.06916484446856 317.78659877441487 325.5726784554481 330.1515390720515 338.4464348323445 320.9697804113639 320.39139742801854 325.9516717250922 340.65340327328295
279.12283454324506 278.86970719543524 280.24424161457273 280.6818479222625 280.16677727885144 279.7203656864717 268.8390154768799 268.37944905834865 279.158308124433 264.13225551314736 272.341395335005 267.7252801658169 273.43588156071246 279.7872849004716 267.00635908884215 272.353328449145 279.2869662256435 267.97032864439916 275.3268422980623 281.0982419201878 279.66477587159807 288.407334829255 275.89765784260635 277.13704690296845 264.8700396403651 290.90459047998684 278.6230417366751 269.83047018005345 270.86895730397373 267.1867913648148
254.01222671288951 250.35709842641836 255.29760765126184 254.89152756467865 256.37930530528274 251.88813541876834 248.21399584221126 249.74725523103325 256.70937115350716 252.6657686172507 252.13102140729507 253.43962339749942 255.9759449866565 247.63766088261627 256.88633906656605 250.10296072093342 251.73295881635386 254.62381344368578 252.4525637822785 255.2864546455835 258.36537242927625 250.3199746073965 252.12853792600708 248.6488261527261 249.57616943508492 265.2519752392891 249.7807108163347 248.39374144589146 254.83191598858502 253.31922055946234
242.89359316519858 245.87344729255574 244.3726599310162 245.23042614181304 245.59568453171914 243.43746598664166 245.9534007616603 242.84013605097425 245.14292742652196 242.46485027811286 245.917337388958 242.73354975862912 244.55152676832904 246.39028789763097 247.8653100859624 243.91610260217567 242.8675251385771 244.28077633217617 243.73888233005164 242.8883483230993 245.55277676815194 243.62576758678188 244.82737707160368 241.57317513742464 242.21482565321958 250.22860212983778 241.2753235500486 239.51428567891253 246.80165173325668 243.855561217179
237.6998421980852 236.88286326853904 236.38654368589687 237.32671713506215 236.09477306859026 237.361375663962 240.73203375315916 239.72480360749978 236.7070873601824 237.21212004548852 241.9046983207768 237.14429386848633 239.0707099948504 241.54266926103946 242.37160930560458 237.77799181404907 236.5856760550023 240.86738202580455 237.742175781505 237.61698568776364 241.25934831252061 240.83385271474344 239.3281884937296 235.82794046053277 236.08809269027097 242.14732392891165 234.2206362531756 235.78670009742063 240.8316431748799 237.6290577507948
237.1170106093382 231.95832568802325 233.97436906938083 237.1170098211619 233.9839813357762 233.97720138858313 235.4089200771914 239.4417959280613 233.9744479571782 237.11700981263948 240.04435675326567 237.1170098071716 235.01819882469817 240.13123706562828 242.0580683120329 233.97438697701637 233.98484173545785 240.8301388293812 237.71920278398693 237.1170098742914 234.39222588432312 240.83013882720616 234.03114879698887 235.6549204340422 233.9847437870667 237.30770679605985 233.97430100115935 233.97438419870286 234.95770308811234 233.97431963817962
237.11700980483556 231.95063766709518 233.97430094618903 237.11700980483556 233.9839607382737 233.97430094618903 231.97580450720716 239.44179589730084 233.97430094618903 237.11700980483556 240.044050764473 237.11700980483556 233.97430094618903 240.12225590524213 242.05806823063222 233.97430094618903 233.9839607382737 240.83013882695013 237.71920278240623 237.11700980483556 233.97430094618903 240.83013882695013 233.9839607382737 235.65492041127527 233.9839607382737 234.39840358632182 233.97430094618903 233.97430094618903 233.97430094707033 233.97430094618903
237.11700980483556 231.95063763325925 233.97430094618903 237.11700980483556 233.9839607382737 233.97430094618903 231.9758017400245 239.44179589730084 233.97430094618903 237.11700980483556 240.044050764473 237.11700980483556 233.97430094618903 240.12225590524167 242.05806823063176 233.97430094618903 233.9839607382737 240.83013882695013 237.71920278240623 237.11700980483556 233.97430094618903 240.83013882695013 233.9839607382737 235.65492041127527 233.9839607382737 232.84705640229458 233.97430094618903 233.97430094618903 233.97430094618903 233.97430094618903
237.11700980483556 231.95063763325925 233.97430094618903 237.11700980483556 233.9839607382737 233.97430094618903 231.97580174002405 239.44179589730084 233.97430094618903 237.11700980483556 240.044050764473 237.11700980483556 233.97430094618903 240.12225590524167 242.05806823063176 233.97430094618903 233.9839607382737 240.83013882695013 237.71920278240623 237.11700980483556 233.97430094618903 240.83013882695013 233.9839607382737 235.65492041127527 233.9839607382737 232.8470492591273 233.97430094618903 233.97430094618903 233.97430094618903 233.97430094618903
999998.0 999998.0 999998.0 999998.0 999998.0 999998.0 999998.0 999998.0 999998.0 999998.0 999998.0 999998.0 999998.0 999998.0 999998.0 999998.0 999998.0 999998.0 999998.0 999998.0 999998.0 999998.0 999998.0 999998.0 999998.0 999998.0 999998.0 999998.0 999998.0 999998.0
