114.36940754992963 114.13964081195286 116.03009974110512 115.74811327893008 108.1653252837283 96.1135838092705 112.70986788658888 113.470343716309 93.50040365296184 123.17260728627866 92.88467705082394 107.35785933428906 97.2545133469448 97.53763798307193 113.14575898146131 111.81552770577434 107.66924714125548 102.79693925598508 110.08076223260036 114.67288755925347 118.33350197329901 108.96610113136637 119.64256500957742 102.35486235423616 100.04761600481902 83.71197875933683 93.54730360719122 109.30296015700685 109.03069366731495 116.69297142944504
104.18622945247739 102.35526748268796 111.45751353784135 109.58940030698659 108.1653252837283 96.1135838092705 101.17714923868539 111.67827060479453 93.50040365296184 111.27379357112113 92.88467705082394 94.31669947904766 97.2545133469448 97.53763798307193 113.14575898146131 111.2647273364862 102.07369181190006 88.58529656398946 110.08076223260036 109.16293736175066 96.49176626239523 108.96610113136637 114.1816623839137 94.7156040257496 96.37240078894013 83.71197875933683 93.54730360719122 109.30296015700685 94.5063396960087 109.8463584882129
102.206579972687 95.76184277074685 107.0952957940674 97.06350496840025 108.1653252837283 96.1135838092705 101.17714923868539 107.75467867543148 93.50040365296184 99.78708708098145 92.88467705082394 90.77565276430403 97.2545133469448 97.53763798307193 107.54288495164951 98.64680122571917 102.07369181190006 88.58529656398946 102.9905173899549 99.06311384115861 84.34556342919484 108.96610113136637 88.2011719388247 94.7156040257496 96.37240078894013 83.71197875933683 93.54730360719122 104.85499921529527 91.1986384150249 94.54109967801583
101.03908198896465 89.37979937626017 92.04483545452615 80.26819429962472 93.46802497024657 83.92925803302239 83.49683292028931 91.27831530559251 93.50040365296184 99.78708708098145 92.88467705082394 90.77565276430403 97.2545133469448 97.53763798307193 101.75720481283497 96.62993445759219 81.78009898149435 76.05463167629466 102.9905173899549 95.74024453142647 84.34556342919484 96.30368914039445 88.2011719388247 94.7156040257496 95.25052138214835 83.71197875933683 83.67549070593054 91.86234994164192 91.1986384150249 94.54109967801583
76.38060662506177 77.42200412760417 88.65502833382709 80.26819429962472 93.46802497024657 83.92925803302239 78.70167427388628 91.27831530559251 74.30738823995796 99.78708708098145 84.0497812151915 90.77565276430403 97.2545133469448 90.0756268243099 85.141613810943 96.62993445759219 81.72291227931134 76.05463167629466 94.77355796097322 95.49692890003371 84.34556342919484 84.88750227369906 88.2011719388247 91.71869363148483 89.13044859649085 52.73548208023976 83.67549070593054 91.86234994164192 91.1986384150249 92.80714740837402
76.38060662506177 77.42200412760417 88.65502833382709 69.70236387014586 93.46802497024657 83.92925803302239 78.70167427388628 72.33944918162831 74.30738823995796 80.32711777238558 74.80120832714806 77.72685990579612 92.0089886687856 90.0756268243099 84.67139208390188 89.83711125138996 81.72291227931134 76.05463167629466 83.09329304049072 90.60164598324286 84.34556342919484 82.68914061236376 87.96078977262971 82.68293891034648 89.13044859649085 52.73548208023976 74.68759410528423 68.2580990606632 73.99790725332616 92.80714740837402
76.38060662506177 77.42200412760417 77.56125976148405 69.70236387014586 70.60675203869596 83.92925803302239 68.9114929672437 72.33944918162831 72.78128254807655 80.32711777238558 74.80120832714806 77.72685990579612 88.48726246847173 84.66632467771876 83.2214872088266 73.0427642706602 81.72291227931134 76.05463167629466 83.09329304049072 87.66392913186746 81.66483199778236 82.68914061236376 84.73291489474036 82.68293891034648 80.44893934316269 52.73548208023976 74.68759410528423 68.2580990606632 73.99790725332616 76.23135822639915
53.573737240884725 48.599916715474706 51.83104987674915 50.44134464519573 52.59543673027588 55.283084520766806 53.8211297638004 48.7552754777297 53.39270234208357 49.3433541874208 46.32495683242837 55.33589847304529 48.6020885021195 35.934366594362245 45.49214214478877 52.26815133784453 48.653387771970756 58.05009284618552 54.20983217226376 41.78270675143483 49.27062610709481 46.74561202504799 42.78873510878782 48.82242067369873 56.540486633188266 46.146888008465 44.64100772571851 50.592710779470735 47.576727852121735 55.624606934104236
28.975709242792504 34.59099897248882 31.51086247186379 23.245854433399018 33.55313565062306 25.433108314776746 31.577567937864956 27.991377989110788 33.82635970243041 32.013533617526036 33.4252326878551 29.867750461438277 28.49300664176883 30.923890231694372 27.05470348275378 29.81776627633451 25.38994621591246 33.646202304911185 24.479430972339742 31.3993574795752 30.247412714038433 32.1612777882865 27.3641501973309 30.1063225616615 31.431225699127936 33.34435032815145 27.711560688627742 33.98141165674065 26.80351716365874 29.935726557061344
11.20722905785317 14.578479325344915 12.955981750936644 13.048518259045295 15.410119724303286 14.368629167575818 14.759585437431952 13.219030078440937 15.179469575361622 14.020363762532497 13.61504027455885 13.635738914410695 14.12429813649453 9.10808123838035 14.479579438800215 14.601263899511196 14.613511461206372 11.984522970016883 15.9883467707308 13.252122955682125 14.836501900775374 14.311978820334616 13.46174396469894 13.250630800225736 13.038511169695994 13.106103747251268 13.706125825050094 15.664837414847966 14.990356705212662 17.266061780527707
3.6899371564536523 4.936760630632875 4.496670867477974 3.727097804739401 4.494399372976886 4.429803093873488 4.234173346380885 3.583792713258049 3.9360579966529485 5.707153223081036 4.763003291497512 4.644785608629718 4.461444457192101 4.611656062656152 4.899933995022934 5.467119520766232 5.135241603073382 4.950322527852677 5.939159554802245 5.425553393241103 5.410944131335441 4.384123527754014 4.9302261325508425 5.457634244813562 5.129021883583505 6.058163450011307 4.255843295916975 4.986907302144232 4.481528594199176 5.180519558814922
0.5344512360049976 0.8398723082722199 0.6125150751959154 0.7276356437299683 0.7490945447316335 0.6329979042028526 0.6955604734545204 0.6836622648946786 0.6577945139025587 0.6087560436081958 0.6028928719747455 0.7581368666672006 0.6776792173557169 0.6947466243336748 0.7085048109595391 0.7630992648701067 0.6447621042559604 0.8336578939984065 0.693800516113015 0.8335445279387841 0.7238777849354392 0.6324386445015762 0.6086905285928879 0.8322398439410108 0.6992765377435717 0.738451027435417 0.5844550588089987 0.6403631745273515 0.5294261425310651 0.6811050740606106
0.014516321197447724 0.020310289489316347 0.017611291739626722 0.014713550139390463 0.021675707477470496 0.01767056119319932 0.017768811385735717 0.021686947806415446 0.014151325769262257 0.01680628755775615 0.018414493062437032 0.022127399638748102 0.017844826212353837 0.021950629081516126 0.01234951189644562 0.019054554513331823 0.01515591307941122 0.01937609467290713 0.014947414165135342 0.0207450922659973 0.02098478773041279 0.01969018723264071 0.01880641439311148 0.019714391591946878 0.019484951628328417 0.017846751244974257 0.019311319682742578 0.017027803255473373 0.016111320827803866 0.020098283491506663
5.857027417732752e-06 1.4859043290016416e-05 9.062098115464323e-06 7.771211130602751e-06 1.2579170743265422e-05 1.0906830993917538e-05 9.29918769543292e-06 1.5293491856027686e-05 1.1278596957708942e-05 1.3804788977722637e-05 1.0281260301781003e-05 1.3162507002562052e-05 1.0941118716800702e-05 1.3524434734790702e-05 7.616914103891759e-06 1.2724322346002737e-05 1.3003352705709403e-05 1.1920021279365756e-05 9.85612734893948e-06 1.2387093875076971e-05 1.40698381301263e-05 1.1790292774094269e-05 1.620923001155461e-05 1.0862957310564525e-05 1.3083870385344198e-05 1.4346881926030619e-05 1.2249742326275737e-05 1.2272062690499297e-05 9.451012715544493e-06 1.384841914386925e-05
1e-08 1e-08 1e-08 1e-08 1e-08 1e-08 1e-08 1e-08 1e-08 1e-08 1e-08 1e-08 1e-08 1e-08 1e-08 1e-08 1e-08 1e-08 1e-08 1e-08 1e-08 1e-08 1e-08 1e-08 1e-08 1e-08 1e-08 1e-08 1e-08 1e-08
1e-08 1e-08 1e-08 1e-08 1e-08 1e-08 1e-08 1e-08 1e-08 1e-08 1e-08 1e-08 1e-08 1e-08 1e-08 1e-08 1e-08 1e-08 1e-08 1e-08 1e-08 1e-08 1e-08 1e-08 1e-08 1e-08 1e-08 1e-08 1e-08 1e-08
370963.0 378443.0 373239.0 369823.0 382709.0 374147.0 370735.0 379343.0 373239.0 373693.0 376637.0 380243.0 376863.0 377541.0 376637.0 376411.0 375507.0 377315.0 380693.0 375733.0 376863.0 375959.0 376863.0 371419.0 375733.0 377315.0 377089.0 376637.0 375281.0 377315.0
