6572315553.943867 5140530218.024377 4167264348.3264546 2757898426.8270063 4898993279.694031 2066065914.7903392 4494707871.324127 5825826135.851246 2063329475.8396657 1555768211.3814175 6262739857.466888 5719092494.270599 6035915162.935805 3966591924.5884895 2960045171.633851 4575232244.526146 4644975830.171143 6989523463.724962 3459811491.362058 3013739831.589708 5320009191.342305 7301222131.647965 3424055892.499309 4546363391.685872 4035154996.617327 6118525908.770124 3670713061.168394 5957622102.919483 5099946685.256671 4717642230.067471
6572315553.943867 3548312876.8541 2496938950.701944 2757898426.8270063 2933240310.1902847 2066065914.7903392 2821060922.709666 5825826135.851246 1607882328.3231769 1555768211.3814175 2532431345.7278037 3146131422.453812 4025249568.847178 3405640783.868228 2960045171.633851 3197937681.9395866 3360131040.938128 2003747770.7514207 2174971835.8664775 3013739831.589708 5320009191.342305 3075641960.2638483 3424055892.499309 1993559198.207537 2558712006.4631777 5468512563.511083 3670713061.168394 5414049994.367954 4721601889.710011 2462127285.135865
2385497511.205601 3548312876.8541 1073067707.6597912 2757898426.8270063 2933240310.1902847 2066065914.7903392 2304890256.1732545 2109030392.990762 1386941939.4823782 1555768211.3814175 2532431345.7278037 2290376653.976106 3822453125.8920183 1743774971.3928008 2960045171.633851 1707592085.998429 3360131040.938128 2003747770.7514207 2040936780.3004608 3013739831.589708 5320009191.342305 2423771151.8608027 3424055892.499309 1665367593.8062544 2558712006.4631777 4244805882.022042 3615862636.4749584 2928672492.4674363 4563456137.718159 2462127285.135865
2385497511.205601 2446021558.1302886 1073067707.6597912 2757898426.8270063 2889439616.3522644 2066065914.7903392 1932654111.5079718 2109030392.990762 1386941939.4823782 1555768211.3814175 1232418032.5021703 2062836664.2639866 1767632598.7390702 1587457218.6939464 2960045171.633851 1144881734.4905574 3360131040.938128 2003747770.7514207 2040936780.3004608 2066352348.5096407 3507108389.579433 2423771151.8608027 876378705.1850178 1039839816.9648267 1561395540.075181 2804319011.5266376 2657993860.642865 1900297262.0839708 3576744866.961494 1743095444.0873816
2166017183.4417267 2107793269.1052256 1071511613.1681459 1760405312.1762729 2015940157.5918705 2066065914.7903392 1932654111.5079718 1851015841.3498633 1386941939.4823782 1555768211.3814175 1232418032.5021703 2062836664.2639866 1350182187.3006146 1587457218.6939464 1650073106.3377814 1144881734.4905574 3000525276.1960053 818473498.2069633 2040936780.3004608 2066352348.5096407 3226587318.307393 2423771151.8608027 876378705.1850178 1039839816.9648267 1561395507.399775 2804319011.5266376 1480725377.1841447 1900297262.0839708 2913795059.153004 1743095444.0873816
1937198589.7762918 2107793269.1052256 1071511613.1681459 1760405312.1762729 2015940157.5918705 2066065914.7903392 1887421758.3336513 1851015841.3498633 1267907030.4409842 1555768211.3814175 1232418032.5021703 1237504898.7653291 1051297018.1397674 865196275.1371918 1051146043.3192298 700107500.7123165 1388704158.4633286 818473498.2069633 2040936780.3004608 2019737955.256671 1668980840.5042126 2103495249.347438 876378705.1850178 979748925.2474157 1323611580.649185 1764101270.97569 1479023185.741901 1435551402.134238 1641292714.0601645 1743095444.0873816
1803631163.0608454 2107793269.1052256 1071511613.1681459 1502652075.908809 2015940157.5918705 1056445226.24886 1887421758.3336513 975601580.7933365 1267907030.4409842 1294434703.7293413 1232418032.5021703 1124317802.659603 1001268939.7156707 865196275.1371918 1051146043.3192298 700107500.7123165 1388704158.4633286 810423267.3910613 1919275234.8928888 1283763846.921815 1390567686.5798542 570605765.1694965 876378705.1850178 778127227.0761285 1323611580.649185 1151869157.5577943 1479023185.741901 686038359.7826095 1292617659.1156678 1723412242.7064855
385098435.7378153 409337645.6461251 433703631.1871714 614547183.3409432 686524257.0140898 471181274.8362951 369838946.9698026 285134858.49313736 563988631.906678 320506842.86867905 421822278.7799637 366802151.31046975 478120778.0050824 222387791.09785584 595194373.8729742 283563427.09613734 367797635.3237513 423944296.52138186 262247460.1517997 434460292.341704 520580722.14691406 492400637.30979115 110227387.46571243 183639225.2077619 281550333.00936645 404460471.6133344 276937561.4836412 304865677.0589418 447300450.1741862 250020041.8037684
68757752.06116009 76824968.08774419 97188244.08696955 21619480.85562554 118687427.62490548 78133994.65766008 87330738.93384224 38152389.54996104 21198553.353039272 49509234.40579738 55154201.3169204 79280436.71646966 44216244.07205132 14651216.482363993 73078771.19600345 97882768.4077062 69667333.33798043 34800717.76231067 9503611.82488068 84053943.5204012 69330658.52485986 108239261.80354871 61086488.079240605 51392255.769901335 61078498.2195331 84905949.7774651 75682308.59531327 72967818.95030478 69457443.8782243 100079433.16307473
8005780.67391148 5196444.414801684 10803423.57595043 7554329.55373722 4599309.453478887 10565522.120414695 15483389.414509062 11851241.488853991 10084917.231584677 8885827.933712969 6797605.496170532 4359609.846279943 8877283.694567919 6312953.655989696 8066944.269889859 15839936.960048407 6706103.250105824 15639682.13407647 4688437.786645308 9756735.46193558 9456441.591112057 5498615.932519812 8543959.37728491 10689132.700828461 14053619.210043449 4212617.56651119 9375577.300863227 7638480.1267389385 2861509.6200396954 14829842.377154516
1156054.7953566774 1053029.5183038146 233534.17780870118 725949.88020217 1084377.9463200395 564001.2672281617 521329.5864772812 959415.6755986353 613806.59992797 1402642.4045055509 932923.6622743375 289471.2241229024 449116.0759105963 252809.77719181185 473204.13156926696 759234.9250846253 518275.9487307563 1106675.9061683035 900547.358855909 353196.5512481872 512523.9651171813 448237.41970229463 697243.4639126015 726968.406766679 679930.7807061821 730436.4310222804 258632.15978023876 228336.49192265305 191522.77579869522 396798.2305172418
36722.67296144457 43652.52340107441 85329.55134934689 28843.91306819601 48358.80288113072 57848.56189456685 32037.74813323676 37285.45369133872 25569.472920679138 26225.049639678502 33168.08682597472 23761.734468770806 55189.763968174 23115.282495199626 35516.723363141755 46307.37951107651 53875.70520130828 78373.38771818133 52366.77347873024 37181.16248325012 61594.30408073453 24175.342426154828 27055.645561489073 26514.843034467187 54499.54864196996 26987.717275113777 47887.70896144997 46550.58782646418 31883.765296559577 40440.02024956153
2294.738239735109 1617.3077253201864 1601.0963670541578 1027.4610970946046 1825.1228696762023 1838.4524744508235 1019.3279555293384 1948.5865401362335 3060.395369891635 2251.7193210548517 1039.4986310802215 837.702652791877 714.7222617189514 485.1397570707509 1388.5261539320868 3582.99714129313 2014.6340770524544 1953.9730747299027 1043.3790735541288 1289.731208262846 1057.556003573417 1473.5405965522718 1327.1320900858445 929.1739703161775 2610.05681148854 2295.230365266107 2133.352445211968 4012.7833272594726 1472.0519657512946 2437.2648004441226
61.29092904323761 58.38299717840346 62.112410914122165 62.785281769016365 57.07128540319468 44.68114948183347 60.36435225561604 47.41713406011877 53.93065040100123 41.18121961595443 58.04537880791645 67.94688386827806 58.63712478054617 63.099753041670056 53.6835022550913 86.14042840744128 60.24039786661933 60.34133745273448 65.15409838755022 91.07197643501718 66.4636353519495 62.676731579397256 62.351554990362956 72.80584266173582 65.23127312922225 57.404747143457826 47.63828594996562 54.70742916772542 83.84105391111848 68.32275105132362
21.770077847023458 13.106835940359815 26.758288626881722 10.03904058526905 14.298942695764254 14.631131628594176 10.48775940644623 10.568972993882653 14.268516409250651 6.460540585545232 22.92885530064609 17.407742888548455 14.61025827422668 18.074497584501387 13.723728199601965 6.1995429693402 12.431432539052821 8.490835571721163 9.51290267879881 34.28217483070625 27.407770938594012 10.937186802420683 6.8127746308164205 24.643855476333556 16.05403741715395 8.635097086380028 11.453259349449809 10.07703907699738 23.92705416221156 10.733634526222886
1.3121748405478684 0.19813299310021648 1.685756676931078 0.33727610240248396 0.28623504337633676 1.6156973122861018 0.319812444473655 1.7654862028339267 0.5506801484136759 1.3185733068255558 2.147086199669502 0.4007474090128653 0.2593936859418591 0.27310850906815176 0.23304984460560263 0.3442913385315478 0.17075852859943552 0.3958794394748111 0.3608859994960767 0.7550798656759525 1.4346291965125602 0.19515039125349176 0.29712663018199237 1.2302019659730377 0.2994701469356187 0.3751386262590586 0.4151622213457813 1.2591710131225682 0.19876445221120775 0.3577066532657227
999998.0 999998.0 999998.0 999998.0 999998.0 999998.0 999998.0 999998.0 999998.0 999998.0 999998.0 999998.0 999998.0 999998.0 999998.0 999998.0 999998.0 999998.0 999998.0 999998.0 999998.0 999998.0 999998.0 999998.0 999998.0 999998.0 999998.0 999998.0 999998.0 999998.0
