469321554.7326133 171402523.41403675 172324252.14833745 173192438.38482106 177703012.08762783 265370396.93330714 283556480.9057884 1521442449.8124697 264107573.1044422 1426132442.1083846 143415231.445482 352892152.9260182 582928813.4898839 946064582.1613748 343383846.2899116 329664263.0273759 301250002.5745179 1699800357.4499025 1062373868.160084 829992063.9747543 514745901.4087327 457263778.383008 138669970.70065343 768628265.6610633 1358805829.200123 415832168.348669 294325812.70082974 80466167.90968294 93879992.31044537 200916615.17930555
411261731.0605012 171402523.41403675 172324252.14833745 173192438.38482106 177703012.08762783 217666671.8816408 283556480.9057884 1013039294.5853149 264107573.1044422 714012710.9968354 143415231.445482 352892152.9260182 301839699.3066575 910774692.3147049 293781505.0785525 295428207.793216 125920123.42289327 378430180.3387454 828569327.7604505 403912461.4070459 514745901.4087327 457263778.383008 138669970.70065343 768628265.6610633 302644474.4971607 415832168.348669 286275305.46074706 80466167.90968294 93879992.31044537 200916615.17930555
245349502.88262597 171402523.41403675 146786018.99652112 173192408.36233968 169049696.96005407 120219722.87124255 239344277.46280313 491872354.07855636 22216391.866484407 532912489.03329283 143415231.445482 343295703.86669165 209180922.8541135 172012208.8541445 293781505.0785525 295428207.793216 125920123.42289327 120575262.41398588 390709499.5725942 403912461.4070459 514745901.4087327 269203611.3845255 138669970.70065343 478728168.3484897 302644474.4971607 415832168.348669 286275305.46074706 80466167.90968294 79253593.41911414 200916615.17930555
245349502.88262597 171402523.41403675 72158931.96339142 163977498.40283364 169049696.96005407 114122494.50193295 82110508.07252212 185810016.21732196 22216391.866484407 340846693.81051755 120327281.50020663 204148070.98259366 209180922.8541135 172012208.8541445 290698837.96947604 287878155.9812229 125920123.42289327 106002574.62342949 227858656.3496647 403912461.4070459 514745901.4087327 89480219.22675365 138669970.70065343 100310314.66253506 226797464.70954302 415832168.348669 77202175.57349905 80466167.90968294 79253593.41911414 123629776.15053974
209783205.4752698 171402523.41403675 71623237.72158827 163977498.40283364 137284845.1836431 114122494.50193295 56088412.78839509 92889287.43203008 22216391.866484407 340846693.81051755 120327281.50020663 204148070.98259366 209180922.8541135 129012593.46705161 161186121.80585355 146322591.2631062 125920123.42289327 96837518.70757653 139266225.906555 245266586.9133656 155685578.9894528 55169398.36688387 138669970.70065343 100310314.66253506 226797464.70954302 83695986.28650247 77202175.57349905 80466167.90968294 79253593.41911414 114558771.49307647
209783205.4752698 116926780.29838772 71623237.72158827 82463082.75877483 137284845.1836431 113721845.27219638 56088412.78839509 92889287.43203008 22216391.866484407 340846688.9576999 120327280.01396932 204148070.98259366 209180922.8541135 129012593.46705161 161186121.80585355 85150580.06501447 26105886.21848242 34281330.48606327 139266225.906555 141819499.6020863 101038476.97197314 55169398.36688387 63614040.31945756 100310314.66253506 188794039.5938379 75904945.67748374 77202175.57349905 80466167.90968294 79253593.41911414 114558771.49307647
7620343.8147402955 5563102.797236686 11138497.343758537 19777958.559308458 5046402.308972557 6814039.532437135 26540533.258616123 6606609.731161874 19719526.833872758 21014797.77298928 39325314.60317135 43122162.303803355 11865816.413821366 11305815.524752956 63704345.93101139 17216014.288063236 4707802.693929096 5532214.197201021 45799280.459738545 18632027.64265686 58320964.62282916 13541656.84134717 1949195.6708162045 51917234.64732585 8677802.011033272 19958462.147241857 39880289.51856956 11588747.68394072 16751968.361213082 6741632.180886077
5089357.881789629 4924999.740190142 6164509.290120381 12669240.658144267 4801505.177678145 2993772.049555395 1277150.9410013435 2689348.6909981575 1459968.8427957357 5802352.321112154 2195153.4360139584 5073987.647746307 328261.8010899674 5172379.6274523465 3145112.9277539575 14912851.64940721 382336.2911583654 1893731.1582969066 5516199.606458557 1860233.8632156176 4848395.333338124 549804.4680380231 1949195.6708162045 8845735.112324143 1994475.5455128374 14098159.985442841 5853883.790094243 4110741.077363237 3880666.2657401147 4711255.838680255
487393.4784821088 269321.8496813662 250997.5472243784 299058.86897601275 84808.67436802815 830109.1031406943 291868.24958057917 403016.5501074956 212328.8661101333 1784651.6158007234 1673298.8029451517 641611.8637122595 328251.8465709625 1191588.0289617241 1350523.2135401592 1302967.506869127 123739.90614739168 1324802.0559926562 1786340.1780035014 44448.373668986846 374868.28269302467 426408.25597605086 211237.38742377012 256006.7957387251 904057.3320995567 890640.8872187348 692479.907205947 267999.7992992833 646142.9353032793 675806.580408931
18581.823281362093 90636.41695589248 55102.746481768154 4084.493077004834 68708.52295744195 37183.42498630448 21246.753132442213 46824.941509604476 34917.935492865014 48753.398101356295 38040.18824499594 64058.21550291075 23921.178057334622 16355.558531573399 43107.091759057956 61041.762186177366 66700.38558780751 86033.92781270403 97841.74627126733 44444.48389449593 3728.0452126986092 33523.23768206562 18613.456592791146 49215.20771787205 83572.53802897513 30236.33513351959 81468.26058793024 60935.983559203625 19669.721297023585 10953.085857812366
5076.751542476751 9247.993531975211 8616.087818788426 2688.106382691565 3260.255842115288 4206.195208158984 4956.973052629565 2259.033849901793 1236.6368586577064 4028.04435681642 851.3301264447446 2398.799755272599 8924.193651022859 2087.047365359674 5034.544847447896 992.5711540522543 8297.464528547865 1175.6681354578818 9488.777551681053 4980.720049694468 3711.0150076110967 4178.309028475862 1242.5920312728795 2440.1522310621776 19084.027060646116 12785.824695635527 15973.459253318222 12869.421377526447 4375.410868653351 6406.162776206274
1236.9759530566366 396.8882146950896 649.5889769906839 1250.0137158270445 93.29967172641022 312.12454703363073 626.3918736432715 408.5291938197088 245.74367404484815 789.3665056465729 566.1582945780569 217.8880907593334 446.8054415003139 571.8746221747733 818.2879570308096 440.86832183891784 1096.2830477286593 316.4733037161636 1053.588708093449 393.3799387930726 314.1706214234928 325.46844706098227 350.02640938025434 936.4941377008549 1507.5189980406822 63.36013364779865 321.59383770032264 748.9160866401085 572.9234684756702 154.13401352750338
36.76722176235762 47.785172402235276 28.541530561075888 25.76303252455955 49.25296975534911 35.8519818277648 42.62554170412068 47.91885207418977 64.10829275957894 28.815171452314644 55.43848740185058 37.95736551683717 59.71184980012117 56.21900810699026 43.90435069169189 43.9184039688821 65.0797219763731 48.37579302211202 42.827423665254855 33.46046264228312 25.858595423022052 61.66895503443152 36.64904044277296 55.81326788872616 64.84894493250658 41.338028208502465 62.78538157242997 33.53597962889876 63.32275597574153 62.90831844433342
4.314933064443267 6.628218262696919 3.670635339301043 3.5941373492064486 4.679863524494067 3.484199263429673 7.186946424433927 3.8378071338884183 4.838985037161592 4.302226316166752 4.782737099889573 3.087246143004222 4.83167945424907 4.611645433542435 5.761389594854791 2.9673152532507174 7.725078369722269 4.336636760833699 4.946113711918088 2.205550038623187 4.88798732163923 5.509058347769724 3.641868699689894 6.020178535605055 9.512560833096813 5.233185918959407 2.9164304621860992 3.166326715034529 7.871912363428692 5.071753284911665
1.4754480269323267 1.3533376842681264 1.3230669360684715 0.4851967127781336 0.9539114712124501 0.7636080763238624 0.9216987664810858 1.2083644028652998 1.0045026714381038 1.318612447364103 1.1491035871390523 1.3167803581820863 1.2429417281966835 0.7951228190274833 0.8849553463408029 1.1747374233336814 0.9589405222127425 1.8485110295700906 0.7047439486216263 0.6538797530454303 0.9135111344082816 1.3287318623540614 0.7991531757543271 0.773434242883468 1.5221391549887358 1.2936425149077877 0.8405727773117633 0.83739560528943 1.3064924609811897 1.1739022492388358
0.17522317842599477 0.2711801870932504 0.1864977887094028 0.05578606347830828 0.2996584606059969 0.06026704532587246 0.27844964471387357 0.397392524555471 0.1056973729218953 0.21453020638591624 0.4331013548148803 0.15044246829438634 0.06383820728478895 0.1899933999654877 0.13646637842907694 0.23832514254536363 0.17973400386426874 0.36133472537426314 0.17761713144204805 0.13861718164162085 0.4472976578556427 0.18899617331362606 0.33201542513234017 0.07076676863107423 0.14971201455000482 0.33691176772276776 0.0304056641052739 0.1223062060155371 0.32283612775336223 0.17799932455977796
199999.0 199999.0 199999.0 199999.0 199999.0 199999.0 199999.0 199999.0 199999.0 199999.0 199999.0 199999.0 199999.0 199999.0 199999.0 199999.0 199999.0 199999.0 199999.0 199999.0 199999.0 199999.0 199999.0 199999.0 199999.0 199999.0 199999.0 199999.0 199999.0 199999.0
