736.2286692767184 238.39020529913932 151.74549700145326 1200.574737895633 533.2223059387857 165.31183118711579 321.0975587278799 294.1373629112918 2442.0723863231087 648.871818247967 339.2870686751985 263.5700400153778 336.07539537076536 630.1980934882977 241.17710153878397 184.36436067797104 240.1466365146689 2029.9536094868135 121.71201901771065 512.7697081812271 176.63575857047545 294.3159090787376 1626.5305016253888 183.1204591008559 705.6299805668627 1101.7989350379526 387.86352778969695 833.838180912664 241.47003831449365 291.05389949077653
379.12914659991566 221.3114818754102 130.82775663554548 1200.574737895633 533.2223059387857 165.31183118711579 321.0975587278799 294.1373629112918 988.1253706747743 648.871818247967 339.2870686751985 263.5700400153778 336.07539537076536 196.86007573652296 224.83786351559684 184.36436067797104 240.1466365146689 236.03234857922007 115.12532831463204 451.590911388696 129.78567374250633 254.10344140819416 570.0480232254185 183.1204591008559 220.22483744361716 446.25127973432154 387.86352778969695 351.02443719005623 241.47003831449365 291.05389949077653
379.12914659991566 221.3114818754102 126.20332116812142 328.930486570197 240.76546440125549 164.90454630949853 186.53829785523112 294.1373629112918 692.0660893806953 409.6511176261952 339.2870686751985 196.5208617935814 322.9101153439278 196.86007573652296 224.83786351559684 182.88469420609817 195.60116568701824 236.03234857922007 115.12532831463204 451.590911388696 129.78567374250633 249.91865004399142 570.0480232254185 183.1204591008559 220.22483744361716 446.25127973432154 195.42581628968082 258.8205620355775 241.47003831449365 176.32867568977417
198.1830045703182 221.3114818754102 125.3372973683172 260.64946218637897 182.7592387428822 164.90454630949853 186.53829785523112 274.12631654390225 692.0660893806953 333.006339176201 278.1172208670182 196.5208617935814 322.9101153439278 196.86007573652296 164.20383324980457 182.88469420609817 195.60116568701824 236.03234857922007 115.12532831463204 382.9665736659931 129.78567374250633 228.92422268400242 491.9216423762382 183.1204591008559 220.22483744361716 239.81913539175457 181.32230751505676 134.34167579227596 241.47003831449365 176.32867568977417
198.1830045703182 221.3114818754102 125.3372973683172 260.64946218637897 182.7592387428822 164.90454630949853 186.53829785523112 209.24800478475026 393.5734098005946 333.006339176201 248.71118049829693 186.2368075009963 253.59372808624494 196.86007573652296 164.20383324980457 177.084535761599 151.4827675203578 236.03234857922007 115.12532831463204 147.76367449940608 127.18248049038903 153.39254231322275 270.3837775679872 183.1204591008559 123.88063082375811 239.81913539175457 154.0358442938391 134.34167579227596 241.47003831449365 176.32867568977417
152.16646959894206 221.3114818754102 123.5811774218505 241.0124415618434 182.7592387428822 164.90454630949853 146.28334493559714 209.24800478475026 349.5268948863845 333.006339176201 248.71118049829693 154.05853886239174 253.59372808624494 139.84527934790958 152.66338448001852 144.4274002544298 151.4827675203578 236.03234857922007 113.87029695084675 145.08398963869467 125.45949136584477 153.39254231322275 270.3837775679872 183.1204591008559 117.26952875445886 232.3650359142266 154.0358442938391 134.34167579227596 241.47003831449365 170.1679275331444
132.47874663841003 144.45473054992 123.5811774218505 130.2764841831604 123.47126138697286 121.08836708195258 117.4401945992795 129.04292462924013 164.5704063771591 159.96754727517282 122.33809412075925 122.62416669236927 119.48163073471324 119.37381509070019 133.83712001693084 125.34677180075505 121.35491091050108 156.41546908423197 113.87029695084675 115.00847403778153 112.5442063701721 134.45413729074653 216.8624887199221 183.1204591008559 111.2110987325841 134.21752633518327 115.78892332684518 134.34167579227596 216.97663033552817 129.82326690093123
120.15587145569134 113.63696686200137 109.64616504290461 111.28018275486056 112.51162093311041 111.35340391291538 117.4401945992795 107.99772680044362 108.68077750028851 113.39209455201944 120.08452625379505 106.04090245525686 110.16334214770268 105.60430463881085 109.04695829053162 113.42780631238793 109.69564526048589 123.8087228971649 108.07580097069194 112.74428321477944 104.5772163769293 121.44726749601568 208.14268060171116 112.20086525355055 105.76619745636663 110.35656602149265 108.81759801558519 110.80806914328878 147.44203039664717 110.17710714542773
104.62799197645563 102.41039860482124 104.60245847239912 105.06329990331596 101.81037038624117 101.34683481668162 104.72935981017463 101.52661703460717 103.28111179176722 103.5386930540094 109.03075466445125 101.59193949770452 101.10231769355096 102.54264338074745 102.90834510485001 105.0421293246186 101.6792555012189 106.54709913087618 101.63245825643753 102.49578929476638 101.08738637402257 104.99578005955709 205.32866541517978 105.63215925955274 102.11284954625035 105.27996389395958 102.21608720077802 101.65227209019349 111.13963460075684 101.63744439506263
100.64537777586656 101.0145315696218 101.01047597348543 101.0906979243955 100.7351819164137 100.67504819215083 100.8305574719343 100.67758389178516 100.80638991553269 101.2932516492333 101.05527659406107 100.7512044620953 100.7007115079141 100.6913105933063 100.99077689117485 100.92044203463729 100.73147907003795 100.93135045466988 100.62989320209635 100.65298241799974 100.65446456010841 101.14951850170519 105.05277325704128 101.3545264610566 100.68473419744714 101.17246635973561 100.59862083446069 100.88541128809948 102.47224378248757 100.90186840690421
100.60202669282853 100.59604276397476 100.59993379757407 100.49576498037368 100.38835756680328 100.40769396119504 100.48000794834479 100.49229972084504 100.62871182248273 100.43240228525883 100.65989672951446 100.43832125645758 100.40599583688163 100.5356257939643 100.51310627115981 100.52352022803052 100.5328116025039 100.55274873326698 100.4809732341414 100.4904055898046 100.39247299055205 100.53067778733748 100.76443216699226 100.62271015997021 100.58785648084995 100.64699130385043 100.54179518408364 100.45577054484738 100.68280112572756 100.48146676008082
100.36474739289997 100.44168700808905 100.2896914380267 100.45267472320211 100.36292398674595 100.39415098736526 100.40588508389192 100.36532770803888 100.3523981708936 100.42677543235959 100.44436760762528 100.41211211452855 100.40599583688163 100.44865945181209 100.47579512414904 100.39523027318319 100.45546260530955 100.45953655410176 100.36108455212434 100.4904055898046 100.39247299055205 100.44067782358843 100.57500166246155 100.52965660773407 100.44834430369747 100.44031620488158 100.49855117789411 100.4442319898194 100.41581286638802 100.44975121287598
100.34746515617144 100.37385636679255 100.2896914380267 100.45267472320211 100.35476158524034 100.38513310522603 100.36072527902843 100.34603565829138 100.3523981708936 100.3583425368638 100.39676078379944 100.30411804287814 100.37356465182847 100.41267814363209 100.40183860918705 100.33836290496129 100.35352147917092 100.3868320752872 100.36108455212434 100.3070957382879 100.37270060740548 100.34901815955618 100.35020997497577 100.42991168127674 100.41449487143655 100.34649869553323 100.27724635661025 100.3272262175351 100.28880620141672 100.41851985600397
100.27099570373821 100.333386467722 100.2896914380267 100.33251454341143 100.26099882992276 100.34203439223893 100.33636809597601 100.2601287422599 100.34043403187025 100.32524023291762 100.29206734347645 100.30411804287814 100.31072133040743 100.27387268665598 100.29160526755686 100.24355289267214 100.27392359829855 100.31964974838775 100.3162703425819 100.3070957382879 100.33342040147681 100.31593259573265 100.28724760086516 100.37435849553094 100.26895948146694 100.34649869553323 100.27724635661025 100.32691384336749 100.28880620141672 100.32692854803872
100.25801508826225 100.2793472492981 100.28551840836826 100.32215942125549 100.2360741514367 100.2742247405622 100.24326830509153 100.23354072632765 100.27880513482296 100.24660111195453 100.29206734347645 100.23815025558406 100.27290858507786 100.25055227620487 100.2808899287902 100.22676341911574 100.21037338699352 100.28360108337938 100.28467831368653 100.3070957382879 100.31100000080642 100.24586310835502 100.21539476196449 100.28490490157765 100.23897331916305 100.257128932255 100.22715823875387 100.25585093954578 100.26594918036926 100.31440638927961
100.13900736941378 100.22171531870345 100.19944176410218 100.19424733488768 100.19197535578724 100.21948677359842 100.2281551798701 100.17080278164485 100.23176677629681 100.21250849037824 100.19891680486853 100.19267079682731 100.21870483407429 100.22278025952392 100.18348199638649 100.16605706335395 100.17766161167447 100.18592091772507 100.15442051247464 100.21201405578313 100.1529331474162 100.20356898009823 100.21539476196449 100.13792344320427 100.20792127369214 100.19938606081496 100.16589364525635 100.17680998196374 100.18259395529412 100.20075458074689
199999.0 199999.0 199999.0 199999.0 199999.0 199999.0 199999.0 199999.0 199999.0 199999.0 199999.0 199999.0 199999.0 199999.0 199999.0 199999.0 199999.0 199999.0 199999.0 199999.0 199999.0 199999.0 199999.0 199999.0 199999.0 199999.0 199999.0 199999.0 199999.0 199999.0
