475.2855056600133 1445.1313059863182 1411.8248845226253 1124.1514015760076 1497.0201902336362 2000.3989565013944 654.5767337512316 487.8272586197877 923.3782393988431 778.9184210237022 795.1058806515666 1599.5751332735867 963.9413245244409 724.2934814472806 979.2460790447449 1148.139038586426 790.7943054335169 1192.0596663793513 862.9503051329357 717.2474576817508 652.9681498736918 1112.5182196832257 1350.1408581519736 769.3056132816846 1934.4595191391436 656.4745838122785 675.5302901802233 865.8005255246553 1052.7891661800886 591.9370339664702
475.2855056600133 1343.4732657556688 1083.15308633023 904.3490148665433 1112.4149163695074 1648.434211372708 626.2827829866264 487.8272586197877 237.9750444904571 422.1440272694017 795.1058806515666 593.9836904442518 843.375955964183 724.2934814472806 633.4224613788479 655.3152755108299 551.7251692576983 1036.1653766966192 862.9503051329357 717.2474576817508 651.4310331162478 1047.7015369591063 1350.1408581519736 769.3056132816846 1239.921921401507 656.4745838122785 457.14342823656034 865.8005255246553 818.5120724035478 591.9370339664702
450.320024172157 625.9820843739672 726.8785263567343 448.97690544964007 921.152800330769 926.9219416475617 575.7928056063538 487.8272586197877 237.9750444904571 422.1440272694017 795.1058806515666 593.0827088184756 843.375955964183 659.2264418712912 597.6139691944045 655.3152755108299 504.76270317069884 799.07397658848 445.6221521596476 717.2474576817508 438.5396546564675 714.0100004681653 716.8965503799909 711.7584482843495 550.830870569519 418.7515422925162 457.14342823656034 813.714497109012 600.9456295810851 472.24197095916134
450.320024172157 625.9820843739672 726.8785263567343 448.97690544964007 921.152800330769 701.0485293505167 485.2969911439659 487.8272586197877 237.9750444904571 422.1440272694017 730.5519522441245 593.0827088184756 533.3787233959579 322.5126467401751 597.6139691944045 435.40098637234405 480.5324874841335 799.07397658848 445.6221521596476 343.40721502182123 438.5396546564675 714.0100004681653 429.58755239025095 711.7584482843495 541.3108499284363 418.7515422925162 457.14342823656034 797.2690743149747 600.9456295810851 445.1742819958836
450.320024172157 205.05374419207646 433.00096588984115 448.97690544964007 261.6388163103811 701.0485293505167 485.2969911439659 487.8272586197877 237.9750444904571 422.1440272694017 541.3655280623511 593.0827088184756 282.40566226094325 322.5126467401751 290.66976936590163 435.40098637234405 480.5324874841335 705.4267982983979 445.6221521596476 343.40721502182123 438.5396546564675 516.3049984838221 303.25223676906853 641.8257774116487 538.1029980630897 418.7515422925162 259.08569495706115 723.9222088322626 600.9456295810851 445.1742819958836
450.320024172157 205.05374419207646 433.00096588984115 448.97690544964007 261.6388163103811 338.99314268113994 485.2969911439659 487.8272586197877 237.63543750448298 422.1440272694017 511.82863535850356 593.0827088184756 282.40566226094325 322.5126467401751 290.66976936590163 435.40098637234405 331.1490037703966 705.4267982983979 445.6221521596476 343.40721502182123 403.7639561222845 442.8900406965863 303.25223676906853 448.373435034232 73.3691386260034 418.7515422925162 259.08569495706115 189.2328476904263 513.7725072274216 359.5374344131428
450.320024172157 205.05374419207646 349.5206931533821 362.4867616434817 261.6388163103811 338.99314268113994 485.2969911439659 367.6573246986436 237.63543750448298 422.1440272694017 502.44973336594967 469.407519343069 282.40566226094325 234.57912494065476 290.66976936590163 435.40098637234405 331.1490037703966 238.17979350574115 445.6221521596476 343.40721502182123 403.6199805703345 316.3748244323274 225.89571498891655 294.2494152727063 73.3691386260034 418.7515422925162 259.08569495706115 189.2328476904263 77.57582758907438 359.5374344131428
74.58328413194567 95.29413723217658 209.96648476488235 90.58785756583165 104.42251207033496 150.76412332288874 205.84417326861603 93.97377602923416 44.81410090208783 126.10992602040187 100.12362762369276 75.76061875207233 132.06316866596444 130.01841423471615 208.40736319060488 219.25445544982222 165.85797665383643 65.37111118665689 192.51186870939455 70.47398386921805 97.68075272099668 117.42707394667787 82.15026291016738 87.82860600561798 60.73805760221876 178.79441925045876 87.2342207593847 175.32891669957644 77.57582758907438 110.27959716980786
47.628927182329335 73.02364086014677 56.349577811848576 76.67399307355481 75.39614901749474 52.670014503276434 60.32110193890367 52.68108351252022 42.312136227380506 36.709593570135894 55.09068033970425 67.09251331904215 67.67990722285504 51.80168284759293 45.70832054155653 78.18295692821721 46.54672615109121 65.37111118665689 47.32667185007722 66.98809808715532 59.96339233460185 58.20308247550611 59.15080116222134 83.01560801483447 48.879832161783725 63.486389947585394 52.58052336650326 80.72866852766765 59.14989740468263 48.909991699287275
46.35422468455863 38.354417775518414 37.72292858591527 44.447198654259864 44.29517430580108 41.496594268228364 36.88643432742401 42.14880971717503 40.209020503160446 36.36732754122113 42.05015409826274 46.043840375690706 45.80747147732018 47.13949825472673 43.07573308874271 44.43580504841793 46.54672615109121 44.60092840193602 44.96261904937137 42.656721246557936 39.41140931055952 49.271780615157695 49.090836897174995 41.018264975426064 39.560702838422 44.614944779916186 40.95746357119833 40.781877974512554 38.54720777807597 36.20198607534803
34.90449398727833 35.356873465589615 35.929830846586356 35.74643470440287 36.14810127506462 35.82096800274394 36.776390665605504 35.95492255247518 37.82989342792462 34.4837578002589 37.72432871046067 36.1796785079614 38.46648198796902 36.022979297546044 32.98909951718724 34.704482039088816 36.31289813589774 37.368116991270654 29.85632937278342 35.4323185140006 32.77067829063844 37.02632915907725 38.058756875529525 33.65171476703108 36.392107070507336 38.97111387789755 38.101952850549424 35.520345242232 35.67935393861808 34.38850669857311
31.826946549523655 31.184912748577972 30.295294545728666 31.7361200286814 31.736641805190175 30.255789991367237 33.766579068419105 30.20455708592044 30.38798409742185 31.251540679828395 32.57892822561007 32.78024552516126 33.76017861106993 30.26175012241265 31.410866300688213 32.11683800447918 32.11193520476763 33.33818941489062 29.74022438628208 31.0055127938017 29.110437454038674 31.435587754262997 30.64240084776202 32.460048133673354 32.76414114490308 32.81076356490439 31.766300006098845 32.93983713593161 33.12713312003416 32.417298110814954
27.278241734070434 28.238753464362162 28.43924823570478 28.71277163018931 29.586936278934445 27.318141746885885 30.129217468677325 27.858468330996857 27.882258484972226 28.396647144790222 26.393141010154977 28.37578637820434 28.026852538298044 28.207274754431637 27.961728145211055 28.4365507808634 28.84989490436874 28.47174705326188 28.837733895293695 27.648033657996166 27.608105260679167 27.823682020718934 23.997050474763455 29.163028713410313 27.520848360247328 28.615891081230075 27.49644022057464 29.225389344918767 28.990378111552218 28.899387602392835
25.236577380497238 22.291117710411527 24.977306240429698 25.84509375884727 26.241232521987513 26.1256130350921 25.44164112072349 25.830499530487486 25.99339219469084 25.406252008922365 23.926717862641 26.257536748077655 25.39767155414438 26.05842289373777 26.053174938519533 25.39311119328613 24.88574895348438 25.67907097164789 25.056835653101643 25.255097314198338 26.411307955612756 25.76507992329789 23.725378603760873 25.431728899759946 25.230085794288243 25.800988541630886 26.628530683106874 26.016322058815604 26.013575674925505 25.711854831015444
23.414611092906853 18.46015370656005 17.498870988313683 23.574956389906674 23.859809608937667 23.271611059350562 23.239781052596754 23.843154504669656 22.928088488933554 22.617393661760616 22.019733628158974 20.939658332980343 24.096350899156732 23.064606045268647 23.55323249738376 23.735373207480734 15.475406556681264 23.78378820811986 23.676739647654358 23.462817163615455 23.561535540619843 23.003996021234798 17.747091322852157 23.728216763898672 23.717361221158626 23.797955942238787 24.029357503876327 22.93997845337526 24.092663098635057 23.38195894876162
10.259527886193155 2.6697970995328433 0.18843837705071564 20.55500776718418 20.170125397123684 15.859113939139206 20.503619371647346 20.30357172991853 20.312251088706944 19.530734087280052 15.054591801498646 16.32341310017182 19.82280309951284 20.19669746441423 20.99003713807133 20.705181914498553 3.071390599780898 20.507868756039443 20.788575204158406 20.51713813619972 20.238682154854814 3.307157331993949 12.623769247210475 18.901167261077717 20.360549213562535 20.173802298150804 20.28852607952649 20.135736309010554 20.536791770045966 20.12083817992243
999998.0 999998.0 999998.0 999998.0 999998.0 999998.0 999998.0 999998.0 999998.0 999998.0 999998.0 999998.0 999998.0 999998.0 999998.0 999998.0 999998.0 999998.0 999998.0 999998.0 999998.0 999998.0 999998.0 999998.0 999998.0 999998.0 999998.0 999998.0 999998.0 999998.0
