292.20030307671414 57.15059028591122 328.0247778253315 222.9163337985574 229.5009137206498 121.99632662099248 160.41165576281492 86.39277910298597 86.20868185536801 300.27966670349133 77.07740537130121 79.88722660904978 227.04129109037785 59.017636398587 120.24631297380938 171.2341451033135 417.00227881803175 68.81408800926783 70.21992603684885 221.22791045736903 83.29947095073658 153.73515722062848 151.3299097557856 71.60950515068862 62.30680594377054 88.99774778185702 69.41520651403061 217.4587076310736 135.7194073778237 69.6917176109555
113.4343000880699 57.15059028591122 260.5747452297919 222.9163337985574 199.0298826766657 97.30249751435667 160.41165576281492 39.49764468793137 86.20868185536801 172.04370747611074 77.07740537130121 79.88722660904978 161.60232544562678 59.017636398587 100.40558694377023 171.2341451033135 42.71493516541841 68.81408800926783 70.21992603684885 118.44367339884138 83.29947095073658 128.67347378680188 151.3299097557856 71.60950515068862 62.30680594377054 88.99774778185702 68.97851335374344 186.9660695707862 135.7194073778237 69.6917176109555
113.4343000880699 57.15059028591122 260.5747452297919 171.79758846423556 199.0298826766657 97.30249751435667 57.32936226016636 39.49764468793137 86.20868185536801 69.58746155833433 66.4509333994256 50.101610700113724 50.99372130209986 48.48557623310444 80.92301517321312 107.75144809069207 42.71493516541841 68.81408800926783 70.21992603684885 118.44367339884138 59.35733796915565 109.31684029999724 92.61532086061243 71.60950515068862 59.45546920455081 59.42358720158154 68.97851335374344 186.9660695707862 129.04311126215862 69.6917176109555
89.11622921514709 57.15059028591122 76.93967131411728 100.45329273483185 199.0298826766657 97.30249751435667 55.79567736228955 39.49764468793137 80.99268345583914 69.58746155833433 52.100596929790754 50.101610700113724 36.30617033514409 47.53931965268612 80.45451025783086 107.75144809069207 42.71493516541841 46.86294761454428 57.788507328472406 118.44367339884138 59.35733796915565 109.31684029999724 92.61532086061243 71.60950515068862 59.45546920455081 57.97690289466527 68.97851335374344 107.82043266651226 129.04311126215862 58.23058192721783
79.62916032539579 57.15059028591122 76.93967131411728 100.45329273483185 69.80522998530614 97.30249751435667 43.08285312134876 39.49764468793137 80.99268345583914 69.58746155833433 52.100596929790754 50.101610700113724 36.30617033514409 47.53931965268612 80.45451025783086 107.75144809069207 41.64947257649783 46.86294761454428 57.788507328472406 118.44367339884138 59.35733796915565 109.31684029999724 79.54891243272778 71.60950515068862 32.320245558886654 57.97690289466527 48.615513026787085 106.0402685055492 121.65709238162799 58.23058192721783
79.62916032539579 45.7434917055989 67.79141695290673 58.59050307575717 69.80522998530614 97.30249751435667 43.08285312134876 39.49764468793137 80.99268345583914 69.58746155833433 52.100596929790754 50.101610700113724 36.30617033514409 43.18950217499514 67.90474670649519 90.06763736214316 41.64947257649783 35.57036961294216 57.788507328472406 47.46220952298472 59.35733796915565 88.91100844970333 79.54891243272778 71.60950515068862 32.320245558886654 39.38736253865818 48.615513026787085 106.0402685055492 64.53243187112867 48.00143553803946
71.59811914276224 45.34245668574431 52.64636090679551 38.45909833640235 42.265766343630276 81.8221440289476 43.08285312134876 39.49764468793137 57.647587752976506 49.39299578160899 52.100596929790754 50.101610700113724 36.30617033514409 43.18950217499514 67.90474670649519 59.673556207576894 41.64947257649783 35.57036961294216 41.54894491286677 47.46220952298472 59.35733796915565 57.29532645481595 54.216780472519076 39.60463816599986 31.835006084805627 39.27491159850433 48.615513026787085 80.62857612830612 55.7633056930963 46.10297547677146
57.23270544135721 45.193950933316955 52.64636090679551 38.45909833640235 42.265766343630276 39.11108504379945 38.373253589390515 39.49764468793137 54.018953755584334 43.09972547269308 42.809151936332455 38.03352751065768 36.30617033514409 40.67135365893819 31.620691311309656 51.08095676304447 41.64947257649783 35.57036961294216 41.54894491286677 45.21630310387263 52.32094341019774 51.00802031080957 45.99139543526417 36.502521318896925 31.565179278905816 39.25540447996809 39.205782299659404 45.51877885405884 49.76342879791446 46.10297547677146
38.26118327331142 30.794793875589676 38.81734643551863 32.535425705300895 37.46000247858774 37.788895211048384 36.15477328926772 34.877105248755925 37.62202674057744 36.033087746104684 33.30433677450992 31.013722712614253 33.06586443097558 40.16344967683699 29.850817504943734 33.48765156220543 41.64947257649783 35.57036961294216 36.16278427566158 37.03026777866398 30.370591303445053 40.71917837767569 39.24162103510207 36.502521318896925 31.565179278905816 32.203943130377866 31.152562671241412 35.59811725831878 35.237649109106314 41.13433221169453
30.57526021412741 29.958900503870154 31.77050896941364 32.535425705300895 30.39956797859213 32.66644537373577 33.25309178135922 32.21983673304385 32.17130695216929 29.670216055528726 29.60923314754882 31.013722712614253 32.183350668227376 30.57180971972184 29.850817504943734 32.58361533540301 34.30843564136103 34.020262749912945 29.99840390037116 30.523896360202343 30.370591303445053 23.601122251815013 33.09622523206508 34.12442957089797 31.440611293596703 29.022703280331825 29.37331033708415 29.9366023098637 31.18666990305246 27.69763810729637
28.580838921292525 26.363919802941837 28.594697381278365 27.62334579575645 20.741613221372972 28.582769196899335 29.618147806902925 26.33346589948087 22.00833905233685 27.590860504585635 25.231959320616625 26.89389121339582 27.69454296489539 26.368791316365332 26.476163989440465 28.142058572388578 27.52388483308414 28.919527567582918 28.137351447721812 26.78027719874899 29.83981638443538 23.601122251815013 27.93986799822096 29.511781049614 25.396188992803218 28.191261936567116 28.7371236969002 29.002600113313747 27.678496121820444 25.630024974990647
25.736755085927598 22.27547453022453 24.87495962143339 23.403085857756196 17.87013900004422 26.287720079623796 24.926070460258416 25.562391910229962 11.617244104683778 25.2112070396538 24.964996819497628 21.609900351169927 25.276385035241674 21.999739450405286 24.892684372565327 25.97257457921296 24.339088513353545 25.799225391559048 24.665573676174063 25.501200540636546 25.163120642884678 23.082507425407584 25.99953757415733 25.293330667217106 25.3946735001482 26.155858449437346 25.39276278393936 25.336759228918254 21.09301904054928 25.28465281815261
23.838591207704212 17.800084869350485 19.746756069850562 14.759398616291492 16.396525826568904 20.24849502728057 15.558741070892665 23.401830542394237 11.016996922780436 9.095447024907571 24.456077956413537 17.55898425239957 13.456924880925726 21.093462012298914 23.941426040781607 23.82797448032261 21.093941092347904 24.371432095093496 23.748775512832708 22.661037446593127 22.877497026646324 16.316813918041134 23.22264765013142 25.091541183892332 24.1657668815933 22.620309784480014 19.117610217767833 16.359015577222635 19.92530206633637 13.656320958642027
22.799292186489765 11.424994162849543 19.546982957702767 12.866624649870118 14.27871283717468 16.118323001709086 13.895907011668442 22.588409875278103 7.40964220858541 8.682965744627836 11.304663883329795 12.09829313740147 11.625378275666208 20.272354843486937 22.9760929353547 12.777893849319753 14.241029380125838 23.270916075741297 23.123058080567716 22.07861682405064 22.36086638392635 15.640043188961954 22.67526944711244 23.152610928033482 16.62554034268851 22.59981827487627 15.771565154057043 14.39691939468321 13.138319992783636 13.444207650524731
20.59158351396809 9.74530831767106 16.72391454428407 6.927909934629042 9.076624534119219 12.926691371174456 12.588606128858373 17.291279467787717 7.013905237119161 5.652442240001619 9.20117356033461 7.964661238356712 8.962594874376009 15.726249071358325 18.515870027207256 10.854599999190668 13.217554688332712 22.626963620918104 21.80194572262917 7.951001642155916 22.054630545540476 10.42505117888004 9.809105734367222 16.203564469034518 9.895053260304394 19.212714639366823 11.456738991999828 9.759327601666428 8.590784431117754 7.217818410977998
0.7598153618555443 0.7283713840556629 0.6569303655019212 1.6099605032527506 0.3664925326024786 1.2727569177459372 1.2709777313552877 1.623138913535513 1.1670462638840036 0.26847605889633996 0.4075821841593097 0.34148739026204566 0.31218306560549536 0.37450477160700757 5.809257417643494 0.36923506911807635 0.5072892236189546 0.2864645742988614 1.2894626207621513 0.8875610906393376 1.5692647467894858 0.5000758579521971 1.3342104943981212 1.1388723870963986 0.6683303416748458 2.207267956402575 0.48120387438302714 0.5525694589045997 0.5548593400985737 1.0760874792772483
199999.0 199999.0 199999.0 199999.0 199999.0 199999.0 199999.0 199999.0 199999.0 199999.0 199999.0 199999.0 199999.0 199999.0 199999.0 199999.0 199999.0 199999.0 199999.0 199999.0 199999.0 199999.0 199999.0 199999.0 199999.0 199999.0 199999.0 199999.0 199999.0 199999.0
