887.0252270731457 989.3014398338637 1833.797905903799 1214.407794775283 965.7357364432141 1190.1639655299568 706.1710114305238 1383.173780409721 2127.9685650086867 1085.125951265656 1192.4489000954336 1034.9859003170495 702.4801866109347 1089.23386852676 1458.025422945252 1753.6437395299718 738.7919138973161 623.2101591705778 691.268456939049 1456.2859297338919 1158.968413644674 621.3282221123936 863.3369633951424 817.3202382622108 618.0086245950474 1129.0219981511227 2033.2510093610208 1105.05219712074 1240.7342149492988 1330.3330543983848
887.0252270731457 796.6479182561652 1833.797905903799 1214.407794775283 637.8673848533317 1185.465344604921 422.21687477164414 826.7172642626228 890.3561647070678 1085.125951265656 895.8045385488422 1034.9859003170495 438.1346686863726 1085.500375344901 1458.025422945252 679.9840916709518 697.2859363780194 559.5855320443211 691.268456939049 920.4896788046635 1158.968413644674 437.9731259730215 707.7164492057464 817.3202382622108 618.0086245950474 659.6134101719358 1122.5618301729364 1105.05219712074 917.4157641790375 1330.3330543983848
887.0252270731457 796.6479182561652 1564.3157103544227 819.5679932442408 633.1612897839696 708.8702546540699 422.21687477164414 826.7172642626228 520.9408599386716 1023.1932074401948 895.8045385488422 867.243453688608 438.1346686863726 323.6781844332436 526.6378668419743 679.9840916709518 697.2859363780194 559.5855320443211 691.268456939049 443.0714672533077 485.7080662350804 408.83073419690845 409.0888196600963 817.3202382622108 618.0086245950474 659.6134101719358 672.8664844222808 578.4120913257398 669.7162550361932 1144.2509077419309
887.0252270731457 518.200820182411 1091.0549649418108 621.0694271808165 633.1612897839696 708.8702546540699 422.21687477164414 826.7172642626228 498.9744371627803 874.403107092689 514.4617181744852 867.243453688608 347.81589002339433 323.6781844332436 526.6378668419743 569.20002125566 529.0749428209015 559.5855320443211 691.268456939049 443.0714672533077 485.7080662350804 408.83073419690845 398.61061686740186 805.2967299814891 452.43851465102034 614.5449536602314 597.5153603920244 578.4120913257398 669.7162550361932 909.187208583553
883.8328498891192 518.200820182411 1091.0549649418108 621.0694271808165 436.17147976153365 637.0749793687523 422.21687477164414 679.6641247856296 498.9744371627803 874.403107092689 513.9851898874695 867.243453688608 347.81589002339433 323.6781844332436 526.6378668419743 569.20002125566 501.9701058259702 453.4197445218383 661.3809806331456 443.0714672533077 485.7080662350804 408.83073419690845 378.94282915327267 661.6153041438038 452.43851465102034 482.4081687847006 597.5153603920244 575.4908589257689 570.6811185793263 909.187208583553
883.8328498891192 518.200820182411 899.1468647822599 326.6355060298333 393.36648202271635 331.6500272878352 422.21687477164414 482.3259806195538 498.9744371627803 558.3761622539969 513.9851898874695 681.6362918107611 347.81589002339433 323.6781844332436 449.85408794692785 569.20002125566 412.94283319450415 453.4197445218383 661.3809806331456 358.29391881913534 454.10257891989613 408.83073419690845 333.6438821198867 611.4221197809666 431.84612884654007 482.4081687847006 340.8568487079765 514.9916933974159 491.2145073470756 448.0904761806123
502.2274080989232 309.1984532514366 541.4098567268688 309.1914059220476 321.09741739846595 279.71228830715336 353.58125548303724 350.0874474931761 346.4661802302585 315.2519849948776 451.3805844191488 681.6362918107611 306.2681564459608 245.48298941048915 449.85408794692785 313.0848761695688 368.06434065240865 418.6552064771249 301.0530518423807 358.29391881913534 415.61398276535056 408.83073419690845 311.01339167652804 359.70950560403253 422.3237937572717 262.86664677621684 340.8568487079765 387.21153027432774 352.12628626963806 448.0904761806123
424.858695255999 229.60238731497566 324.17828718544706 305.44315795630155 274.15591723675516 269.3271306668348 279.84889134721107 338.26718574552297 236.37253675145257 228.54852937386022 239.71411669700683 255.22282222255535 254.42159975362256 245.48298941048915 296.4281394470968 260.14169699364356 279.06831176168225 279.1156427368046 301.0530518423807 262.00311436582115 211.63640311796826 281.52668202038285 292.2486732485777 239.56847648707435 251.76097095951354 262.86664677621684 314.7138463185506 242.10347061778702 211.59104007462247 396.7064365782762
225.86588354167725 191.11490531047139 236.08850162410772 191.23570472301526 203.24542216199825 190.20975387747058 217.94465843716262 217.90583601349817 220.65394563044492 216.78031920015428 199.0413477195766 247.88280582873085 206.71295851551213 208.4221771697744 203.49872612981062 213.9758805244942 214.06791768832045 200.14292316966657 201.73770742235183 190.48330740127312 181.88293156228247 174.71188579043655 221.13105654075116 202.004132383895 214.68661769122764 186.72531363157168 202.25469820778835 192.63446801149075 194.36461550817103 235.87823864258053
185.34000078120653 180.29736537305143 198.70324167249646 186.97486087601192 192.95968048242003 188.20986719980874 171.5087429361538 181.00540466099937 187.8238942610351 177.72288545235187 184.29934521471705 192.52061608496797 179.24293278729738 178.39709676758184 176.58244298953196 162.78068615606253 164.1024739758309 186.34747921122516 187.64187812886485 172.55442825258297 173.0741346040836 174.71188579043655 179.568129437685 174.13143898919952 162.44933821692075 171.0603090745194 179.758960991207 171.82888555448153 181.50871332927773 198.77047188414917
167.76859476460186 154.56508129297254 169.28947951294867 159.709582327916 161.275211799893 156.2790433922837 159.22426819762632 161.56017347049965 158.42893052678437 156.8716566147823 151.53089027930537 168.03186515616426 162.67200217970594 157.2930511417576 161.53710270814327 154.83325869696728 153.15285864326052 161.33910719243204 157.6915442908271 162.00140644574594 134.69932285385403 153.1540313129276 145.038545686617 162.19809021167748 160.48848131079058 156.39535516306933 163.25383120545303 156.60640290628498 158.95331601917042 159.23833300451042
159.2554798693468 95.7192001504668 155.2467035648674 108.58890961089583 142.38077205157106 124.00690315863494 131.39663997364732 144.39867051562805 118.4197073977607 100.3872188409091 100.87054029029787 145.32361441986222 128.5702576464978 115.58053638609044 146.6418934947842 91.02022380911558 101.4914832864647 128.60196503512634 117.09914994562041 137.40337641289307 89.27344295812873 93.11286977815507 87.15096637318311 94.00220971069893 90.60730502765318 112.38092306746876 134.7976749810582 84.94899272650309 102.41667482558569 125.6283213196366
84.6777772542655 23.696561054957783 65.46491571443539 34.096558092932355 34.835960621034246 31.514108283875885 22.63966125376419 27.471016001039516 31.98227897726929 35.0549626344673 26.413435933163328 48.80876515645059 27.711560523433036 18.983162289581742 45.20045219235817 33.33868116218537 18.648655022907406 19.11038137536343 23.59788882585417 28.85916424201787 34.700860138817916 25.55947214721982 17.829025917531908 30.852554513360246 29.325041699411486 26.716662341340907 27.51951451083005 18.809135489296295 35.161004843196224 30.675343231956504
10.22562898129172 0.18701591899798586 2.76274095197914 0.48762538344226414 0.5132387670091703 0.3646487585260729 0.27079605114795413 2.793100331797632 0.709474979760671 0.6856716266815965 0.42466542510965155 0.7594364014184976 0.3378990511446318 0.19113373322807092 1.2093559381310115 0.12398488828466725 0.1394960088946391 0.294315210224795 0.3581661017174156 0.6825891567782492 0.3428397072984808 0.23654457402608386 0.12083656336290005 0.38245640074410403 0.33416746391822016 0.49822345082748143 0.39759910153907185 0.32553054726395203 0.4031676538661486 0.6733550041199123
0.0002236265654573799 1.988905751204584e-06 3.1731048238725634e-05 6.698970082652522e-06 9.013820090331137e-06 4.390003596199676e-06 4.206585344945779e-06 4.413308943185257e-05 7.976585493452149e-06 7.713601007708348e-06 5.002593297831481e-06 1.0925240076176124e-05 3.971204478148138e-06 3.7175618672335986e-06 1.4961874512664508e-05 2.746094651229214e-06 2.139048319804715e-06 5.343217708286829e-06 5.05799062011647e-06 1.2612523732968839e-05 4.659895694203442e-06 2.522561771911569e-06 2.322599812032422e-06 5.157985924597597e-06 4.197232101432746e-06 6.333579221973196e-06 4.987979536963394e-06 3.6568021641869564e-06 4.591296146827517e-06 8.066055215749657e-06
1e-08 1e-08 1e-08 1e-08 1e-08 1e-08 1e-08 1e-08 1e-08 1e-08 1e-08 1e-08 1e-08 1e-08 1e-08 1e-08 1e-08 1e-08 1e-08 1e-08 1e-08 1e-08 1e-08 1e-08 1e-08 1e-08 1e-08 1e-08 1e-08 1e-08
152237.0 142002.0 147924.0 144344.0 145823.0 143540.0 142519.0 147924.0 144841.0 144940.0 143843.0 145530.0 142930.0 142106.0 147830.0 142930.0 140318.0 143742.0 143641.0 145432.0 143338.0 142210.0 142106.0 144742.0 143843.0 143843.0 144244.0 144344.0 144444.0 146979.0
