870.0236880588218 813.9645786081987 1122.868258014255 813.8113327210476 1037.3105812257681 740.2948304344873 1556.3500957764913 887.5083001637017 1159.9982580284013 908.1350541175839 1381.5212671316785 1078.5217956499628 1041.7913604936102 727.1090146687575 967.3530281334952 802.4201647981336 1640.153586077704 1155.4092440935692 848.8112565006359 1281.0227419722964 1467.0833600590267 811.9444816230048 918.6658474314427 1084.0730637243892 1111.929582862455 1139.8675191920956 810.5658017129635 1185.7574770930032 1070.6185855636395 731.869142047377
771.5997387770931 721.1563647764788 1122.868258014255 813.8113327210476 1037.3105812257681 740.2948304344873 891.2405555734249 887.5083001637017 905.0235826125963 523.0148451590549 1134.3629156680663 885.2065508831174 831.1327248300622 727.1090146687575 876.152105710351 802.4201647981336 646.6372234131809 672.1933210503489 782.8522014996433 827.5122948412672 1253.0801538323367 676.0306365181518 918.6658474314427 1084.0730637243892 1069.1245969538159 1019.4296099603507 567.3656216791906 1149.007423015837 1070.6185855636395 731.869142047377
771.5997387770931 692.5650681324082 1074.9017044971924 690.809589511332 835.7878996762024 669.3422980570922 739.3840082662718 707.6643311631697 784.2552281637163 523.0148451590549 1068.2331663951477 782.4621481858535 831.1327248300622 727.1090146687575 770.0960280369068 590.7179995019283 646.6372234131809 672.1933210503489 687.0402039681958 638.1997630229957 1033.1637807450425 676.0306365181518 918.6658474314427 846.2457073319497 706.6849669597 970.390486539643 567.3656216791906 419.5619958331058 970.0467033035002 731.869142047377
765.8027734123007 627.6615189257973 997.9182939857178 682.4183769248093 813.4563304005428 669.3422980570922 635.3137656923009 707.6643311631697 784.2552281637163 523.0148451590549 957.2863069442783 605.8039841573245 760.9647059343488 727.1090146687575 770.0960280369068 590.7179995019283 646.6372234131809 672.1933210503489 687.0402039681958 638.1997630229957 769.0486637344279 676.0306365181518 918.6658474314427 677.3978046543907 654.0243740092301 869.0769253920021 547.69897504558 419.5619958331058 970.0467033035002 634.3920529136494
765.8027734123007 557.3510920718727 803.5224828753626 659.1291930540178 682.2216962740313 510.17919422122395 586.1801401933599 521.0915383628026 656.71765588782 523.0148451590549 756.6981623866786 509.1434324114389 760.3666753053931 726.0017626061749 726.1808032576164 590.7179995019283 646.6372234131809 652.6978542929091 687.0402039681958 629.1864769754166 769.0486637344279 676.0306365181518 744.4755976321385 628.7108530824362 632.9094093156073 762.7434810589411 547.69897504558 419.5619958331058 816.8747833518855 634.3920529136494
765.8027734123007 536.275458746667 669.8212856017531 627.4267142459607 458.78360143791724 510.17919422122395 586.1801401933599 521.0915383628026 656.71765588782 523.0148451590549 511.4409278353992 509.1434324114389 573.5076645738022 706.937438811065 646.7934655578028 582.4087773378001 646.6372234131809 604.1141116943681 644.5855809486711 629.1864769754166 445.4691566667698 670.9347471445535 744.4755976321385 518.5364776714132 620.0244091992063 568.6554504995333 547.69897504558 419.5619958331058 737.8781630718772 542.8158891738703
677.9314603050007 515.41758499252 606.6504502104854 607.3754285197456 458.78360143791724 510.17919422122395 586.1801401933599 480.109966191832 521.0334455618172 419.967312903294 511.4409278353992 487.60195347611943 573.5076645738022 406.3159892179092 498.7573388243136 582.4087773378001 460.6889196082202 604.1141116943681 555.0658236874438 507.19177661243157 445.4691566667698 651.3101581364463 657.9270959883315 518.5364776714132 565.2004800539653 568.6554504995333 547.69897504558 419.5619958331058 587.5392317256901 542.8158891738703
423.9138564178875 338.0917819321876 307.80818500966643 316.6061636499385 387.9958662223198 474.06709561632533 374.64537245810334 416.2662045038037 438.83417708826937 363.83506143097156 474.89744109904086 304.6840110725716 357.5774522052234 355.6371282325331 442.4237270121039 378.994504078345 401.2169039333048 477.03903715259275 449.62526925237853 398.5071195077071 372.3999056345524 429.51703041227256 443.9539500051483 431.96103254004265 350.9694833652329 368.0388617983617 449.4474954408529 310.29686908342273 456.4212265487881 521.5674558239161
284.7243502082806 286.709373213298 272.8611352909843 249.52067412407177 254.81761392664885 273.494947443623 281.35941424097973 297.4115669161092 320.5704647712314 284.8887662758116 270.42304195413726 268.1499853866967 300.28884807676104 304.9348365139981 299.4644193098602 303.79607931160626 257.5480165533295 287.76605983857326 281.79864464209277 271.7692507851066 276.52527515615293 329.30140804033726 317.4187600184582 253.74158773343015 296.0745187408902 265.96948954354 314.04171611549464 286.06287671401606 282.5333199716083 300.2478087364693
209.35931485064293 212.7109960912244 213.80002862490164 209.0098391322581 212.8443189790778 217.578299398298 212.9638191811173 225.2325690198245 226.59441545385926 216.52718642204354 207.8137236413454 213.5490668816078 207.58822591549642 214.88820451740048 200.78068526543302 220.42669032427239 212.41750966027394 225.66636794974602 213.50086466483026 217.90512824890448 203.82184832152188 220.6242774361226 214.49056929739982 205.14104629924077 220.33796571159473 203.75739831565807 225.16608571440065 212.3428213744305 208.2807119714189 216.8505223982961
189.20956977084143 186.43707540419564 188.22337628924606 186.29693894085221 188.63362828355685 187.2108638974778 187.84022904865242 190.66922197471467 191.6049151851912 190.49369869633892 190.40873207754612 185.09279245103608 187.01122583311553 188.45653549013514 186.5048358524623 187.6862362639613 187.9718969862961 189.9258892232483 188.31055464521933 190.0448897490296 184.37142370792117 190.50108307436358 188.2088575193393 188.80745426589237 187.74138539225305 187.29929206617226 187.46199540740963 187.0745985231565 185.5456587977742 188.3266684402679
181.84411293274115 181.89557836329413 181.66474225038155 181.73537342192458 181.59095330988703 182.03015423322086 181.19546379731537 181.67569850464452 181.9283508254539 181.89550761812052 182.12062478969347 181.403316231977 181.3776531396329 181.60813192989508 181.80803531661422 181.6108055888444 181.6816412433841 181.46620765301577 181.49495586476814 181.78988288060373 181.45075669232483 181.8350403452373 181.8383258023796 181.68965029593528 181.91422965870697 181.56479261282857 181.47891735210533 181.62768333719805 181.9029108554928 181.21541406494634
180.84125054024207 180.85578375400928 180.85947243703458 180.81317127991178 180.8434233781718 180.84490570286016 180.8375261790493 180.86165178032206 180.84506513164206 180.8501644528833 180.82591846182368 180.80908352938377 180.8420693110029 180.8392466812702 180.82657855522575 180.81480720355648 180.81244370366312 180.8551126266275 180.8194829797112 180.8448178653971 180.82066622164484 180.87435928366722 180.87074753087472 180.81190505573022 180.851294087292 180.81833003629208 180.827981032583 180.8343532349927 180.83668657291128 180.8137027411476
180.7825271089814 180.78306144037833 180.78342347008993 180.78345653281076 180.78320782339915 180.7834527949576 180.7830984357397 180.78320566880666 180.7843457600129 180.78261989912244 180.78440559069077 180.78307334117062 180.78303084458594 180.7851584633986 180.78393438770354 180.7835553897894 180.78246154003546 180.78241953148427 180.7827841816238 180.78323965791787 180.7832441292885 180.78347909342165 180.78342870283495 180.78335426591593 180.783102773451 180.78355991164472 180.78368626674728 180.78351759484713 180.7844824462495 180.78513277363027
180.78127233896475 180.78127395350975 180.78127563001044 180.78127238277602 180.7812743240438 180.78127456054608 180.78127307924797 180.78127523317426 180.78127508580656 180.78127345085295 180.78127377344435 180.78127289467693 180.78127383401852 180.7812819261817 180.7812750001217 180.78127389432575 180.78127262604585 180.7812740594709 180.78127273270184 180.78127464355384 180.7812732694997 180.7812768193803 180.78127337639353 180.7812726921361 180.78127478485112 180.78127329768404 180.78127277669682 180.78127272953498 180.78127254371702 180.7812728009635
180.78127167774664 180.78127167774664 180.78127167774664 180.78127167774664 180.78127167774664 180.78127167774664 180.78127167774664 180.78127167774664 180.78127167774664 180.78127167774664 180.78127167774664 180.78127167774664 180.78127167774664 180.78127167774664 180.78127167774664 180.78127167774664 180.78127167774664 180.78127167774664 180.78127167774664 180.78127167774664 180.78127167774664 180.78127167774664 180.78127167774664 180.78127167774664 180.78127167774664 180.78127167774664 180.78127167774664 180.78127167774664 180.78127167774664 180.78127167774664
999999.0 999999.0 999999.0 999999.0 999999.0 999999.0 999999.0 999999.0 999999.0 999999.0 999999.0 999999.0 999999.0 999999.0 999999.0 999999.0 999999.0 999999.0 999999.0 999999.0 999999.0 999999.0 999999.0 999999.0 999999.0 999999.0 999999.0 999999.0 999999.0 999999.0
