276.22849420382 315.580697900155 498.25016681475336 356.926403691592 350.52040306413255 421.377011951864 445.80770384996913 227.7475602649838 372.4072681591206 378.2590108908971 355.0899933349374 353.11093943441165 269.5619428999594 271.0206675490326 393.8137728664292 272.7819926375223 356.33604914701664 291.73453763161024 375.7248929469688 325.4352892430561 321.60753339378743 357.00222495719163 387.5489757713185 483.09255846939413 314.4288467391816 284.2614869622266 326.9200390705719 362.6872801713771 281.81326531346303 311.02281417015547
276.22849420382 315.580697900155 363.74671711153906 351.7414765968615 296.2293506390879 323.59009246450705 413.5538099458422 227.7475602649838 272.15602408868926 347.6437424302694 215.8000835758212 265.9905213478537 269.5619428999594 271.0206675490326 393.8137728664292 272.7819926375223 356.33604914701664 278.6794533714842 218.1249921495587 252.8398270353482 289.89971096589215 322.0213833100943 338.0745613206054 302.4528370107296 313.49301367961016 284.2614869622266 326.9200390705719 338.1824108950309 234.66451474507903 253.07174837099137
276.22849420382 290.614773239663 296.8503245292409 338.3473523274779 290.52719949856373 255.5316145338138 361.36467474482333 222.23995947834692 220.802946199673 298.3390075597549 209.25237603125652 265.9905213478537 268.08558708002283 271.0206675490326 324.27777046487154 272.7819926375223 327.6393285021454 278.6794533714842 218.1249921495587 248.68001432649635 289.82474663515404 322.0213833100943 338.0745613206054 279.16611502473324 307.5208988766776 284.2614869622266 289.5589544617642 248.54959564207502 223.7001924986107 253.07174837099137
267.4716472614018 256.96551271200997 271.83062072744315 219.95351350765804 221.57440627173173 237.67538935260472 275.1357945764985 222.23995947834692 220.802946199673 249.08642729394614 209.25237603125652 224.09698825281112 241.08461945844465 247.20782795967943 323.28866213036054 266.20788428982587 288.26278299276237 258.56083841478494 218.1249921495587 222.2617490126877 277.19643919929877 268.35558200756986 285.64300189258074 279.16611502473324 263.09432766511964 281.7010299363428 253.78685683763888 248.54959564207502 195.24413656696015 253.07174837099137
267.4716472614018 255.59523170543343 271.83062072744315 219.95351350765804 213.30603703150882 237.67538935260472 199.9763233208996 217.5405213910417 220.802946199673 249.08642729394614 198.35802604380024 224.09698825281112 230.58068916467982 206.4079109702343 295.28058324716267 245.87686665661658 287.9372408451568 258.56083841478494 218.1249921495587 222.2617490126877 259.830374124419 268.35558200756986 263.8583391028742 236.5275303772096 260.81481520511215 268.7924416921146 235.0531076785246 248.54959564207502 195.11950361886693 253.07174837099137
229.0818873292037 250.88284701903422 271.83062072744315 219.95351350765804 213.30603703150882 237.67538935260472 199.9763233208996 213.9525548309325 207.15439595846055 240.29600544714867 194.89411846191524 185.41418595757568 230.58068916467982 206.4079109702343 251.5299078868129 218.7875798792179 243.75223129964706 201.7642604292805 208.542147479503 181.73505187262754 259.830374124419 268.35558200756986 234.9288342542809 225.73297286935258 241.22242338246497 212.13891204692254 235.0531076785246 248.2185582673451 175.28636360172095 223.00625335200175
203.66710812084102 210.43136656445586 240.26279095789005 185.11570612904143 204.20682999009978 188.52729399808004 195.99348098585824 205.35482878299263 188.46839236369942 191.63992936061686 181.220049412741 185.41418595757568 196.33308943345037 205.63147260876576 209.00221110808616 196.49299409164632 227.94485328099563 195.0712288532559 189.74291376562223 181.73505187262754 185.3203033514519 220.97133671672555 223.07115996117182 195.89718455253478 204.11706137580813 212.13891204692254 191.80758003203255 206.15523926709193 175.21544144670906 194.23369236963208
174.69975966514903 176.77412016894232 196.84330109625353 172.36800467772355 173.90132457097798 178.46566627104767 189.7621644783094 172.21866046610194 178.64881981485405 183.4115553859492 180.07393030325238 174.62198814838166 176.31321527995988 180.75251145173615 175.60507196755088 178.3649907834356 175.75484410059198 175.16162328594328 182.446639982772 175.4817608218391 183.98399627983645 182.3276950785944 189.83110426218082 190.6874554873234 187.8204388504946 177.71440551695696 179.09504443829064 188.6108016817143 174.8129019345197 181.14957246489166
172.14857745455947 172.6398941708626 172.76778016346088 170.5542504707273 173.90132457097798 171.2701950595556 171.4310623749634 169.81773429654322 171.22400377431404 170.49425250845934 169.59674100493703 171.16411402300082 169.62122425998587 170.29716467292383 172.08746868986645 171.89305831827824 172.57595262814903 170.31580525848267 172.37728776344647 171.69289197750413 169.1111130103568 172.14028202785266 167.04686426662283 171.25969358974044 169.4743882539001 170.28725157288136 167.51923099039186 172.2633917848034 171.8411187523634 171.54282456911506
165.8850009257344 167.50746757915476 167.12491437561994 164.90852943254413 168.81242820466468 169.62636477021624 166.3213319020474 168.8207186583877 167.5497065223044 166.5884112695585 166.67818595933204 167.4756950981573 166.8444486764938 169.61506656466554 168.3556548894153 167.69010735759502 169.10649899586815 168.08484187315935 168.86263924937157 166.73244972165548 168.02057928017348 167.92751857475105 166.97787570439505 166.27355104823846 167.39368881842802 167.21673132840624 165.1649536607979 167.22139865978534 166.24997117080738 168.8520212724129
165.3153731038342 165.21267300320096 166.2260100588901 163.87401348457024 165.69501760533603 164.98958379668193 164.3410050930388 166.16459806990042 164.63608720655475 165.16111472109878 164.8782524991375 165.77835452311547 165.0224642142125 165.07287570641802 166.20193980138265 166.1919484343739 167.41658277666056 165.00831183011223 165.438863101469 165.82271059105278 164.90616094107645 166.9232138446714 165.1352875225043 166.17058387265297 165.82811218367533 166.34799885106395 162.42383330103985 166.07947994264896 164.86841857553327 165.14886172934166
163.750759677132 162.59484033379658 164.70637657719908 162.56159489559286 163.7837417944511 164.09101211802454 163.39129853055965 164.63892956041627 163.57284261817495 164.04966117422282 162.93664825372025 163.12355301346724 163.89956989269194 162.77259878561426 164.47496433824563 163.30863177706578 164.21519188265984 162.2618584887332 164.1336334310372 163.97320266423594 163.80761894030547 164.55592215439447 162.34318539564765 164.10932678014842 163.0692345094326 164.03773976247567 162.13129956546481 162.73200292579804 162.71304817082955 163.3844907091866
162.33217856570445 161.62697096115426 162.79552189913147 160.46064851766687 160.950653891382 162.0509826172647 161.7657606279363 162.8249961395686 161.4019521852615 162.4058618443496 161.5721062894172 161.90000758216456 161.97314819569783 160.38371781214528 162.0938229873782 161.60085844460173 163.43336691920376 161.59389051816424 162.3457761664249 161.21188460607846 160.5006728018402 161.10978172865498 161.53695105920815 161.34504787209198 161.87228530179573 161.84677906408206 161.58795910916706 161.44173710048426 161.51420455278185 160.21694232782056
161.02909909466052 161.41518038458753 161.44504732745918 159.35714825022478 159.75833037829852 161.43263781001224 161.43775926081616 161.54863580052506 159.5065480810099 161.4280833145167 159.44853786892827 160.50594846806598 161.4758495265487 159.4096170735288 161.4602521825591 159.62213691712577 160.57093762661407 159.0399126449147 161.53579464866834 159.66516400433375 159.11452616784527 159.68807023769568 161.42005884600576 159.56357817746812 161.4413999810895 161.43736057427031 161.42603328352152 159.64352223102378 159.53751840659925 159.05559633729172
159.3596053343831 159.3709220614769 161.40967062414074 158.71444927225912 159.40124227553042 158.76581136681216 161.4052565609104 161.40622493380715 159.0088001156164 161.25703272046303 159.36604173789556 158.90336065226984 159.52295914767592 158.8979631221364 159.64538470318985 159.35126472315596 158.9486269493318 158.75507936578697 159.70705918954127 158.76937447783348 158.65430026782315 158.77001059425857 161.40521674819138 158.68149706010126 161.40572353383095 160.58864910539705 161.40570267776639 158.8384578192331 159.2838177619915 158.74185607454956
158.61837121551343 159.2933399372123 161.4048807587492 158.61836051473892 158.61863257695313 158.61835738577383 161.4048807587492 161.4048807587492 158.61835638390266 159.36873402791798 158.61836691256758 158.6183925549858 159.36873364163785 158.6183549307466 158.6193904598299 158.61836133527322 158.618435561772 158.61835506927218 158.6237036895527 158.61837314430522 158.6183629788261 158.61836116601899 160.9551202501102 158.61836561261543 161.4048807587492 159.3687338931204 160.7172905271177 158.61845085031155 158.61835480665286 158.61841673178196
199999.0 199999.0 199999.0 199999.0 199999.0 199999.0 199999.0 199999.0 199999.0 199999.0 199999.0 199999.0 199999.0 199999.0 199999.0 199999.0 199999.0 199999.0 199999.0 199999.0 199999.0 199999.0 199999.0 199999.0 199999.0 199999.0 199999.0 199999.0 199999.0 199999.0
