525.6309190364482 126.43175656539097 296.9692933254405 1534.484113608797 307.5294845868734 302.52732830355217 289.2274854697139 831.257163915046 944.1609330310494 689.8757803150434 231.9776904166747 236.04087577446035 835.3749821525535 240.7927005819056 130.8295175682556 326.2547881574669 545.4419942563113 597.9315019229834 280.6430818958165 286.85546719549166 379.65952461336474 135.26514504391844 690.1182889881084 277.1515867588032 386.31894701319925 248.08806319207497 182.8419000171998 233.9860490246283 154.20334415871912 159.878099525959
192.25424439299331 126.43175656539097 296.9692933254405 421.8371962200845 307.5294845868734 221.31142683397957 182.94341064793025 438.7251095938841 174.708940081764 275.3900715968148 188.90308383756792 193.12341215189872 210.5920226518483 141.4602580492142 130.8295175682556 326.2547881574669 339.21039138265314 332.3823709833737 280.6430818958165 263.5558495262312 202.76360203144213 135.26514504391844 338.3983543301756 176.80894976360332 194.16763596359033 222.85193376462485 147.7958355502974 217.55082635239341 154.20334415871912 159.878099525959
192.25424439299331 124.44939576274146 191.9866460910066 250.42653570384573 307.5294845868734 146.6285825513205 162.5654164790949 204.84646311331198 174.708940081764 275.3900715968148 150.27002727290483 165.81589418877775 187.20797041256128 141.4602580492142 125.57098127259951 160.777305306799 328.2419622959519 332.3823709833737 162.10350857874437 263.5558495262312 202.76360203144213 135.26514504391844 215.2510729792907 118.42817067964916 194.16763596359033 220.7242296146719 147.7958355502974 217.55082635239341 154.20334415871912 159.878099525959
192.25424439299331 124.44939576274146 191.9866460910066 189.17773194448955 270.0900424898705 146.6285825513205 157.41544967698565 146.21733347880854 174.708940081764 216.659411894595 118.7873690262154 140.34017203429767 174.3231082994862 121.74542418920419 125.57098127259951 160.777305306799 224.0717891256445 224.17962271092847 142.5541879435541 228.26893338300124 202.76360203144213 135.06466607345192 215.2510729792907 118.42817067964916 147.79794161109612 220.7242296146719 145.06447300687432 217.55082635239341 154.20334415871912 154.40007347708297
156.75416649199906 124.44939576274146 159.85834180690654 143.45221436792053 188.15663133085536 137.42361478638531 126.50665663194332 146.21733347880854 129.20587572252498 136.96874417549088 118.7873690262154 140.34017203429767 174.3231082994862 121.74542418920419 125.57098127259951 160.777305306799 224.0717891256445 213.78938848298594 138.54042156650803 228.26893338300124 161.8723769799576 135.06466607345192 180.309789940894 118.42817067964916 142.48347094149904 217.32480158494718 123.06878482202637 217.55082635239341 153.0105559222916 154.40007347708297
155.18959257189772 117.03400625644008 136.009245082937 143.45221436792053 162.14385044244364 133.93989090184323 126.50665663194332 146.21733347880854 129.20587572252498 132.83432166348166 118.7873690262154 140.34017203429767 162.2025201194665 121.74542418920419 125.57098127259951 148.6790018288939 224.0717891256445 213.78938848298594 138.54042156650803 139.99835143733435 134.34293830128627 135.06466607345192 145.12348318990507 118.42817067964916 142.48347094149904 217.32480158494718 123.06878482202637 217.55082635239341 142.87801002441165 154.40007347708297
131.2574614492246 117.03400625644008 112.13352351163121 141.83786506807382 130.3541985597226 128.40229166117888 117.70372981608716 127.38260356959654 121.30085608336185 114.8848811760995 118.7873690262154 129.09861236982533 143.04537011452794 115.9314877734455 115.16498580521238 122.48965134313585 224.0717891256445 211.47596558608438 138.54042156650803 134.0694127053539 134.34293830128627 110.34715403614109 116.9401132027192 118.42817067964916 116.004689380115 161.7803951278015 113.36699440563507 156.60751946230948 121.072644014444 118.62039871116758
126.11683980125599 114.60994694636793 112.13352351163121 119.76420607698674 109.22060700039083 115.81323102083479 117.70372981608716 109.91412365432188 115.03818038565896 114.8848811760995 111.08714985751749 112.52437693170259 113.77504004477441 110.48361569254257 107.55500935182272 114.55179130832767 142.3392722980775 211.47596558608438 114.78602069768749 124.64143028241779 115.44612312965546 110.34715403614109 109.50214855248169 116.1709821029649 115.11366584659663 137.13377864039558 113.36699440563507 133.75336825922295 112.95211959865401 118.62039871116758
110.45537765805693 104.92949770137693 106.6310153716745 111.73977382504381 107.85483190121249 111.1146945760056 109.03413586377519 103.04005389799704 102.20026484050777 109.13918356171371 107.24136974054363 109.40401036832054 110.214667141061 105.29989906342462 107.55500935182272 114.5481801211181 116.2559260887283 121.01380610298338 102.72262829649162 107.29748285618189 110.1489072551667 109.80127373171354 108.80471636433322 108.76911544179029 110.46343690789809 120.15685437607408 108.76335125867126 113.94306607939689 108.5034026538001 114.45499983400578
103.51827294235454 102.63797950340722 106.42765268363473 107.20004192849001 104.69064900389185 102.75222991741612 105.68975015621754 102.85854372055519 102.20026484050777 107.40754496840964 103.33406533849939 103.62073984830658 107.83973659266576 103.34054722033488 107.55500935182272 104.4945926390019 110.76555898953302 109.98232124577908 102.72262829649162 102.66133407648977 108.33065123204324 105.05367467804308 108.45208753643965 105.48029602268616 103.6115830735148 107.75773709160876 105.06939128439853 104.16635579138938 106.62715365349231 104.80492748691404
101.18430643408692 101.9987538592427 101.28431005219545 102.60086258315187 101.86679097032766 101.55531621118917 101.2845575474148 102.19933523250029 101.68076118215595 100.5382783544369 101.93562204565205 101.69401758104368 102.09218008526159 100.8723318932266 101.26741444614936 101.53288486058227 102.20319065328022 103.12551233156182 102.23709612178163 102.01514132143075 101.93602176484455 101.46488353154518 102.39501071696532 101.53390821980838 101.02153995073331 104.27537492976944 101.76663795879631 102.90566898803536 100.80042114481466 101.89003299400656
100.71932182190903 100.8708812335035 100.9468289841916 100.7888993173101 100.82655833089711 100.83060435726384 100.52756916917542 100.91920134500515 100.76211566261645 100.5382783544369 100.70370600611659 100.8548957440089 100.94129029100532 100.64624242005038 100.61090454048053 100.62318125457568 101.31412388370381 101.08758355015561 100.84677534046432 100.73280876521358 100.85797522799658 100.91176792263559 100.80457620842708 100.69255988984241 100.77010761101747 101.12434526380048 100.73906681140443 101.26353537723344 100.80042114481466 100.60227764951651
100.41458188441356 100.49678304941426 100.53196311684087 100.44432397591527 100.50729692790355 100.62965956687185 100.52756916917542 100.49166693301595 100.49387792197012 100.5382783544369 100.4791536169887 100.64959718414502 100.49237433863391 100.46650223112101 100.40566032561492 100.52555773945778 100.48685918507044 100.7972702327097 100.4893746739217 100.43072624838669 100.46204778479478 100.54683986249347 100.52996509681498 100.32523164460326 100.54304033148765 100.64137456102208 100.4358679283946 100.60396560048684 100.4726070474303 100.48627294324069
100.41360084985354 100.35985792764359 100.53196311684087 100.43689026780521 100.4337797377807 100.46085177078658 100.47612239393129 100.46123487874775 100.43520486903981 100.4692320290037 100.42028572146864 100.44810448825137 100.42570914166708 100.36627015087515 100.33098477779777 100.35439945825465 100.48685918507044 100.48147343263463 100.48118322410619 100.41132778199471 100.44304589886997 100.4552440747052 100.52996509681498 100.32523164460326 100.42137565657367 100.56789665174801 100.4358679283946 100.50099608567416 100.40156080270617 100.39053170876969
100.33557230479983 100.33038356362113 100.38247396140287 100.37861289140164 100.29811889013308 100.29400515593306 100.28793287903954 100.31271412364958 100.3964611856727 100.30905103662417 100.34354210693664 100.36875184193059 100.26651502236064 100.33284040941726 100.32737231478723 100.29298136752504 100.41792218420733 100.3772869763443 100.3260203402333 100.33666650849273 100.32791382662026 100.3864454375971 100.41251576101058 100.28033985275351 100.33697356831499 100.37302151878885 100.36335843564302 100.35935294459978 100.29838483243475 100.32604636486849
100.24859439860438 100.15367570666012 100.22249413599002 100.2214434820894 100.23990478077894 100.20334253914416 100.20276902179694 100.25905894063226 100.1911570402558 100.21871273514171 100.23104602465537 100.24669051297133 100.23856051347002 100.23140077923154 100.17947184932382 100.22497672630652 100.25145492814954 100.24064124451343 100.21806509385715 100.17000384035327 100.22886416301435 100.20124393577362 100.2225537586769 100.22333241924207 100.23167352640667 100.1641020973234 100.24625339583918 100.23527409230383 100.19919139417789 100.21194651526002
199999.0 199999.0 199999.0 199999.0 199999.0 199999.0 199999.0 199999.0 199999.0 199999.0 199999.0 199999.0 199999.0 199999.0 199999.0 199999.0 199999.0 199999.0 199999.0 199999.0 199999.0 199999.0 199999.0 199999.0 199999.0 199999.0 199999.0 199999.0 199999.0 199999.0
