2381.967158270864 2359.0612291998505 2465.656661313955 2360.5350452099774 2467.671002476864 2454.1849734079233 2007.5611101539607 1798.963181291897 1354.9238885221666 2595.559069505954 1873.6577738072592 2294.0968239315816 3041.904400573915 1441.2458468421482 2760.1511422225963 2198.2982778406213 1673.9547652115066 1871.6321312071232 2418.0606852147125 2262.4512326592485 2825.0380019364115 2209.9560546164803 2807.2403272034985 3162.0751207881967 2690.6846499568383 2340.5735774277628 2777.1526427864196 2247.752747126114 1880.6693073936344 2296.2728933629937
1738.013478215783 1867.6195880538808 2406.7141904651917 1568.8110896492794 2306.820320324597 1461.3309683442662 2007.5611101539607 1798.963181291897 1354.9238885221666 2595.559069505954 1472.9494935068324 1939.83221194439 2868.0559746963645 1441.2458468421482 1932.8516869492178 1529.1475480241043 1171.34569661164 1871.6321312071232 2418.0606852147125 1516.5041021539241 1955.4177164703142 2209.9560546164803 1853.7943064341393 2536.0419661735846 2564.1698755145903 1302.012139598629 2081.9364310443575 2247.752747126114 616.9397942931141 2296.2728933629937
1738.013478215783 1242.9473853246182 2406.7141904651917 1568.8110896492794 2306.820320324597 1294.7248248877013 1756.5107057589444 1798.963181291897 1167.2443026357923 2595.559069505954 1472.9494935068324 1431.9585653140675 2320.9553511900303 1441.2458468421482 1813.6208783092761 1529.1475480241043 1171.34569661164 1180.671818249787 1912.1497778744788 1516.5041021539241 1875.8909641849114 2209.9560546164803 1853.7943064341393 1275.977038321124 2158.8512720067665 1302.012139598629 2081.9364310443575 2247.752747126114 602.6321132782036 2296.2728933629937
1127.081558939981 1242.9473853246182 1676.2726318640907 1243.638132424574 2205.6342248882 1294.7248248877013 1756.5107057589444 1767.7041519429745 1167.2443026357923 1563.03858513358 1472.9494935068324 1431.9585653140675 2116.7736760316866 1441.2458468421482 1345.5916134111112 1385.9071064637437 1171.34569661164 1180.671818249787 1912.1497778744788 1360.7369959725793 1743.2586982861885 2127.7492115268874 1442.5884662789122 1054.198959907727 1889.960753038787 1302.012139598629 1784.8677116756157 1867.486184360354 602.6321132782036 2296.2728933629937
1127.081558939981 1242.9473853246182 1555.6750711190589 1243.638132424574 1739.3605304992238 1294.7248248877013 1742.6563766266836 1408.4804721287492 1167.2443026357923 1563.03858513358 1435.254038860221 1327.8621088501059 2116.7736760316866 1364.31168054316 1345.5916134111112 1385.9071064637437 1171.34569661164 1180.671818249787 1673.4470827038435 1360.7369959725793 1612.4076972658681 2127.7492115268874 1442.5884662789122 1054.198959907727 1096.4490573049266 1157.65850131347 1784.8677116756157 1468.158699877918 602.6321132782036 1043.546864532117
1127.081558939981 1242.9473853246182 1080.9485433290859 1243.638132424574 1739.3605304992238 1271.7702488866012 1406.4552286525227 1408.4804721287492 1167.2443026357923 1563.03858513358 1136.2770608377948 1199.1701860147996 2116.7736760316866 1364.31168054316 807.6972631557194 1385.9071064637437 1171.34569661164 1180.671818249787 1404.1539024859894 1259.1698877492609 1612.4076972658681 1302.0552851044058 936.0726802303438 1054.198959907727 1096.4490573049266 475.54978719791825 1784.8677116756157 1292.4896943071462 602.6321132782036 1043.546864532117
798.2728462119071 772.2152747570892 1075.0263357028339 828.4597076563907 1468.3563006400218 1230.075036099297 1356.3099614722819 1324.867560427684 1167.2443026357923 1221.0636494503174 1136.2770608377948 800.1454598521848 1130.629955583318 560.6538358308048 807.6972631557194 973.7154084376161 1171.34569661164 1012.4701942435115 1321.8612194088423 1259.1698877492609 1612.4076972658681 859.200563415051 936.0726802303438 820.2558343617591 513.6782700912013 475.54978719791825 717.6934205591087 1292.4896943071462 528.6554794827048 1043.546864532117
784.5576310901301 707.9479751466615 938.8818934124488 712.6328714300073 770.7756681382832 1058.0204403744492 1258.390556104127 928.373602153699 606.045266221445 1175.321814367554 808.5686335199703 667.9592808935563 728.6426306514818 560.6538358308048 547.6846298595149 958.9025855481123 855.3495375045238 543.5785593348817 726.4962585007938 787.6433834058716 728.1794319299179 859.200563415051 759.0083447360917 820.2558343617591 513.6782700912013 475.54978719791825 717.6934205591087 857.321132152038 528.6554794827048 621.5082752172564
483.9504034084698 625.3927455711864 714.4238957926323 452.75042992917975 481.0280727343909 557.3253501218912 353.4897303379703 544.2869731364335 526.9209622842031 485.21869332129086 469.77241093853445 452.8058927874606 373.69269800837037 245.39731232581062 547.6846298595149 718.7525461573612 348.197699118896 543.5785593348817 426.9246326067639 787.6433834058716 487.2156499801904 733.9535647444222 411.7595945203034 820.2558343617591 470.12676623048856 398.4397893296541 657.6552626208313 462.82645211372665 314.84794584101815 404.17041887702885
293.22634700814615 333.9744713556363 495.2023385046093 430.21707129082665 451.4856375282898 480.213580203799 178.96831279972685 398.16546939736327 329.3685070412507 294.74647869667183 364.2084501060417 371.39070229975573 373.69269800837037 235.72268536385127 278.85604330595834 364.23403665931005 310.32564194651286 426.98673918233067 326.1288667359511 346.5921810159614 239.52586389299495 504.7261990002489 386.31102326462906 353.5368928190551 470.12676623048856 236.50554648590287 359.997532840192 208.66146206343387 276.0361248953227 306.1546191201551
160.27302457635005 207.20698795883663 176.21229414401114 123.69827714419455 314.2081689659085 252.364864067682 178.96831279972685 311.0928346799694 199.6478216542041 175.11711892277822 297.7414561448513 116.60453489924873 203.76600612295852 235.72268536385127 161.38186307499814 114.20108332805103 213.9315084737675 165.69023290068571 326.1288667359511 287.07130571338075 160.70950701761944 124.68158669227432 123.85095626680436 265.00738790679725 313.4138561341274 74.66723827649207 192.71283466175714 200.26070711247985 74.44066136126366 223.61991970647478
76.49059058522323 89.27963245110459 132.35877902691732 90.05100543841036 165.9820796970016 55.10429899741962 65.98499754837485 177.8951210600137 56.86009377077971 108.90219811765064 163.7528037284028 109.86798812104144 114.07343295207534 58.33206902252368 58.14137499382241 66.1743348410871 72.62611479947111 61.08240549182915 75.311909469022 102.539533567219 61.07815930384379 78.23281203722331 92.6770704797135 71.20497495080429 44.930872974354884 72.18689209999093 55.599174761622635 53.62955397987889 62.644029030405704 44.433120523198795
26.454336120752714 20.928818455418536 43.87512153875866 35.46749375512252 38.33256523301554 27.48900959085222 26.35148276210714 43.26237782350256 28.16320510582625 25.18037894564486 61.67414346508008 34.93264265302764 51.93609601852745 21.69416378283711 45.04619165363545 25.35185865255812 38.58672886736929 26.030575987085058 8.484171412165551 20.025018233056812 36.710171720084986 21.22953241350467 38.33772163528272 69.1090337105137 44.930872974354884 30.92065991936363 31.11575086825667 24.092281766789824 29.561624230468283 15.425771257982547
4.6150632189817316 2.7476235475156727 4.559999272501614 3.3288941502039506 2.6412991770589542 5.447548289922565 6.789393772004587 6.453855045154228 2.8157247003489374 3.6206900335130285 8.788444625570492 2.5289526397399413 6.181430485944134 3.066452976341793 5.167780778214137 3.119313746232365 4.381840954968652 5.536515197572612 3.1429936781156584 6.073666290441565 6.9981269369867505 2.761248413637645 4.754573365485044 7.530252255467303 7.5505733906372825 5.219070910478649 5.183875841588247 3.055043482312385 5.799066350303519 7.094448080210782
0.28864708457979305 0.05489443431167729 0.3405297682716082 0.16377232827039734 0.14882916494195797 0.32925544315708066 0.17545475945928501 0.2749230661471529 0.1697943929267467 0.2039464174447403 0.3306978824600719 0.25392357900705065 0.291682729223794 0.19771322249732748 0.237888448256399 0.25321458342727965 0.17297868307662156 0.1687842086391811 0.1747552783916717 0.3143627837674785 0.1673637850689147 0.1856335793602284 0.2477495786677082 0.32849948232865245 0.1426716770109806 0.1481098318683962 0.18552478365768366 0.1747089518099756 0.22567794828955812 0.24579595221723594
1e-08 1e-08 1e-08 1e-08 1e-08 1e-08 1e-08 1e-08 1e-08 1e-08 1e-08 1e-08 1e-08 1e-08 1e-08 1e-08 1e-08 1e-08 1e-08 1e-08 1e-08 1e-08 1e-08 1e-08 1e-08 1e-08 1e-08 1e-08 1e-08 1e-08
176949.0 177381.0 181613.0 178432.0 176553.0 182071.0 178921.0 179984.0 176905.0 174999.0 178760.0 178881.0 178514.0 178760.0 174237.0 179751.0 177639.0 180887.0 177765.0 176685.0 174621.0 175925.0 178350.0 179556.0 174717.0 173700.0 176553.0 173749.0 175234.0 173945.0
