2348.977879222648 5138.598895829807 3012.690542959831 5548.964340171283 2465.5012870274513 5575.545019245688 5246.220070011751 1752.635513467977 3980.9428856039867 4348.074399936059 5375.547631842879 1481.8979572351486 1332.3633805583727 4222.666921475939 4951.275340857194 5611.932156395098 1009.675934833966 4239.1123110723165 728.4313074801516 5323.0458647320265 996.3671861586072 5268.512961405141 3267.0352651177836 5131.06000898783 5517.411884620229 3415.030198671626 1344.4928963734774 4617.2777479917295 4638.199591031273 1543.3971667103178
2348.977879222648 5138.598895829807 3012.690542959831 5423.738574784605 2465.5012870274513 5281.409228717514 1029.6395591013843 1752.635513467977 3440.795831881631 4348.074399936059 5339.9179311968555 605.38617448169 467.52408652737995 1429.4486017649792 3489.2359347450383 5239.606095692524 1009.675934833966 4239.1123110723165 728.4313074801516 5323.0458647320265 996.3671861586072 4939.644461802649 3267.0352651177836 4382.393767152888 4663.574967240498 2344.565514574313 1305.6203253145045 388.7505361312237 4638.199591031273 688.9528288547554
2348.977879222648 3022.800548252295 3012.690542959831 5284.016934985552 1320.6261012322861 5245.486900104886 1029.6395591013843 1573.3585396190088 3440.795831881631 3179.636890584048 4106.987471442653 605.38617448169 273.43527698807884 1101.4854855717654 2522.7018060670835 5239.606095692524 670.0901972224874 4239.1123110723165 728.4313074801516 5054.324388279788 996.3671861586072 4939.644461802649 222.59388117169965 3110.9004360835443 4663.574967240498 2344.565514574313 354.71292309709725 374.8332648224741 4638.199591031273 348.5079244067106
1937.2464666020433 1053.8380406220895 2969.4972225176098 3451.8297082952295 318.50415295754783 5081.38988032977 1029.6395591013843 437.8852620870348 3375.886937133846 1098.587650211156 3447.3739216016174 381.2571926702376 220.81347083756918 295.31270767186015 390.93618253312343 3439.0436153171213 328.7001183889329 1018.1490283788148 660.5172848969196 1309.7529556907448 996.3671861586072 4939.644461802649 222.59388117169965 3025.5344742952802 1894.680397796108 2344.565514574313 316.1645205431905 329.79968433898875 4042.2273998195406 348.5079244067106
356.90723472019454 916.1295555783263 2969.4972225176098 3440.373505629921 318.50415295754783 2725.532495711369 314.77688089398225 437.8852620870348 3375.886937133846 1098.587650211156 580.5336523199371 381.2571926702376 220.81347083756918 295.31270767186015 390.93618253312343 2792.0975468960296 320.2403961118989 1018.1490283788148 562.4223054117238 1309.7529556907448 996.3671861586072 4601.752260999517 222.59388117169965 1244.359321655179 584.5672614026171 729.9836843803369 194.10147704922974 239.3938756745656 452.8945714801421 257.09736473557496
241.92411246695792 515.4159881500464 2944.541748257976 804.2766208032644 318.50415295754783 2725.532495711369 274.17668492511984 347.43441675455597 2214.0002987978496 662.3167916834154 499.7986904506565 381.2571926702376 185.2691504580971 211.45174044043188 390.93618253312343 1551.826653168449 320.2403961118989 1018.1490283788148 540.1577190364451 1309.7529556907448 856.6672444141345 4414.766443688563 213.01177801751146 727.9552380022569 584.5672614026171 529.4394159910462 194.10147704922974 239.3938756745656 452.8945714801421 257.09736473557496
235.82736883012922 209.40996857245955 2052.8203657074637 443.72978380866107 174.45151768275764 2725.532495711369 245.08808010543362 217.78682783039721 2214.0002987978496 362.81882731858786 370.74915842115297 240.8227962127935 185.2691504580971 163.4442120063909 337.3883550285059 1551.826653168449 264.00968234249694 494.2673460336496 219.8391313107577 901.5231686279549 856.6672444141345 4414.766443688563 166.82221954847864 212.0676347035428 568.0506588019152 251.9663251362772 194.10147704922974 222.27797926975336 452.8945714801421 213.19986745107371
172.88668543240283 184.48656986977903 391.01058888886564 176.2676669757857 155.59463146158578 489.1986941765663 208.53163354390836 178.97294608071206 344.3766574682936 183.9634583844313 208.98331883548144 181.27632347294912 183.72942582953056 159.3040625581375 158.33835463204514 406.08448772898464 154.38957375321752 163.3209821096516 141.392343756856 206.40695333582107 442.01832491640835 4103.300596442839 161.61520630035648 197.3448067915292 239.42759315064768 176.6249217365853 164.53757320638033 180.9277056738738 162.9054377476964 152.92191323873476
151.96055989911065 146.7086171445667 176.61586453406426 146.4055999448069 141.4123081418311 294.66951771083905 137.69882866354328 164.69311923569285 307.0115248183647 157.03895396063854 155.5326395092061 142.35448261817874 146.71304481602147 126.35124439892843 155.8507708381344 250.8856157934947 142.1442357381984 148.59842208625787 140.38809846408412 146.01208518163503 325.74146732815734 397.5973523811499 131.85397531983062 163.65044393399785 145.0296367512783 151.40699528471896 134.6813075647883 133.40905363006823 162.9054377476964 145.67385155443935
124.45357062661878 127.09385004053092 137.81360261185273 127.35999858075775 118.98256522801375 149.7642505933677 121.83370823540054 118.64327844450418 232.77093084457556 131.843170846887 129.72302063887537 114.70722327324847 119.3320533739925 118.85708456701695 123.8507830731196 142.19568084502134 127.89403139676324 132.43461499899604 121.6825671165152 126.42808377676238 241.2320682328873 296.0749222890822 128.247865753533 130.25125779553036 128.82026284537096 122.21117697031286 116.1945820437586 123.15519842873164 126.82172043782748 125.04686036822523
102.58183825745255 104.30729430965812 118.54419789081794 108.15529169876254 102.41201153825295 120.15215342704141 108.82433314512582 106.2918575483709 140.21379680175596 107.69263863736023 107.27911688298991 101.81708168374189 105.48196634408805 103.79736453519536 104.69528272148091 130.29013763470493 104.48372332673443 105.53900995626464 104.4298007411835 107.14963798240524 223.93820150381453 224.83756721283453 103.17820935866985 108.82190825480257 111.64320985490895 107.84322045057934 107.28312955957608 107.67466238219095 113.8765434259285 102.6556710398113
100.5899947065127 100.72547371259134 101.6068950637864 100.90114046447297 100.7494637643349 101.76217816451208 100.87309033587462 100.8937051728617 112.46216864188273 100.8410491651789 100.74250920311351 100.7862764490178 100.67754811429495 100.7936892715411 100.77247203255729 105.1110714426618 100.70777872698773 100.62433486992268 100.66521936819754 100.7349310191662 207.52261721690093 143.79949845625424 100.68439569285147 100.71786086524753 100.7381283628456 100.77039087671437 100.69545370470541 100.56722403714639 100.77946606483238 100.68758288379695
100.5899947065127 100.59145304659069 100.57383793534837 100.6502650755292 100.45968323214902 100.71243449575559 100.576816103488 100.5457920714689 101.04796936332241 100.61907776067483 100.46893028861086 100.61097417425754 100.57690013767842 100.47187530691144 100.62289283735845 100.82414175390477 100.64015234170029 100.60988306216132 100.434500349465 100.59873148732868 200.6417256635359 110.30772937346956 100.55904580377273 100.4784046469058 100.46318058467477 100.52376098124614 100.565740687362 100.56722403714639 100.56859377042747 100.59352589567015
100.38457169482672 100.48006439842175 100.51418492804123 100.42034795512427 100.40020697674345 100.46655591985882 100.48605411264452 100.53124866399548 100.6777541614174 100.48038634818522 100.44782132258752 100.49173729570475 100.49638409359113 100.46149668282987 100.49039344704033 100.48269012713581 100.40246727889917 100.54061348058121 100.434500349465 100.39206211495639 200.0001456313039 100.90483046614281 100.4192003832145 100.46523442628632 100.440258085815 100.5167936916032 100.51103872094382 100.48383429031901 100.44474468421458 100.49219534269014
100.33937881832071 100.39737284237208 100.41608600153177 100.29629307196728 100.3823749904218 100.35068386618741 100.36386366069746 100.42598123223024 100.4322567950685 100.40049268969096 100.33978268360761 100.35680672367744 100.41523924196554 100.40610910823625 100.36531043932882 100.37435329763821 100.39550658179223 100.42800119562298 100.36815437434734 100.37886340402656 200.0000000000009 100.711444512463 100.34931316265829 100.37428481918005 100.37307001499812 100.34352487465685 100.32771260542722 100.42533235223254 100.40711207126742 100.42268283959265
100.2839597497491 100.26423552446386 100.31947750988684 100.25096770838309 100.27809075098776 100.28952684169644 100.27775209580341 100.30901690319433 100.3494495724758 100.29171573294616 100.27550271906784 100.3198517025744 100.2976368520749 100.27129139211593 100.20095138036777 100.26505624632546 100.24795643804282 100.26414688524937 100.29197526246571 100.31424625917634 200.00000000000045 100.35266125970611 100.26325342430664 100.2866818785833 100.28457649089296 100.32256165193985 100.22491279680298 100.25581399056409 100.3350522144683 100.27742771511839
999999.0 999999.0 999999.0 999999.0 999999.0 999999.0 999999.0 999999.0 999999.0 999999.0 999999.0 999999.0 999999.0 999999.0 999999.0 999999.0 999999.0 999999.0 999999.0 999999.0 999999.0 999999.0 999999.0 999999.0 999999.0 999999.0 999999.0 999999.0 999999.0 999999.0
