847.8634666068922 259.81506374900914 834.406824778488 1198.0722878978831 1135.711944533011 1110.875959230985 1166.9100687185787 1311.327399267739 1005.9417096766715 1727.8690244714671 1878.6614347838322 1416.4925701089273 1245.0421601490173 588.148005041763 1416.0984488084134 1018.2782685155335 1469.839215321123 811.4162197314456 560.7414818539866 1066.3347312535843 1690.9207675877487 1313.5936276783866 1117.668647886645 284.54950970749655 1363.959929169816 1286.7146636258296 542.5077353752084 430.7454303968707 1580.124098406437 1970.9926417306747
737.7815759978257 259.81506374900914 834.406824778488 1155.5838023449203 833.6059925792988 1110.875959230985 592.5089448841345 681.2988211791126 1005.9417096766715 871.5573573479587 1382.1719950000345 1416.4925701089273 852.1082914293593 249.57090436960755 741.7530910468645 1018.2782685155335 890.3931385884134 811.4162197314456 526.5907534069481 726.7210833375141 1687.7322812836246 1110.009082720648 1117.668647886645 284.54950970749655 626.9348272647192 1286.7146636258296 537.9318322949046 430.7454303968707 1574.14571515856 1970.9926417306747
349.28618966689226 259.81506374900914 834.406824778488 804.4982078738149 833.6059925792988 698.0152126698595 592.5089448841345 681.2988211791126 792.3721680890017 706.7479670987152 1189.2710867246717 1416.4925701089273 594.1192628432608 249.57090436960755 741.7530910468645 837.2042544112301 890.3931385884134 672.1659488655935 294.1874050334252 712.5499512356021 926.5189292502557 1110.009082720648 645.6899184519052 284.54950970749655 626.9348272647192 1246.0237109159593 537.9318322949046 430.7454303968707 864.9332181417062 1437.2580553250025
349.28618966689226 216.18095908960333 542.1505027818547 568.7116128884883 551.0236985703501 555.5710214449198 592.5089448841345 681.2988211791126 576.4409883868768 527.1727720544163 406.77271149373075 1175.3647274340324 594.1192628432608 249.57090436960755 741.7530910468645 837.2042544112301 753.1486973401427 605.8197906272679 293.9971754632662 538.0038307579451 926.5189292502557 372.92864098316545 473.7820361820143 248.52153666950267 201.20305334434715 782.2576609127848 334.339409125182 430.7454303968707 389.1708949032501 1014.0684509389837
349.28618966689226 216.18095908960333 407.1448810237747 383.57185151603505 551.0236985703501 505.9368670942433 485.6003458104683 681.2988211791126 331.5866042370051 388.23056275588374 252.8715859298478 747.1107886880111 322.9201852165079 249.57090436960755 338.7602004274861 532.6993578740914 574.8656463059384 506.4907675731788 293.9971754632662 393.6985990149037 734.1207839724802 372.92864098316545 462.71347944536126 248.52153666950267 201.20305334434715 646.5684064110728 334.339409125182 430.7454303968707 334.24620829999606 669.6264553000337
305.62096014022154 216.18095908960333 400.4876700696499 383.57185151603505 257.36587606186663 418.36688933778714 374.07331512662483 447.3995243663787 331.5866042370051 388.23056275588374 237.36833558739318 694.3262463689575 322.9201852165079 249.57090436960755 174.10214133177726 320.814040184988 327.86034026108496 506.4907675731788 293.9971754632662 350.5349854774471 413.18083508324753 250.26748983780908 462.71347944536126 240.78224671699832 201.20305334434715 499.42277143065076 334.339409125182 203.2156531221308 261.88570228221874 438.52662053514064
182.0007560357177 153.09879917279068 253.78941422381877 309.66482940989476 222.19073842160742 160.97491032959056 141.54114329149138 136.09979806666706 323.02627356220205 297.099798578897 237.36833558739318 200.09613247454104 107.49104848331103 249.57090436960755 174.10214133177726 193.39311242433678 243.69490290982935 384.00427115420166 172.20185326036653 276.6673001947954 223.81198512882497 163.35231196937752 178.41433436841237 240.78224671699832 201.20305334434715 232.8120274409689 188.5212794245855 203.2156531221308 216.88030386540947 296.6187067695423
155.709949585328 117.02143285592604 133.09041627368333 235.4596499971724 106.42293702539428 91.69103224720914 141.54114329149138 132.8497236368945 123.84595878676112 153.4025910753994 150.29568689209282 68.92790729015633 107.49104848331103 172.44483961690548 142.5804442143068 146.86393175140256 94.74712280299445 206.68185410791034 151.81919993267638 111.00473612784953 169.56597340229825 161.45479171145507 101.89359841832908 138.27568487951714 138.79288830348605 152.453432045334 139.34206328299922 146.6882088133782 189.08123393255312 161.85916789439761
99.65599490065972 93.09213691043482 57.79455649766027 125.06735095543593 80.24220158891319 53.64929389652491 79.79240713117065 127.02801584193355 118.884159163307 97.06972859694383 104.24812786870325 68.92790729015633 80.43700906211063 101.34728179279557 85.83792286411807 78.40681473698532 67.85856282256316 93.39421107649457 104.27190430305575 75.64388864895108 89.80029484440962 44.98432122431592 75.52537621412108 69.47894177166472 64.20324517334524 83.54213671270077 64.12764489402002 80.24041008373968 86.34304723847015 62.607246033271224
42.67172503304897 38.41462390321425 48.76985698791998 33.64884309405761 50.813816444751865 51.91150924013215 51.64887280825201 40.034775132371294 61.76380911448899 18.402782255103773 47.4735630726679 36.93536881821126 34.24841757537064 61.39845919563686 47.79004070600854 44.94776778825661 49.38173616854294 45.191113110337824 45.76346961588075 49.41942483941955 36.53227365480831 40.053089949784976 37.01959182522057 46.75169146523166 32.355749352316025 20.11701096436309 38.73012200689567 39.74828702204945 57.40359954744167 55.37309517705194
20.30773388444993 13.819465682303132 21.07841445382013 16.34653831251302 31.01241868786809 23.40854216071142 31.15240113041341 31.269915433367203 32.00721859861278 16.802472648046034 28.757682512975748 21.651893512359266 18.054079143596255 48.18507628410924 17.745648537257352 24.952772591815346 14.800306781254221 20.19777363524946 20.732008028288078 24.66839876894835 19.89523948798029 23.201407655655032 25.730943667885185 19.416946965794466 22.053256300847636 19.335492124867187 19.004664794369376 13.85126642286798 23.350231163846786 21.2824075577866
12.56843129755407 10.014321181566856 11.885610831981808 10.285686224793722 15.499991623671974 11.069062342723896 12.154331096998135 18.767510126946775 13.463402695332945 11.806167803210144 15.850019982972299 12.210702007770522 13.506144031302199 21.80138886956911 11.840309936661413 9.937107860789638 10.2026533457381 11.937918679542463 10.48306053667028 12.96039954765456 11.588736914241053 12.615238145837623 13.626055968112667 11.93342720344964 13.7057379982013 10.265532860481812 12.966015133229178 13.85126642286798 19.01046842990843 13.090881427721285
9.160929628818565 7.951519394141883 9.374936021953602 9.032967444680992 10.349203183607301 9.125363547170934 9.461088616847974 10.210207248959932 9.363957053053298 8.000168343767314 9.474320242098827 9.188810680442657 7.982634707764021 10.510287433021233 9.142249759286074 9.318297634627527 7.979295681747942 9.773421210884749 9.154978531268455 9.07688124786074 8.454543076815128 9.199326232503722 9.46629987143615 9.19486142376769 8.560288783076771 9.130632683061947 9.773985263326438 9.179817964890162 11.24850503227384 9.453853164182817
8.916514995628518 6.84435933460901 8.917107289342653 7.335563974841307 8.921478867789176 8.91634298116378 7.445231072633021 9.025995176897084 8.91847263571674 7.586561908541455 8.92322960105912 8.916441231518547 7.263866559056737 8.567237244023545 8.916241988110073 8.923408702886036 7.553116380268307 8.922347762120125 8.916368585842974 8.91869605980645 7.542189894117314 8.916379893614305 8.916518246655471 8.916403350945473 6.886882851101575 8.916212322413685 7.81767087343394 8.917287834834724 8.936176052961116 8.91969717296297
8.91610192781161 5.792565884432918 8.916101927847365 6.7314322332858865 8.916101928198316 8.91610192779575 5.828203490491205 0.3868963681108539 8.916101928262776 6.902576408710274 8.916101928071157 8.916101927802515 6.324708838472247 7.427496365710397 8.916101927789157 7.525617988155375 6.622585640922523 8.91610192817302 8.91610192779899 8.916101927935529 6.690363245068397 8.916101927798138 8.916101927847933 8.916101927797172 6.269512799566655 8.916101927803595 7.266038796464102 8.916101927855777 8.91610193024485 8.91610192841057
8.916101927781312 5.2777883482729635 8.916101927781312 5.431621962659449 8.916101927781312 8.916101927781312 5.1137633910805675 0.2518677069765545 8.916101927781312 5.507618480592896 8.916101927781312 8.916101927781312 5.313960870838287 5.054960533424548 8.916101927781312 7.19912470912692 5.510460545832359 8.916101927781312 8.916101927781312 8.916101927781312 5.378781168677449 8.916101927781312 8.916101927781312 8.916101927781312 5.466265259580496 8.916101927781312 5.780898034470226 8.916101927781312 8.916101927781312 8.916101927781312
199999.0 199999.0 199999.0 199999.0 199999.0 199999.0 199999.0 199999.0 199999.0 199999.0 199999.0 199999.0 199999.0 199999.0 199999.0 199999.0 199999.0 199999.0 199999.0 199999.0 199999.0 199999.0 199999.0 199999.0 199999.0 199999.0 199999.0 199999.0 199999.0 199999.0
