1246.7654673878442 395.0540836139053 1146.7396434991529 1040.1689503373882 807.9488799977794 1229.9551923708805 338.25000051595543 1240.94839631469 806.0976555469997 806.7415918686611 606.849195744498 573.2317659898872 500.81243376707744 614.0065510305685 623.7722092580475 590.6950808543411 689.7941278584335 1003.5617728010052 800.2753668438704 634.2094731783063 561.324046441724 939.5167593057122 240.72174292286718 215.62416562138924 672.983187774727 1156.3618170922036 1031.9762133231484 558.419324516597 1006.1716577163515 790.6827390881717
720.6416801058385 395.0540836139053 974.8218664242586 411.11100531488455 757.5648973414973 1092.857197684706 337.8332548016133 719.0967798552765 659.2340416276306 647.1586909327034 595.5751816191519 281.81761931510164 448.794372559315 608.5232902621797 623.7722092580475 590.6950808543411 689.7941278584335 544.2204799282931 504.003733247519 488.20367591401373 561.324046441724 642.1420911179671 240.72174292286718 215.62416562138924 541.1689486504524 605.857076356453 1031.9762133231484 558.419324516597 372.01973498986035 719.032360021889
619.4713362653811 395.0540836139053 670.2543525364449 410.3367279200547 676.1788429675335 367.98540359739263 337.8332548016133 415.7321483572946 595.4402727117358 647.1586909327034 595.5751816191519 281.81761931510164 448.794372559315 322.27713786794266 486.41931861432204 314.9911789600724 591.0475931604087 452.3933680523387 490.43094426655307 463.9720579210184 425.92416159066033 616.3708739632002 240.72174292286718 215.62416562138924 541.1689486504524 599.5345520003366 832.5007464737737 558.419324516597 372.01973498986035 512.2379823943211
474.63410442704844 269.37389854648154 670.2543525364449 410.3367279200547 336.02390947136337 267.617427408386 337.8332548016133 415.7321483572946 595.4402727117358 647.1586909327034 591.8528912143379 281.81761931510164 448.794372559315 322.27713786794266 486.41931861432204 314.9911789600724 415.5795753990542 399.4249890935289 358.20492037659915 463.9720579210184 418.5803413234207 273.9511532744418 240.72174292286718 215.62416562138924 502.0497446801651 445.75543103867676 658.5891822082867 431.04041373156815 372.01973498986035 512.2379823943211
310.8255548800598 269.37389854648154 345.24622267716995 410.3367279200547 336.02390947136337 267.617427408386 244.09652421895726 415.7321483572946 515.6547085308666 582.5268561419043 119.95084550682895 281.81761931510164 448.794372559315 322.27713786794266 486.41931861432204 314.9911789600724 354.1182258801059 399.4249890935289 358.20492037659915 463.9720579210184 418.5803413234207 273.9511532744418 240.72174292286718 215.62416562138924 502.0497446801651 445.75543103867676 539.1963000579476 418.3869870626663 372.01973498986035 512.2379823943211
310.8255548800598 269.37389854648154 345.24622267716995 410.3367279200547 305.45323244906285 267.617427408386 244.09652421895726 415.7321483572946 515.6547085308666 490.17452873121374 119.95084550682895 281.81761931510164 448.794372559315 322.27713786794266 486.41931861432204 314.9911789600724 276.61677999048516 399.4249890935289 358.20492037659915 434.826351263629 418.5803413234207 250.6661003875388 240.72174292286718 215.62416562138924 491.17527660689393 445.75543103867676 539.1963000579476 418.3869870626663 301.25480193877183 512.2379823943211
310.8255548800598 269.37389854648154 345.24622267716995 218.47566637829277 302.18933281808495 267.617427408386 244.09652421895726 374.9985905422118 182.9061961119869 123.10960969909092 119.95084550682895 168.3641734194357 316.67498166844643 322.27713786794266 486.41931861432204 314.9911789600724 276.61677999048516 211.01809061959557 167.55664805926608 226.91505944143 418.5803413234207 141.77151365714417 219.50700879212536 198.5477522881156 305.7829188512974 106.48549084062824 539.1963000579476 374.5703609009961 206.16950346507656 512.2379823943211
160.61791931470543 269.37389854648154 113.97627987709893 218.47566637829277 112.911874237333 263.7818847745175 115.03258769307058 136.40151068301657 157.45801495531123 123.10960969909092 102.70303047510424 168.3641734194357 198.43824433172722 183.86615544722417 253.57836182774417 312.2500568146438 134.57359120316733 189.13499790689912 167.55664805926608 190.7365984959638 206.64627868361413 68.04621553875722 75.84759182226526 198.5477522881156 94.49103600123954 106.48549084062824 82.94253721011091 284.5886518814682 91.98969743663793 200.36194265429776
86.0421540772686 66.54648441855079 78.04248601975951 87.1142202386909 96.15949766937774 98.12664002390375 93.38385005624605 96.74848475184626 58.46090572620324 88.38074279283592 88.50205313845072 127.0430751529725 114.37120971467084 76.3525057958891 144.9237417899608 72.13449663866004 87.36025155626885 100.95107206472039 95.93111511822508 63.7368520497439 106.35112904031666 66.73021194024113 75.84759182226526 85.28349294578311 94.29028766330475 102.4812967051339 82.94253721011091 78.60134990902361 90.34154386773662 91.61316978992454
52.6095006732653 44.47341992932752 55.48445627131423 55.62250848362328 55.77740037532294 60.164563869098856 75.49589286028868 78.40422840040628 50.032740371705586 68.48126537869075 46.681666327231596 52.26809453910528 49.53713864285828 52.900570706912276 63.56778123549793 61.88215616368643 46.073638213428694 46.166324755442474 64.27553778406082 55.969582519334836 66.680714688443 37.782683899647964 42.895659374500156 47.38991579797266 60.25712839522612 64.02433485335405 44.00177541088033 55.08072356678895 54.57067776190888 60.41757886483629
33.695232715444945 39.73260440019021 42.48386027485776 41.38521976847778 40.27097029483957 46.38011206945703 35.09063031849291 36.14771964989677 37.50592510244405 41.51769135784161 37.96589015338759 37.81007232559523 41.000404034727126 40.05833389912823 36.95704767555662 41.56617027198672 35.37309434038934 43.876381761361245 40.018340935532706 36.14760152488543 39.036246086420306 35.66465576855171 38.32053420267221 34.93676523635895 39.88921168894103 40.702355345822525 32.914149322065896 41.359948051915126 45.81312752647 34.30560064796191
28.965559685615972 31.334215803409734 31.732262993104086 32.648387809126234 29.864471764114114 35.144358716081115 31.81728081468782 32.981758435345455 33.57597818589829 35.45654467694021 31.646548065646584 32.109143986057006 30.90653048863578 35.79754615723368 30.72788228793479 29.378534612686508 32.42700096331555 33.39069717581697 31.18584103874491 35.19023987918172 35.137399455236846 29.525225733974366 29.928102446996945 34.03175222075879 31.386448799490154 33.343071629010865 31.78641492055067 31.259657187758876 32.68355177538024 30.863109567146694
28.48317151950323 26.987376524921274 30.088523971733593 28.651073447897943 27.519661450477088 27.85010951633467 27.969758637778796 28.852488684896798 30.357060296348664 29.020155715172677 28.40856343792484 29.423330449943023 28.019128537174765 29.55969494334704 26.90085860130921 28.305877721219076 28.36061032098678 29.037537680668265 29.25625202426545 28.448641396125822 29.609381944328106 28.204167121892624 27.16918992163437 28.463911901573283 29.357434708184883 30.164790113593426 29.2895729407428 28.54304758160788 27.738050464969547 27.64811954571678
25.4250566409396 24.637182888730877 25.59601830435713 25.643094669222137 24.77356335857894 26.110211655386138 26.0509082115168 25.562001264884202 25.47374937081895 24.96516910449509 24.428435280372014 25.82087358656736 26.4655834748919 26.512966990460427 25.43245293953578 25.974665594013004 25.64648745124896 24.954406391505927 26.275515095760056 26.285264094812646 26.220963886611116 25.353708908372482 25.44235299304546 26.2679768208136 26.70054253596072 25.593043001989372 26.220484835886054 26.262943971359164 24.84870720691515 26.15969492807426
24.347681727944746 24.093799588517868 24.461517753126373 24.17457421427889 24.223500353492 23.533799029714828 24.890275709969956 24.12524931261987 24.73182070619214 24.108000571120556 23.327687271213563 24.716240688269863 24.56324902674669 24.728719737893243 24.332644193284523 24.07821252217309 24.242360053488483 24.40857052726369 24.735173591055627 24.198562998029956 24.40502914784156 23.98025176844658 24.38668746607982 24.20562862818815 24.158081610669797 24.36262144596685 24.248596016525426 24.638717168113544 24.535335410618245 24.277819468728012
21.34245483638142 21.141205897092277 21.18750255784653 21.216040176222123 21.358953109935555 21.5000960304601 21.714540282964208 21.494967987835935 21.506185022497448 21.52598603517208 19.711138786674383 20.930562451521382 21.187706013390653 20.87032332902936 21.013206981103394 13.792137831641867 21.197495646140396 21.32409132982366 20.981922696473248 21.247118101621254 21.324748722870936 21.316681078794318 21.213647585168474 21.22977949436654 21.21416004507728 21.239096773143046 21.256710708717037 20.994777459424313 21.232040498746755 21.210872314572498
999999.0 999999.0 999999.0 999999.0 999999.0 999999.0 999999.0 999999.0 999999.0 999999.0 999999.0 999999.0 999999.0 999999.0 999999.0 999999.0 999999.0 999999.0 999999.0 999999.0 999999.0 999999.0 999999.0 999999.0 999999.0 999999.0 999999.0 999999.0 999999.0 999999.0
