28993.337987015282 26495.487042144865 28313.703433701212 26647.87142971086 10914.582829344414 36399.35617608208 23412.60632386389 35827.85472125451 27132.785157045928 54473.708789478274 38554.31822402123 41089.63633204912 16326.388665931649 18294.8798708434 31493.81056186038 26572.01207555061 19719.772617592847 28971.17336442924 37415.09753969409 34396.569004393874 44536.21304395006 39877.00478076946 40663.38985349948 43904.15523979012 45747.30427807639 27020.981637041074 22087.047626172214 15957.262002326952 30519.060624619142 32227.51163089659
28993.337987015282 26495.487042144865 15747.39229245124 19994.40283905105 9996.728057543718 20898.31443492623 13987.914662172452 35827.85472125451 27132.785157045928 22888.9750455018 35904.32281433811 18388.891468561884 16326.388665931649 18294.8798708434 31493.81056186038 26572.01207555061 19719.772617592847 28971.17336442924 32427.70087011459 21537.369009437312 23603.63208078121 37316.04952260851 19689.679424916107 7027.269076929405 19850.27202677637 27020.981637041074 20629.593991556063 15957.262002326952 30519.060624619142 14677.548528805044
28993.337987015282 26495.487042144865 15747.39229245124 19994.40283905105 9996.728057543718 20898.31443492623 13987.914662172452 30419.675474560267 22222.004563488408 22888.9750455018 35904.32281433811 18388.891468561884 16326.388665931649 18294.8798708434 16282.836311304105 26572.01207555061 19719.772617592847 11828.235135052493 31014.15751989629 21537.369009437312 23603.63208078121 19177.89467095837 19689.679424916107 7027.269076929405 19850.27202677637 26318.469692448245 20629.593991556063 11210.180513790763 30519.060624619142 14677.548528805044
9011.017221499573 26495.487042144865 14324.064954744441 19994.40283905105 9996.728057543718 20898.31443492623 13987.914662172452 21092.745144356137 22222.004563488408 17806.700703202947 19282.69362594039 18388.891468561884 16326.388665931649 18294.8798708434 10450.061429959074 14125.499954803177 4444.044145268942 11828.235135052493 31014.15751989629 21537.369009437312 23603.63208078121 19177.89467095837 19689.679424916107 7027.269076929405 14564.887407033402 22303.223655565285 20608.558321451535 11210.180513790763 28764.482915759643 14677.548528805044
9011.017221499573 14253.758093207467 14324.064954744441 19994.40283905105 9996.728057543718 20898.31443492623 13987.914662172452 21092.745144356137 22222.004563488408 17806.700703202947 19282.69362594039 18388.891468561884 16326.388665931649 16693.42963853145 10450.061429959074 14125.499954803177 4444.044145268942 11828.235135052493 28057.069411053526 15908.612063211112 16820.28621411679 19177.89467095837 19689.679424916107 7027.269076929405 14564.887407033402 22303.223655565285 19102.494993091026 11210.180513790763 14718.22120222784 14677.548528805044
9011.017221499573 14253.758093207467 14324.064954744441 19994.40283905105 9996.728057543718 7500.470746183713 13987.914662172452 12839.926710898246 16674.12928091833 17806.700703202947 19282.69362594039 10286.903687740665 16326.388665931649 13736.255345063744 10450.061429959074 14125.499954803177 4444.044145268942 11828.235135052493 28057.069411053526 15908.612063211112 16820.28621411679 19177.89467095837 18876.2648780713 7027.269076929405 14564.887407033402 22303.223655565285 19102.494993091026 11210.180513790763 14718.22120222784 14677.548528805044
9011.017221499573 14253.758093207467 14324.064954744441 15663.138127255716 9996.728057543718 7500.470746183713 10282.221985640173 12839.926710898246 11775.864048751437 17806.700703202947 19215.382168921977 10171.943899177746 12351.002832062013 13736.255345063744 8556.17151421406 13087.067912055838 4444.044145268942 11828.235135052493 15416.074135462855 10871.94294469145 14565.008739051673 19177.89467095837 16696.889215501724 7027.269076929405 10344.16927243823 22303.223655565285 10551.926934490495 9180.495635485531 14718.22120222784 8047.793436034819
9011.017221499573 8816.497806207408 9530.271869633307 14244.781026121702 9031.377256443859 5091.772161061128 10282.221985640173 12839.926710898246 11176.787502431502 7479.847390776028 11304.899957447027 10171.943899177746 12351.002832062013 13285.866231758011 6542.373949363227 13087.067912055838 4309.055106602894 11828.235135052493 7062.561954310408 10871.94294469145 11093.820389119968 13430.596898066908 7830.047270079554 5276.878484577918 10344.16927243823 18944.05568503655 10551.926934490495 7183.724608664017 8973.220294465533 4066.6031587318557
9011.017221499573 5750.8829361925855 6486.200542158184 11647.237497250086 9031.377256443859 5091.772161061128 6274.725849284965 12839.926710898246 8573.675797231908 7479.847390776028 7673.345723164943 10171.943899177746 9273.577949988938 13151.821397633437 6522.039960427529 6886.63338672781 4309.055106602894 7009.228961230097 7062.561954310408 10871.94294469145 5137.897695534575 12884.504211032536 7830.047270079554 5276.878484577918 8398.660920296596 13825.383019259729 10551.926934490495 7183.724608664017 8973.220294465533 4066.6031587318557
9011.017221499573 5750.8829361925855 6486.200542158184 11647.237497250086 5844.393093549642 5091.772161061128 6274.725849284965 7404.02849847328 7154.293882760673 5085.649223748901 7673.345723164943 10171.943899177746 4561.283072518176 6679.289382094599 6013.668799275152 6141.753393708423 4309.055106602894 7009.228961230097 6930.853187335981 7540.34968592863 5137.897695534575 8292.266947282149 7830.047270079554 4710.029784154219 6481.607140556442 5036.270468302191 10551.926934490495 6392.950102319853 6708.578614963877 4066.6031587318557
7510.6058322316 5093.43370884982 6486.200542158184 11016.574506208895 5844.393093549642 4323.183144918588 6274.725849284965 7404.02849847328 5521.601861857244 5085.649223748901 7673.345723164943 7305.40584088787 4561.283072518176 6323.399335108305 6013.668799275152 6141.753393708423 4309.055106602894 7009.228961230097 5302.946945377214 6889.939265625042 5137.897695534575 8292.266947282149 6129.188939070455 4710.029784154219 6481.607140556442 5036.270468302191 8921.028050613038 6392.950102319853 6337.2582162546205 4066.6031587318557
7510.6058322316 4036.6452212724107 4172.770679983002 7790.8487737486375 5844.393093549642 4323.183144918588 6274.725849284965 6387.14875314959 5069.940376116671 5085.649223748901 6853.762223609442 6479.370201912103 4561.283072518176 6176.859061281655 3977.124324660621 6141.753393708423 2293.7988059543454 6624.48864138506 5182.42858145617 6889.939265625042 5137.897695534575 3992.632435481032 6129.188939070455 4710.029784154219 6481.607140556442 5036.270468302191 6270.739818447591 6392.950102319853 5408.727237244277 4066.6031587318557
4642.7349236461205 3522.143353633141 4172.770679983002 3482.596160003854 4797.726912598594 2350.3423826784565 4840.975407951829 3292.9626622814676 4843.378219331382 4938.927241342017 5210.244096797185 3809.3690969753425 4561.283072518176 4356.061928014052 3431.598876856876 5493.566854378393 2140.283016781492 3854.633959541745 1787.9685127184139 4081.0334704685283 4724.918262387798 3992.632435481032 6129.188939070455 4130.89462525892 3542.495971928003 4422.063984865062 5432.245294764698 6392.950102319853 5408.727237244277 3446.748808346281
2587.0978684941383 3522.143353633141 3632.113300763859 2234.501835412935 2933.18669326834 2095.22562029798 2365.731673677993 2917.598046159629 3595.342537114952 3906.380542379293 2959.8509493441907 2017.4011173218819 3193.2502379455145 1734.0147312551067 2425.84658056644 2899.690886133263 1562.0045554519006 1239.2674827902356 1712.4559933200865 1937.7229816157783 3979.5485503512837 3407.7203085181422 4800.0219693920435 2043.7463230548083 3159.8174666209793 3437.805220037791 2116.4245575693994 2269.905577575736 4518.700984966702 2016.6288568992081
863.4945401665261 1054.1933066984127 1247.6457951576965 1267.990194947146 1149.9233273688717 962.3852094039628 1054.981745305054 770.1755894912935 616.3552402286692 1866.7061436163494 878.4601370800538 1640.029509148262 1222.6719158092433 329.1297994707386 1746.505594135111 1613.5417407559771 868.7764322339708 1235.5968459224719 1284.3598111182296 735.1471985440212 906.8431009008709 856.0430657227193 883.169699311135 1123.933697999503 565.2183696144947 993.5662225633821 600.5195586641441 694.1461371780304 1162.7469079544228 942.4023796313709
3.271669186233339e-06 0.00011300573640937728 2.4821432020871725e-06 1.261089551007899e-06 6.529211873385066e-07 2.910318244175869e-07 1.059075145803945e-06 1.129762569007653e-05 6.3830444787527085e-06 9.283214694733033e-06 6.127878998540837e-05 2.146397889646323e-06 1.8801266037371533e-05 6.452882416851935e-06 1.899318647247128e-06 5.211074324051879e-06 1.2263433291082038e-07 5.1068570883217035e-06 9.677768787241803e-06 7.086400785283331e-06 8.698257602191006e-06 7.131174362484671e-05 1.1406225837617967e-05 8.43593056742975e-07 1.4432368516281713e-05 4.301513513382815e-06 0.00037224138020519604 5.392357707023621e-07 2.2971676116867457e-08 2.3621329319212236e-06
199999.0 199999.0 199999.0 199999.0 199999.0 199999.0 199999.0 199999.0 199999.0 199999.0 199999.0 199999.0 199999.0 199999.0 199999.0 199999.0 199999.0 199999.0 199999.0 199999.0 199999.0 199999.0 199999.0 199999.0 199999.0 199999.0 199999.0 199999.0 199999.0 199999.0
