217.0543873800002 198.01861331833197 126.52492822068007 125.99179321441125 208.64254668501144 154.5137525801165 165.57097765913932 177.14538083047228 173.95632320076083 131.80326117471122 146.2212425087473 179.59264084618235 150.5900522686061 192.4979508663837 148.0550166430544 154.13224640237468 134.84681860144292 137.07727409360268 156.30648543951156 106.34632405185494 132.71605000806267 155.85522631716503 142.86617563326308 176.23432690465006 188.83922033206773 178.05350297590576 178.275751736252 151.95637317917272 219.9990188312363 133.59962883817389
147.30255894804577 198.01861331833197 126.52492822068007 125.99179321441125 164.0528813487449 154.5137525801165 165.57097765913932 177.14538083047228 173.95632320076083 131.80326117471122 143.47058767622366 146.21156728460892 150.5900522686061 192.4979508663837 148.0550166430544 132.09500144002504 114.30174291360981 137.07727409360268 138.03515404526752 106.34632405185494 132.71605000806267 133.76368440966417 142.86617563326308 176.23432690465006 182.7799507720688 160.40948162680434 178.275751736252 122.6489404435356 219.9990188312363 133.59962883817389
130.27605134451096 198.01861331833197 100.49783834573918 125.99179321441125 157.83998113858206 154.5137525801165 165.57097765913932 152.633980603523 138.2858910148234 131.80326117471122 127.83065349234175 146.21156728460892 65.58666624962007 164.01999618502623 148.0550166430544 97.8033815326744 114.30174291360981 119.35431211919058 134.35444939775243 98.00881763906182 132.71605000806267 102.65842876640363 142.86617563326308 176.23432690465006 138.14452833457835 118.47327079353772 156.557396692378 96.7490471066817 140.45231576938704 133.59962883817389
130.27605134451096 121.13763961162977 82.61911348123112 125.99179321441125 150.70717121108737 154.5137525801165 158.66408685135775 152.633980603523 100.94503467995673 105.9557441961042 127.83065349234175 146.21156728460892 65.58666624962007 164.01999618502623 141.09082691737194 57.42774397332505 114.30174291360981 119.35431211919058 111.62350514628861 98.00881763906182 132.71605000806267 102.65842876640363 116.76659453178945 176.23432690465006 138.14452833457835 105.06159885951456 153.70280152691112 96.7490471066817 140.45231576938704 133.59962883817389
102.06567951213401 121.13763961162977 82.61911348123112 125.99179321441125 150.70717121108737 154.5137525801165 125.85362022037316 121.01015515277686 100.94503467995673 82.43090159245685 127.83065349234175 140.6913177929323 65.58666624962007 164.01999618502623 141.09082691737194 57.42774397332505 114.30174291360981 116.0535478329939 111.15942541123877 85.89482989689031 132.71605000806267 102.65842876640363 116.76659453178945 176.23432690465006 138.14452833457835 105.06159885951456 92.44346912068295 96.7490471066817 140.45231576938704 59.46871019430864
102.06567951213401 121.13763961162977 82.61911348123112 107.10064536333266 104.14801935578953 122.31252884659261 125.85362022037316 108.22629841553271 86.82538138447808 82.43090159245685 127.83065349234175 101.06652013394114 65.58666624962007 116.68924399973821 141.09082691737194 57.42774397332505 98.10443277085642 116.0535478329939 100.60013852028078 85.89482989689031 132.71605000806267 102.65842876640363 116.76659453178945 128.6299264584959 138.14452833457835 105.06159885951456 92.44346912068295 96.7490471066817 140.45231576938704 59.46871019430864
96.94721309276383 121.13763961162977 82.61911348123112 96.56873102646523 65.05663206657255 113.964996158345 94.85107855847309 108.22629841553271 86.82538138447808 82.43090159245685 98.75709009388629 101.06652013394114 65.58666624962007 116.68924399973821 141.09082691737194 57.42774397332505 94.90330183229707 108.61619002252473 89.21802699972022 85.89482989689031 91.34945352078648 92.84935854770674 69.46640215434763 128.6299264584959 103.47175872880916 105.06159885951456 92.44346912068295 84.48142617520443 112.92835095874125 59.46871019430864
84.52854196458611 103.29515712326474 60.39426496407168 61.091707243359906 65.05663206657255 94.1493198353478 72.28216420502031 87.00234623871211 77.14048934225275 79.84792721835174 82.69113128920071 77.7521683233208 65.58666624962007 92.99356522853941 106.02225216630768 57.07441417207565 85.21372266226263 102.37358795602859 89.21802699972022 58.140016595111774 70.34713344140937 78.54420163685745 58.86295170225958 116.33785916707302 97.49203657797807 94.51695852887178 92.44346912068295 84.48142617520443 67.92767263089127 54.11729661534355
60.97217133361937 64.06767529687022 48.80089645945054 51.64276126155619 52.251376718094434 79.28136924993214 66.20106476586989 68.60593891940835 52.58767549966933 46.49978262442119 77.94444132041417 57.37299166113144 65.58666624962007 51.10134102485108 63.6687940319498 57.07441417207565 70.17720874033284 69.27744060077293 65.28397360952977 48.9792132992834 51.430294007343946 65.97397983922474 58.72747590961853 69.40125957453438 73.67891350694572 74.46838775470496 90.5865764449868 72.50038477202952 63.10902764150342 54.11729661534355
54.712012247632174 61.08304744290672 48.80089645945054 49.63030798337013 39.75793775265697 58.74606424025069 58.16235282439493 56.39980741113368 44.781817083813166 40.12900675369019 38.01131365719789 52.791285836518 59.47406070366833 51.10134102485108 49.44280341197009 43.94258124165822 52.46383169501223 56.54046496550154 39.19811646687572 48.9792132992834 49.006831649373 49.21394065753475 51.74350553614022 60.55274491051068 55.31933281173815 61.946468403883046 47.790657627997916 53.38788566571657 47.30657433848501 52.463673786948675
44.80321773655146 42.60044159393806 41.629434810589146 36.167277525472855 38.55847329877042 32.67864897269874 43.53714049234418 42.42178523384655 28.22468668463489 38.82215244715508 37.30611547993681 45.14999063464893 35.82543973085899 47.95795569039751 41.01791139539819 30.177098796484415 42.00409755512919 42.92931962798866 39.19811646687572 37.82772329087538 34.645058916420794 26.95083503687374 29.941821599453988 35.28836614119518 39.45092601122451 38.260140512510816 41.8697863352063 39.208291854428126 45.61154212329507 37.04660047210564
29.153204438533066 20.886286111775235 31.302330381221054 31.933950427030595 34.79283452213713 28.86142563310409 26.19135042906555 32.72292297736067 28.22468668463489 26.455059548954978 27.019461652593463 28.263392172867498 28.320220870039748 33.903410387804115 30.37682968760896 17.654382344952637 33.37970331842189 30.953643319106277 35.730983486319474 33.290568451560375 29.508087889472563 26.95083503687374 26.38754179982402 31.22020029271971 30.537077729008615 31.358480831279394 28.19082026820365 28.509554598918612 32.88799262775183 31.913787538579527
25.25225200044588 20.597400175177427 25.580927047069054 13.150441934423498 25.139712787687813 21.97113997733277 23.52609473534494 24.463191139027003 24.779945812862707 19.337224507438577 24.97266736649476 21.57967249880403 24.90853658171227 25.532002757142664 26.37192901358526 17.193382084263476 25.37853993701674 25.346375485451745 25.23861351799428 20.178240687594325 23.74787648764118 25.48414656759269 19.990511398740637 14.681176720495841 26.213753065226456 19.645975819122214 24.908942604889717 23.806995180050762 20.65672967501905 24.108785730348472
11.976175611911003 8.541516928577039 12.587315407942015 9.283955248139819 12.160689465621545 13.635393865155038 11.346539753188608 8.97010330092553 12.933642193731202 12.122309758052097 10.742465974966535 16.477950979912748 20.131538889673948 10.532041628350953 16.844157687334246 10.751693156999181 18.53441558569034 10.57177452805331 19.607983178178074 12.83386436697765 13.549857319195098 13.529397381085118 12.80785229574758 11.639420341390633 11.591899436116137 10.927504976944192 12.141754526118575 15.251091226846256 12.721503183593086 10.912794959166376
4.74590842308271 4.419136014491414 4.268909983151389 2.9242220469434415 3.416527040026722 5.489226178720401 5.049425042397388 3.442539820789534 6.3470394185430905 5.457657909708132 4.864916526228399 4.7640582871645165 5.729909296218466 5.599391068554041 5.088897792513535 5.119863399323549 8.18365912098534 3.874425084006134 7.928255421003541 4.995325191895063 1.705595166770081 6.16857688506866 2.895181323767474 5.375352481706841 5.619774122352965 5.72329458716581 4.465155329639401 5.258271713507156 4.820731802083628 4.801480400089076
0.0003054296566915582 0.030581015347706852 5.247084118309431e-07 0.0004169600704244658 8.243391721407534e-05 0.0016538565239443415 1.317221176577732e-08 0.0026135043299291283 3.4556705941213295e-08 0.0004097756520877738 0.06386103019258371 7.823116447980283e-07 1.0361802651459584e-06 2.4373093765461817e-08 0.009164287898329349 0.006847011737363573 0.04536763743180927 6.72621354169678e-08 6.545778887812048e-07 0.00929107506794935 0.0023480763147745165 0.047633665468083564 0.0034994331442703697 0.00039465510189984343 0.056020164992332866 0.0003018523684659158 0.013772322712384266 0.046693918839991966 4.879469702245842e-05 4.5050001062918454e-08
199999.0 199999.0 199999.0 199999.0 199999.0 199999.0 199999.0 199999.0 199999.0 199999.0 199999.0 199999.0 199999.0 199999.0 199999.0 199999.0 199999.0 199999.0 199999.0 199999.0 199999.0 199999.0 199999.0 199999.0 199999.0 199999.0 199999.0 199999.0 199999.0 199999.0
