7989.935594021714 9612.530520625087 10182.808175052898 2892.140276682492 10453.4955517081 6379.064065211845 9997.108096106924 9658.95017435318 7435.061365523368 6418.465680322874 9119.19471707114 7799.973564739834 10253.543805697853 10376.456459499852 8513.182036950779 9348.464657092092 6304.119147946778 9392.54584630475 7605.678991504912 8831.964357479397 7749.475346014342 5108.6887296208 6242.47201792747 7292.082492146339 7129.328763077076 8634.076523618225 10417.142786435506 6448.48131382728 10248.935804791481 8665.120867274141
7764.09299333574 9612.530520625087 6826.430272652655 2892.140276682492 8298.568852209297 5503.799116924374 6893.868454516472 8823.520041673526 7435.061365523368 6418.465680322874 9048.660439217854 5857.86104845714 8658.044630852284 9178.738385656596 7325.803561207504 8129.540375079459 6304.119147946778 9392.54584630475 7248.076502585996 7442.146460847849 6454.393295429672 5108.6887296208 6242.47201792747 7292.082492146339 6491.683082240841 7423.653972108237 9049.617358051133 6448.48131382728 9362.195631090963 8665.120867274141
7576.5149748929725 6913.03660410954 6772.094203178283 2892.140276682492 7020.069961245645 5382.729176804274 6893.868454516472 4405.909495999055 7261.163698743112 6207.560416140903 6680.656441226245 5857.86104845714 8070.666880596556 5441.8278217588895 6802.968948804846 7385.807636731428 5972.310359564552 8943.57409096568 5088.00190017157 7442.146460847849 5425.344746904107 5108.6887296208 6179.63982978397 7292.082492146339 5641.685095758312 6944.111893670373 8753.277803370996 5986.656481483526 8443.368605570695 6947.235050469941
5567.529043474212 6801.227687227516 6677.130692108767 2892.140276682492 7020.069961245645 5054.02670445702 6805.288350173663 4405.909495999055 4723.615986211913 6207.560416140903 5472.262509589955 5857.86104845714 7192.154532590419 5441.8278217588895 6656.875683600205 5835.139841744825 5972.310359564552 6755.6118601513135 4911.453532065836 5561.918382242025 5398.0281360417775 5108.6887296208 5607.19806415667 7099.580904740302 5578.65631519451 6944.111893670373 7319.933248995461 4290.4654491009405 7039.659257734778 5533.475331921634
4938.834537703164 6454.751879708889 6677.130692108767 2892.140276682492 5605.891127635323 5003.983367216372 6805.288350173663 4405.909495999055 4233.359563804001 5414.40931182163 5472.262509589955 5654.932666061442 5646.577870758138 5441.8278217588895 4288.928662299531 5835.139841744825 5972.310359564552 5091.674256150565 4911.453532065836 5502.80428049837 5150.925088302528 5108.6887296208 5358.103621265093 7099.580904740302 5578.65631519451 6944.111893670373 4625.496589427908 4290.4654491009405 5443.848446837526 5533.475331921634
4938.834537703164 4975.604711905981 6498.919120098886 2892.140276682492 5058.629110973656 4664.691879169771 6163.584230827861 4405.909495999055 4233.359563804001 5072.113476762079 4790.778081768052 3305.3144051774543 5272.675982204487 5320.363980235447 4288.928662299531 4777.314713521187 4963.556675307382 5091.674256150565 4911.453532065836 5340.540864911979 4936.296583365697 5108.6887296208 5358.103621265093 7006.6038581550365 5578.65631519451 6269.099346453335 4625.496589427908 4290.4654491009405 4415.640492965568 5276.3382391925215
4510.204633602831 4975.604711905981 5506.7227951742025 2892.140276682492 4958.89556673719 4344.266528135333 5053.911332076 4195.061277873212 4156.424795962276 4849.52045833955 4719.354420695278 2890.2292179228134 5010.650099638417 4319.442702015138 4253.577386115436 4777.314713521187 4597.558179485707 4591.902291597716 3864.5270845251034 4888.117916401149 4545.98617585088 4882.119795957372 5358.103621265093 6783.572279548731 4302.4221722048815 5568.480226218661 4296.834119254321 4290.4654491009405 4415.640492965568 3985.0834528769556
3838.648238544917 3469.0816265383564 3045.8605872949065 2417.7576322993336 3605.93993420312 2489.469452663154 2626.2291267665514 3650.5994317235036 3269.273701285754 3608.73967685532 3594.382212588018 2890.2292179228134 2850.2118670967848 2375.4705521852675 2912.259710972903 4307.051847793828 3472.4040056724716 2860.0247594072116 3608.9925323769494 3287.3574732183824 3083.6502123817454 2487.2234300505334 3499.5289442076173 4624.170775060769 3463.418538142523 3931.1244122263925 2809.9175057400917 3819.8945808845165 3510.57048617252 3504.729276557704
3198.4521315537777 2607.7206347676183 2307.6000020472375 1610.5543371885024 2044.232028174236 1604.3581731968752 1445.6769301260147 2800.461904263796 2741.5327193468383 2758.518506002726 2380.595313463793 1519.8880055015843 2603.396719692166 1170.6091708680665 1541.294021908957 2740.6286200358136 2920.7770439957767 2138.3235246655786 2260.975814441934 2565.5269196803274 2597.37954812914 1389.8403225299867 2844.6712097284726 2902.629284241725 2582.4224995499844 2083.491207042747 1677.4804150583004 2677.0402356454197 1744.4133702469198 2839.228213984896
1585.438181118876 1720.2987220712994 1119.9086587789507 1004.4593144930582 1592.6463191168586 1074.249762601617 1095.410234689004 1690.7687882420387 1761.8013055168676 1909.143282682875 1547.1691257116554 1077.100409862745 1856.2746351021806 1031.9267940165573 1089.754250583259 1687.4830827051837 1518.7612731045174 1208.1895951159722 1572.8282197812496 1755.423678471303 1471.9792108185702 1160.0694722717076 1577.847300915133 1882.0088200092523 1536.3198287844225 1166.213624488837 989.5541294145642 1775.5393837122328 1001.4407507324959 1546.0262795911622
882.5931618116292 882.3448155587412 1053.8716492882959 828.0503168640157 832.2985205053174 841.4307658286211 762.7894715573352 885.3116271088329 879.0078154096882 1038.7565595319425 711.0250601081343 813.6351062037511 801.5502959328492 835.8088781949464 818.0416643551071 833.1081669321729 840.4009293132481 892.0101515706206 836.0686602170399 839.0252066789731 785.6946793850284 851.3138833198291 900.4181590108938 1000.0609292871268 828.7353129138992 879.6445780389836 873.391877038574 821.1997342787731 844.884124314588 815.385831620978
785.9405869904235 386.05794392946336 802.8691643835905 695.8249867884833 369.1227612336302 732.0245137205707 717.677823684478 374.05315794498165 375.26765191518143 418.7320346234151 368.59031812661397 726.1978695757416 378.59135660210677 724.8355805651445 681.7206699049225 375.7614137148116 378.8426109657512 737.0462539992209 367.1898566775717 376.7000916853344 355.47818867011665 739.0699797461366 388.0432020410217 388.2596540556674 368.42021286130375 768.3638631294452 748.5148342529292 392.186577200353 763.7460599842252 371.73373305305404
640.9117753218266 301.54739532513577 689.100607300591 551.0110266106421 301.43892130940776 597.2701467495554 561.5120617857592 301.25978363032755 301.2727316076912 302.1360103218067 301.2777939454236 540.4153171323433 301.39220442868964 586.1441455688828 502.8488417327935 301.4822509281603 301.3160534207509 677.0478166081593 301.06577401271034 301.0744782339484 300.92842689093277 540.4600807107308 301.24113286781176 301.3900657539016 300.8142756746274 682.7512185643382 614.638391045657 301.2275933063729 627.4003582999653 301.2849287656745
476.67257109987304 300.00023032565514 545.2859943778203 415.7121445069738 300.0001964078551 431.4880248507752 414.2918031267923 300.000204004903 300.00019040073676 300.0003721771377 300.0002572092958 409.0264212489069 300.00027205740844 438.71470080307654 408.5474754939455 300.0002575807871 300.0001945691929 543.5766077277012 300.0002460611563 300.00024721050386 300.0001713301199 417.9908031639575 300.0003001031373 300.00029802918016 300.000197074884 517.0616781922781 439.1371101685595 300.0003001274122 489.8709381904591 300.00020328542405
407.55572939217836 300.0000000000009 408.683765885653 400.0000000241066 300.0000000000009 400.0000017592979 400.0000000314958 300.0000000000009 300.0000000000009 300.0000000000009 300.0000000000009 400.0000000099485 300.0000000000009 400.0030756736837 400.0000000146315 300.0000000000009 300.0000000000009 400.255281660985 300.0000000000009 300.0000000000009 300.0000000000009 400.0000001125677 300.00000000000045 300.0000000000009 300.0000000000009 402.00464380729727 400.0000275116595 300.0000000000009 400.00094227595537 300.0000000000009
300.00000000000045 300.0 300.0 400.00000000000045 300.0 400.0 400.00000000000045 300.0 300.0 300.0 300.00000000000045 400.00000000000045 300.0 400.00000000000045 400.00000000000045 300.0 300.0 400.00000000000045 300.0 300.0 300.0 400.0 300.0 300.0 300.0 400.00000000000045 400.00000000000045 300.0 400.00000000000045 300.0
999999.0 999999.0 999999.0 999999.0 999999.0 999999.0 999999.0 999999.0 999999.0 999999.0 999999.0 999999.0 999999.0 999999.0 999999.0 999999.0 999999.0 999999.0 999999.0 999999.0 999999.0 999999.0 999999.0 999999.0 999999.0 999999.0 999999.0 999999.0 999999.0 999999.0
