281.100110088918 267.17388599045444 270.70335749457695 233.68762487964045 271.70130967233445 246.76329550235687 297.1491863427409 192.20908199319615 270.15259332773803 283.55151963626645 273.00112636615904 243.44965365745088 264.87237996606973 265.51506655378944 282.0214030468685 254.51330738363754 275.2920106261322 244.8420993724435 254.82617159521146 284.93078965266704 247.76977596848928 263.42261444752717 274.65017250877236 284.46751914165793 239.32990962811323 282.3159399571964 252.5694518633693 274.11966756299125 287.2522330316451 280.17118746489655
270.5576899225257 267.17388599045444 256.33682682137714 231.36454897027193 236.40775539732954 219.32041679651445 259.8530185135646 192.20908199319615 223.64988774326275 247.16570985375643 261.5089521714933 243.44965365745088 252.11898688235306 249.09194438015652 257.3013936871273 231.29452161188237 274.50278665561314 240.9408943738472 245.64935002706693 241.48548584319565 219.5026204486801 263.42261444752717 252.07186697627367 279.73825714166946 239.32990962811323 282.3159399571964 237.25358566774526 263.2227373128453 274.9830712295552 233.6198729378532
270.5576899225257 250.75983172399037 253.18970152187308 231.36454897027193 235.5920699014548 216.30760811061555 259.8530185135646 192.20908199319615 222.72322452851222 209.36594620266828 213.11837460212837 243.44965365745088 252.11898688235306 249.09194438015652 256.70414191695 185.29516000146498 250.20349088039416 240.9408943738472 231.74892720935895 232.7945338046295 209.03833991869078 219.95772133773676 233.28251326501663 277.30611939558685 207.79506750250061 242.6880022287869 237.25358566774526 255.58769788614518 262.18041633421035 233.6198729378532
270.4104358857983 250.75983172399037 250.59485873181052 231.36454897027193 232.57760279105446 206.25350475035157 241.87431952484644 192.20908199319615 215.15572063790864 209.36594620266828 213.11837460212837 226.64003092413986 233.5400718396104 238.67187505991978 256.70414191695 185.29516000146498 208.10421457694235 240.9408943738472 231.74892720935895 232.7945338046295 209.03833991869078 219.95772133773676 233.28251326501663 260.1525721614548 207.79506750250061 242.6880022287869 223.29416543746993 223.65414734275532 184.65722692218128 220.772441587412
255.74107044421294 250.75983172399037 233.81639700550932 228.14335940866135 230.99312281803714 206.25350475035157 225.04460526971639 192.20908199319615 215.15572063790864 209.36594620266828 211.09731278204174 194.09369593937652 227.99096928285462 238.67187505991978 210.05736800024386 185.29516000146498 208.10421457694235 235.37121869407747 226.59194105270126 232.7945338046295 209.03833991869078 209.8570576970901 220.59550613391661 239.4589210536501 207.79506750250061 229.03018014057284 223.29416543746993 223.65414734275532 184.65722692218128 214.18488443562273
229.19624334057903 225.55809498937424 233.81639700550932 228.14335940866135 230.99312281803714 206.25350475035157 225.04460526971639 192.20908199319615 215.15572063790864 207.11274242276045 211.09731278204174 194.09369593937652 220.4602157073482 238.67187505991978 206.34355292783653 185.29516000146498 208.10421457694235 225.9478113701723 224.7073726143767 232.14962710899272 209.03833991869078 209.8570576970901 217.45158621190558 224.27945207892526 207.79506750250061 229.03018014057284 223.29416543746993 223.65414734275532 184.65722692218128 214.18488443562273
229.19624334057903 217.69089705886472 208.1782934343821 201.92740019476196 179.70374421362249 206.25350475035157 193.79115187292734 192.20908199319615 215.15572063790864 207.11274242276045 211.09731278204174 190.31901757679498 220.4602157073482 238.67187505991978 203.79916516325102 185.29516000146498 208.10421457694235 225.9478113701723 224.7073726143767 232.14962710899272 209.03833991869078 207.86634246752158 196.5390433791946 218.13563162855644 207.79506750250061 208.64024600723178 223.29416543746993 215.06069650390418 184.65722692218128 203.65199400475876
178.90957372262483 201.45276124805866 192.18237001055832 172.4667101723752 179.70374421362249 184.28002766508473 193.79115187292734 173.02841440685575 195.65644353487733 188.43365008528122 191.227220637384 186.1915851580619 199.6437972330932 201.71088022303775 192.72820642472436 185.29516000146498 188.55299748149332 186.84746187228052 155.77692043027912 203.48174337557805 191.35550942348937 207.86634246752158 195.43484305202423 196.19596131275466 195.7940813737598 208.64024600723178 201.88917824384998 182.82195486170133 155.03345459890807 191.48530093021782
163.5678508091455 175.1066796256422 171.0493759622442 161.90082124732248 170.33261594116675 157.113472056604 155.96398270055943 173.02841440685575 194.17941988135135 147.1123552677227 161.6733687895861 165.74833709464565 164.72178850723662 169.89370447876388 167.55865344576273 155.56703054322384 182.07853119637105 186.7384854073955 155.77692043027912 169.44806234481246 175.69992529180467 181.787993118729 163.7408445349331 183.5716560834071 175.87288503465902 162.60560321021842 156.94683215907116 171.74314528557193 135.10601787912026 157.20092421134223
157.6163658368214 149.21194995222913 141.89781301130495 149.16014114539541 143.25546544541226 102.01555940236813 139.10379326620864 137.5006226830419 123.5609188579615 128.3602290710145 138.98949736405507 153.59688900224 158.64763339664466 159.48193535184407 144.50816486834435 149.13731345555664 152.53321091852547 174.10337933937853 135.68248664300518 158.2599786941837 143.39768362829386 156.7893003700152 139.2916143066018 162.59563924434678 147.49515489012458 114.49062400580578 156.94683215907116 148.8066180634587 131.04070662817446 142.5170865225532
147.40146104316682 128.33421802201724 131.62753594507444 138.91615026131478 112.83144416550863 93.29162693006231 138.50072390493722 121.20961687479053 123.5609188579615 116.8973093218882 138.98949736405507 131.43186526489671 130.27887209035396 144.24025991892165 136.79908444790203 128.49239497466488 127.94753966096778 134.0383874014209 134.33443820443688 147.6726352720774 115.9050693170783 145.22396766999975 125.21173187805084 138.3320348914517 134.59821286711735 113.96810849262545 141.19099550516466 121.4937352796727 130.96677106408947 130.38796233311064
106.94730252116415 118.67464721726446 113.00637225236153 118.78609745017638 112.83144416550863 86.53442042582003 89.92144353754884 93.54369643396319 94.61171244537968 111.9229513962166 120.02762839157265 122.01157395096288 93.32381393024787 127.72513279213229 102.31653475633868 122.32822806205047 116.52376929566003 112.76986275323623 102.170094175911 127.39761556999963 115.9050693170783 103.7536593008358 125.21173187805084 108.22533083023347 122.00170214018374 104.49209380034847 114.77778810134453 120.37248094627603 123.27735470293169 123.58560037943562
92.23685045835941 109.39109223068681 102.60137693769366 92.20417577088301 87.52354955557985 85.3959156313 81.59694060037316 90.73468784255044 78.44023972002947 100.08294026903695 103.77161838282689 104.19267148774156 82.3910120696138 106.23153307087205 102.31653475633868 105.35574193696016 100.0977955972561 107.84829160429604 93.12115620110887 98.32546823422479 94.14975202817232 81.49646914210314 106.62602867440683 97.70063358770733 116.43289928433194 104.49209380034847 100.5026050755016 84.10637905229908 109.23134070034484 96.70010897895997
86.05626559676557 75.30467787592818 78.08921621112836 71.8209509720433 68.90321194546607 63.42763293301732 61.947989639439015 66.71558821444285 67.21445132469955 77.25355077804295 80.68020296912243 87.17001817391997 61.544234548966756 88.46745069955182 69.52004800327143 89.10597055736264 90.06498832576176 91.13987879388333 75.94301271503161 78.29517087253589 80.35295622914293 75.05263519402683 81.96937731482831 76.71916155403233 80.58348547135904 81.54128101127071 84.62065414849383 68.43220150679372 75.15512204891434 71.29889086600645
60.14040982064955 56.58767148334482 61.73246476724876 62.18354335524282 44.286642996650926 46.4184424968596 53.635534809225305 37.67642688563899 51.53233318561581 45.10044851706425 52.4123144470085 50.19737881251933 54.996727835953266 47.09175960006996 53.674264383883724 55.43165163729793 54.029960535982696 41.17339761782932 48.90812418910923 47.74181877766807 44.52823605396043 56.56311823848546 45.42670790928776 41.73557659930884 36.85964038639622 51.81561896821154 38.3081731936669 55.33009037348086 44.6183620313368 55.86187457610049
16.04696231149319 25.004206517641705 22.12206055055185 18.02870690394218 20.333338475488972 22.393019227467903 18.04967888036549 14.072337248800295 19.14824218478384 15.044567465800583 14.063608689835405 16.006520368886527 16.29050994052068 19.00983971203516 14.184191551911454 21.08236447067884 19.217484825353267 20.94912509451376 17.956771093567568 13.019089291231467 11.01311131093314 20.82255283358711 17.062597230198207 15.026366238020046 17.285535620236715 18.557593172493284 17.95017521569082 21.045340342714553 19.02009853548509 20.94669496010431
999999.0 999999.0 999999.0 999999.0 999999.0 999999.0 999999.0 999999.0 999999.0 999999.0 999999.0 999999.0 999999.0 999999.0 999999.0 999999.0 999999.0 999999.0 999999.0 999999.0 999999.0 999999.0 999999.0 999999.0 999999.0 999999.0 999999.0 999999.0 999999.0 999999.0
