5982.051238754818 4728.747936351614 4369.731987269882 6394.004779299307 4474.909688654099 2823.825120125772 5235.9407111602995 2432.436390979035 4714.551691343499 3950.693267338371 3559.0973148154685 4996.6272222973075 4965.279417541785 2065.1305409373576 3541.1656049396615 5930.1899549219725 3061.4583766347037 5868.811988106391 5258.649554591904 4203.715305728464 5856.98437705046 4820.776440854066 5592.7689174484785 5244.009491751072 4776.261164429829 4546.792119898426 3757.957264568804 3243.229501559982 1538.4869362334364 3751.7775312815384
3446.1267170594574 2272.361745308026 3368.2380156422464 4793.624950781063 3249.0162440355143 1826.0566934150083 4733.9109977567 2211.176174039812 2810.9487250683032 1792.4801338453558 3365.00658405239 4656.882819943848 4204.1147733241805 2065.1305409373576 3541.1656049396615 2760.339721645532 3061.4583766347037 4011.1074865839682 4901.236885295479 4203.715305728464 3891.993370077789 4415.634355531524 2646.0722947562645 4821.507553398762 4530.234233944447 4103.191197556026 3757.957264568804 3243.229501559982 1538.4869362334364 3751.7775312815384
2344.02820761433 2272.361745308026 3368.2380156422464 3853.003040864691 2058.787561366517 1826.0566934150083 4733.9109977567 2211.176174039812 2810.9487250683032 1792.4801338453558 2655.8202034279193 2257.029868342686 2828.0551922866234 2065.1305409373576 2327.942204040243 2179.8166772969353 2469.0501758537343 3668.315462860111 3689.5429214400992 3643.2303638132744 3891.993370077789 3696.0095401447506 2646.0722947562645 3751.340699763942 3266.787495583239 3472.378695013843 2308.861492590192 3058.080000541848 1538.4869362334364 3751.7775312815384
854.6066753484029 2272.0114970759482 1824.1875758713372 1263.8584342623576 1389.7060757083068 1826.0566934150083 3528.8615285279793 2211.176174039812 1338.5650847276077 1792.4801338453558 1766.964706318116 2257.029868342686 2828.0551922866234 2065.1305409373576 1983.2564572403849 2179.8166772969353 2234.0077326750265 2553.327729505747 2736.7772930306523 3048.003262433239 2967.2736252459904 3379.8188203502214 2646.0722947562645 2769.9451641929522 2043.0998262642606 2445.961999623446 1852.4941403222178 3058.080000541848 1538.4869362334364 2850.4358195148457
854.6066753484029 1011.7597612020561 1824.1875758713372 1263.8584342623576 1389.7060757083068 1826.0566934150083 2340.13315961284 2136.2125366849586 1332.4395106226382 1792.4801338453558 1766.964706318116 1265.0066484935492 2576.7484650007427 2065.1305409373576 1983.2564572403849 2179.8166772969353 1770.603019757425 2258.5518329797933 2279.1635115865024 2172.2147482031564 2195.8054403668234 2572.1170288567 2632.0702342481222 2186.6547436423066 2043.0998262642606 1940.1474937241755 1852.4941403222178 3058.080000541848 1538.4869362334364 1967.3111870006169
854.6066753484029 1011.7597612020561 1824.1875758713372 1263.8584342623576 1173.8490663510684 1420.919689060724 2190.9041540928893 1808.7554960828184 1332.4395106226382 1753.5564813211113 1580.54686989663 1265.0066484935492 1649.741330811803 1599.754790937272 1983.2564572403849 1247.2789576263167 1530.4064894805467 2258.5518329797933 1740.8697134992744 2172.2147482031564 2195.8054403668234 2347.5349784122363 2295.1481633935314 2186.6547436423066 2043.0998262642606 1940.1474937241755 1852.4941403222178 2178.2315398535034 1431.7750777044375 1967.3111870006169
654.6049210947242 1011.7597612020561 1411.5282144734683 1212.066941717033 1173.8490663510684 1420.919689060724 1655.0636121079433 1207.879741568218 1332.4395106226382 1173.0801178476593 1163.575436267576 1265.0066484935492 1548.868073034173 1548.2705610498215 1922.4337502935432 1013.4839540945823 1102.2507791755381 2258.5518329797933 1740.8697134992744 1483.854006049947 1265.6269656737363 1967.232381742538 1359.9673527197576 2017.01492188662 2043.0998262642606 1634.2088654030308 1563.9756240335773 2029.6571895760517 1228.787511457661 1967.3111870006169
610.4569019489901 577.6622219075207 753.6115886666564 363.5302232551429 558.670300982227 739.3662247915065 522.8850589605953 836.772958970636 566.6508169705079 841.949347845351 879.9366133512408 868.2988633580112 1016.5431067734899 878.0247817485156 715.3974367493356 702.2072951123155 753.7168546819642 843.3143501050349 619.2981271121113 705.636228933555 709.185899840259 702.2314322548764 846.7879208015279 975.1788578695505 695.008313384172 514.4510686369654 754.3260331036163 948.0869154565423 623.3899750573169 621.4822552725037
363.03854727205726 443.53670047612127 384.0405098361525 329.22909979872213 391.12732118920144 468.3992339477961 407.6460465283151 363.8668660619446 472.9125609487502 442.33239213021693 488.85792862354356 412.98243255548323 459.6795111492984 533.1403092616163 400.8071849344442 355.0001681114011 371.6769541960489 344.93560408819997 326.8129979370601 582.2944802627057 497.5459000466044 443.1874272164937 517.8063380079441 327.43198927211404 326.66401786207507 277.0539239546888 407.4267629608289 348.6036556200779 357.748634680432 489.39659213001903
183.83451397193312 141.00040620191953 178.00048671956142 179.00944707374617 175.55111089830552 197.28955884446748 172.3631208361146 212.99169571466132 188.9286534388134 166.71940305292264 219.95687834260627 157.92823158989995 209.97067993655673 269.5080258215721 177.02665364664244 171.23139629537388 198.34619819709997 229.30663653162742 197.60050313726776 181.3634000531447 176.3242359268952 157.83315099111474 215.19523701167884 215.9362680002199 164.76630447315597 177.08750030875 217.35132803082558 213.80955444586903 123.4393383542158 213.45235374154663
72.00477618491863 92.13177811470223 76.45436322440901 82.40540971193946 88.27413655755396 97.15538134773544 74.11778289853692 81.14592444774564 81.37178483735079 77.70668844307386 110.34760034548287 83.73039364079057 90.95199133955089 156.92264459613125 92.39047317479617 67.99277041079262 90.15064433361232 119.90447074979784 98.96041080565993 83.36496093344283 93.37225705305775 93.8140916758 94.7659827165727 122.4912428068319 87.62792683365558 87.54538240775173 90.4829559929068 116.49506833921487 82.73661308716493 104.08703260395072
52.24194190242105 55.34447805178439 52.68723186081854 51.12618848406669 53.309057899561424 59.179859034277115 54.17832043841804 55.89393075392178 53.60959767711529 51.55891176012142 58.41563903993239 52.21754792923957 56.16117849725879 70.07380795253556 56.32611134824464 52.20549773804737 53.0188094851415 61.24317509068993 54.15787293545844 54.98156397362601 54.568417273623766 54.70717228749862 57.40496917283713 59.07602632726628 55.993924869962086 53.92157113577082 54.07805425006842 61.26580562252741 52.736968812040004 56.87753780489709
49.10375476916386 46.81293677328779 49.10954610737559 49.096663324351255 49.117803775328525 49.18325320481364 49.13392816130403 45.71035052466925 49.11839780881604 49.09517644512215 49.34423610091915 49.11537936640826 49.18754355750099 53.29103900447001 49.20092546945591 49.10215455872094 49.128965515600385 49.334104230140326 49.13643376457355 49.14308408190118 49.139085599532905 49.132324097946025 49.17085258405166 49.288398779612635 49.13558979554 49.11537955645389 49.130675413317476 49.349800482204955 49.09978263536175 49.170584669740606
49.08450990882375 45.01065456417177 49.08450617880311 49.084495619987536 49.08459156152401 49.08455441037705 49.08457954831982 44.909320315914385 49.08452277743248 49.08448948879874 49.085045603160495 49.084571598846026 49.084564296586905 45.77535004501914 49.084706964587895 49.084498268790696 49.084598964512736 49.084638599764446 49.08456650481668 49.084549810101635 49.084528129186026 49.08458713270551 49.08453797404343 49.084557085676806 49.084586238177394 49.084554249878465 49.08457513023279 49.08469900175612 49.08452116613228 49.08460324964943
49.08447902332938 44.900644250007645 49.084479067264965 49.084479004041555 49.08447910846718 49.084479086768624 49.08447909422841 44.89546931745383 49.08447906366354 49.084479006801644 49.084480283009384 49.08447917782553 49.08447922545042 45.05161694899073 49.08447937226623 49.08447902296342 49.0844792063607 49.08447911327437 49.08447930661754 49.084479121721415 49.08447902910211 49.084479096918926 49.08447912822305 49.084479039713244 49.08447922398477 49.08447926628628 49.08447911326931 49.08447923549352 49.08447906903251 49.08447935817992
49.08447897948122 44.89546931745133 49.08447897948122 49.08447897948122 49.08447897948122 49.08447897948122 49.08447897948122 44.89546931745133 49.08447897948122 49.08447897948122 49.08447897948122 49.08447897948122 49.08447897948122 44.896102668049934 49.08447897948122 49.08447897948122 49.08447897948122 49.08447897948122 49.08447897948122 49.08447897948122 49.08447897948122 49.08447897948122 49.08447897948122 49.08447897948122 49.08447897948122 49.08447897948122 49.08447897948122 49.08447897948122 49.08447897948122 49.08447897948122
999999.0 999999.0 999999.0 999999.0 999999.0 999999.0 999999.0 999999.0 999999.0 999999.0 999999.0 999999.0 999999.0 999999.0 999999.0 999999.0 999999.0 999999.0 999999.0 999999.0 999999.0 999999.0 999999.0 999999.0 999999.0 999999.0 999999.0 999999.0 999999.0 999999.0
