1044.2440151999044 1149.5737850602645 1181.600944658694 1122.1686722822988 1231.1679162166274 1370.7199512062289 1077.0780512190831 1205.8349530351707 1229.3629179823083 1096.081345267115 1195.3696478346778 1038.9501020170856 1247.0861359744667 1222.3195514893614 1462.7315904330244 1453.0471582088958 1125.4047679464566 1266.6307417487938 998.5635750336655 953.4061271191531 1202.3885934915625 1419.7341579341337 1343.9326490546737 1122.0639911125168 1208.6935494019808 1250.0550660027147 1237.720204102765 1269.4365432654636 1374.3259697053932 1119.2723619211356
910.2713863675745 811.7168342255982 833.4794220691638 1122.1686722822988 651.9033223388915 855.9209648161532 641.0394850395301 1179.0365614713496 714.4441954748918 1096.081345267115 833.696043022067 959.5148893351598 796.4756157056681 838.0092160053046 1072.2385355032766 887.1247638581481 902.5004653226456 898.3421320981065 814.3465443509967 929.8326971935653 861.0905757675191 979.2711054667666 1306.0013195723027 949.6071050990377 875.4451334889009 1111.781358436725 675.4107712891141 644.3539728491796 1291.1601307172314 1092.350537442937
910.2713863675745 695.6882029444732 712.9174079470386 996.4744946654919 522.1804937053494 714.8537525245688 641.0394850395301 794.1631237147576 511.4363160873977 1096.081345267115 656.4846349979016 933.2589138391268 796.4756157056681 838.0092160053046 599.4963567168934 887.1247638581481 902.5004653226456 898.3421320981065 702.0653291566878 865.7464988743332 713.0002902223846 795.8534650409379 865.1642533402992 779.5349847940661 875.4451334889009 719.4516934681792 579.1680641075595 589.2119054059367 779.474061902326 1092.350537442937
819.554405773757 695.6882029444732 712.9174079470386 612.9927795709973 522.1804937053494 648.2363831035741 641.0394850395301 794.1631237147576 511.4363160873977 1096.081345267115 656.4846349979016 777.9532492189837 710.4416887479756 763.2712845121664 599.4963567168934 738.3804946947512 651.9213664772028 736.3139291313128 602.0597301214998 760.9136321092155 713.0002902223846 752.0077904207315 663.8267854138503 654.6622984358655 645.5808846289729 719.4516934681792 579.1680641075595 555.0507725573352 660.8137967868711 824.1776395579996
602.3123685314904 485.36135745726915 662.1097177642941 612.9927795709973 522.1804937053494 640.234466896195 641.0394850395301 794.1631237147576 434.0378323378891 1096.081345267115 553.067003583762 772.5906357475615 689.0358640971212 763.2712845121664 599.4963567168934 703.4039052612125 602.8397422514072 735.5203514310083 602.0597301214998 540.6531265132662 595.411056084582 737.4066817787088 663.8267854138503 575.5018937381201 645.5808846289729 666.3044308113831 495.55111626702546 555.0507725573352 652.7712051786211 595.3917120332026
486.55353023656517 485.36135745726915 580.7498297535153 612.9927795709973 522.1804937053494 588.6634595833252 641.0394850395301 794.1631237147576 434.0378323378891 856.6003333026997 468.4625011664357 487.32441324315823 612.2402917503377 586.085181303702 496.3762730113622 576.3050889299393 602.8397422514072 535.3852403754013 602.0597301214998 436.17091852371414 565.0602480219418 734.1496204743466 506.13184581896303 551.8242129850314 508.54933047928716 586.7707602913242 450.1622296925034 553.3076444698709 592.311694900141 595.3917120332026
486.55353023656517 485.36135745726915 502.98970418929 612.9927795709973 517.0466275523036 583.3623999852321 460.90918518962644 387.73085726294084 434.0378323378891 845.9273168048035 468.4625011664357 409.7001883238772 484.9420978616049 486.129243009128 444.7102039103261 520.4235870928069 488.9752141711383 484.5420457101932 550.82208425816 417.54523530088045 565.0602480219418 460.29256396325354 379.005401654887 365.30838884484683 467.1966701254437 415.1235886806062 397.91365297646416 534.1485081630981 475.3597138014793 538.6178227489527
409.9253494001737 359.23340315015594 362.7036136112524 388.2679103233163 391.0566199472519 388.7078957957501 411.45712915168133 387.73085726294084 368.37184723440896 510.6108477150706 359.855887488231 390.8741238213711 371.8227584464544 362.13442295809637 378.5853332699703 420.39611291936353 383.8880481250544 374.72883605871175 398.55275047513805 377.7010947010176 435.6402380675763 340.5876074578482 362.2150161537684 346.7967681093546 398.368150467797 375.91302888158043 366.93031736630655 421.29069896479405 351.4018852024187 402.87956536756565
315.5009110493793 289.80334140242894 310.61423837803204 324.23997178804757 324.4349354957585 343.44916242068757 327.2608719766754 381.0003971751921 329.4849286429758 329.805107151406 294.50627799943595 308.83651296979906 277.9673420747563 320.0401480645987 314.96840710132074 322.3003012904014 348.8629998557053 282.04105741769536 319.7215093121131 317.07573392159156 352.6284789577644 315.4014105993424 316.3222838589322 314.099823349492 293.6435636289257 303.20036458747154 303.9355883741846 292.88667167498716 302.7284164524094 307.5034080428327
267.2832818679949 271.25834246618797 270.3288770253507 293.47749016133275 272.95316951081804 274.8325759429681 277.3407686597957 308.6034728697805 295.15296220692426 268.3341377360548 268.35940855935587 270.26710951199993 270.52893195551997 293.73154479827144 303.25948527785704 277.58832240396987 287.02809279505163 280.0421870242585 263.2582148350657 295.84508131941993 286.48579045580345 269.17219850582615 284.2883394228229 281.2867356253 270.69595717252014 274.13589406945493 260.12149126733584 268.4504731391735 277.23680353300506 280.0682270054499
252.0343840652854 260.4141304715399 253.93155145427136 275.9699593623459 261.155024666044 265.9635182822053 262.00970081979995 269.5295961286706 268.84128049624996 252.65546620523537 251.93816027818502 255.82244440082468 249.73025845906614 271.9988991366472 267.614670830254 260.3343673287486 260.9570238689362 252.08076621893224 256.4169179597325 271.32310065703723 273.19183161782667 250.12101055552012 262.9624511421189 271.78672762360793 248.9613463762239 266.3403437676475 252.89771129751898 251.62607046943094 258.3739884406168 259.0453816039808
245.6351113261726 247.54602757785278 247.0345247690484 261.6216707237254 248.23880354682433 254.4758579567315 249.61215987589867 258.96758678521337 257.49928036014126 246.19465448630626 249.0894768505609 249.84886515991002 244.2933840865262 258.400291955857 249.80898636226993 252.29786126888212 253.21463772308198 251.60184710168596 249.34643156132915 255.72766070363014 257.5569560773529 245.99367634826922 255.5676559552644 256.2453890274073 243.662981542117 256.7251122610428 248.02057214529123 249.07004314868573 249.8039344360118 248.1077340108768
242.7562128562854 245.8366094013977 242.08525138979758 249.8570170079438 245.3134175166265 244.87652877652 244.99962703880647 250.31673075859862 247.07564618559672 242.19988023542737 242.33011036249036 244.018342856652 241.76334141374718 247.76029867619127 246.0243921687279 244.15033942730543 246.65775512588334 243.24798511762265 244.3938430590656 248.16492819201267 247.72933765651032 242.23358583147365 246.33152562139367 247.92404047751097 241.78067341105452 248.77796482593158 241.28503660350634 245.11888516974886 244.14679889986292 244.56667646303777
241.34767201527757 237.87448138407308 240.44785237567748 245.41550808723423 241.10775364101983 242.17111879025833 241.30227502597108 244.07344750910306 245.18212718113273 239.99469958171676 239.13888393853586 241.1144164859884 240.95541850702102 244.20863437020944 242.2218919540892 240.55527284061372 240.34924977903847 237.81818359087129 240.83984949606747 242.55731049085534 241.17666851257263 240.30592162815583 242.95655891298702 243.64818216612957 240.76387717492753 246.90634428326484 239.04337364240064 241.63729133586185 239.01745601087896 240.03116912216092
239.04654460449274 236.00529304280417 239.51498200367314 240.83096659655257 240.54219342854003 241.10622954145583 238.92221464938257 240.52189932344118 241.01215623479993 238.9411580657561 236.2316259085619 239.51724762827598 240.4718788983473 241.6952969474214 239.6938094553102 237.08447141204078 235.9354084013753 236.57472071921075 236.62742230387403 236.7169426334317 237.20162831708785 238.92098100288422 240.92380506057953 238.37202128703166 239.9273244441506 240.39332825183646 235.93598660408497 239.99973978009893 236.61650462005446 237.25640115641363
238.8587978393075 233.77913673405146 239.44179589730084 237.7353401207356 237.01429755723075 238.2084760265625 235.6578427411614 235.9364740648134 235.6551019979206 238.85885446027896 233.97656945562767 239.44179589730084 240.25069595446075 239.24678671551146 234.33884074893194 234.58373631667746 233.52659593505314 234.36130885751163 235.6549205075994 233.9779012685117 234.02584908445488 238.85879774841897 239.94219183279847 234.7267954600602 239.4417959339512 235.02936718130377 233.97720025105946 239.44179594137904 235.65500263749755 233.97430284264374
999910.0 999910.0 999910.0 999910.0 999910.0 999910.0 999910.0 999910.0 999910.0 999910.0 999910.0 999910.0 999910.0 999910.0 999910.0 999910.0 999910.0 999910.0 999910.0 999910.0 999910.0 999910.0 999910.0 999910.0 999910.0 999910.0 999910.0 999910.0 999910.0 999910.0
