111.60114256626309 120.22608158907747 119.07654755227702 105.82399555590553 110.78811016459451 110.26741926467935 87.816277523483 115.06223862502145 105.78199113401092 112.75715205689039 103.43503875921601 103.36632222760795 83.13459954301106 118.80337354184678 123.4122720472094 111.73458377895781 116.25530498006299 114.94225269053038 107.25279163850576 105.72769991880318 111.55573376172902 117.62722622982938 123.85962794799798 119.32243469586331 118.55105158399317 119.36747399589933 108.93019055234731 103.62644042242528 110.31842696329 91.23076981581653
90.61154383362691 100.45324942532773 80.16887100912425 105.82399555590553 108.85089161574354 110.26741926467935 83.26597928572494 102.49959403693867 105.78199113401092 112.75715205689039 103.43503875921601 96.82369140142737 83.13459954301106 99.55176208377202 122.32113789346477 111.73458377895781 90.40119939337228 92.2996403016657 90.05440995261222 105.72769991880318 106.70457309151732 117.62722622982938 89.46587634194316 116.94690114610478 112.45566160045712 98.47028774321188 100.70990008442004 103.62644042242528 86.67173046243977 91.23076981581653
90.61154383362691 93.03231040885896 80.16887100912425 101.00383588201669 91.64432534770992 108.16049989823307 80.99469629261762 102.49959403693867 105.78199113401092 86.75204165592652 79.15884806261033 87.58511532340913 83.13459954301106 99.55176208377202 111.4865040583611 111.73458377895781 90.40119939337228 90.98793545941385 90.05440995261222 105.72769991880318 101.51494303140942 99.25297173033823 87.50476750350185 99.42061534419383 110.53164558365813 91.63000385497662 100.70990008442004 103.62644042242528 86.33655860663077 91.23076981581653
90.61154383362691 80.98257114228318 80.16887100912425 88.11674992284259 91.64432534770992 107.84825103637229 80.99469629261762 102.49959403693867 98.38021241727085 86.75204165592652 79.15884806261033 87.58511532340913 77.8940450544319 99.55176208377202 111.4865040583611 111.73458377895781 83.18018976879239 89.85486165428108 90.05440995261222 102.76055354205369 90.0063384077888 99.25297173033823 86.27690764139606 90.87235271138559 89.3438358643433 91.63000385497662 100.70990008442004 103.62644042242528 86.33655860663077 91.23076981581653
80.68303399932483 77.62116128383991 80.16887100912425 82.73900699060744 91.64432534770992 80.95164135750201 76.07388303407413 102.49959403693867 80.29959276653221 86.75204165592652 79.15884806261033 87.58511532340913 77.8940450544319 85.89492788832808 108.96774839967338 111.73458377895781 83.18018976879239 73.46617277357211 81.65076975706256 89.73798294618075 90.0063384077888 88.3199377289776 86.27690764139606 81.39867895063855 87.34526461935866 91.63000385497662 100.70990008442004 103.62644042242528 78.93380222720998 91.23076981581653
80.68303399932483 69.5305727295281 73.90554799574306 82.73900699060744 76.86850039729654 80.95164135750201 76.07388303407413 102.49959403693867 80.29959276653221 83.92790817545028 79.15884806261033 87.58511532340913 77.8940450544319 85.89492788832808 108.96774839967338 102.86964274716456 72.51226034653712 73.46617277357211 81.65076975706256 86.80779102990311 90.0063384077888 88.3199377289776 86.27690764139606 81.39867895063855 76.22166853639749 91.63000385497662 98.19691563905451 103.62644042242528 71.47990673987033 85.81130899986829
74.63524150705189 69.5305727295281 73.90554799574306 81.95431496952335 76.86850039729654 78.57867388741204 70.41671208400885 89.6218396363845 80.29959276653221 79.2554309075075 76.40971504662957 81.5046898756218 77.8940450544319 73.60305019515829 105.74929069842494 96.66217496975048 72.51226034653712 66.40105479636406 79.83512801495476 86.80779102990311 86.18781893111316 88.3199377289776 86.27690764139606 81.39867895063855 56.363766948745024 88.40521598262194 87.63481537828409 89.36732181931097 71.47990673987033 77.22367676290037
68.71283983079127 54.73660677658506 63.89203461010686 63.222074161316414 71.45558905317807 61.35065434150226 59.20627730835179 70.93214561467926 72.81318177638911 62.4775687830853 74.70416530863326 63.038882482701865 77.8940450544319 64.90697655246004 79.32897374817378 77.48534018286591 65.9989610107043 49.1116578907413 62.83547723612321 66.99524169071287 74.46868490366171 67.58942607495248 61.43611666432946 81.39867895063855 51.35285382177108 60.54721534678856 78.48327173200869 74.8048384839351 70.91925523322345 55.62555035530079
42.41706922985168 35.76975160107361 59.55259315212095 44.588628934130725 58.420560556940245 44.6757862956357 49.8565108128912 50.7023777466311 55.655017436193134 45.96903466705032 60.469775160438076 47.20382550067336 61.966515696307965 46.84153254972034 68.24088251499222 54.44722571109787 44.49635321610651 49.1116578907413 57.784481059563404 59.46739373273499 50.65659419689689 61.754352742357014 58.80516248360664 65.37289935997683 40.807481569138986 58.20954819648091 56.29303077590987 57.17962132541663 46.818131531975496 55.62555035530079
36.649272193657794 32.87600775511544 34.78398792327846 38.05545146974191 40.336862493699755 28.945743607697295 36.15244595447621 41.463741413236676 34.41624771737975 38.44313262770902 38.6234499494185 34.22081165917564 45.916572808816795 34.303730332805 45.537152949909 37.334664077569414 31.209318701232178 33.858211798738466 40.955983720196855 38.130652968946265 36.79346499947235 38.32644401861967 35.737123168974335 42.20324545987046 32.8605844053734 41.52301369983684 48.72285337527785 38.89223570521801 30.84696095410993 28.34508332143355
22.8968995549576 26.49381023373951 30.401027312309225 27.371614232883303 21.830652662864168 18.97477245322034 20.248937233994297 26.68766995832607 23.82963223612353 21.67187988948615 29.622204128847557 24.82341334162595 29.697968012933075 24.108685367199882 31.970487621799748 25.2729558322593 23.363776887627182 23.108822716180384 25.22940202609425 25.61843804097805 27.380722538521013 24.70260373768849 25.465680420802755 25.152675689951707 18.108992156097088 23.941116571044404 27.595794369088594 22.14309482692454 22.592344709859276 23.08334689552555
15.583202113971765 13.697233794718272 14.378591647916778 14.090550690359919 16.962840141138145 11.605259527470594 16.41642827671069 16.651678453396585 15.465074195428656 14.63027419150012 16.22871689143483 12.200285322147352 14.905298180003342 14.14275680938863 15.589852492838077 13.743011703232696 14.994905525274476 11.854826597760052 14.86105950044714 16.44277382101575 13.960439561667158 13.089053283262842 14.182859287086671 13.534106211257154 12.644566265073763 17.80752875824203 12.745084635667126 14.70494416096335 13.80755174498222 14.096123099135752
6.129206400733892 6.789468267247003 7.414504648047455 6.017024797639351 5.282171048424971 5.855300224568168 5.465917326425938 5.451107312590352 6.1943915352519525 5.26747537695735 6.992903746648267 7.416607294918549 6.1113140473968315 6.347961600964595 5.743804390176251 5.340933707875479 6.102767908050396 6.32403606340722 5.321801450147859 7.41537541957689 4.431662567932676 6.522655779569845 6.3964857952664715 6.788005519090234 5.09390781982836 7.783427984397576 6.049967603886444 5.353864576774072 5.236063708975507 5.22066936405713
1.0917960242973095 1.3715215278427877 1.3661959005526114 1.545993604906812 1.3431866087698836 1.3761769751762358 1.2804611291774108 1.177823992098638 1.069409943840924 1.4027753448161775 1.5984449215908398 1.43687742390739 1.1739472779803464 1.0675043412180685 1.4520244815169008 1.2089443968211526 1.340741313986996 1.284501145108834 1.2357423912073955 1.4405166925581625 1.2767342388746101 1.3481887989632924 1.348350669692536 1.6073060323925574 1.1463409645899674 1.5507439491752848 1.3751524292247268 1.1620857227245551 1.2454177572456047 1.357257716564618
0.04607380090897095 0.03605924734313248 0.06413967814194166 0.06453155111455544 0.04730384948629762 0.08339085422858261 0.04963499328391663 0.039497082893262814 0.040233204333162575 0.037126627850852856 0.05783769093864066 0.0529333576848785 0.05929463198242502 0.0412526967568283 0.05218974909860208 0.05511321597282404 0.04693579763966227 0.05017782478148547 0.05756643432266628 0.07788278369241652 0.06620291908609488 0.06269962401165685 0.05183189590900383 0.05498069575298814 0.06395446284420814 0.06913713615961115 0.04154875884626108 0.03752617749194087 0.07152880770354386 0.05272444522586284
1.9670505935209803e-07 6.715504241583403e-07 6.278761475186911e-07 5.400227109930711e-07 5.880676781089278e-07 6.60891373627237e-07 3.8821542602818226e-07 5.854250275660888e-07 3.551857616912457e-07 1.3638307336805156e-06 7.120846703401185e-07 1.4429172097152332e-06 6.319617114058929e-07 7.259017138494528e-07 4.3192824250581907e-07 7.242221045089536e-07 5.708540129489847e-07 6.167869059936493e-07 2.933226824097801e-06 1.8948703655041754e-06 1.058505404216703e-06 6.151643674456864e-07 3.9887254388304427e-07 7.95041842138744e-07 4.5103695356374374e-07 3.130065806544735e-07 7.055890591800562e-07 3.704988102981588e-07 6.475812597273034e-07 3.662819381133886e-07
999910.0 999910.0 999910.0 999910.0 999910.0 999910.0 999910.0 999910.0 999910.0 999910.0 999910.0 999910.0 999910.0 999910.0 999910.0 999910.0 999910.0 999910.0 999910.0 999910.0 999910.0 999910.0 999910.0 999910.0 999910.0 999910.0 999910.0 999910.0 999910.0 999910.0
