4916920674.657659 3260628563.0255594 4789704478.639201 5731881169.512944 2833669285.4264226 6060565254.398043 1733816288.3209794 4425939942.512176 6632532660.1689 4356932650.582402 1829233589.5798194 2187616348.5977497 2614663208.185338 1973187759.1291509 4829082366.840838 2061318162.147236 3231869306.5013013 3518064814.857577 5173589594.296579 3446868276.4033737 4189524033.7596903 4985784972.427727 7197351650.82967 5922459337.818788 4179445764.747035 3576863972.168384 4187544930.1844378 6160768224.428263 3763990896.8090835 3568408191.501656
4916920674.657659 3260628563.0255594 3597063535.0055566 5091372833.623702 2106409436.241456 3797281487.2272954 1733816288.3209794 4425939942.512176 6031220461.932682 4356932650.582402 1829233589.5798194 2187616348.5977497 2614663208.185338 1973187759.1291509 4829082366.840838 2061318162.147236 2523217464.32432 3116960612.214532 4408309446.606691 3446868276.4033737 1625601205.99235 4222680681.0563965 7197351650.82967 5050860045.920804 2900155232.2234974 822095770.0746802 2291548655.913509 6160768224.428263 2376970401.9216824 3568408191.501656
4094644783.0379558 3260628563.0255594 3086962566.9799647 5091372833.623702 1809807706.988107 3071323663.0088553 1733816288.3209794 3409963438.5098453 6031220461.932682 1134306460.2134695 1516607133.5003364 2187616348.5977497 2614663208.185338 1973187759.1291509 4829082366.840838 2061318162.147236 2523217464.32432 2081769096.478429 4408309446.606691 1334104387.6878479 1625601205.99235 3833567205.117802 4855278705.27817 2744080153.578266 2900155232.2234974 822095770.0746802 2291548655.913509 4840548346.845278 2376970401.9216824 3568408191.501656
4094644783.0379558 3260628563.0255594 3086962566.9799647 5091372833.623702 1623128931.3465912 2969895369.1415925 1733816288.3209794 2239875180.218273 6031220461.932682 1134306460.2134695 1494779040.716643 2187616348.5977497 2614663208.185338 1973187759.1291509 4474436052.266757 2061318162.147236 1266037021.582025 2081769096.478429 1413176935.9678526 1334104387.6878479 1625601205.99235 1298207926.7835174 2243463547.440866 2744080153.578266 2900155232.2234974 822095770.0746802 2291548655.913509 1951994867.8935473 2376970401.9216824 3568408191.501656
3537665226.112504 3237430880.952808 3086962566.9799647 5091372833.623702 1623128931.3465912 2865956011.5261884 1733816288.3209794 2239875180.218273 1190190929.2909005 1134306460.2134695 336466892.84422106 2187616348.5977497 2614663208.185338 1973187759.1291509 1538169186.1941655 2061318162.147236 1266037021.582025 1683282731.327751 1413176935.9678526 816482129.5893879 1625601205.99235 1298207926.7835174 1708796110.7592545 1818486030.563631 1388084360.570251 822095770.0746802 2291548655.913509 1951994867.8935473 1644317609.8881025 3568408191.501656
2126295659.7594066 3237430880.952808 3086962566.9799647 2690657324.8230906 1623128931.3465912 2642966979.106272 1733816288.3209794 1465949660.0949972 586164880.5437019 1134306460.2134695 336466892.84422106 2187616348.5977497 2614663208.185338 1973187759.1291509 1538169186.1941655 2061318162.147236 929277446.9329451 1683282731.327751 1413176935.9678526 816482129.5893879 1625601205.99235 1298207926.7835174 1708796110.7592545 1818486030.563631 1388084360.570251 822095770.0746802 2291548655.913509 818509160.6860354 1644317609.8881025 3568408191.501656
1230294868.4299035 3237430880.952808 2409277309.576697 2690657324.8230906 610164638.3601338 1739167602.4556954 1731155873.7549539 441325275.18998545 586164880.5437019 1134306460.2134695 336466892.84422106 2187616348.5977497 1501921062.5299187 1432737645.5189736 1538169186.1941655 1136425525.246718 929277446.9329451 1683282731.327751 934848310.0296316 424438403.7754544 947528336.2193053 1298207926.7835174 1241953686.296584 1174352926.8522904 1388084360.570251 822095770.0746802 2291548655.913509 818509160.6860354 884952794.302347 2827054569.792052
589035598.4920319 1463053612.922502 822722268.9340439 1218766014.4850247 610164638.3601338 702535732.6658856 1731155873.7549539 441325275.18998545 375111064.2993485 1043679830.9677727 336466892.84422106 321634122.90874195 715172243.871736 555031272.632834 584038292.9926482 1136425525.246718 470919049.4137639 1082352345.1051712 162564834.88517734 424438403.7754544 245686910.91079998 766858347.6674466 1241953686.296584 429587533.0760522 516778867.5029591 516156560.9438956 1059498637.547455 421244083.6279897 405250341.8116049 1462275802.382916
337266043.7520844 181837755.59691104 343997473.30412126 719701485.6256855 214525336.61688468 216271986.6930774 506049167.6846578 355840650.1561046 216431197.77041784 489627694.89234847 238346804.48734033 321634122.90874195 393312670.21660966 376001325.56393373 140645409.1435041 626005549.041428 376683337.7195464 421470728.5233286 87031580.86093788 296908435.67325294 136461962.15087596 276226763.39168704 467882397.5111635 368677822.49293363 346790661.3723989 372648314.1302209 266201764.30312732 373828209.6894282 405250341.8116049 543552564.1336361
123404389.55786422 64842614.365401424 111225420.97788937 49814595.63022878 106956065.33254696 119292284.54871362 163455473.50887764 47303701.47839964 42714671.67421798 69344057.6082574 69995947.38994987 194384063.3297222 79473450.62824805 164588150.019551 44624336.04890065 118030089.00290218 178987431.12516582 70004824.35262796 67857740.57507335 152775994.29803506 87674717.47550127 50007482.78450627 148249532.3230103 42438808.72115627 118867599.83531827 110853803.09155132 266201764.30312732 125750664.02487503 101413953.23535103 94606863.59183757
36448974.41031899 57465242.959520064 66550320.63397102 48768855.273132965 87787023.10673043 68066273.80992639 53515842.75075462 26508798.273063827 29939839.883954242 32857831.99214777 16688986.704320176 55729337.29247492 72154767.12356123 28774632.168987967 12890892.742727572 49932006.46620834 69699982.84466587 42377293.40086919 21740157.032853294 52058532.9119944 53945111.39034701 49400774.8965254 106834534.01997657 42438803.887905665 38635157.142126024 43962395.94151348 103617635.64028862 81281410.1520806 53441530.65431559 71026528.897016
13004921.681265907 5647506.866873071 46465133.12143101 9966445.478597363 29293569.611226447 15953472.203888686 20617261.262451526 22441907.841593508 4001105.5610249466 17452382.95231727 8298950.092106109 42025048.69101624 25358983.197964836 17029796.14459887 1771756.4264120946 34206891.50257256 21705424.466495648 13080263.546637941 10136096.559529493 3882037.5625476707 9062678.417657604 38962429.68215658 29314387.26903019 29491629.62789342 4199574.725779478 43593377.90910484 32916748.362377603 47032654.045453675 22768433.2659252 21043141.605947766
5456174.838258946 790980.3885469767 5147770.922076068 3226288.429483398 9730599.15145244 5158564.885712029 8348891.664885381 1717735.637084806 887852.9921475775 5845250.679065137 3705494.94601626 4841942.5088535845 1049143.2679923694 3180568.1930245026 315530.045854618 8585486.788835969 6360194.917395273 7560234.404160624 1723666.0922298064 3882018.251818409 5339823.128044557 13720289.041083628 11794244.668100378 3854918.9256920773 2280216.3985350598 2838650.0468484126 11886076.137783056 6672673.05142418 6481823.020299048 3538226.9951658724
806034.7423400908 241338.32340590257 2736322.565746536 947364.4166735215 4968105.56496922 1575437.421406431 1475777.2915455948 1481533.5996107035 124325.44243475873 1468927.592612234 1941411.8142056782 3526337.7309415634 404729.418358673 712133.6505371231 83727.74748552665 3072365.5604707766 1195291.1010936373 2019270.3518125208 91417.37930242954 1511475.9232483378 1286964.5765704052 1811701.7646161846 1194700.5292481123 1458926.2389612484 184200.1710920416 2710392.4222693956 2629677.1659883284 3775626.43865976 1146316.2941789306 944979.3406645942
71485.21447761724 24392.08026420911 1029031.8910653186 42236.155540093234 927475.1098657516 174809.531878051 304473.91396619903 509736.58583582763 27066.306358144455 139278.9563777199 348161.32976396056 686851.68946598 185769.45511192095 550703.2680041601 24025.01156009012 1363646.7574571073 269729.47967205476 630086.2197901936 24017.97495820642 1010690.960565584 483855.3232201078 754385.5101685686 922947.7859652693 257944.50095776218 24107.79533366922 520856.1456713846 101343.21794229108 1030153.3743243547 167100.51272945717 30120.129202106364
18606.77401224554 23252.803916492026 111937.54173794176 23184.327702181497 31353.085326488013 23879.075823793428 23346.916777697847 55752.700924312645 23179.560773552246 27983.558186315466 24417.72014786475 32890.71269753514 24044.66303013156 32400.54051764829 23232.97974954794 40596.748374116745 19740.68290721415 66813.58899713437 23342.355359395347 46503.605812608075 75491.70392275235 35021.017601630905 314849.48976062925 23369.313042204256 23474.88727579945 23932.456549043785 24841.27826596722 73342.3037984495 18806.226271397754 23602.462212760936
999910.0 999910.0 999910.0 999910.0 999910.0 999910.0 999910.0 999910.0 999910.0 999910.0 999910.0 999910.0 999910.0 999910.0 999910.0 999910.0 999910.0 999910.0 999910.0 999910.0 999910.0 999910.0 999910.0 999910.0 999910.0 999910.0 999910.0 999910.0 999910.0 999910.0
