891938.716874142 100140.10109974247 140668.49576369146 126285.26620738808 76902.41441942878 109360.09332614698 71034.40271447664 111697.60400081231 449768.7281554051 4763937.569262071 69220.86617861161 97274.86671477472 1535776.0049705734 79092.91513304433 74439.98212138518 82730.51290679642 156286.25131325162 101313.7422396069 70753.69738531097 88243.90039887125 86653.95630215305 95400.82453972157 82734.10410310753 62809.02393110478 94281.02950880973 137313.98542990486 72734.84098736408 374095.0229121176 61175.458550977564 114046.71780411035
78995.13963913861 100140.10109974247 131442.91077038864 108488.97276703504 76902.41441942878 54068.21554311779 63595.27969727635 111697.60400081231 82163.73609515306 176716.3851706616 69220.86617861161 97274.86671477472 40954.681106330856 79092.91513304433 74439.98212138518 82730.51290679642 79448.82975449527 96218.71651137956 70121.7016114767 88243.90039887125 58547.34604239564 95400.82453972157 68531.03202823208 62809.02393110478 48803.409526484356 108046.13228257129 72734.84098736408 91117.20474129944 61175.458550977564 114046.71780411035
78995.13963913861 100140.10109974247 119793.42373287605 108488.97276703504 76902.41441942878 54068.21554311779 55378.876565380575 85542.0257190518 82163.73609515306 130796.11969674155 69220.86617861161 69593.38367043913 40954.681106330856 79092.91513304433 74439.98212138518 65081.44651247371 79448.82975449527 96218.71651137956 70121.7016114767 88216.79835392824 58547.34604239564 46316.62337068284 68531.03202823208 62809.02393110478 48803.409526484356 46963.06399364799 72734.84098736408 89284.19955518673 61175.458550977564 114046.71780411035
78995.13963913861 63259.28050480076 73369.03203131616 92532.61891766984 76902.41441942878 54068.21554311779 55378.876565380575 85542.0257190518 82163.73609515306 65261.6147699609 69220.86617861161 69593.38367043913 40954.681106330856 79092.91513304433 74439.98212138518 65081.44651247371 79448.82975449527 96218.71651137956 70121.7016114767 83414.4039200067 30942.4715623726 46316.62337068284 68531.03202823208 52211.03079536117 48803.409526484356 46963.06399364799 72296.92479226693 89284.19955518673 61175.458550977564 107655.92987872523
51853.01086457084 48908.281505316314 73369.03203131616 92532.61891766984 76902.41441942878 54068.21554311779 55378.876565380575 85542.0257190518 82163.73609515306 65261.6147699609 69220.86617861161 69593.38367043913 40954.681106330856 79092.91513304433 61734.36045704949 49975.1790986199 79448.82975449527 94747.3217497055 70121.7016114767 83414.4039200067 30942.4715623726 46316.62337068284 68531.03202823208 52211.03079536117 48803.409526484356 46963.06399364799 72296.92479226693 89284.19955518673 44531.85176664505 55267.1281488055
51853.01086457084 48908.281505316314 73369.03203131616 84789.22298904274 76902.41441942878 54068.21554311779 55378.876565380575 85542.0257190518 82163.73609515306 65261.6147699609 69220.86617861161 38972.392112471505 40954.681106330856 79092.91513304433 51519.83974208867 49975.1790986199 79448.82975449527 94747.3217497055 70121.7016114767 83414.4039200067 30942.4715623726 46316.62337068284 68531.03202823208 52211.03079536117 48803.409526484356 46963.06399364799 72296.92479226693 74808.85211954488 44531.85176664505 55267.1281488055
51853.01086457084 48908.281505316314 73369.03203131616 76870.74701854709 76902.41441942878 54068.21554311779 55378.876565380575 85542.0257190518 69198.36899736618 61612.732034683286 69220.86617861161 38972.392112471505 40954.681106330856 71379.29687470247 51519.83974208867 42606.504791840845 79448.82975449527 78556.72115269245 70121.7016114767 83414.4039200067 30942.4715623726 46316.62337068284 56793.64710206421 52211.03079536117 48803.409526484356 46963.06399364799 66297.45813817522 74808.85211954488 44531.85176664505 55267.1281488055
51853.01086457084 48908.281505316314 73369.03203131616 60681.353662814414 75775.93935006678 54068.21554311779 47547.33194341871 73336.45035026291 69198.36899736618 38446.406065687865 55831.46659264751 38972.392112471505 40954.681106330856 71379.29687470247 50357.29023184143 36862.782242874695 74317.17778847825 54393.11321390476 55564.840627020014 58917.452991024766 30942.4715623726 46316.62337068284 56793.64710206421 52211.03079536117 48253.021342041 46963.06399364799 60899.05860689029 45275.58457092798 44531.85176664505 55267.1281488055
51120.69980730615 48908.281505316314 46553.213292019194 60681.353662814414 75775.93935006678 53223.948685386 47547.33194341871 65789.9084887202 61851.0698921891 38446.406065687865 55831.46659264751 38972.392112471505 40954.681106330856 68757.32994977488 50357.29023184143 36862.782242874695 69571.19797008201 54393.11321390476 55564.840627020014 58917.452991024766 30942.4715623726 46316.62337068284 38392.83929548828 52211.03079536117 48253.021342041 46963.06399364799 60899.05860689029 41929.45283865963 44531.85176664505 35605.989093812095
47739.81294718704 48908.281505316314 46553.213292019194 47309.8511690096 50668.494234026286 53223.948685386 31887.081086463917 55946.50688635972 47431.49676039235 38446.406065687865 55831.46659264751 38972.392112471505 40954.681106330856 59210.847861150265 50357.29023184143 36862.782242874695 55507.38640837041 50600.85135364179 54282.266339615366 42604.84423141093 30942.4715623726 46316.62337068284 38392.83929548828 45962.90970333914 48253.021342041 46963.06399364799 56927.50989572404 41929.45283865963 44531.85176664505 35605.989093812095
40475.61544310387 48908.281505316314 46553.213292019194 38993.903593875075 50668.494234026286 45811.08919163318 31887.081086463917 48559.795467023185 32642.07954164708 29618.364452431433 50292.40371992425 32783.59781675212 39301.186851002465 48691.213960468194 34256.78010136777 36264.89064850959 37554.419378115614 33407.719297229414 54282.266339615366 42604.84423141093 30942.4715623726 46316.62337068284 38392.83929548828 45962.90970333914 48253.021342041 40538.60538562679 36103.243832327644 41929.45283865963 44531.85176664505 35605.989093812095
31767.486937877256 47337.0915777659 44552.282916514276 37728.28180497418 50668.494234026286 45811.08919163318 31040.983980467932 41580.847376440346 28564.469091543964 29618.364452431433 50292.40371992425 30625.36056757692 34362.43047833775 41092.865176431806 34256.78010136777 36264.89064850959 36916.949408049775 33407.719297229414 49593.91207921293 42604.84423141093 30241.710612817056 39086.285135847735 38392.83929548828 44375.22079387024 45505.1284762452 33429.11756541078 34896.19544279767 40695.048927013384 35997.34527650987 32197.19858151897
31767.486937877256 45768.259925843464 35606.32571992916 37728.28180497418 47906.89628542182 45714.53946798749 30898.29837375872 40989.23922428611 27560.412174778852 29174.58357644998 44406.084968896495 25178.318622779763 34362.43047833775 39532.972528758575 34256.78010136777 26415.081984083732 36916.949408049775 33099.93627647504 36157.06660592818 35666.82049092835 29736.469238441732 38379.60550128661 38392.83929548828 27769.503878271335 37078.79412515203 26396.75368592042 30233.837815954892 37514.86051247628 20668.328851063005 32197.19858151897
18791.81812469767 40341.46920772066 33208.21550932165 30380.23540378067 31604.24429898451 31442.8742392654 18754.91400923221 25624.124605388104 27466.17837656983 23895.417797626804 27331.887458371457 20240.191816217957 20362.53537564411 34654.66812433896 28567.11215062457 25334.477014672295 36906.33151541461 20998.208739498805 36157.06660592818 19772.255736962623 25592.732132702095 23960.238313573525 35888.54361395017 17610.07678180679 26104.05756366813 18529.29260736336 24150.734558395787 24210.354425618872 16070.76085103483 27083.220378891678
17701.200856516283 17829.334548975334 19086.312721175964 21814.580215005153 25168.217308095547 19391.881975555167 15010.265344099686 17892.361394090698 20262.542022473983 16597.823221349976 23493.349535408688 16890.707355413215 14008.400825941626 22865.801222217797 25330.45266937397 17417.609952467345 18296.990713940155 16906.17803975472 22692.741058310323 16441.29473624117 13271.825477051974 17020.497276042322 18310.803488321395 13638.34112867379 18437.278633272246 12051.71105383186 16711.963721096992 17090.83016640525 7590.41971216774 15920.972073516474
2992.8830550515518 1107.6977673210058 35.15808748814493 602.2629402438906 27.1211106360318 7369.866207893764 3457.805388801969 5144.049627823614 0.002939788092078288 232.22095992539664 1002.0716681354274 495.5665978207271 3894.3710904486834 2918.678480169712 4361.284310794952 4404.325731763382 4204.761893969304 179.5515942634193 3602.9311874758364 251.8826965605067 63.52358470129093 2934.3099315549593 0.7026107724199164 777.3935133151845 2914.99499772638 2864.406621033295 832.5364133327057 3133.5148446700236 1862.2272657067224 6272.864897876307
999910.0 999910.0 999910.0 999910.0 999910.0 999910.0 999910.0 999910.0 999910.0 999910.0 999910.0 999910.0 999910.0 999910.0 999910.0 999910.0 999910.0 999910.0 999910.0 999910.0 999910.0 999910.0 999910.0 999910.0 999910.0 999910.0 999910.0 999910.0 999910.0 999910.0
