2148.1850164580264 1172.9996712972916 2047.2254835452604 2123.344846801305 965.7357364432141 1213.0173079569995 1141.4336926486876 1383.173780409721 2232.331198631129 1085.125951265656 1593.0614428461895 1481.434631054528 702.4801866109347 1089.23386852676 1458.025422945252 1753.6437395299718 1097.8619586692557 1567.4182570828998 2320.4431860267377 1456.2859297338919 1436.9916528342706 862.4973681341908 863.3369633951424 817.3202382622108 1671.4726877271169 1129.0219981511227 2076.689610315985 2255.9013320538734 1240.7342149492988 1424.2227099864276
1139.7515716777089 891.89540073428 1262.359419552511 2100.0236185646427 873.8819561459036 917.198754245775 1141.4336926486876 1179.861912578418 1005.6770456238146 1084.9176569409728 1102.5132476540448 1087.4866291421863 702.4801866109347 1089.23386852676 998.9287708486736 980.8898524022111 1097.8619586692557 750.8150844195643 1258.278770542995 1456.2859297338919 1068.886114568617 862.4973681341908 789.9884921887806 817.3202382622108 1426.2894326768792 524.9380096066325 1828.945188564283 2015.6758082086717 1240.7342149492988 902.4357462863773
990.68818601156 891.89540073428 1262.359419552511 1700.6936204971462 603.1507847125604 917.198754245775 1141.4336926486876 1003.0956649290633 922.1853821067284 390.72019503342517 516.9996476237147 1087.4866291421863 589.8783645712124 800.6219259375948 714.7474451393073 980.8898524022111 756.5535743043101 613.4145473498911 1258.278770542995 1058.3695099711285 429.44218637791846 862.4973681341908 678.2556572783033 817.3202382622108 468.07775958482625 524.9380096066325 1180.180250720212 2015.6758082086717 1240.7342149492988 902.4357462863773
990.68818601156 891.89540073428 1262.359419552511 827.7879536076425 603.1507847125604 917.198754245775 818.8408444531542 1003.0956649290633 493.8383527687738 390.72019503342517 420.2705370831645 596.3605999207275 589.8783645712124 800.6219259375948 655.6988288682523 980.8898524022111 534.285613299322 375.75861998233904 331.2457394447315 1052.515782289106 429.44218637791846 862.4973681341908 678.2556572783033 817.3202382622108 452.3296535081922 490.44606179054153 1180.180250720212 1531.9445086498108 1064.5382671920788 517.075382306426
990.68818601156 304.25357440605967 616.8514624060108 827.7879536076425 535.3001751426136 916.6394104335614 350.3491065572466 861.085816418537 493.8383527687738 390.72019503342517 420.2705370831645 596.3605999207275 583.3410485109598 548.194381390359 655.6988288682523 790.9151728784318 534.285613299322 375.75861998233904 331.2457394447315 1052.515782289106 429.44218637791846 468.6731401867237 678.2556572783033 682.9001207488936 452.3296535081922 490.44606179054153 1170.5755971946646 1012.9481593047858 1064.5382671920788 517.075382306426
990.68818601156 304.25357440605967 603.4744170912963 827.7879536076425 461.86690340824043 479.12101869171056 272.3255930126843 861.085816418537 474.75255262356086 390.72019503342517 354.14227271634627 596.3605999207275 583.3410485109598 491.2886628377523 653.2205169970653 369.9587230699626 393.9122668031782 355.9693860346456 331.2457394447315 839.0704987625945 429.44218637791846 468.6731401867237 542.5550231443008 682.9001207488936 379.9083687940388 490.44606179054153 1170.5755971946646 1012.9481593047858 956.0106353107149 517.075382306426
517.1903456261748 304.25357440605967 340.88617661989156 426.3624106932484 311.9658806349021 479.12101869171056 272.3255930126843 710.9072411007223 459.7809706883136 390.72019503342517 268.16026569894075 408.1061876767171 514.3204361936696 437.84109810460404 380.07826235063203 369.9587230699626 381.19301429631423 338.28530221103983 331.2457394447315 583.7113284073184 429.44218637791846 468.6731401867237 542.5550231443008 682.9001207488936 379.9083687940388 381.4926748956077 371.6251682062275 870.8516817951581 740.918124954439 517.075382306426
228.54360349507397 304.25357440605967 266.5441632493116 277.74178389491817 256.2909943808968 208.87215509953012 272.3255930126843 352.42491786780647 394.9335330061649 328.41256509551977 268.16026569894075 288.774892528676 296.45160315580233 286.38870592164085 301.8563399630548 227.16710163367452 256.9955426818792 220.7027790850093 331.2457394447315 294.16044769896143 417.35589364232646 333.65700408043085 307.5511225019691 344.2605743305289 321.12193968363044 381.4926748956077 354.59031781202066 411.8005819224227 658.4797819129499 328.2588752014344
208.59755101266956 284.24859796999135 210.75273272587856 277.74178389491817 190.9037061035051 208.87215509953012 260.0430179051609 257.40880612016554 251.66458005942695 251.5071588596752 201.76519660137956 191.90268432272478 296.45160315580233 225.10118388264482 227.53048166550116 214.9568542125494 196.9230481269651 207.61349339985463 289.4552771095523 218.7178012587192 215.00575650598694 206.3715801947792 237.56379520205428 240.7846290330226 300.68905021244564 247.7802045183612 271.2049369842425 266.0521730006535 342.03635008061565 281.76340218164523
208.59755101266956 210.13585200798616 210.75273272587856 240.43978268590308 182.86077152636926 198.69376340647068 210.0796385038666 222.3737288323273 188.27733961915055 199.65655590033293 186.79662137432297 191.90268432272478 231.5798711325392 176.75069765056332 199.05769011357415 201.81918602127143 181.6235865640415 199.1976707036688 216.5883810709147 192.73812417228328 191.9873913558904 197.88931420961762 214.13583894406702 224.0738773118428 209.1844258982087 218.58673367852634 213.78591965751866 195.0636549314645 237.00233955277326 221.6759356127841
178.4789317415607 162.8668458809061 185.6906215823692 205.34212055126818 171.78841407285745 190.09808090963998 168.60264209799243 171.8589967061589 183.63881847074572 183.53601567222722 164.7585007196085 170.63857807429804 171.2273051968641 173.55118515519507 181.37185263113543 173.72701519100792 165.96180984423336 179.8039724667674 185.53793946532505 168.38996579283912 183.57939627716087 174.0508744233057 174.40135979845172 190.83340674601777 167.57926784042365 180.4689592431223 162.58243286910147 182.39562975473018 204.2054766230881 164.93659543598642
157.57721670363617 157.92163725261616 161.0143419787405 159.8935353927618 155.78776974332231 159.52403728692525 157.66520105735344 168.01832343365868 159.41878598571793 155.42939694682855 138.94008447229908 148.64606840176748 158.16529250672284 154.62771869525704 158.76363451009047 161.3985333802384 147.97187354867856 159.76574868676016 168.29993743848763 146.60098740660214 160.6762502403326 160.5126803584144 141.9785271402211 171.2390271823433 138.077752245159 154.04956428828518 127.85939583146592 148.13906298546272 162.27638084911814 154.714147391187
135.4867869858408 144.05282326911856 143.2479048975997 120.00626128495651 113.17179043551187 96.80019637592113 116.23493763464467 148.52901405469584 136.98016443424513 102.36607309182637 68.90239937012757 96.71325178048755 142.807880318549 123.2870317291472 122.28015602331607 139.41729519542605 92.83949936832005 137.6267107894978 127.01889195255399 70.96413058403368 141.78798708709564 124.07561275030957 92.25911061269107 153.45530458838311 110.57957833496994 86.99313043820575 68.83140913669922 91.23045607654603 135.6281334002556 106.91488597820626
40.067681024882404 46.350351712345855 48.04768206001654 44.276784555308495 40.11207723152529 36.773767396239236 42.38869509364258 71.50345027953699 42.41038777502763 37.96954843131152 40.82706014591986 41.148918162411064 66.69162251315174 34.41068052550372 41.59431465996795 36.67463958446206 38.09956265400024 61.57600254749468 53.148407585770656 37.14137867806994 83.76684076522497 66.50527069789769 54.38062311690055 77.86867876458518 50.29964757532525 39.33545034195504 27.122945595693636 47.01748913528263 44.27103070363364 40.88695938636283
4.419052291364551 6.722428398203647 5.902443878592294 3.3989448821553196 5.962152670031173 7.262936998432451 2.381203995897067 4.496270867968178 3.6842040595456638 2.8956626248223074 4.971850518136307 3.2038904839118914 12.705381859609133 4.8321530320854436 6.051404404724053 9.578021347886988 3.4242437942320976 11.169118970492491 7.878071543816986 2.6724162582022473 17.10377592604391 12.123331754374249 7.075287331190339 19.828002715752064 3.1377360287037845 1.9892868078691208 3.3497327479144587 1.5394197910281946 9.932272495585494 5.05853710611882
0.0033492516695332597 0.0050463839315852965 0.004196339247300784 0.0018075642842632078 0.008414020667260047 0.003925175762560684 0.000988357267488027 0.00750055889648138 0.0009188751178044186 0.0010395694089311291 0.0021431325417324842 0.002877394681036094 0.00546833849784889 0.002689513537916355 0.0026153097028327466 0.0037947059945508954 0.003251817940054025 0.005420321675501327 0.008565035461288062 0.0012895771733383299 0.02034263193672814 0.00326592514238655 0.007886809894444013 0.00809148738562726 0.001420605623479787 0.0009121359234995907 0.0037179368878241803 0.000976923165126209 0.010465345394095493 0.0010189773752244946
199831.0 199831.0 199831.0 199831.0 199831.0 199831.0 199831.0 199831.0 199831.0 199831.0 199831.0 199831.0 199831.0 199831.0 199831.0 199831.0 199831.0 199831.0 199831.0 199831.0 199831.0 199831.0 199831.0 199831.0 199831.0 199831.0 199831.0 199831.0 199831.0 199831.0
