870.0236880588218 813.9645786081987 1320.156025367085 987.5407228012245 1205.1602935092815 913.8315526324609 1651.4897884572188 887.5083001637017 1159.9982580284013 1427.4637800465616 1381.5212671316785 1078.5217956499628 1041.7913604936102 727.1090146687575 967.3530281334952 802.4201647981336 1640.153586077704 1155.4092440935692 848.8112565006359 1387.2311670448116 1467.0833600590267 1142.7327345546155 918.6658474314427 1084.0730637243892 1311.4883952432333 1139.8675191920956 1221.8541561854613 1185.7574770930032 1070.6185855636395 731.869142047377
870.0236880588218 813.9645786081987 550.761457632223 987.5407228012245 726.946893389345 913.8315526324609 1112.3250749779418 887.5083001637017 1072.6975291948802 876.0618416185835 1381.5212671316785 1078.5217956499628 841.7883102068035 727.1090146687575 967.3530281334952 802.4201647981336 1490.7920635068963 1155.4092440935692 848.8112565006359 1387.2311670448116 1467.0833600590267 1142.7327345546155 918.6658474314427 1084.0730637243892 1311.4883952432333 688.4483392014808 1051.2315171212313 1185.7574770930032 682.1531900629325 731.869142047377
870.0236880588218 813.9645786081987 550.761457632223 987.5407228012245 726.946893389345 913.8315526324609 894.5483274223998 847.4459895418831 830.6418460495188 771.5997508981131 1287.471542187086 1078.5217956499628 713.5929619688832 727.1090146687575 956.6495808567238 518.0014465344684 1306.3035867728563 1155.4092440935692 848.8112565006359 1274.2163684782959 1467.0833600590267 1142.7327345546155 918.6658474314427 1084.0730637243892 996.5650025871596 602.52991442352 622.3452336477126 824.7333523798566 682.1531900629325 727.6035560435093
794.9243767624603 813.9645786081987 550.761457632223 987.5407228012245 692.909124246652 796.191857184549 721.4533745228468 746.6267926119403 830.6418460495188 771.5997508981131 1287.471542187086 878.4025898498608 713.5929619688832 717.7442394530999 804.7367717035931 518.0014465344684 1306.3035867728563 1155.4092440935692 805.9584085691376 618.0020915519831 618.9921003652476 1071.7368762763804 918.6658474314427 1084.0730637243892 996.5650025871596 583.5126491131105 529.9084858367587 762.8947536520236 682.1531900629325 727.6035560435093
716.8011134999379 535.2036782364471 550.761457632223 899.9183604467303 692.909124246652 710.6213696225641 696.1496467215511 746.6267926119403 830.6418460495188 606.8192551991001 885.3779881240234 877.922160294861 616.4997092974445 717.7442394530999 804.7367717035931 437.6927367589856 756.9155463974503 906.2702567220026 708.0651411457129 618.0020915519831 618.9921003652476 1056.98437173382 845.2806504176406 1084.0730637243892 731.6736020481958 401.867631308392 529.9084858367587 762.8947536520236 682.1531900629325 727.6035560435093
716.8011134999379 535.2036782364471 501.33519450020776 667.4319845642221 692.909124246652 389.7198314112579 589.9876884926216 746.6267926119403 691.273842545273 568.9488308900645 755.3139572460582 653.7190865007915 545.8139962321761 717.7442394530999 756.4883518271158 437.6927367589856 532.6021423685461 906.2702567220026 708.0651411457129 618.0020915519831 618.9921003652476 684.8105900582982 672.2960838258923 1084.0730637243892 527.3069208561456 401.867631308392 529.9084858367587 762.8947536520236 682.1531900629325 430.98925103284
541.8739331001516 447.08250300467716 501.33519450020776 667.4319845642221 596.0843967495921 389.7198314112579 589.9876884926216 434.1875653701718 691.273842545273 568.9488308900645 575.6660402160642 647.2564861762667 545.8139962321761 657.2597878070046 527.7300479748278 437.6927367589856 532.6021423685461 666.0262541252123 685.162270474505 536.3782269331268 618.9921003652476 636.1275941432068 672.2960838258923 854.6213688399221 527.3069208561456 401.867631308392 529.9084858367587 762.8947536520236 563.3445872651992 430.98925103284
422.05140088406824 447.08250300467716 501.33519450020776 568.308294257462 519.1835389988046 327.37704782017227 444.9194366459451 420.6572225362088 623.1949126561353 538.395039637343 485.2889789537312 573.1275214933485 402.9067166029704 518.2587989308668 302.78009347807165 434.7599659967191 508.2746509067306 340.58940933669874 378.21149413068406 521.5569613793114 476.0320111472597 333.39946963900366 470.9083031170594 523.6199522506199 425.47350498437845 394.2160803403549 529.9084858367587 523.4282537545232 563.3445872651992 430.98925103284
357.3495824656843 332.8487226950833 323.3876228539061 338.05475406439746 378.2864856447859 275.5872682708132 285.28228441762894 292.7785124705333 311.8804209971572 364.65998863427285 349.26690499446295 360.8094571335678 287.7257675118599 338.55107080260404 222.5225490372195 300.8089359648052 371.0130336125403 263.6017975882155 311.6978466587866 306.41332173190494 291.1957936349095 333.39946963900366 360.3084614339732 426.5764397103653 369.1211555321511 286.9673259868364 384.58713066268274 295.62656723538294 365.5143938809156 348.87271082965526
242.58844144674913 244.23764403383575 251.6464073223019 240.21491551844838 271.91916267267425 221.82459695005582 231.9737008018942 252.79514918391442 246.0597928249399 242.3797664037279 248.7396174910773 276.7840626773973 225.159747357196 229.89104518476552 212.27545004540843 266.94232252072425 299.6886018462628 237.62032107240748 240.01986612152723 239.03252381956008 241.3422954815578 250.96051250134633 256.8374944023635 335.002396332879 236.15446260250746 274.5552959984143 231.00670337588508 221.25801801228272 260.03452304058555 276.6390212180331
199.86094417039067 195.2499593918992 200.11775646787328 205.53392036590822 198.04378786911184 201.4823961895454 205.7917187911994 206.85056928176346 203.13602826185252 200.29999940604966 206.84553212926357 199.9790814533976 195.83153051860745 207.89878235021797 193.7025991608357 201.41993569144552 219.13438935158592 198.2304589852024 207.33364255382412 197.98810163295775 201.36778533006827 207.179431793179 213.86590940171027 249.88079296148817 199.1382260405403 208.4634396747051 204.0665392873525 205.98794116094996 211.43944588889826 212.53025903033358
187.58483568866268 185.80061893323273 188.92683330319915 186.34205936561557 187.50955664680396 187.75573494104947 186.65721089169529 187.9908130543463 184.75214212894616 187.8737301892993 188.21992306937636 188.25487440631423 187.24014514802684 188.95894824749257 186.23847453138887 188.2535837302089 190.69671995033877 186.65096532667258 187.48138705706288 184.95111859118106 186.31684568439778 186.3256863026677 192.52712116425437 190.10525552497893 184.66942278179295 186.49886894061046 184.02729274601552 187.57852071307707 189.71937619181517 187.07736234529875
181.5080155428068 181.52375769970695 181.63123678170314 182.1214509850006 181.80357284541924 182.10157653005035 181.6435966355789 181.94538163774723 181.54757901855373 181.546653513004 182.49449565017358 181.36056787698863 181.7899198629725 181.4062235918209 181.53555227415018 181.8273635619712 181.60291092382568 181.49746001298718 181.93700891640674 181.2143347280644 182.04513617579323 181.62678942610864 182.3106369366369 182.79693783395805 181.24212546995886 181.48215032257394 181.43890763297622 182.68500952270915 181.57907916655904 181.73400728705838
180.88867514594358 180.8241646377901 180.85427869417754 180.87371878716112 180.8313738981019 180.8824293839889 180.8578490867635 180.88035770654733 180.84011036956053 180.8268795241479 180.94762202389393 180.85372174768236 180.84731482429652 180.84606242521932 180.82292363602846 180.9077231839733 180.81825928795115 180.83378448837084 180.87963287866341 180.8077324025944 180.87314845906076 180.8190326472868 180.89602667799772 180.96549886404728 180.80570273716103 180.85518821824144 180.85678423323134 180.85618069667544 180.8243478679151 180.82849217511648
180.78409174975332 180.78188102025797 180.7842264920405 180.78277326828857 180.78249918590018 180.78317104762164 180.78438632722373 180.78341962353943 180.7833217530765 180.78187966967835 180.78414609829315 180.78284369122548 180.7828663219484 180.7821824297057 180.78236399267098 180.78357634412487 180.7834036580398 180.78208440219714 180.7831070406878 180.78161530934494 180.78499014733188 180.78327493023153 180.78410460462874 180.7839432373853 180.78150451302554 180.78220311518544 180.78285029286053 180.78329336237357 180.78331474018887 180.78331178458075
180.78127169084655 180.78127167880757 180.7812717072461 180.78127169819436 180.7812716918047 180.78127171153665 180.78127169128493 180.78127170902962 180.78127169263735 180.78127168007268 180.78127168420133 180.78127168846413 180.78127169305208 180.7812716798121 180.78127168239325 180.78127170200514 180.7812716904864 180.7812716786102 180.78127168483798 180.78127167926004 180.78127168120363 180.78127168960873 180.78127168961282 180.7812716943181 180.78127167847606 180.7812716813114 180.78127171935057 180.7812716841795 180.7812716802655 180.78127169867776
999910.0 999910.0 999910.0 999910.0 999910.0 999910.0 999910.0 999910.0 999910.0 999910.0 999910.0 999910.0 999910.0 999910.0 999910.0 999910.0 999910.0 999910.0 999910.0 999910.0 999910.0 999910.0 999910.0 999910.0 999910.0 999910.0 999910.0 999910.0 999910.0 999910.0
