217.0543873800002 198.01861331833197 136.47060021263815 125.99179321441125 208.64254668501144 154.5137525801165 165.57097765913932 187.55872917257693 173.95632320076083 131.80326117471122 166.22465427043744 204.91876664337587 150.5900522686061 192.4979508663837 214.60141646246439 154.85500230506977 199.67715251840082 157.80505845712696 165.27314500533794 106.34632405185494 173.22928306473568 155.85522631716503 198.41979138736133 176.23432690465006 188.83922033206773 190.89576759618785 254.1278110110611 151.95637317917272 241.4098782046185 196.65171852638787
192.8387333901528 191.4880339737556 136.47060021263815 125.99179321441125 208.64254668501144 154.5137525801165 165.57097765913932 119.1684028690479 173.95632320076083 131.80326117471122 86.92886009971517 204.91876664337587 150.5900522686061 192.4979508663837 166.66200056082425 154.85500230506977 199.67715251840082 152.1902016329991 145.81941777559587 106.34632405185494 163.92170596431333 155.85522631716503 186.58305713645314 144.43309583311748 183.50724286380182 184.86332972881655 167.74947056474912 151.95637317917272 241.4098782046185 173.72786851525143
192.8387333901528 191.4880339737556 136.47060021263815 125.99179321441125 208.64254668501144 154.5137525801165 165.57097765913932 119.1684028690479 154.4023540938142 131.80326117471122 86.92886009971517 147.52290635078452 150.5900522686061 192.4979508663837 166.66200056082425 154.85500230506977 170.85881461169674 152.1902016329991 145.17151162649134 106.34632405185494 144.52109471273025 135.71624947890632 186.58305713645314 144.43309583311748 183.50724286380182 174.8223033677682 167.74947056474912 151.95637317917272 137.78898337561532 165.1742732347161
192.8387333901528 191.4880339737556 136.47060021263815 125.99179321441125 208.64254668501144 154.5137525801165 165.57097765913932 62.977212779520414 150.02818408955864 131.80326117471122 86.92886009971517 133.67317955837143 150.5900522686061 108.87421426383116 140.72139026504738 142.7647654072016 130.66972639238975 152.1902016329991 123.15121266226197 106.34632405185494 143.13559459345333 116.42809468297264 186.58305713645314 144.43309583311748 156.74432086067372 117.71584412153106 136.74153907303798 151.95637317917272 137.78898337561532 164.0822680770625
192.8387333901528 184.60338657124566 122.85694626433815 125.99179321441125 142.19906107957968 106.44562519011288 107.85621238397789 62.977212779520414 134.8801755924237 131.80326117471122 86.92886009971517 133.67317955837143 150.5900522686061 108.87421426383116 140.72139026504738 142.7647654072016 124.39455274764077 139.83686918003468 90.28871656253204 106.34632405185494 143.13559459345333 106.64798902833945 186.58305713645314 139.43100594441376 156.74432086067372 117.71584412153106 136.74153907303798 151.95637317917272 117.67885258183014 141.47528466627136
192.8387333901528 148.6406339361306 78.29440278607626 125.99179321441125 142.19906107957968 99.23883900051896 107.85621238397789 62.977212779520414 90.37699349175364 131.80326117471122 86.92886009971517 133.67317955837143 150.5900522686061 108.87421426383116 114.21168806464539 142.7647654072016 124.39455274764077 139.83686918003468 90.28871656253204 89.91317131165852 143.13559459345333 106.28784415464997 153.14466766485248 139.43100594441376 72.4855170388646 117.71584412153106 136.74153907303798 151.95637317917272 117.67885258183014 141.47528466627136
100.39544633527021 141.82968208421426 78.29440278607626 125.99179321441125 132.07523284839044 93.50115712439538 107.85621238397789 62.977212779520414 90.37699349175364 131.80326117471122 86.92886009971517 125.08284548422353 149.14006274763415 108.87421426383116 79.34862459427677 86.49498403920961 124.39455274764077 124.01196046782161 78.12334626136999 89.91317131165852 115.77735503024314 71.47595258087085 101.28667995066417 93.68110270410853 72.4855170388646 117.71584412153106 136.74153907303798 149.62387006453037 117.67885258183014 127.43870972566629
98.34899619128419 110.50565550582769 78.29440278607626 95.12453009242381 102.97055929213093 84.02316274269197 107.85621238397789 62.977212779520414 90.37699349175364 115.96607269356673 76.66942820577196 74.39993570129809 73.70274841184846 65.74606043922495 79.34862459427677 86.49498403920961 121.87539201871004 83.07505564372832 78.12334626136999 78.10407175098453 93.89304448091934 71.47595258087085 101.28667995066417 85.25398932334929 72.4855170388646 100.87048176178268 93.76466603459312 91.53875143499044 111.6301193098634 74.31112682868888
61.122402604558374 81.20409014738425 73.32336536516777 64.2341592897451 52.55050396983688 62.99246813908121 79.5078858000652 62.977212779520414 65.65815366843799 76.72566909342777 65.4616171199632 54.01925429294943 73.70274841184846 58.986298859444105 62.21564344714807 68.72129681577917 72.26997183430285 43.39384854208129 61.796188082905246 70.80956036291809 80.03541663670921 71.47595258087085 77.29529429510922 74.16677326537592 64.87174788903121 91.07119325132726 67.54130486946178 72.1894341025336 82.89107352383917 52.88327050734051
50.25873179610244 56.625156921596044 64.47558542538081 56.72790373429234 50.3962579201866 39.46488746303544 59.5787397586264 61.379002535292784 63.30128344293462 59.35174540683602 55.3556161051506 36.45494998167169 48.2137508520691 49.18954353792924 46.21625536353736 64.85312730753003 54.8673461916178 42.071067830077254 43.687311637003404 51.97228947998565 48.56519965940106 51.05876379407118 58.27813444825915 53.295268034506535 59.18262287221569 75.4306588792274 48.47118191804748 52.224215609883686 60.47826610119773 48.78625874467161
36.99875138478296 41.1815659140982 43.38796160405764 39.52683730976287 27.857021787437816 33.8724258290772 45.00021689637401 40.37242024278885 36.8901213290585 48.571458557269125 33.499859058979155 30.496449383405434 38.92904528827626 46.403304157294315 39.89077906188504 42.79090806529712 43.02384934676343 30.83487539745738 35.754425105254086 41.17718242045339 34.570681147878986 42.032815514945696 45.400778713544696 40.2258371227897 49.735894032734905 44.49314919217568 39.89526089351284 33.774083280412015 36.9902993001424 37.058995218344535
29.47212627176691 33.020900573848394 27.96120633890041 27.402136291486613 26.205773107769573 28.26053996890346 27.693751753276047 30.31280590595088 33.60601805227657 33.04400060015655 31.231127445182665 26.979761106545766 30.490619278018812 32.00177689670568 35.4620003257462 35.044300184747954 27.216372360887817 29.221353966921924 27.400671186972886 31.35937650414803 29.0824791085156 28.406076331599706 33.75300981903911 26.26681835693398 32.219679987478685 34.91509108894775 31.047592954487754 31.95287676038356 36.31233053921096 27.658326331647004
24.733136746090622 23.883899176117893 27.15426658351248 25.11544194057751 23.115840993023994 26.053377031277023 25.878774347765102 25.91173263803762 18.49536314124657 26.57820008244289 26.99882875503272 22.54003314132001 25.43050657428921 24.74040162290703 27.79142468692976 24.176716433616548 18.531670787260964 19.333023372274283 24.328894323178247 24.432413868079948 21.669846211405684 24.816565584950013 25.471184587243897 23.028121030990178 28.711265354262196 29.254409065512846 21.562831508684212 24.98770916808303 24.717547273989567 25.946984712331414
21.280033480741167 15.09825217690809 21.011528090650472 18.02156591568223 21.48886233875237 18.899841513362617 13.357518315367543 21.950695818761687 12.556651515988051 13.349728779989618 13.019613986081595 21.086397995379457 16.92935872458861 22.14706935404388 22.395026915083236 18.77923958778456 13.230502726655914 10.5821396945787 10.825761002169429 21.44351534435441 9.911556315368898 20.657393057136233 7.505961599217699 13.48263738810033 22.13859810826102 23.520561441746167 16.17706182398865 9.61089411458238 13.4581365045849 14.78098641750671
20.267647452553774 5.617207256181246 8.525067765626545 7.5125014730163 18.375553523893586 6.5649799488473946 7.394385653043173 5.2013524550668535 7.230173168748479 7.5949744836591435 6.298029314315045 20.21652003890017 8.093610659364458 14.60328113194737 7.302435086105788 8.270494333758961 5.010930811763501 2.5887838588610066 6.220205541821542 20.189835866227213 6.307485178275101 6.110076417257233 3.5556605599254 5.405820328481241 10.074162436060078 9.445987324889074 7.190379652069851 6.73517306325266 6.9930115993552135 8.649856828323209
20.05978169323771 0.11624120653164027 0.25748858084853055 0.45529354877089645 0.7386476890274025 1.050630924627285 0.5288403357230891 0.35638680351462426 1.0048900313581726 0.17738357544567407 0.5569810186027553 20.0873183100789 0.5410876891892258 1.1156035715437156 1.3728777720805283 0.20924217712899917 0.026964013311726376 0.11849191003102533 0.042872003185948415 20.121373204561223 0.5519906684974103 0.28142992200014305 1.0078560609545093 0.05376160294144938 1.6197901740556517 0.2613281732858468 0.008827189280054881 0.031644402690744755 0.00993762878920279 0.14420778547628288
199831.0 199831.0 199831.0 199831.0 199831.0 199831.0 199831.0 199831.0 199831.0 199831.0 199831.0 199831.0 199831.0 199831.0 199831.0 199831.0 199831.0 199831.0 199831.0 199831.0 199831.0 199831.0 199831.0 199831.0 199831.0 199831.0 199831.0 199831.0 199831.0 199831.0
