1246.7654673878442 894.7050696743026 1146.7396434991529 1412.4609787514464 807.9488799977794 1463.7953332616548 338.25000051595543 1943.787619117833 806.0976555469997 806.7415918686611 1129.499747205282 573.2317659898872 5691.189318514312 614.0065510305685 623.7722092580475 590.6950808543411 689.7941278584335 1003.5617728010052 800.2753668438704 847.3033999797531 561.324046441724 939.5167593057122 240.72174292286718 2150.1864971600426 672.983187774727 1346.93669492068 1031.9762133231484 1485.6853778020804 1133.3280268064782 790.6827390881717
1218.29921101132 720.9589636217361 1146.7396434991529 608.6538286698051 795.869098860172 866.2033160082115 338.25000051595543 911.6608270083052 382.1660840042591 424.37278694634415 647.9505535982553 573.2317659898872 744.2694047809755 614.0065510305685 623.7722092580475 403.89660853908845 689.7941278584335 453.6586308209853 800.2753668438704 812.4211511771632 561.324046441724 708.1485392256304 240.72174292286718 907.3246182507123 672.983187774727 934.916364839949 1031.9762133231484 1477.2585362805266 659.8337676977094 790.6827390881717
853.8854198194576 675.4588765547396 881.6463242036411 608.6538286698051 534.0435730347144 793.0627980660483 284.9937510635059 817.5894223587006 382.1660840042591 424.37278694634415 580.3391698648206 573.2317659898872 744.2694047809755 324.97186238158747 541.5802683711149 385.58334945911975 350.8861077072379 453.6586308209853 172.7924032742294 812.4211511771632 561.324046441724 460.64042795304067 240.72174292286718 680.1069397584042 660.0362423005145 864.1732075000587 456.8922818775559 743.6895954762244 561.9236788446215 167.13721762153864
761.202034322594 675.4588765547396 813.4825993212157 391.6302436791734 506.53733077129164 384.6683965213747 284.9937510635059 810.3539202848938 382.1660840042591 424.37278694634415 105.70797022614033 573.2317659898872 601.5589645301802 324.97186238158747 449.33827973917414 385.58334945911975 350.8861077072379 453.6586308209853 172.7924032742294 433.19824140584615 561.324046441724 460.64042795304067 240.72174292286718 344.1286692870485 89.11001449851665 689.726048378393 456.8922818775559 743.6895954762244 561.9236788446215 167.13721762153864
314.38322995413364 286.9050523514352 380.04430252941575 391.6302436791734 401.7486707687831 384.6683965213747 284.9937510635059 802.33034355164 382.1660840042591 424.37278694634415 105.70797022614033 432.32910778886435 601.5589645301802 324.97186238158747 449.33827973917414 385.58334945911975 350.8861077072379 453.6586308209853 172.7924032742294 433.19824140584615 561.324046441724 460.64042795304067 240.72174292286718 344.1286692870485 89.11001449851665 541.3470083309276 431.2598000299331 616.322955610909 445.9218860520323 167.13721762153864
314.38322995413364 286.9050523514352 380.04430252941575 391.6302436791734 401.7486707687831 384.6683965213747 284.9937510635059 475.3728462675913 352.48863596385263 424.37278694634415 105.70797022614033 281.04088508102814 601.5589645301802 305.33239460778896 449.33827973917414 305.740741536581 350.8861077072379 322.63152023880593 172.7924032742294 433.19824140584615 561.324046441724 409.79299471704553 240.72174292286718 332.7268217113865 89.11001449851665 419.70991162575956 431.2598000299331 403.068311028836 445.9218860520323 167.13721762153864
270.9527421755338 165.8625808636375 348.94275556574803 272.15614221588794 133.5200983516006 353.0582620834102 284.9937510635059 103.11267427310895 262.2836961473645 372.6678287018626 105.70797022614033 281.04088508102814 279.03430210329816 77.82400760914288 449.33827973917414 210.66514498064953 258.7493029894122 322.63152023880593 172.7924032742294 433.19824140584615 496.0107379667984 353.15935357888475 240.72174292286718 332.7268217113865 89.11001449851665 419.70991162575956 391.3962806089644 403.068311028836 401.38141129799124 167.13721762153864
270.9527421755338 165.8625808636375 164.8899827814812 272.15614221588794 133.5200983516006 210.7240702561012 284.9937510635059 103.11267427310895 229.06426701115197 190.17427914397558 105.70797022614033 174.49378831339664 255.43632681890313 77.82400760914288 348.00134242081276 114.42053740345455 163.24688608582846 194.7661612522752 153.69034346244416 291.97959885929595 65.33259542730639 281.0178051151788 65.26419987815416 163.79189559560336 89.11001449851665 143.76299702894812 107.8062908232032 170.22296727118692 100.78223532835682 165.52630724010032
57.296006936978756 94.40387625668518 113.2227224706321 68.51987257880091 82.99280370178303 77.33861307717052 49.67669127545514 87.82425979864547 86.38885721691258 93.94458241493749 76.91397152438913 96.89924069712606 112.79165073235436 68.96906780321751 116.46383210594695 78.25600768868844 141.31290216576326 75.11620435400755 118.31529013034651 67.14686604252574 65.33259542730639 144.8231299764202 65.26419987815416 114.04323128402302 76.81205064093001 119.94685588330003 96.16766673037546 90.8111365941445 82.5225802452328 149.09955660309151
56.03630309026812 71.43187283944235 48.510064765011975 68.51987257880091 44.10968949579683 72.07757132878078 47.206611023194 83.15962549805863 58.12218332438351 75.09195729490921 60.14108817592478 65.68289152620764 70.64230319705757 66.43593835993534 65.69247274604959 52.60772483003029 52.251557988905006 63.17662762797818 60.637292278023324 48.72982979659446 51.607919769722685 59.04596090989844 58.74987279883726 66.27847886462769 62.1701452225725 79.7011818644678 51.560661920164875 65.2558261001177 53.29770379049069 54.55207216308918
52.14474693760985 59.24113696254744 36.898983428037354 42.28147403353296 39.02636395562695 51.512727634638395 46.092863011791906 45.45095208862267 44.79748908540614 44.20690152786665 51.73528361767012 48.72212031107392 38.26370471630162 48.48529059227394 57.28063404630211 44.29896642937274 43.24964031647323 55.87494598510375 45.16053762207912 42.07031504819952 46.61817628264498 44.540507847900244 46.51691653909393 47.952607845285 49.91766955069579 58.457405858358015 36.62199032028502 51.13090399356224 38.46420119448385 42.9896787394905
35.612343882584355 39.09927422751798 35.198913452274155 40.68491063361898 35.339579299968136 35.32590578620466 36.1710485844028 33.50542016622012 36.039674289464074 34.56619395458256 38.00031688734043 30.254041511298055 35.67994638528626 32.65023074083092 31.162750350064925 38.0189515280731 33.46476905464624 35.4053296540751 39.777106281631404 32.19250853041376 35.94569113026046 33.55853359455932 35.010323257146865 36.85983204239392 34.25601850038083 41.93916121104303 31.042834954093905 42.321568402654975 37.922814163212024 36.89872047867266
30.484238848241148 29.855751023784705 32.47335094138862 33.38171769935843 30.307324528012032 29.730834080329714 32.920399139192796 30.659106040037386 29.980917148836852 30.49787059942537 30.511675162314987 30.254041511298055 29.685745410268282 28.93235825764623 29.912339719971442 31.02594779460469 30.129211992104047 32.265123908852274 32.14988585722767 28.924593403253766 31.524074910446416 30.771495629974652 31.681595124138312 30.246918929209187 29.823696974863196 34.54176558205381 29.97865839974247 31.293632792172957 30.9076099778149 29.27559988901521
28.17818336956634 29.11468698766521 27.528779839246 27.713313711462433 27.449389957489075 26.350643079027577 27.26203162931688 27.11930150515036 28.017821244042352 27.617079466580435 28.655645096859644 27.733768137271454 27.60810153755665 27.703526282468374 27.343874927485558 27.782180544949824 27.827147682914983 27.525384743476025 25.859248565791404 27.82327814633436 26.857155866392077 27.585015090400248 27.798572761218566 26.773770060106017 24.887413174899393 29.481835794266317 28.252853462945495 27.39468094189624 26.70060787325292 27.668743932822053
25.7778880667297 25.472671722485757 25.980906431105268 26.199463482459123 26.091873625241533 25.330962957109023 25.97617754076464 25.823266472364594 24.411382922123266 24.99313168477147 24.842434099895854 26.146296270739185 25.048307865813968 26.03587349997042 25.661588677876352 26.0936270655493 25.663924645971747 25.622297707543567 25.012976948981304 25.936442818111573 25.759940872644165 25.769776424278007 25.60295005618582 24.855957117570597 24.247886004643078 27.157799644341594 25.921453766354716 25.81571693937167 25.400438629364544 25.362649643245277
23.54643729727286 23.399049390310665 22.642581043156497 23.833063487480104 23.530761084960886 23.69233428313828 23.404263282382544 22.831455430760798 23.301291846064032 24.125431888813637 23.541228370052522 22.806083330008278 23.378947530095957 22.816087886271816 22.903407275798145 22.32675107991463 23.40893833529026 23.155939138309805 22.753561791970697 23.026131622536923 23.193901685787296 22.63563644743772 23.04314150269056 22.944253381598628 22.037598158016408 23.219937704698623 23.860263530542852 23.668782267735423 22.523894863909845 23.23771166826009
999910.0 999910.0 999910.0 999910.0 999910.0 999910.0 999910.0 999910.0 999910.0 999910.0 999910.0 999910.0 999910.0 999910.0 999910.0 999910.0 999910.0 999910.0 999910.0 999910.0 999910.0 999910.0 999910.0 999910.0 999910.0 999910.0 999910.0 999910.0 999910.0 999910.0
