339.9563034882649 315.580697900155 522.4368743456339 364.0429110079258 350.52040306413255 463.89963388105843 478.05107548169235 299.12086220314086 372.6375713131065 417.25954333147956 355.0899933349374 431.88882168796135 269.5619428999594 271.0206675490326 393.8137728664292 379.3150669565389 356.33604914701664 291.73453763161024 387.4439687126278 366.41844639827013 321.60753339378743 366.185088166319 387.5489757713185 483.09255846939413 314.4288467391816 284.2614869622266 346.199083741275 479.83073835155756 281.81326531346303 379.53497501931224
303.6993720344385 262.6011350097788 249.7516081880426 260.59872625531625 283.59735896488564 314.8204366517989 335.27351430212366 201.9189279690222 359.472474899233 361.4788792409727 319.72696661606597 431.88882168796135 256.7993165631842 271.0206675490326 218.72803051841765 337.7356906374598 356.33604914701664 284.59472438647344 315.32279942549167 346.59226508979737 321.60753339378743 287.8767936626523 324.51727566808404 381.549248809622 311.9950117673975 284.2614869622266 236.85850666952456 254.93269617065425 281.81326531346303 340.13806398031875
223.87073775732597 262.6011350097788 249.7516081880426 236.05334493144346 262.07173663808317 278.65435442378566 210.50976961417427 201.9189279690222 276.73258033953107 288.34320504914876 319.72696661606597 277.2593695531309 243.19036017633698 251.6816031659646 218.72803051841765 261.31612741605886 356.33604914701664 261.67762722808357 315.32279942549167 285.24551390837723 305.88505823120613 279.3052890108829 287.91496144317443 324.76218359207724 299.51961249862006 284.2614869622266 236.85850666952456 254.93269617065425 281.81326531346303 310.5539943912513
203.18267396863575 229.09563714916158 249.7516081880426 236.05334493144346 215.2217803295198 278.65435442378566 210.50976961417427 201.9189279690222 276.73258033953107 248.42867236327447 229.81892604085806 218.00410018958155 232.75028032973523 251.6816031659646 199.98209300520602 246.3752749607056 302.52593709171424 242.52602375364677 276.07609891307584 256.0089723646015 291.78138061127265 187.91996003287295 287.91496144317443 273.40329560228383 299.51961249862006 276.88633243253116 236.85850666952456 196.71634291824512 281.81326531346303 275.2678416333465
203.18267396863575 224.9661732948607 249.7516081880426 192.6367159017018 215.2217803295198 278.65435442378566 205.80188143927307 201.9189279690222 224.8238973905004 223.10570822890122 222.20461632316574 218.00410018958155 232.75028032973523 251.6816031659646 195.17380154064767 221.3231906935248 259.5449194524135 235.1341782543809 233.28722879158659 180.7825654661633 214.36734367930876 187.91996003287295 257.17631446914083 262.0037092290104 272.31224814058487 276.88633243253116 219.10735739345273 196.71634291824512 211.2649887277289 249.71749768405016
203.18267396863575 214.71538176221475 249.7516081880426 179.595406180204 201.0441599619994 256.02297614023246 199.35463395809256 201.9189279690222 224.0894856750897 187.59989613257358 222.20461632316574 195.27672659210702 224.9865178670011 251.6816031659646 195.17380154064767 218.02750875939864 259.5449194524135 221.45891393618604 183.36732112361096 180.7825654661633 185.53518236016043 186.05212421961005 244.08310490805434 256.68788790916324 204.00225501661635 257.58756568399076 211.07187417482692 187.97267850201797 211.2649887277289 240.77739134928652
189.66915860574363 188.1553099925477 180.37026302912773 176.44372359741874 191.07781725463065 179.76923766864365 177.82224816530743 190.26714196956664 193.57286363727872 185.488367821235 222.20461632316574 188.96181562292122 214.92076209462402 197.5562801158253 175.38368304109554 181.13457329641278 194.31120168516554 185.83854224879633 183.36732112361096 180.7825654661633 179.58031965796818 186.05212421961005 183.29136377323994 237.84874397907288 170.45043025086352 219.374652541464 199.72904428526 184.83384790272294 209.23812561753903 192.19546032872995
175.54953865847892 171.971296849184 169.7141845870592 171.64605687265566 177.59789201736703 174.79275059305792 175.72003191712474 174.11417403359974 174.66078807684653 173.30511220262315 171.20179209651906 174.5844271448559 183.04997923213523 187.0990703036864 173.37243900126396 173.83719746477072 174.9253260705982 174.66895870134204 170.62143284432568 175.64868396107386 176.9576731562688 171.7707873371328 177.84366344638283 189.01626615647683 170.45043025086352 176.42206127213512 173.3124271937777 172.22574239828464 187.3731084636279 174.0419362732482
169.92804686193585 169.52063448533272 167.82146069376222 168.7581584268396 172.0187074200112 172.75970908502222 171.57692867108244 168.7607424184539 171.56666743318283 169.7967521159071 170.83151648945704 169.93718764310051 169.9869618642424 171.23218674787995 166.535511876903 168.0815912374569 169.0605593015921 169.90605838105148 166.37120310937462 169.40818362442815 169.58102728894164 171.7707873371328 172.71960870373368 169.33136634802077 170.45043025086352 171.1709558268144 169.9053705269107 169.00823513366686 173.45971054045003 170.8445934256979
167.93386096433596 166.9203749079834 165.97706465517922 164.59277506415128 166.19002142808404 169.04160385158275 168.42993419281083 166.10517344782966 165.6723700262769 166.75893518327894 166.32485245326006 165.88412644194386 167.43556383404302 166.10968816740842 165.6936731020437 165.26331083854166 167.24528627804193 166.1498003556312 164.54785140467357 167.7564158960331 167.51290235664464 166.43161449687022 167.7631908800313 167.04256303755255 166.5918377437556 166.55804393644485 165.62668204367628 166.35260842584194 166.91928928740663 165.87142340994433
163.765317123944 164.76504221971845 163.25675388846048 163.54202689008343 165.5793520380912 166.0213828446549 164.98627154844553 164.918443093944 163.8398456146292 163.5473191080182 162.83179192769012 163.69001181827844 162.02760158497904 164.83926529418977 162.76829720823525 163.30600555684805 166.78316401827988 164.77628509383158 162.65827272167417 164.21286292571358 164.33807317103265 163.05980158511238 165.22772499410803 162.66287939627955 162.27880238249236 165.2550941872837 165.15723940376483 164.52395495584915 166.0735175994305 163.34705945146243
162.9053938305442 163.56132516798561 161.8573131866383 162.3843093952014 162.5746571905761 164.8380914917252 161.63064212804466 163.30755188201147 163.10641304945239 162.08920877389346 161.77921663765437 162.49763125726759 161.5390213476917 162.22628615871054 161.79084074043976 161.9989387828541 164.88295894365865 162.7770145559307 161.68960583543958 162.14995426273435 162.77792137095958 162.16892258078497 162.29424316358472 161.97034919418684 160.9723531064592 162.7388958754409 163.10901321205438 161.8929317246093 162.00231983863887 162.7108757291703
161.65149384198503 161.68583372137664 161.64060736225883 161.64586720929174 161.83988890885712 163.48528924052016 161.18277705947776 162.73530483235618 161.590405930036 160.68986497938067 161.5654861424846 161.63575665104736 161.24395374981714 161.52493941628154 161.55521082940004 161.59767480983965 160.94477687725748 162.49789366455252 161.48000432872277 161.8881316095576 160.60109198552436 161.58610722352523 161.8540784458687 161.53470500452795 159.9851752626164 162.11191549923979 162.17220862438762 161.50411261093086 161.83543156383257 160.43679048560125
161.4448964436515 161.4784188074982 161.42067833929877 161.4176725721777 160.40381292880647 161.68294443769082 160.313560147752 160.00597812950537 159.53529362554582 159.63676856227084 161.43994050634137 161.54032321619798 160.34400347985456 161.4406515596629 161.4265583626825 161.45439961791226 159.64038858495496 161.28323906902096 161.41127035548197 159.65976655083705 160.41191792272775 161.43152502273915 160.66235842314518 161.42489095339715 158.94587204751406 161.7859109862884 161.48668133623187 160.27536370936787 159.5327286703814 159.28976122370477
159.64339786002347 161.40805127554313 161.40709558091976 161.40590847906833 158.8833865994202 159.54334481216438 159.09045609791883 159.50134529468278 158.83633577108822 158.85534676904717 161.40494392344317 161.4180043198121 159.28582249119063 161.40504641683629 161.4050249068523 161.40511559791003 158.75496646681222 159.05482258514348 161.404911911593 159.16617064988486 159.6760817181421 159.89233002576566 159.64521421634663 161.40489357682873 158.69215996934145 159.54591180118177 159.7237850092406 159.54247332892328 158.74085936147503 158.8093575195012
158.7517865211771 161.40488075874964 161.4048807587492 161.40488075874964 158.6233714531495 158.66381025507417 158.62092821956412 158.95459369048513 158.6220568589456 158.61911066877656 161.4048807587492 161.40488075917028 158.62206339053364 161.4048807587492 161.4048807587492 161.4048807587492 158.61856079122572 158.65406518736518 161.4048807587492 158.62249844251892 159.48413672170727 158.64316230867598 158.8212859317764 161.40488075874964 158.61863290841848 158.62727580135925 158.6268839951863 159.3844147462828 158.61870812864345 158.62075474851918
199831.0 199831.0 199831.0 199831.0 199831.0 199831.0 199831.0 199831.0 199831.0 199831.0 199831.0 199831.0 199831.0 199831.0 199831.0 199831.0 199831.0 199831.0 199831.0 199831.0 199831.0 199831.0 199831.0 199831.0 199831.0 199831.0 199831.0 199831.0 199831.0 199831.0
