356.5464673336119 452.5588098520343 500.49138622482224 452.6042613179302 338.91097022144595 287.36332756923593 452.89837260949616 453.26519167668357 352.8366686936042 363.29214806734353 310.0105377875616 345.4541422534253 398.8030957330275 227.92211867424794 336.04643164953814 478.5139704039316 342.86968896646067 440.2766742842532 258.1339268197148 407.65338257566145 365.09189316073116 411.355458792581 455.6282973862458 352.30035872640246 488.68526326980873 571.7707306680722 432.5769947797853 187.9139811062446 304.0724292327436 354.8829741014997
356.5464673336119 370.32239471550656 393.2448695298608 309.95468351333056 338.91097022144595 287.36332756923593 452.89837260949616 453.26519167668357 352.8366686936042 363.29214806734353 310.0105377875616 345.4541422534253 398.8030957330275 227.92211867424794 336.04643164953814 413.81035940816673 342.86968896646067 359.8524071078473 201.10415874986484 407.65338257566145 365.09189316073116 288.9059162238718 348.71759800756263 352.30035872640246 467.5331443281584 497.3049549507723 432.5769947797853 147.5243111967443 236.64733196019824 354.8829741014997
336.64910307413857 370.32239471550656 347.8136528691666 239.43038535273126 296.8466265878178 287.36332756923593 273.3463854002548 442.870627525042 352.8366686936042 310.3532051982638 274.033948901455 345.4541422534253 378.0150551486936 227.92211867424794 336.04643164953814 407.2449642446859 325.6672027913478 359.8524071078473 201.10415874986484 402.92455604718 365.09189316073116 209.30991573227493 312.7274395843874 352.2197570774433 403.3687828675829 468.1828211019656 331.17020989839557 147.5243111967443 236.64733196019824 322.5075581803985
336.64910307413857 370.32239471550656 347.8136528691666 239.43038535273126 296.8466265878178 287.36332756923593 273.3463854002548 387.4299519051069 352.8366686936042 238.87377366364626 274.033948901455 345.4541422534253 326.4375595868096 227.92211867424794 336.04643164953814 407.2449642446859 266.30281159496144 359.8524071078473 201.10415874986484 402.92455604718 365.09189316073116 201.6543192120762 258.3115104782946 338.44806962821303 403.3687828675829 468.1828211019656 233.5452339317926 147.5243111967443 236.64733196019824 280.98922855982255
313.0911124983004 284.57021678822184 347.8136528691666 204.73053506884162 296.8466265878178 287.36332756923593 209.1810090285162 387.4299519051069 296.86125303963036 238.87377366364626 243.54520445736398 345.4541422534253 326.4375595868096 227.92211867424794 336.04643164953814 403.2915238198625 266.30281159496144 359.8524071078473 201.10415874986484 402.92455604718 322.53185590070007 201.6543192120762 240.96761009020065 254.04077676640372 381.9231455789072 402.12088085108326 230.13918938354254 147.5243111967443 236.64733196019824 280.98922855982255
241.74763814030848 284.57021678822184 347.8136528691666 204.73053506884162 269.9563469315781 287.36332756923593 209.1810090285162 345.2681838931653 262.56400329297685 238.87377366364626 243.54520445736398 340.47234384374633 326.4375595868096 227.92211867424794 336.04643164953814 314.475838555526 227.88376821023712 354.65292482196355 201.10415874986484 368.7517506606564 322.53185590070007 201.6543192120762 240.96761009020065 254.04077676640372 381.9231455789072 396.01737449355187 230.13918938354254 147.5243111967443 236.64733196019824 280.98922855982255
237.10731285994552 215.5154075453779 243.2232749187956 204.73053506884162 269.7699518145746 287.36332756923593 209.1810090285162 259.08552876389194 262.56400329297685 238.87377366364626 230.41992214108313 330.5687987177903 326.4375595868096 227.92211867424794 332.0027764215265 314.475838555526 227.88376821023712 322.49411734615205 201.10415874986484 368.7517506606564 264.8256790379405 201.6543192120762 205.53970509055716 254.04077676640372 325.40393485052664 253.2852996319898 230.13918938354254 147.5243111967443 196.3074238985464 253.4484800606151
203.1781144844349 215.5154075453779 201.1512102263855 191.29394773207332 269.7699518145746 237.9519081585554 209.1810090285162 243.99266617421245 204.95719486052076 217.15643678868582 230.41992214108313 330.5687987177903 207.8605478887457 227.92211867424794 332.0027764215265 287.1321740638964 227.88376821023712 322.49411734615205 201.10415874986484 278.2907435048146 235.47332304087877 195.49474368698657 205.53970509055716 242.7661470554158 268.49059472281806 253.2852996319898 230.13918938354254 147.5243111967443 196.3074238985464 247.2988100602056
171.56316056713513 215.5154075453779 189.7747502663201 190.08706391187525 235.12964860158309 181.71815697666034 202.6725171628418 181.30503924678305 190.8567918251324 217.15643678868582 189.94735593155383 213.3398054174836 179.52923245219472 208.96042928184988 242.85056649037006 222.1033792076364 164.09614843479585 161.3986038050134 179.63761657198984 218.3527660650816 196.52833443472628 195.49474368698657 204.6961034542901 212.58793225940235 204.01027619332308 225.2931942191717 212.1311990636159 147.5243111967443 162.56184951472733 220.07010816969068
103.43439494364111 175.4784992361415 172.2339941367277 137.87704622003002 161.1987138127579 149.99643319520055 182.3650433566272 151.24096150112564 159.0403823975198 170.75351216049012 138.67500267285004 169.0805356454798 159.44229154584445 160.37485566312898 157.11748421477114 150.02139842338647 147.41944496089172 133.59360551601958 154.9741543515147 130.6405878597011 142.3912085990105 137.42846065330605 160.55677359627498 149.72337545141772 192.48636541120413 120.09728177221177 143.25190240719576 104.68806081885486 141.0910554555012 176.1296597116102
100.8712576937196 126.9622125478877 127.29402452047316 110.56949653904303 138.23275918629088 115.55885977231992 147.4294612445201 101.7013945008348 99.55519469947967 98.15267117194617 96.20801796572187 126.7274569189558 117.40885257198124 104.19659565144184 139.76014106169305 141.29617463984687 129.73743614163277 123.20721528126296 119.57154162428424 111.00795387460994 111.16439134076381 121.98756417336381 135.76419698230802 109.84451957008696 138.59192450912087 88.41499068541725 112.12607443175148 92.17483409663373 111.37467965357382 100.42452081231659
73.76666201081753 102.178580161235 80.35781016325927 101.02779352704374 96.27113106122079 79.40834209150307 99.34825329277328 75.52301149093546 92.40959879506136 94.11523207279197 64.91148681927643 89.29578882054238 75.9006525722657 83.55670880159187 105.84098150809314 92.51113514447024 98.62286449083695 88.4552569769553 102.29165081681458 99.03540163108846 77.27610082767114 91.38226626966662 99.97543165271964 91.3640040629889 86.52091792082774 72.15033594104307 81.5825162042247 79.90513497127176 98.57343613108014 79.75456284301436
65.42951050055626 56.138219621378994 70.8119453415643 79.38302402203772 85.1823309482038 75.64397297048754 69.7890617990879 65.70143722558987 72.04650662376798 60.589608848410535 55.001640756366214 77.1249683663591 63.61746234970906 76.83072790026381 70.26635325047164 70.79094114057443 74.04048471940132 61.098053239581986 67.70443975941134 67.41211702350392 58.872960405474714 62.19285209045802 67.67802120112356 74.4945132707362 52.05535445113583 55.14957138074578 59.997479015329645 66.93796375513102 61.57162216847564 64.4829042239694
49.11285030880799 53.45144155671687 55.490374435100875 54.93846394149023 55.01660307674092 53.74186189151169 46.38173912708248 41.500659974830114 54.54370669510445 48.303024664895474 52.636220700208014 58.02214435701762 50.75672713150425 49.23063987662681 54.39769683170971 43.39093585716387 51.80774977657484 50.36018971172416 55.31267861383503 47.631429287982655 52.77101292414909 52.10649956447378 50.394455375333564 55.24534443610264 44.434474545118746 47.270078051245946 51.38131334417858 53.314647644774595 45.69700145292995 53.2407642821413
36.99906345780914 39.44292409956506 44.94647405699561 32.86399156991547 31.9125965404603 42.07743365104875 34.03222794407543 34.098150308876484 33.34718147484955 35.291533870567264 35.42065305080496 36.23256040084539 40.11637936437637 42.376221034016226 36.8237712366531 32.13017533513289 40.48154722452546 36.7521827478738 38.476416222156104 34.4944830848176 35.699161046027484 37.57705080920664 34.81370985673334 39.37546185216502 33.323564986849306 37.06605134706956 33.24317572375162 40.92472405069043 39.945121574389304 39.10298894873813
26.1371711839181 24.430757662563792 27.970628615766827 24.422903139072787 25.431504440318804 26.22890018148405 27.392349942893816 27.559193924627834 28.539104024233666 27.467360250535876 26.195459117157043 23.579962190464357 25.88914081938219 28.222052276593786 26.31462935053105 26.22282922506656 27.601502743063065 25.030591658962067 29.1074198242884 26.01212097624807 23.002459969135543 27.60559726708584 26.374597234384737 26.36896522751499 23.936334688664374 26.547015136563687 24.783526266177432 25.86614391889998 26.082783968946387 27.786540595581982
999910.0 999910.0 999910.0 999910.0 999910.0 999910.0 999910.0 999910.0 999910.0 999910.0 999910.0 999910.0 999910.0 999910.0 999910.0 999910.0 999910.0 999910.0 999910.0 999910.0 999910.0 999910.0 999910.0 999910.0 999910.0 999910.0 999910.0 999910.0 999910.0 999910.0
