292.20030307671414 247.7232662033125 328.0247778253315 466.5491492761121 229.5009137206498 121.99632662099248 301.64841074529977 86.39277910298597 152.95910832323807 313.2798035414444 77.07740537130121 79.88722660904978 384.97739556981014 96.66963117278556 120.24631297380938 211.03697939092035 417.00227881803175 73.45873117342353 70.21992603684885 256.8725065473941 271.90176275032263 214.90134095024587 151.3299097557856 590.9955020579755 62.30680594377054 200.91983793859208 126.8818976869652 426.39299705732947 135.7194073778237 250.6439177950483
280.2452823761323 195.09699950705 164.20696864463616 60.03346588343538 75.08665632243219 121.99632662099248 216.15582663068153 86.39277910298597 47.67680716190034 229.93643502333816 62.84572049147255 79.88722660904978 101.03602147793754 96.66963117278556 120.24631297380938 80.15698427276811 368.57630280105377 73.45873117342353 70.21992603684885 94.96807453084784 257.5503263224987 214.90134095024587 146.03079874173545 371.03327553841837 57.64783694384778 195.98312111459109 94.60540604852667 327.32629707756814 103.29390525085546 124.6311210333829
280.2452823761323 179.32639770173364 164.20696864463616 42.53691148834014 75.08665632243219 120.03184493704066 151.65507397133888 86.39277910298597 47.67680716190034 191.11401146217486 55.051268854390855 47.95959177032273 101.03602147793754 96.66963117278556 57.46316342708269 76.3351167197934 56.89672370656217 73.45873117342353 70.21992603684885 94.96807453084784 132.37865246146112 123.22290986779262 146.03079874173545 287.3197477128092 57.64783694384778 166.06433830244487 94.60540604852667 87.80422513772737 103.29390525085546 124.6311210333829
218.5142664658988 101.21243474702396 164.20696864463616 42.53691148834014 75.08665632243219 57.950282375791176 151.65507397133888 86.39277910298597 47.67680716190034 112.6185287689118 55.051268854390855 47.95959177032273 99.72185681840983 96.66963117278556 57.46316342708269 74.99983999088681 56.89672370656217 64.32234351777743 70.21992603684885 94.96807453084784 132.37865246146112 106.81411688526532 146.03079874173545 152.3616147655166 57.64783694384778 136.5851743371859 73.03297149885248 87.80422513772737 103.29390525085546 117.92904249366802
172.33890044427108 101.16502132145342 164.20696864463616 42.53691148834014 75.08665632243219 57.950282375791176 151.65507397133888 86.39277910298597 47.67680716190034 71.915021772199 55.051268854390855 47.95959177032273 99.72185681840983 96.66963117278556 57.46316342708269 70.28427810644598 56.89672370656217 64.32234351777743 70.21992603684885 61.541669096975056 96.7452813589307 106.81411688526532 146.03079874173545 92.80719087932175 57.64783694384778 136.5851743371859 73.03297149885248 87.80422513772737 103.29390525085546 117.92904249366802
77.81177833737956 96.29804636598237 164.20696864463616 42.53691148834014 75.08665632243219 57.950282375791176 151.65507397133888 86.39277910298597 47.67680716190034 59.16038797949386 53.839721240037306 47.95959177032273 99.72185681840983 78.15424190080648 57.46316342708269 65.37022381627776 56.89672370656217 64.32234351777743 70.21992603684885 61.541669096975056 61.45713350653568 76.74191087977806 146.03079874173545 92.80719087932175 57.64783694384778 101.92401678221904 73.03297149885248 84.32990879820363 103.29390525085546 89.16329337894058
77.81177833737956 67.83677872956014 137.47727409471645 39.149085460561764 75.08665632243219 57.950282375791176 40.51700303057032 58.75456351097091 47.67680716190034 59.16038797949386 53.839721240037306 43.96739635445283 93.07880320925096 78.15424190080648 46.28581780884724 50.43862640430916 56.89672370656217 50.47990166349882 63.56009028359949 61.541669096975056 61.45713350653568 57.83458999426557 60.0529997756239 80.79788005715272 57.64783694384778 43.38119751377053 73.03297149885248 76.23200929693485 83.19729315236145 89.16329337894058
60.9757687665483 45.851313776964616 39.753861884734306 39.149085460561764 59.289013066605094 57.77808800227649 40.51700303057032 44.209568243625654 43.92926311180918 50.59335609330083 44.50473036210769 43.96739635445283 57.14538219247606 59.65406080007233 46.28581780884724 50.43862640430916 55.04390850134996 50.47990166349882 51.90024206598673 61.541669096975056 43.86052331874862 38.68786021502183 60.0529997756239 57.13478281579046 57.64783694384778 43.38119751377053 43.5067819660494 55.78140864902616 64.288528263633 50.28498100327988
53.041832588050056 41.776103443514785 39.753861884734306 36.12597185626646 39.13706529304682 38.730533977522555 40.51700303057032 40.03679206722245 41.41064617590382 40.13553872497596 34.221139368888544 39.856332538925926 41.78571837523259 46.274901439401674 40.654227174353764 40.85495100295384 43.432932645171604 45.6517852659922 37.53544043204647 39.81225485174855 33.65656192762981 31.61115528011578 56.01757045333716 44.650170083892135 34.43129758417581 43.38119751377053 43.5067819660494 43.5987455023801 57.559094641774664 43.68377766032472
36.30765913999494 36.15484085721937 35.20885582140727 32.73732042141546 32.30681627425338 36.98391179946839 37.24981147361268 36.358990770319906 35.95209910836229 33.928379184516416 30.10463780441114 33.21332432130657 39.30706678695333 36.60179306820373 31.237590864103822 39.90897240846152 37.84189765834162 37.29357085513357 32.56664039940415 36.75221226464737 32.868145199011906 31.61115528011578 36.28389985883814 25.844011051809503 33.88233153104102 39.57381260819602 35.755186370382944 30.780524445859555 39.09356559897742 34.696400933260975
33.33533243307875 29.817922407245078 31.418388935162056 30.585770614788544 28.477080833870787 33.75270267643009 28.740273991289996 28.98288955213593 30.09195530667421 30.591485266646032 29.038683478421262 28.73353964836724 32.43437834621773 26.81148653157652 31.147901088865638 31.17133124532984 17.725387099260843 27.92588690236471 28.782778237022285 30.786775123318876 32.434935735823274 31.61115528011578 32.222770408428005 25.844011051809503 31.304010333591577 32.15405585789131 30.437114096945606 29.390398739865304 32.034888323819814 26.92770277512136
28.067859722394132 27.4106926394752 26.287998640948445 24.79189873580026 20.5085859795372 27.19312367866405 27.48648695947668 25.977231762952215 27.031046683311615 25.956331667348877 26.948492642466135 28.389801175419052 30.029955262144995 26.611935351390912 26.82550867295822 26.71689502957588 13.159929735404148 26.336251002172958 26.290426697950352 26.907763533128673 27.068955421167175 28.130750563951096 28.247124328936934 25.844011051809503 28.98426207381044 26.885425887801375 27.76340473633536 27.808873451150248 27.7238284825944 24.117330001984556
25.67664207668122 25.530522995507454 24.267226624134764 22.531520741633358 14.282119791033892 23.576261642938334 22.111997537149364 24.60065539331208 24.656447001838387 25.5238973060641 23.1109798216944 24.840632476054907 26.44237830498014 22.31537660566073 25.995653673280685 22.14372100922583 9.623048459244728 25.088356564177047 25.440563496235427 24.743535553240235 25.444936255953507 24.475588809621513 26.505539359263366 24.314418592756738 26.68743288979931 25.19803901878504 24.40580247963362 24.506086119024076 25.862194242952683 23.364424378401964
17.263760067969088 23.20451616377204 23.584731170029954 21.890182154993 9.704586673884023 22.857102677769035 15.528758827765614 23.595313364767208 22.67841012054896 23.503851215861687 22.628301014552562 16.562056714297796 23.02423555157202 17.43467317750219 23.62308434523038 19.616046418227143 8.279449862384809 24.18973034791952 22.99686359347288 17.538935469397984 23.53691006942927 23.302179317075115 24.331071414612325 23.974663682967275 23.664430763593373 23.4653967674908 21.38392203494959 22.929439421285224 24.987763542324046 9.842071879688774
13.673657842161447 22.019016915161046 21.525939696045043 21.005028847934227 7.227533247866177 19.046331736654793 9.262104261106288 8.81640514281571 22.29265456953135 22.47331100943711 22.233666884475497 16.54563426645973 22.19452398497151 13.721152003706266 23.045973199374657 17.321355369504545 5.880545942610752 22.923967379022088 21.585217149025993 13.89035937357994 22.03176265451475 22.38270585030432 22.736815793467485 22.67975750611504 21.563390968102794 19.986106205190026 21.356847961965286 22.003284873702796 14.404195307163263 7.018073933634696
5.464266571276767 21.535306917770413 20.489653390729018 20.36339765069488 1.7354085548081457 12.25871009829325 4.885944584239041 5.507714942395978 21.53511102156699 21.418242135957826 20.979568257670508 12.719234006990519 21.103831833926506 4.253957108295253 19.621097714290045 6.750346935232301 5.164470664180044 15.458063406015299 20.855344661715662 5.880563150616581 20.802365229857514 21.37694853642506 17.996763074662795 16.422642556162828 21.074536675136187 7.7271910626541285 9.996178642131326 21.322558999580906 10.862717271925703 1.5739824149518427
199831.0 199831.0 199831.0 199831.0 199831.0 199831.0 199831.0 199831.0 199831.0 199831.0 199831.0 199831.0 199831.0 199831.0 199831.0 199831.0 199831.0 199831.0 199831.0 199831.0 199831.0 199831.0 199831.0 199831.0 199831.0 199831.0 199831.0 199831.0 199831.0 199831.0
