28993.337987015282 46044.24347973226 28313.703433701212 26647.87142971086 10914.582829344414 45993.990805414534 82264.29182337577 57249.349619772984 41845.89798889796 161471.20750114293 76064.31289859269 41089.63633204912 16326.388665931649 18294.8798708434 56593.895196510304 26572.01207555061 40349.48099754321 28971.17336442924 77292.25462733503 34396.569004393874 44536.21304395006 64183.473520956904 42800.33843329726 54604.02655204828 62192.557433173526 42498.18044180719 22087.047626172214 15957.262002326952 43224.13731103431 51526.7765975124
28993.337987015282 29714.478156581772 28313.703433701212 16128.124893730877 10914.582829344414 45993.990805414534 30846.50430398589 34546.1891801551 32657.003968633682 18860.41811381762 13803.971906950042 41089.63633204912 16326.388665931649 18294.8798708434 56593.895196510304 15604.900760387969 40349.48099754321 28971.17336442924 42434.730593647524 28903.58562248151 17249.587131539214 54699.42542178161 25514.425399979482 30806.413475924906 20986.246122950575 42498.18044180719 22087.047626172214 15957.262002326952 42723.97752723629 51526.7765975124
15694.142756718633 29714.478156581772 26963.816477686734 16128.124893730877 10914.582829344414 37200.7833926057 30846.50430398589 27044.894383900224 32657.003968633682 18860.41811381762 13803.971906950042 41089.63633204912 16326.388665931649 18294.8798708434 42417.79751376548 15604.900760387969 37839.84658322729 28971.17336442924 27371.5314333554 28903.58562248151 17249.587131539214 54699.42542178161 25510.097129743222 30806.413475924906 20986.246122950575 34549.499489326074 22087.047626172214 15957.262002326952 13901.475429609645 49617.249495843156
15694.142756718633 24331.234981453224 22178.739778500832 16128.124893730877 10914.582829344414 36034.765055515556 30846.50430398589 22591.687944872363 23210.02132538874 18860.41811381762 13803.971906950042 41089.63633204912 16326.388665931649 18294.8798708434 42417.79751376548 15604.900760387969 16742.126098417913 28971.17336442924 27371.5314333554 28903.58562248151 17249.587131539214 37900.37657108214 24538.04062744354 30806.413475924906 20986.246122950575 34549.499489326074 18992.198152172296 15957.262002326952 12539.89566883731 37749.895988861295
13283.324494780209 24331.234981453224 22178.739778500832 16128.124893730877 10914.582829344414 31146.597083122502 20321.846363236527 22591.687944872363 23210.02132538874 18860.41811381762 13803.971906950042 41089.63633204912 16326.388665931649 18294.8798708434 42417.79751376548 15604.900760387969 16742.126098417913 28971.17336442924 27371.5314333554 16971.520355865017 17249.587131539214 37900.37657108214 19320.460564593996 16782.14235240203 20986.246122950575 33102.58471874877 18992.198152172296 15957.262002326952 12539.89566883731 37749.895988861295
13283.324494780209 24331.234981453224 22178.739778500832 16128.124893730877 10914.582829344414 31146.597083122502 20321.846363236527 22591.687944872363 23210.02132538874 18860.41811381762 13803.971906950042 41089.63633204912 16326.388665931649 14440.453211555337 42417.79751376548 15604.900760387969 16742.126098417913 28971.17336442924 27371.5314333554 16971.520355865017 17249.587131539214 35585.915706448184 17303.467292710648 16782.14235240203 14559.712060281085 33102.58471874877 18992.198152172296 15957.262002326952 12539.89566883731 37749.895988861295
13283.324494780209 24106.332372851582 19677.707758243112 9849.469105452945 10914.582829344414 31146.597083122502 19351.01734368013 19044.554476305497 23210.02132538874 18860.41811381762 13803.971906950042 41089.63633204912 16326.388665931649 14440.453211555337 26882.12320421412 14418.317057487242 16742.126098417913 28971.17336442924 27371.5314333554 12154.40727509386 17249.587131539214 35585.915706448184 17303.467292710648 16782.14235240203 14559.712060281085 19816.598256197853 18992.198152172296 15957.262002326952 12539.89566883731 35342.62311340482
13283.324494780209 20114.918821377574 11075.041436991833 9849.469105452945 10914.582829344414 19099.580469347886 19351.01734368013 6734.391193327734 22837.277979730054 18026.038888071347 12822.027840352719 24233.489379709197 16326.388665931649 14440.453211555337 26406.983794640753 14418.317057487242 16742.126098417913 20187.284436767528 16899.470018247335 12154.40727509386 17249.587131539214 27757.210780265254 12904.452616180004 12708.960577485715 14559.712060281085 15622.788500462886 18992.198152172296 10199.509506736362 12539.89566883731 33364.37735559948
13283.324494780209 10388.760045819785 11075.041436991833 9849.469105452945 6094.604413452063 17274.063602066723 19351.01734368013 6734.391193327734 19620.260345130868 16234.96381899546 12822.027840352719 24233.489379709197 16326.388665931649 14440.453211555337 13070.566410850703 14418.317057487242 16742.126098417913 11499.487873288821 10258.818292285014 12154.40727509386 17249.587131539214 22073.43708486383 12290.816132110587 12020.307723507516 14559.712060281085 15622.788500462886 17296.320849410764 10199.509506736362 12539.89566883731 17490.386303005518
13283.324494780209 10388.760045819785 11075.041436991833 9849.469105452945 6094.604413452063 17274.063602066723 19351.01734368013 6734.391193327734 19620.260345130868 16234.96381899546 11886.90677726597 21683.05839711844 16326.388665931649 14440.453211555337 13070.566410850703 14418.317057487242 16742.126098417913 11499.487873288821 10258.818292285014 12154.40727509386 14562.232089424891 15284.9162333415 10432.569243772716 12020.307723507516 13821.792192298344 15622.788500462886 14384.268672185352 10199.509506736362 9694.85587032279 15944.221806038893
13283.324494780209 10388.760045819785 11075.041436991833 9849.469105452945 6094.604413452063 17274.063602066723 16788.677835557584 6073.720144102515 13084.189970770833 11699.779710700568 11886.90677726597 8622.349095635562 16326.388665931649 8081.413126062456 13070.566410850703 14418.317057487238 13817.388952049774 11186.53057584523 10258.818292285014 10077.267968093218 9546.145445130242 15284.9162333415 10432.569243772716 12013.115226486496 12223.211300985324 11958.918620030337 14384.268672185352 10199.509506736362 9694.85587032279 15944.221806038893
12425.2103439938 9077.055990255212 11075.041436991833 7628.740170098924 6094.604413452063 16501.289296107814 12403.060620840079 6073.720144102515 9193.261995008539 7394.946649497858 3322.6615257541307 8622.349095635562 14439.723796732784 8081.413126062456 13070.566410850703 14019.887506609033 13798.44021957668 5112.083134491866 9334.361633760445 10077.267968093218 9546.145445130242 10496.834703569208 9805.933830235552 9700.79374112268 11818.685797512704 11958.918620030337 9623.523816353236 9333.680562139229 9694.85587032279 14596.884776794854
8042.192555707097 6970.032371445806 5668.824135619244 4000.3316115798443 6094.604413452063 16501.289296107814 11022.524001660535 2268.5068043255324 6407.923424105836 7394.946649497858 3322.6615257541307 8622.349095635562 9793.372772970673 8081.413126062456 8719.601240121154 12271.175100009865 8879.628098291572 5112.083134491866 9321.299502095802 7414.757315421268 9027.425480348937 7887.522631988009 9805.933830235552 9700.79374112268 9003.350311041433 11958.918620030337 8286.159774995516 7917.517880713149 8623.724664015259 6602.342143303075
6839.8574737984245 6784.378340409288 5210.420113602945 3799.1650991775696 3915.1322503199845 7812.947316155938 5381.521365447366 1986.1724665957922 2418.769020332927 7048.235522500432 3322.6615257541307 7004.286912826854 7423.620654382456 5252.916697949782 8719.601240121154 6702.293736650563 7334.3326083641205 4832.702763637595 9321.299502095802 5255.9480873119 7862.202361290398 7261.594483147297 7659.898715599587 7474.846629223896 7321.219884137735 8451.269326421529 2986.5423270820525 7917.517880713149 8623.724664015259 6602.342143303075
2045.8486318677906 2881.4180930453517 2516.2550688681677 2136.5504643390723 2719.5992447354956 3238.3220549653024 3154.954304642878 1359.7709083200245 1238.6986300062704 750.2625238034859 2254.487020882321 1819.408112692085 7267.852128237709 4647.546931731577 6824.40370860414 929.5584699884726 5531.434439485873 4373.554388153817 6313.429021614643 3711.987495976318 4131.129126606592 2861.395732920269 3294.2528638844906 4772.74003328566 4309.081220027857 7514.351231206238 1263.8875906197534 6118.6780214611545 6544.476934944993 5179.1898802916085
161.46169554628523 325.04317298194496 43.133292193443424 897.4159837009097 426.9937150124822 395.72984687432086 939.7725919604936 340.7719630305695 94.2109192293666 0.15442090387523422 211.98207194179486 17.32961254774756 810.1583479124761 232.66985298775398 1128.0726582875004 86.9858696636478 673.94242761614 624.7467591359202 980.6689228309715 44.638586044814474 175.32280143989715 47.584698848064136 4.192832047108254 2.9362230718137994 171.4222453060545 2184.529375422793 10.565957998487647 217.89126370514168 1781.357017036053 748.9083907940121
199831.0 199831.0 199831.0 199831.0 199831.0 199831.0 199831.0 199831.0 199831.0 199831.0 199831.0 199831.0 199831.0 199831.0 199831.0 199831.0 199831.0 199831.0 199831.0 199831.0 199831.0 199831.0 199831.0 199831.0 199831.0 199831.0 199831.0 199831.0 199831.0 199831.0
