314.35842558022546 267.17388599045444 287.7805457270538 233.68762487964045 271.70130967233445 286.64148401867624 297.1491863427409 192.20908199319615 270.15259332773803 283.55151963626645 273.00112636615904 265.6679678890182 264.87237996606973 265.51506655378944 282.0214030468685 277.1482528548247 275.2920106261322 300.54985686537634 254.82617159521146 287.5977877520902 247.76977596848928 263.42261444752717 284.47831127003974 284.46751914165793 307.7125663228903 282.3159399571964 254.15518679761522 274.11966756299125 287.2522330316451 289.84759272040947
276.58507732788166 267.17388599045444 281.92939215929164 233.68762487964045 239.7730598955045 286.64148401867624 235.63176850987907 192.20908199319615 233.3806492037752 250.70422477863985 273.00112636615904 265.6679678890182 264.87237996606973 246.89556498023126 281.1665622676851 247.04054604978433 275.2920106261322 220.87985379541658 246.39262371758832 263.0023288169523 247.76977596848928 261.0690266893421 261.79296498768645 241.7943797963128 269.4938526314145 282.3159399571964 231.49438330543694 192.06389335773895 287.2522330316451 253.80689886031837
249.8142499376986 267.17388599045444 244.74467622905604 233.68762487964045 239.7730598955045 270.1275397250706 233.32456687933404 192.20908199319615 233.3806492037752 221.55556303659614 253.8277185009497 265.6679678890182 264.87237996606973 246.89556498023126 241.8860417339397 233.72572844260299 275.2920106261322 220.87985379541658 246.39262371758832 230.9969087941472 238.2639535385274 239.66583560944537 261.79296498768645 241.7943797963128 244.5608918874591 217.70765648565032 201.24589469484044 192.06389335773895 287.2522330316451 248.9735674736985
249.8142499376986 267.17388599045444 215.63888546119904 233.68762487964045 225.19047555235875 270.1275397250706 213.22434964490208 192.20908199319615 233.3806492037752 221.55556303659614 246.58142949879903 175.0364609318401 206.71283381917908 226.52527198994653 241.8860417339397 219.77644866142248 275.2920106261322 220.87985379541658 246.39262371758832 230.9969087941472 238.2639535385274 195.62149399192901 261.79296498768645 241.7943797963128 218.7342549345558 217.70765648565032 201.24589469484044 192.06389335773895 287.2522330316451 248.9735674736985
246.33426493114916 267.17388599045444 201.25658880557603 233.68762487964045 223.11831730245694 270.1275397250706 213.22434964490208 192.20908199319615 231.47478780106417 221.55556303659614 244.84121716301706 175.0364609318401 206.71283381917908 226.52527198994653 220.21059007526355 219.77644866142248 275.2920106261322 220.87985379541658 246.39262371758832 212.22623263666264 236.56788079098055 195.62149399192901 261.79296498768645 241.7943797963128 218.7342549345558 217.70765648565032 201.24589469484044 192.06389335773895 287.2522330316451 239.88449977972255
246.33426493114916 267.17388599045444 201.25658880557603 198.0028109683651 205.7099886937915 270.1275397250706 213.22434964490208 192.20908199319615 229.54353383692114 219.2658597199577 218.52777073302548 175.0364609318401 206.71283381917908 215.94396994614817 220.21059007526355 213.79811674725102 275.2920106261322 220.87985379541658 235.22006047463333 212.22623263666264 226.0074913094761 195.62149399192901 261.79296498768645 207.21180619643667 218.7342549345558 217.70765648565032 201.24589469484044 192.06389335773895 252.36539977859456 237.53697844193653
246.33426493114916 256.2610683528974 201.25658880557603 198.0028109683651 167.68647451545053 264.4955288339802 213.22434964490208 192.20908199319615 211.53440754867438 216.66848782347336 163.81621293461228 175.0364609318401 206.71283381917908 206.24579522746876 220.21059007526355 213.79811674725102 275.2920106261322 190.70624274854197 226.79192071827765 198.10507838693889 205.20722742683927 195.62149399192901 261.79296498768645 207.21180619643667 212.19358127060752 199.65980953562155 201.24589469484044 192.06389335773895 223.39258422851117 232.1430567128707
226.11457116108318 218.9956285634887 190.88277119855525 198.0028109683651 144.5234799701119 193.21546440123643 180.37401144672322 185.03898751085433 186.75597932804806 179.20211451902128 163.81621293461228 175.0364609318401 188.94017635133616 174.0606160810396 220.21059007526355 213.79811674725102 257.50800663883206 190.70624274854197 219.37162304441893 172.0960836788189 197.21084213512313 173.8404351775937 220.46755236453714 207.21180619643667 177.5411371480684 174.65329282867924 198.1930568903964 192.06389335773895 180.78073950765588 194.98553227099376
179.0428966552264 188.5579557688617 164.46154565699806 196.66241014004845 144.5234799701119 177.073782225051 180.37401144672322 185.03898751085433 186.75597932804806 166.01193212826706 163.81621293461228 162.99955590906302 170.03189289740226 174.0606160810396 184.1362056046563 140.85824760401965 187.03502449450139 157.47487912435963 202.12678658950495 172.0960836788189 197.21084213512313 173.75921093862712 173.37128270817243 192.45924872199816 177.5411371480684 167.3004626533866 179.48698929766692 192.06389335773895 180.78073950765588 194.3732762487963
168.47634304677786 152.6030307501028 161.16436765878598 155.1965670282267 126.6066664715081 174.40952951026975 173.77755417427124 150.2907618745195 175.91634159307944 148.25183548789516 152.69845479861374 140.90089388178114 147.40300530607124 131.66744557177753 156.18640111869354 140.85824760401965 172.1778718984724 157.47487912435963 169.6427963054192 151.93279926170146 166.7720107512922 169.08108551344594 147.9068837464472 159.18617973197308 177.5411371480684 151.57010553701218 159.16422855878307 176.42878050133004 174.38902811410617 157.54997005643258
158.9841985753668 149.86925488115094 143.57034712425047 153.97169405541513 122.78578191241297 139.29717473023527 137.88079272830146 150.2907618745195 126.06181879207077 148.25183548789516 142.78469259031203 140.90089388178114 140.42931786407223 131.66744557177753 145.43706959943142 138.45700647077967 168.05139207615412 151.05276883367173 154.56865118190046 147.74225360359856 151.5495876460966 151.94051250311134 130.83415428407375 159.18617973197308 140.24222987417772 151.57010553701218 151.03400416406384 123.72146778202546 152.5946518823439 157.54997005643258
131.10175762944732 134.524670822987 121.74946535194124 129.08878010610601 121.78914046267187 111.28912409572308 132.4863332530732 142.1425926801819 126.06181879207077 141.2086313780228 135.19591809902374 127.00235775062151 134.09099408691338 124.95674985704181 136.1887631084644 138.45700647077967 134.32404143030953 134.26967609479902 121.16364872303052 134.864347528611 137.87615594474778 126.56200437329085 130.83415428407375 107.2429992061177 129.95362351161907 128.9952008182986 142.4283877736691 123.11731234066406 125.68104803089784 136.70334914871182
127.23625727028093 112.56698816426865 119.70120962688657 101.72496817712397 99.44342699972697 110.30884741847785 116.04217916527318 113.52374193124285 111.66533941247656 102.46686493873653 113.24807747205773 116.0983489583117 122.97676218465199 118.00332017200526 110.01629509820918 121.01960760918155 121.45321447835818 115.32079522990193 100.32852864058339 125.12956651517777 123.46161124033233 123.24231128085376 126.98494830490733 107.2429992061177 116.94697649721718 113.88082079321146 114.8847116640992 109.48345994264298 113.44484417688682 129.83801293863257
86.1698694040465 88.15909387350837 97.61686221472962 85.39087778939711 74.87319009172643 105.22210171598522 97.513137300518 99.93596152020768 89.45524576599121 100.43520584137809 106.05612079749403 103.51625960788954 102.43087755187355 109.52757992238958 80.07065418344746 99.61355890312325 104.96115626180824 92.65579236464123 93.95773111935398 103.48907147851389 96.48959745426146 104.18561319168248 100.658096060307 106.76974299494225 89.76886145214189 101.04377667740744 97.20307069449598 88.81117838324826 84.79366320868621 94.73752565726898
67.1169474515151 61.96106534114574 63.35218620581577 74.59759403262649 56.363249071442965 64.02001818282247 78.14008564352116 67.65240049083809 53.93782141380041 67.42072579950991 64.81327280535857 57.50743016416982 76.46323957949608 63.84588902859207 61.44593619861382 68.45414679172245 77.02231642379411 69.71362012460497 68.0112692433778 49.98380682794675 76.77546972352866 56.13870052411903 66.68481415928875 80.00718340873118 67.1344527041399 67.93078324820044 68.63609236440061 67.6612558299729 55.830104975848826 72.2066125783441
17.401669012109437 25.694525337677874 29.685025470885193 32.07116477347961 21.28491378287697 36.469103546099404 34.76256194795769 27.20050149673932 25.257221825994066 29.290593406059088 36.92951603248093 30.729993625274233 40.23973735043387 29.16610779031339 28.19312058794185 37.56694212658056 33.52151645484878 33.93594557543463 32.35503443867594 26.876179385386536 34.74572931744558 17.383510814240935 26.3230251233565 24.368765988220275 26.569031324900607 39.51574971188916 33.42170487072815 31.798682534661452 27.69053774919371 27.762681538524475
999910.0 999910.0 999910.0 999910.0 999910.0 999910.0 999910.0 999910.0 999910.0 999910.0 999910.0 999910.0 999910.0 999910.0 999910.0 999910.0 999910.0 999910.0 999910.0 999910.0 999910.0 999910.0 999910.0 999910.0 999910.0 999910.0 999910.0 999910.0 999910.0 999910.0
