122.17474304757593 114.23087922096352 95.3971458959727 125.12951604517275 115.01373238593567 97.61495256524006 122.352551887696 122.23463430847187 95.75341330707329 103.57856045147071 107.13735658889323 91.03827863300876 101.7065781846668 119.64733311607222 101.06890639681853 118.58554769348143 104.0172110092825 98.99363476919109 93.6765683962933 109.14675538771667 83.84521971691049 111.63934740335685 111.23589139698436 116.68123488080039 98.10277389252383 119.94361252743147 99.26579460942935 126.69948893264348 85.2705777511436 106.48154796857739
115.38731552532352 97.34778291632153 95.25485202120524 106.21234034929137 115.01373238593567 71.27161408292932 92.65788827097708 118.56100140114268 95.75341330707329 103.57856045147071 93.82864981270245 91.03827863300876 101.7065781846668 119.64733311607222 101.06890639681853 118.58554769348143 97.70850812886192 98.99363476919109 83.27261219024354 109.14675538771667 83.84521971691049 111.63934740335685 101.27333031592252 113.50825466472429 93.03621367866106 81.37631730105124 94.57430464117897 106.74006179237517 85.2705777511436 85.21171575744631
112.08787128400684 93.96158717837159 91.87936704259812 106.21234034929137 115.01373238593567 71.27161408292932 83.41309748511674 118.56100140114268 95.75341330707329 103.57856045147071 93.68502980374899 91.03827863300876 101.7065781846668 119.51965839692446 101.06890639681853 118.58554769348143 97.70850812886192 98.99363476919109 83.27261219024354 109.14675538771667 74.8323414463182 97.54572491294243 101.27333031592252 100.03458049736264 93.03621367866106 81.37631730105124 94.57430464117897 65.61487643622695 71.2604135956567 85.21171575744631
112.08787128400684 93.96158717837159 91.87936704259812 106.21234034929137 115.01373238593567 71.27161408292932 83.41309748511674 118.56100140114268 95.75341330707329 102.72285875998114 93.68502980374899 91.03827863300876 93.05075219117793 89.09170942831815 101.06890639681853 111.83604981383735 97.70850812886192 98.99363476919109 83.27261219024354 109.14675538771667 74.8323414463182 97.54572491294243 101.27333031592252 92.19957360523904 88.31054661110193 73.76820561965417 94.57430464117897 65.61487643622695 71.2604135956567 85.21171575744631
99.68835327514273 93.96158717837159 91.87936704259812 86.56020382589918 114.84656697996081 71.27161408292932 83.41309748511674 118.56100140114268 86.74669754117258 102.72285875998114 93.68502980374899 91.03827863300876 93.05075219117793 89.09170942831815 101.06890639681853 111.83604981383735 97.70850812886192 98.99363476919109 83.27261219024354 109.14675538771667 74.8323414463182 97.54572491294243 101.27333031592252 69.88433387338057 88.31054661110193 73.76820561965417 94.57430464117897 65.61487643622695 71.2604135956567 78.75117856402551
91.89761388543809 93.96158717837159 91.87936704259812 86.56020382589918 107.182388173704 71.27161408292932 83.41309748511674 118.56100140114268 86.74669754117258 102.72285875998114 93.68502980374899 91.03827863300876 93.05075219117793 89.09170942831815 101.06890639681853 104.49135840300335 97.70850812886192 80.017999383688 83.27261219024354 105.84722582286156 74.8323414463182 94.72066379494458 94.35820841553448 66.08063401521065 88.31054661110193 73.76820561965417 94.57430464117897 65.61487643622695 71.2604135956567 63.5958253881131
91.89761388543809 93.96158717837159 63.250724350738665 70.46968187028119 73.12668705597673 71.27161408292932 83.41309748511674 80.99704417039561 86.74669754117258 84.41896053028086 66.83848707391576 91.03827863300876 93.05075219117793 67.97370083961664 90.45291405318972 104.49135840300335 97.70850812886192 71.59019643309921 75.23069839416087 90.37257492634342 74.8323414463182 94.72066379494458 94.35820841553448 66.08063401521065 88.31054661110193 73.76820561965417 94.57430464117897 65.61487643622695 71.2604135956567 63.5958253881131
59.625626944725695 90.20534698509061 63.250724350738665 70.46968187028119 67.11063128852584 71.27161408292932 81.44635736753912 80.99704417039561 83.11373359297113 84.41896053028086 66.83848707391576 71.05187783587303 78.80612687129963 67.97370083961664 82.74746934075415 80.38055198541792 94.96577232006086 60.145653251022395 62.77740365573857 88.79367966442805 69.35587565611831 68.90965245533425 70.54815777624412 54.128960466694025 77.56336207924608 73.76820561965417 94.57430464117897 65.61487643622695 71.2604135956567 63.5958253881131
56.79012533699938 69.59030702090035 63.250724350738665 70.46968187028119 58.98559780338587 60.298217873875274 77.79297405904993 79.60355583564694 75.94558436918965 69.6163669405928 58.05245344914965 71.05187783587303 78.80612687129963 67.97370083961664 74.79201362383776 65.30422885602707 79.09301704654547 60.145653251022395 61.616184490497744 83.13967500790409 66.3227184600646 57.860768124843844 55.54167073663939 54.128960466694025 73.28360034060688 62.27114948137137 83.68981518374505 65.61487643622695 66.85968691793767 63.5958253881131
56.79012533699938 61.10414891618689 48.85697428294725 70.46968187028119 58.98559780338587 42.562387678702294 48.262630337842666 69.22280923889059 68.81684711564412 69.6163669405928 58.05245344914965 71.05187783587303 73.25598099682895 58.941719651949256 60.084905295011595 61.40280213653352 68.20796823997989 60.145653251022395 61.616184490497744 60.16422341169948 61.328847124589856 57.860768124843844 55.54167073663939 54.128960466694025 63.26524285257301 62.27114948137137 74.17139482328867 65.61487643622695 58.86899068627588 55.72390533389557
49.61776452668448 56.64410114626094 48.85697428294725 55.78228897355268 55.46035601234462 42.562387678702294 47.18977599094865 68.40694569790514 46.02273044022104 58.47506529558484 54.87281346865632 53.96384026078795 60.251108845740646 49.25622821941329 51.1854471075942 61.40280213653352 54.0181757735337 59.52279905572209 46.4433331949665 50.53865585978542 55.5035475663783 57.860768124843844 55.54167073663939 54.128960466694025 45.74558625061525 45.60582007304015 71.3522821507205 55.527509185655276 42.12870500171357 55.72390533389557
45.019261203935116 49.308788527099864 44.99594037176644 55.78228897355268 55.46035601234462 42.562387678702294 45.299602674998255 56.79764585809119 35.31480070670307 39.91136649566067 49.96146526140308 52.251111894912924 43.176580488807076 44.77886962826574 51.1854471075942 56.64042461299107 47.91913450353957 50.873645610337235 46.4433331949665 50.53865585978542 38.745647107656396 57.860768124843844 43.34811057425452 44.67019527145294 45.74558625061525 43.43821108080044 62.74784298989562 55.527509185655276 41.42618739768386 46.311672045963974
41.416749481035936 45.23660114432562 40.44846247738235 49.183266979069 42.42019281147884 39.209101968221034 39.46501098922249 46.80540343122175 35.31480070670307 38.73534128319602 43.228090943871166 52.251111894912924 33.2924730204536 36.397261100554715 45.7045523891087 42.306735087151424 40.23581450616666 37.496457826868436 30.79075971781674 48.07607896089189 36.1515419388935 51.75395649153029 39.75114990958764 34.543212822755436 45.127929105825615 41.12952634523049 47.5162725755921 53.465214738591726 33.33290463726405 45.911708231181365
29.550133993862573 38.05404067396637 39.77555664603199 39.04191379829058 40.717007136835036 36.07949215414317 26.956090176064663 41.59306431061134 29.498403672650397 38.73534128319602 31.43933639657621 38.54500377630302 31.624715828049602 36.053481555747226 34.452735266328546 38.87303420409228 40.23581450616666 34.19244368619695 22.97446779623988 31.81030806343017 29.298109690409547 29.01538842519267 23.411388127204532 33.49974014126974 35.275789520094236 32.968116460830856 28.61290693979413 36.433234089287794 30.46052735140927 35.04658374611745
21.167793061943257 20.524119911788375 27.703577215435303 14.589938007485785 20.636283446293874 30.2742908277894 13.01502609975853 22.387297299560146 27.0541514118579 25.808520040672306 31.323532439023552 26.16087605525695 25.05328124793118 22.761891680532017 30.763353844528524 22.979752531413624 28.000728797464603 13.04164765123221 17.514454930027455 25.915221788894428 24.104331973040985 20.526097362682094 23.18217854420959 21.061925919584155 24.145880794001073 20.707277437752964 17.02314936846551 21.632528681616805 23.3780774983494 26.856557286365728
12.34043645790257 9.216967445969658 13.127593501345018 11.61490067803959 14.766612245350643 12.094994303635644 6.40170021766221 22.041807228473317 8.123891133870188 18.0393666733612 9.097298026100248 14.255786525044982 5.276186071227244 14.765629627403996 10.335128236856235 8.547159877992385 11.14909843111684 8.229654288824463 9.688693724248424 16.057049284448567 12.353474945247967 8.036319838467534 9.457914066057242 6.588059566041693 10.516978959635026 11.626108449516096 6.315047687317588 13.21740495417157 8.260465369790609 13.959950286488379
199831.0 199831.0 199831.0 199831.0 199831.0 199831.0 199831.0 199831.0 199831.0 199831.0 199831.0 199831.0 199831.0 199831.0 199831.0 199831.0 199831.0 199831.0 199831.0 199831.0 199831.0 199831.0 199831.0 199831.0 199831.0 199831.0 199831.0 199831.0 199831.0 199831.0
