7989.935594021714 9612.530520625087 10182.808175052898 2892.140276682492 10453.4955517081 6379.064065211845 10324.582769034585 9790.1516199364 7435.061365523368 6418.465680322874 9119.19471707114 7799.973564739834 10412.68206396178 11340.487097311167 8513.182036950779 9525.461879542934 6304.119147946778 9392.54584630475 7952.545811245891 9556.752268137745 7749.475346014342 5108.6887296208 6242.47201792747 7292.082492146339 7129.328763077076 8911.233575640836 10450.654689304167 6448.48131382728 10248.935804791481 8665.120867274141
4624.488451519086 6330.393560950564 6251.510063573573 2892.140276682492 5179.949969198961 6379.064065211845 8780.537364094314 9790.1516199364 6849.981703696989 6418.465680322874 5649.222762239373 6238.6123150341955 10412.68206396178 6786.713645695068 8513.182036950779 8751.950796839828 6304.119147946778 8395.494893483095 5504.399362312338 8044.920960837819 7749.475346014342 5108.6887296208 6242.47201792747 7292.082492146339 7129.328763077076 7374.793649405714 10450.654689304167 6448.48131382728 7099.775386827676 8665.120867274141
4624.488451519086 5610.586938912997 6197.900898045291 2892.140276682492 5179.949969198961 6379.064065211845 8780.537364094314 9790.1516199364 6742.318474104353 5947.9162110348225 5649.222762239373 5819.822622552652 8173.362222860891 5718.688258849608 8513.182036950779 6005.101493465336 6304.119147946778 6076.1935961084455 5504.399362312338 8044.920960837819 7749.475346014342 5108.6887296208 4725.978586235167 5837.987869194843 6266.993108328377 6356.506933953653 10450.654689304167 6448.48131382728 6530.95271046607 8342.15105712098
4624.488451519086 5580.644380058777 5178.565669860114 2892.140276682492 5179.949969198961 6379.064065211845 8780.537364094314 9790.1516199364 6742.318474104353 5947.9162110348225 5649.222762239373 5819.822622552652 8173.362222860891 5692.5329661750875 8513.182036950779 6005.101493465336 6304.119147946778 6076.1935961084455 5004.095259929132 8044.920960837819 7749.475346014342 5108.6887296208 4725.978586235167 5837.987869194843 5596.5435917618 3941.230427415736 10450.654689304167 6448.48131382728 6530.95271046607 8342.15105712098
4624.488451519086 5580.644380058777 5178.565669860114 2892.140276682492 4354.849656733345 6379.064065211845 8780.537364094314 8213.031179228017 6042.5574607615745 5795.473533492401 5649.222762239373 5819.822622552652 8173.362222860891 5692.5329661750875 8513.182036950779 5478.819570345261 6304.119147946778 4960.3052497004965 5004.095259929132 7741.061683855867 7749.475346014342 5108.6887296208 4336.953871448628 5837.987869194843 5596.5435917618 2735.448718681844 10154.714986152503 4971.162335631697 6530.95271046607 6998.346377407284
4624.488451519086 5580.644380058777 5178.565669860114 2892.140276682492 4354.849656733345 2885.6043476759896 8780.537364094314 8213.031179228017 6042.5574607615745 5795.473533492401 5649.222762239373 5819.822622552652 7937.202403307394 5692.5329661750875 7806.713928360485 4392.479725620022 6304.119147946778 4960.3052497004965 5004.095259929132 5546.100126571004 7749.475346014342 5108.6887296208 4336.953871448628 5837.987869194843 5596.5435917618 2735.448718681844 10154.714986152503 4971.162335631697 6465.535488843929 6998.346377407284
2822.8990068764633 4536.637510539793 4832.388024715254 2642.423763665878 4098.654788686369 2885.6043476759896 8780.537364094314 5564.32599049703 4758.853140397364 4586.840835840859 4101.139414554164 5428.252161937407 7199.513772876984 5692.5329661750875 4315.9733319735105 2764.499751796835 6304.119147946778 4565.257853650252 5004.095259929132 3854.3549878626127 4905.871618475319 5108.6887296208 3148.1461555824408 5439.815023808189 5020.530912752427 2519.510674016721 8408.141338999396 4370.674004005131 6206.985317749864 6841.750944305939
2194.4972045596514 3619.6618182917464 3672.7483808708075 2241.016050514094 3589.5642350062553 2885.6043476759896 4598.261086330119 1953.4691891296861 4758.853140397364 4586.840835840859 3490.3593525183933 3366.7431094740914 6353.123060016609 4009.5523513167154 2186.1407031897006 1752.552573811161 6304.119147946778 2972.243805306225 3803.9521499218845 3528.837416021145 3789.161678921808 2307.489297402828 2737.815059468825 4422.008461143495 4683.6558020819375 1826.5164160934728 5856.256432344699 3972.6762600893408 3413.741260666475 4807.313671504271
1811.0597613555647 3178.3395258992823 2774.9099309866415 2241.016050514094 2736.341814438838 1941.0361538302004 1778.7564874399332 1743.1477048244997 3210.8706011218674 3899.770565605064 2432.1594036176666 2511.818874580771 2835.4618972945464 3635.2403598610417 1210.3124494757844 1487.3669093097933 2920.5939998853464 2775.7526586675776 3023.0077136620703 3278.184712100363 3327.2559178531874 1583.0887658284173 1642.5347977164984 3497.330456826512 3769.129941615711 1428.6356642939245 1977.8524073646004 3138.9962275457574 2038.8319683734662 3259.27052846675
1109.377407166353 2236.5930285560116 2307.4810293463897 1372.815659851316 1881.1007578040171 1356.8227780167745 1202.09475994687 1163.145724103898 2496.8476556044025 2594.18272816812 2192.4318056565517 1967.4715260533003 1682.471380802046 2808.709651051441 1210.3124494757844 1020.4273552426171 1746.1686331221854 1930.7087154401115 2661.557580855997 2054.714189007762 2639.304456118146 1130.1033561727113 1090.1735853340952 2576.7496194990254 2575.0224875259973 1038.0635970562398 1674.18364563845 2079.867963784649 1371.0128917333204 1965.7789095277285
827.3076815260883 1502.250157507092 1571.0172371381886 930.7142228355033 1437.4747908474524 860.6948305033766 965.0604994457808 973.4348175916357 1705.5422365083978 1690.7415196981892 1302.657912127499 1324.601688579376 1201.721887745346 1863.9704182800342 915.6021109038793 843.8038080882702 1139.0112066080865 1325.0096930479158 2167.4768640513976 1391.113262966067 1675.7679298053636 958.4682653186173 867.7746287755476 1804.5644609752408 1965.0784647883092 828.9244804575737 977.1117264927716 1512.4528380271713 1101.582688060249 1648.492964042911
756.2343699869557 945.3701625115573 967.7713388755515 841.9789187259894 784.3054739567269 776.406436517575 802.6893594372891 782.6653441779372 1027.7816572496095 1007.46557619757 981.0348207177763 912.9837177920272 913.38751876894 1101.6961335547112 770.579434734499 757.449147188363 929.6157831516239 996.4211728345335 1275.0921616471674 873.0796662107132 1125.671045269357 794.3326728115444 768.2148829295629 1107.7202064944167 1011.1469164307787 752.8226707290578 857.4304099592218 1011.9856271035242 833.1506896773208 928.4006570623287
707.4185681791346 496.34281329581245 527.628680112432 758.9766525132454 427.5552115701389 734.6913760515563 746.0395163636726 727.125497800092 539.4069845494223 527.3030187514037 473.4114967247597 481.61750208456124 782.9718257376753 503.4624792362106 660.0777548957353 647.5588712608942 775.6131311001882 473.6116435025938 919.1115451736041 471.0918674311479 574.2687343980597 706.6875305101071 732.7507697264164 571.0508492602557 548.1392864394775 713.1143584506904 756.8973706063775 515.658757877577 747.6598847289561 496.73676033272477
613.6737161396868 315.4797368887689 317.0826481495137 607.5444560516835 310.6872101511094 702.9032688245147 688.8384819151279 637.3464055952736 316.3571240118076 325.09780841044085 315.14588692303187 317.02722307514205 720.7334250151184 333.79946955843025 536.0262580235367 563.9528064569622 732.516666314782 314.77727256974003 783.4339390613823 312.1183779145208 325.372293695822 606.8562342973087 630.9655983049029 332.034828489599 321.10322997868934 648.316733759068 720.721071838896 322.1389199209866 647.5356073148005 314.12441686959664
503.9231705799807 300.0364906771115 300.0392056551764 460.1933798576556 300.0352200220527 638.9723265697185 565.4225757414138 524.1692605385542 300.03371255982483 300.0671557704345 300.0320271560827 300.0596633841528 631.531088768158 300.1410971100122 454.49657819262575 460.7559356377101 604.3630502712863 300.05494775668603 714.5299169336877 300.0330576908764 300.0803477159966 484.55898619609525 499.53558849625324 300.07681762867924 300.0664219722066 551.7764907974693 599.2002078345777 300.04722888321794 476.09379337090786 300.03507550836684
400.01022045839 300.00000000170076 300.0000000059126 400.00199553967377 300.0000000016148 400.0270230318997 400.01401171356474 400.01196129695336 300.0000000004884 300.0000000030532 300.0000000030741 300.0000000071009 400.3410306763358 300.0000000043419 400.0002879693916 400.0009427915179 400.33842570049774 300.00000000937644 300.00007083106266 300.0000000022728 300.00000000323826 400.0029137452657 400.03146626664284 300.00000000902537 300.00000000208047 400.0150256878637 400.06009460352925 300.00000000634736 400.0230267918155 300.0000000038867
999910.0 999910.0 999910.0 999910.0 999910.0 999910.0 999910.0 999910.0 999910.0 999910.0 999910.0 999910.0 999910.0 999910.0 999910.0 999910.0 999910.0 999910.0 999910.0 999910.0 999910.0 999910.0 999910.0 999910.0 999910.0 999910.0 999910.0 999910.0 999910.0 999910.0
