525.6309190364482 126.43175656539097 296.9692933254405 2107.294031435067 307.5294845868734 377.0192091637391 882.384759969309 2293.3355609248083 944.1609330310494 689.8757803150434 231.9776904166747 236.04087577446035 835.3749821525535 240.7927005819056 412.42498284296244 326.2547881574669 545.4419942563113 793.1314807352169 415.38733511104147 286.85546719549166 2354.9628675098593 135.26514504391844 690.1182889881084 607.3255509530609 386.31894701319925 248.08806319207497 182.8419000171998 233.9860490246283 154.20334415871912 1373.4196626092935
525.6309190364482 115.74788658808666 291.30475103276103 427.83578314373926 134.63409681912117 377.0192091637391 882.384759969309 1356.532720044891 944.1609330310494 689.8757803150434 165.84303822556467 219.55011799314252 835.3749821525535 240.7927005819056 412.42498284296244 326.2547881574669 529.8083998744833 574.8707989620093 290.3005713213756 286.85546719549166 914.1413165683894 135.26514504391844 509.8277392040268 435.8709200789035 215.91808812098998 248.08806319207497 182.8419000171998 233.9860490246283 154.20334415871912 557.509279628558
173.11423359427954 115.74788658808666 134.95816150229393 224.71437471016952 134.63409681912117 377.0192091637391 882.384759969309 1356.532720044891 143.46549822247198 125.42094982454182 165.84303822556467 219.55011799314252 364.76423351973017 240.7927005819056 268.8666008253399 245.65759905832783 176.46844401639646 574.8707989620093 276.44262635160385 286.85546719549166 266.8064054467686 135.26514504391844 165.61191381782191 203.18393086012202 215.91808812098998 248.08806319207497 182.8419000171998 233.9860490246283 154.20334415871912 332.1462385222612
134.33191862441936 115.74788658808666 134.95816150229393 131.70628765524134 121.57583438119855 377.0192091637391 152.49593574658502 312.8294378445562 143.46549822247198 125.42094982454182 142.0322159852899 219.55011799314252 300.2547964715927 134.43601210831457 268.8666008253399 237.9716865862315 176.46844401639646 362.08204711313647 276.44262635160385 267.56303492922325 132.44400182928212 135.26514504391844 165.61191381782191 203.18393086012202 194.33070296486585 146.41615253010605 182.8419000171998 233.9860490246283 154.20334415871912 234.21949927923924
134.33191862441936 115.74788658808666 134.95816150229393 125.93107825705647 121.57583438119855 244.5810565598099 152.49593574658502 286.9081923455524 143.46549822247198 125.42094982454182 142.0322159852899 219.55011799314252 269.05750538679786 134.43601210831457 119.70153965135933 237.9716865862315 153.60969150144274 362.08204711313647 255.89867925425506 205.05935875510568 132.44400182928212 135.26514504391844 165.61191381782191 184.84319313768128 194.33070296486585 146.41615253010605 182.8419000171998 202.35210024753542 124.11585818898311 234.21949927923924
134.33191862441936 115.74788658808666 134.95816150229393 125.93107825705647 121.57583438119855 140.36578297400456 152.49593574658502 286.9081923455524 130.64287817674358 125.26764885933517 121.19492634398011 219.55011799314252 258.84471515635323 134.43601210831457 119.70153965135933 163.24240830582858 153.60969150144274 362.08204711313647 219.82406302682375 139.04697498636688 132.44400182928212 135.26514504391844 165.28305849245453 162.18627984807108 194.33070296486585 146.41615253010605 182.8419000171998 202.35210024753542 124.11585818898311 234.21949927923924
134.33191862441936 115.74788658808666 134.95816150229393 125.93107825705647 121.57583438119855 140.36578297400456 152.49593574658502 224.82511459643865 129.98267612561904 116.25446393604898 121.19492634398011 219.55011799314252 258.84471515635323 134.43601210831457 119.70153965135933 163.24240830582858 142.39881826020383 313.57844909504 198.87086225350276 139.04697498636688 132.44400182928212 134.691192372999 150.91361811133993 138.74616044752247 163.35439693569833 117.16777442298189 182.8419000171998 145.14047527495768 114.45740195366898 229.75558705856156
119.7310897143966 113.7682531890473 127.39883172287455 118.98542747106922 121.01906113284667 124.07578803829756 119.81369390757618 224.82511459643865 114.61094865910718 110.72456585468399 120.37229221946018 184.67407127778188 185.80662722094985 120.6667868687141 116.02797654255028 136.08475114366456 117.82721346539165 164.91525075419304 161.83789724388407 118.22834965254106 132.44400182928212 112.73792637636325 131.983138407782 118.69083498783903 142.51702135150208 116.6668337261367 151.72440237771661 145.14047527495768 114.45740195366898 224.4605427981196
113.6543019769606 108.49577798694645 115.1690157222979 116.12239563016101 118.61007686700941 120.69934363287803 118.79872666940855 214.24918560692777 112.81802086046446 108.68125377326623 116.65405100229509 111.59321393997288 113.83216760253345 109.41490148120192 109.36240383725226 136.08475114366456 112.0308603307908 141.61998496685055 114.90792019816308 104.52349462258553 118.01005237438949 108.30564260795882 122.83299576503805 116.16436227969325 121.41875282994033 113.6360269413849 123.53571393583206 119.55899959655562 114.45740195366898 144.1402379552119
107.7713401515175 106.99003654825674 104.18156445914883 110.03893118997803 115.97848780258482 106.74332628289221 110.99317934174587 122.6639955184487 105.8366552718121 108.68125377326623 108.30495091250941 111.59321393997288 113.83216760253345 109.1100543982302 106.17964406263218 116.77206734303445 109.10767857891506 117.74276463301021 107.70038493678567 103.66998009294502 113.8177871522671 107.19734514318861 107.50471838181011 107.4551411568782 116.81447481410896 109.30655558925127 120.52193033898993 106.10020139775907 110.62145633047385 112.39080094544988
102.92512110686448 101.94868279178672 101.93399271494036 103.37452908168007 106.02862645154528 103.72668464877552 108.16632838187115 109.56487982701356 103.3676367037483 103.08609561607591 101.8355000376373 103.94459198703862 107.29488106861345 103.84350839028775 102.23894628905873 108.97646094272886 103.60595937883227 109.90777992159747 102.72191267547078 102.590450107577 106.57084239824826 102.63501556503343 104.00585305691493 104.75161437471479 104.96219500658253 101.40827657028603 106.76480588993945 103.25378353213091 102.82354167198264 109.02031980275069
100.78531806425417 101.3323580588808 100.91445201461829 101.2498508070712 100.7639374863461 101.6225585332154 103.49839722699289 104.2678546264483 101.11118156038583 100.93040125979815 100.7834439385806 101.27854840447526 102.87445468555916 101.29170175673016 101.25374176415698 102.18906184451907 101.01370091141234 102.76402299105894 101.72937542542013 101.25576489785726 101.32820319484517 100.98246317517533 101.73280887052533 100.97805095298645 101.58135880332975 101.37605543848213 102.14539105489166 101.4123009328523 101.33257774925778 102.68467945893599
100.50284438935432 100.61793822194932 100.48490291361259 100.80603028405858 100.7639374863461 100.67813713321584 100.81245223515907 101.13200332386123 100.66516296077407 100.55442992507824 100.57536627636091 100.84710221214527 101.27549783385348 100.48517691994584 100.58853375994568 100.88677481197328 100.8347413551237 101.08022833086852 101.09624865799879 100.48597891324107 101.01601511620538 100.76048780489282 100.57478839440228 100.45826344640864 100.8627150085913 100.61038329320081 100.9402719899299 100.81391821933039 100.94306590783481 101.63464606333855
100.44183959568682 100.50427383949773 100.42888816406276 100.70782758452833 100.5581908115796 100.58589269693812 100.65897663234682 100.8760676948582 100.55301292040485 100.45024978071797 100.57536627636091 100.61398248731757 100.79167078945784 100.48517691994584 100.58853375994568 100.5885139325892 100.556722270087 100.60555305265689 100.78359804454203 100.48597891324107 100.52216261791045 100.63288485459316 100.53253311996332 100.44362800152294 100.52283825740278 100.48912673634231 100.58441363098791 100.43288955126445 100.51589036275391 101.06204350662574
100.44183959568682 100.46542597615462 100.42888816406276 100.35169994230864 100.40535145182184 100.34603967106705 100.5056319598043 100.62109047119293 100.40774053416317 100.2772838968367 100.4105197519184 100.48380061393163 100.44634342860854 100.43904857826419 100.4502601880522 100.53985798041685 100.47927215189839 100.39562163813889 100.52158761943429 100.48597891324107 100.52216261791045 100.4140698672627 100.47005098413047 100.44362800152294 100.35832515126322 100.34963096538058 100.46810640705098 100.35888094278698 100.46413383366007 100.72161762941141
100.35355850709493 100.37323722980227 100.40402946757649 100.35169994230864 100.39622881363266 100.34603967106705 100.50479382173307 100.47617714194985 100.29681189757866 100.2772838968367 100.36346935749634 100.40581106483023 100.34768993423222 100.34682601111399 100.24943973856989 100.39005478036097 100.4135817400329 100.34579730899623 100.4450774238644 100.32598150308831 100.44495391294004 100.40438068680214 100.3381115269608 100.28501970137404 100.34706097868957 100.33312430341994 100.43246455975259 100.28624289541085 100.44456674183357 100.52362583211789
199831.0 199831.0 199831.0 199831.0 199831.0 199831.0 199831.0 199831.0 199831.0 199831.0 199831.0 199831.0 199831.0 199831.0 199831.0 199831.0 199831.0 199831.0 199831.0 199831.0 199831.0 199831.0 199831.0 199831.0 199831.0 199831.0 199831.0 199831.0 199831.0 199831.0
