627.5225529937279 560.4189077057426 571.6491299161735 687.9711501031375 583.3192729341931 617.6503188013876 629.9444284786127 474.5737595264518 538.5049619652991 472.44742870744903 476.4404576680363 415.2110455408474 691.8893753145503 555.523406304731 446.7851400512045 558.4882254353429 353.2127134572188 749.2405455285225 512.4721152819357 541.9214929754603 596.2460506206685 542.0853785056024 604.2358063398992 640.1053978010332 409.78663002382746 544.8580165814019 491.25001676531156 756.1388510039133 705.3210155246197 398.18976272772034
550.73841470547 553.3335413317982 571.6491299161735 687.9711501031375 583.3192729341931 512.1358816612346 629.9444284786127 474.5737595264518 538.5049619652991 411.05665467732706 404.33277952882827 415.2110455408474 555.1466111276713 471.1226173668283 446.7851400512045 558.4882254353429 353.2127134572188 749.2405455285225 512.4721152819357 536.3441289155253 526.7775160688198 489.0677613076118 537.9199690510009 430.4626608340327 409.78663002382746 544.8580165814019 491.25001676531156 648.4062822001893 612.0328183436914 398.18976272772034
550.73841470547 553.3335413317982 516.1033488026096 652.8629380772791 583.3192729341931 470.99854342904837 540.1732531045714 468.69756400230835 538.5049619652991 411.05665467732706 358.94656274617046 415.2110455408474 548.4868737862539 471.1226173668283 446.7851400512045 372.31371782370434 353.2127134572188 704.5961618549836 512.4721152819357 485.4764044036674 393.68333803539326 478.16633179641485 537.9199690510009 430.4626608340327 409.78663002382746 537.6071887348344 491.25001676531156 629.4783163285742 535.9349586204798 398.18976272772034
482.4212429899985 508.2510035788496 516.1033488026096 652.8629380772791 581.7856345462606 470.99854342904837 540.1732531045714 468.69756400230835 538.5049619652991 411.05665467732706 358.94656274617046 415.2110455408474 508.6632029171965 471.1226173668283 446.7851400512045 372.31371782370434 353.2127134572188 647.7520045153906 512.4721152819357 423.63090103718787 393.68333803539326 460.4345223215696 409.04334211735477 430.4626608340327 409.78663002382746 432.4024590054214 441.10144975802496 629.4783163285742 486.80817058838466 363.71845455699076
482.4212429899985 508.2510035788496 425.19296934897784 550.9611667517033 550.5385298319743 415.95855403021415 496.7375320185097 468.69756400230835 508.6820479958351 411.05665467732706 358.94656274617046 415.2110455408474 508.6632029171965 471.1226173668283 446.7851400512045 372.31371782370434 333.0902733940984 647.7520045153906 512.4721152819357 423.63090103718787 393.0001365045623 387.5572729249852 409.04334211735477 417.87449106918393 409.78663002382746 432.4024590054214 441.10144975802496 629.4783163285742 486.80817058838466 341.58849026080725
455.61910430539774 508.2510035788496 425.19296934897784 550.9611667517033 550.5385298319743 415.95855403021415 455.7603023696561 468.69756400230835 490.18571765560137 411.05665467732706 358.94656274617046 415.2110455408474 472.39763626726517 446.7078978150548 446.7851400512045 368.31886205633145 333.0902733940984 484.91939711089753 512.4721152819357 423.63090103718787 393.0001365045623 387.5572729249852 409.04334211735477 417.87449106918393 409.78663002382746 432.4024590054214 378.67128590335915 512.0391545841139 432.34531818585356 341.58849026080725
445.17981072102066 508.2510035788496 324.71336664490354 550.9611667517033 540.1376032415019 393.0669609139013 419.18245078376276 466.570608371866 336.0365413341033 411.05665467732706 320.398525175779 415.2110455408474 378.41058465815104 446.7078978150548 421.04089829666236 368.31886205633145 333.0902733940984 411.8790416533652 474.2853367542566 406.308488242184 393.0001365045623 387.5572729249852 407.19744656187913 417.87449106918393 403.16752653764524 432.4024590054214 370.84752809143583 447.1045487234851 391.8377857234018 341.58849026080725
284.70005817663514 453.37822440614127 324.71336664490354 426.788515885949 358.00503004262646 320.96704286076965 419.18245078376276 466.570608371866 261.0335330650005 306.8777490712182 320.398525175779 249.66639272428438 378.41058465815104 428.8341552053339 356.2836107502462 334.23441693663926 318.5077768660299 304.2733160783723 345.39860433052536 406.308488242184 339.3215550255468 351.4189385063114 346.20703082558794 391.0076987361281 319.19592569083034 405.12711636137556 337.16788276545867 322.124205454455 386.1157776121727 329.26209013015387
284.70005817663514 345.12174489144445 268.51497499205834 364.137167593105 289.7573790965048 257.8571515507074 338.94474859218235 379.05072314797235 261.0335330650005 285.41799328762863 260.3832953055412 249.66639272428438 265.94172514266575 334.31030035380127 297.3527524411793 291.3264070630398 263.75891391056666 284.52278009396696 275.32642245218085 309.2180319731565 311.6123450780674 304.9607484938588 346.20703082558794 247.48692021185298 319.19592569083034 336.1897009098343 267.86816242495024 256.159347815259 358.4850265412201 265.8725797379443
259.9427241565677 300.17125648469346 248.83222532509535 292.02807320058855 262.8690846087502 257.8571515507074 269.06596247156494 262.8923654850687 236.7438042936492 244.21114040565953 255.62575742735226 248.05727360339915 265.9074003032747 270.75828782499275 259.11672105558637 279.3433869405799 240.5233920963965 250.43863308480286 242.19369335178817 261.5975393132867 243.3330625168419 271.25266247843956 278.4929446008623 241.46905438499016 267.58552091059346 240.84150686499743 236.79729989488078 243.64014034639695 326.88311062595994 235.16519292395787
248.38195729973268 263.2962579894829 235.93108768539787 240.68541834084726 242.9577529995331 237.85637297806488 248.27477573008855 236.93217480764315 230.7828944854491 237.55769870340964 235.61193689632046 235.73100595437563 239.68922778744582 231.77533369785397 240.0607773710076 237.56370412768047 233.70189031169775 236.79833832378154 232.8126678586982 235.16496693934414 235.64429738254603 245.7395209064257 243.33448629783288 236.5625719562113 240.6945423453176 234.74036219096388 235.36229366947782 230.84890135013984 243.0361295355906 235.16519292395787
232.98548520968006 236.51462702034132 230.28550600897415 230.9282073104564 232.24009973578495 229.75936428382556 234.59745203630382 230.64652883851704 230.152533956536 231.17510645065022 230.06900255444816 230.88663867211744 233.19582881780434 230.26281989106292 230.16676297799313 232.6758071407853 231.12323582653244 232.30943818807555 230.3732641503243 230.78216792083958 230.72998963420423 230.61355866435133 232.33739566930444 230.3192170105258 232.25724250628718 230.61769420755763 229.4863829753649 229.69146781122936 232.08520517135094 230.22925274952604
229.40555068897993 230.63908823288284 229.36461169599988 229.75276650222077 229.81735631761921 229.41664119420147 230.3109912631312 229.44715334007878 229.2946094717222 229.4641682161714 229.38692706383608 229.6151310448363 229.65238184928785 229.54079006740494 229.42530239465623 229.40020500730088 229.52840176042537 229.71288180504735 229.34235244534148 229.47446424884674 229.56610168589532 229.54982736630836 229.5442064973554 229.40529590429605 229.99858785207016 229.83426286127087 229.35508554055696 229.3194351293664 229.43566561785337 229.31683585623432
229.2915922271136 229.32454306818545 229.28614114576976 229.29103085339966 229.35454468452463 229.28844073430218 229.3109914483298 229.2865994234162 229.28468297843665 229.28472624169262 229.2847350851025 229.28901632319548 229.30099716548102 229.28726658806272 229.2869900675346 229.29373944791314 229.28648778904017 229.29118903601693 229.28575410896974 229.29325750404723 229.28625420225626 229.28569420025133 229.30380818251706 229.2852353307535 229.29571484472217 229.28933303821896 229.28458011819112 229.2844217062102 229.29725606414058 229.2845138307839
229.28438479974693 229.28438364121075 229.28438347855945 229.28438296951572 229.2844330561261 229.2843830679617 229.28442174946622 229.28438274408654 229.28438271828463 229.28438284633876 229.28438290245958 229.28438533905637 229.28438514509753 229.28438658745335 229.28438294037414 229.2843832411745 229.28438349739372 229.28438507302508 229.2843832646331 229.2843903801595 229.28438310221281 229.28438315146832 229.28438415611117 229.2843827312563 229.28438997774765 229.28438288204507 229.28438275255485 229.28438276626684 229.28438453792205 229.2843827982024
229.2843827084871 229.2843827084871 229.2843827084871 229.2843827084871 229.2843827084871 229.2843827084871 229.2843827084871 229.2843827084871 229.2843827084871 229.2843827084871 229.2843827084871 229.2843827084871 229.2843827084871 229.2843827084871 229.2843827084871 229.2843827084871 229.2843827084871 229.2843827084871 229.2843827084871 229.2843827084871 229.2843827084871 229.2843827084871 229.2843827084871 229.2843827084871 229.2843827084871 229.2843827084871 229.2843827084871 229.2843827084871 229.2843827084871 229.2843827084871
199831.0 199831.0 199831.0 199831.0 199831.0 199831.0 199831.0 199831.0 199831.0 199831.0 199831.0 199831.0 199831.0 199831.0 199831.0 199831.0 199831.0 199831.0 199831.0 199831.0 199831.0 199831.0 199831.0 199831.0 199831.0 199831.0 199831.0 199831.0 199831.0 199831.0
