5982.051238754818 4728.747936351614 5914.2622924515435 6394.004779299307 6288.777378828261 2823.825120125772 5235.9407111602995 4000.985252858589 4714.551691343499 6554.596846453121 3559.0973148154685 4996.6272222973075 4965.279417541785 3085.1473997008984 3541.1656049396615 5930.1899549219725 3460.425842119921 5868.811988106391 5258.649554591904 4203.715305728464 6192.306856587052 5638.604095193061 5592.7689174484785 5244.009491751072 5831.465198573587 4546.792119898426 3757.957264568804 3243.229501559982 1538.4869362334364 3751.7775312815384
3648.2100806994827 1452.7707679843868 3604.085868334241 4259.835256283629 4346.965085574044 2823.825120125772 4318.823610300681 3313.503691390289 4714.551691343499 2908.25769859665 3559.0973148154685 4875.293782887552 4208.721385272647 3085.1473997008984 1980.0188827971451 5252.089752544561 3052.3420061285697 3405.8265624321243 5258.649554591904 3492.17137090445 2982.8569000328944 3733.2258552017083 2282.0308937167483 3249.012489584663 4727.263341896593 4546.792119898426 2303.421163669408 3243.229501559982 1538.4869362334364 3751.7775312815384
3648.2100806994827 1452.7707679843868 3604.085868334241 2394.545346824562 3209.2340374578207 2823.825120125772 2653.028571731936 3313.503691390289 4714.551691343499 2908.25769859665 3559.0973148154685 4875.293782887552 3132.3952599498634 3085.1473997008984 1405.9327724435734 5212.1744695678835 2375.518663418914 3405.8265624321243 5022.9133879167275 3492.17137090445 2982.8569000328944 3733.2258552017083 2127.0041945319917 2936.7305689201867 3643.510416905301 4546.792119898426 2303.421163669408 3243.229501559982 1538.4869362334364 3751.7775312815384
3648.2100806994827 1452.7707679843868 3604.085868334241 2394.545346824562 1416.289126668436 2823.825120125772 2224.7856870812857 3313.503691390289 4714.551691343499 2908.25769859665 2989.6133410119637 4875.293782887552 2361.40867187243 3085.1473997008984 1405.9327724435734 5212.1744695678835 2375.518663418914 3405.8265624321243 5022.9133879167275 3492.17137090445 2982.8569000328944 3321.2854949810694 2127.0041945319917 2805.730021352517 2578.7690860607436 3430.467551132422 2303.421163669408 3243.229501559982 1423.6204612732163 3751.7775312815384
947.246675296462 1452.7707679843868 3604.085868334241 2394.545346824562 1416.289126668436 2452.2957073723883 2192.2270439254994 3313.503691390289 3124.05203605424 2908.25769859665 2989.6133410119637 3976.736138185547 2361.40867187243 2330.1578941546554 1405.9327724435734 5212.1744695678835 1597.6217043376441 3405.8265624321243 5022.9133879167275 3492.17137090445 2625.112720686843 3321.2854949810694 2127.0041945319917 2394.314621130476 2578.7690860607436 3351.6443470406143 2303.421163669408 3243.229501559982 1423.6204612732163 3091.2525546317142
947.246675296462 1452.7707679843868 3521.5609646655416 2394.545346824562 1416.289126668436 2452.2957073723883 1230.391584135847 3313.503691390289 2425.361628718282 2786.8629399780716 2989.6133410119637 3976.736138185547 2097.5775387853837 2330.1578941546554 1271.8841895835615 2207.714853013408 1597.6217043376441 3405.8265624321243 5022.9133879167275 2866.362255521751 2625.112720686843 1086.229780089522 2127.0041945319917 1212.2009915784338 829.3738835716704 3351.6443470406143 2303.421163669408 3243.229501559982 1056.6176280279008 3091.2525546317142
947.246675296462 1279.2369189953488 1610.631784832437 1949.483219385128 1416.289126668436 1124.0512039749815 977.6433319511862 3313.503691390289 1697.4455660230715 2786.8629399780716 2989.6133410119637 1130.5274378874312 1412.6506663687674 961.4170347429201 1060.8592028372495 2207.714853013408 1288.2995143903436 2265.4943511996007 3922.197275646372 1026.286593042243 2625.112720686843 1086.229780089522 1592.9142748544655 1144.8361725707584 829.3738835716704 1356.691046316413 2303.421163669408 3243.229501559982 897.3558286481182 2101.7472447873233
947.246675296462 840.4178189415318 1610.631784832437 795.4742471751911 1332.40407395269 821.2597887649665 477.963983560481 2594.3653984740467 1252.4547811967022 1205.7251275324275 1342.9655053392275 579.1920550439289 1113.6183039564257 624.4897658248606 814.7868526978675 1189.3093264463105 1288.2995143903436 2020.3895433771386 1987.677504903334 1026.286593042243 1572.5434813825798 793.1564420092307 877.7758685852773 662.3391417199609 686.1766144729932 1281.3219209337915 2303.421163669408 2204.4059704147403 611.2672994600546 954.7068533147508
720.4989389365587 470.8986015176779 878.7470302091692 441.4018069474655 631.4634578910984 535.3518404542623 466.2818421209072 992.2764670195945 645.4593400211061 474.8281469016197 701.3380068959268 424.67548960988233 621.2302912141574 295.1388173437173 684.9298115239021 1079.0630042266575 501.7716648578091 892.3920753748926 822.2431921560119 526.9065225273479 1088.1567288999913 653.0532010361644 469.9468924273083 297.0560041373508 375.33992096733186 837.9928273626506 836.0630229446538 705.7563696631805 374.59521367175466 478.72408437845354
357.73575784943614 180.82641496861004 373.7627802210186 331.4743518286 325.33529071824114 363.4815480724567 260.4011990477642 509.8032161833646 430.67250001915636 327.2309788422323 512.3364410822046 325.7520655941929 476.4939405811899 227.6474058099484 375.6262472031967 423.89311598831955 351.1843995251934 626.4831721171654 346.7724234204244 292.1703366384802 441.46068495268 312.58441213812443 388.15266540485527 214.3760690647299 240.3093988584592 477.369493206239 424.006096277178 288.2249778579933 225.25276497794016 271.23328745703
213.26634523950395 147.73973750449284 215.8291337467781 215.06752788583844 203.11453142521214 181.3054368935451 196.82970928913687 259.92570975855074 252.71975901927522 162.58589898862044 265.48348829260135 248.59452416569502 179.65333503155148 160.54398084956608 154.29958958450845 232.7857626036107 194.38056418471012 273.37358678126657 209.90820741048879 189.91488506768428 194.8255638656085 221.276144885005 167.5606564250039 114.67959703205565 131.5133465811292 288.7041132071374 155.80325652145586 195.5427930948067 149.16542819645076 179.12832355251317
109.27501512233334 102.72313490461471 135.162804607393 108.91204483063666 124.24182260595751 117.87315921722211 96.12407267582216 128.19307498948194 119.51511511749254 94.26083245908836 135.1301771643209 131.58015463150502 99.20542392687923 82.41967106888626 109.71775252240525 124.62876604744997 105.05485710260007 181.24679818511459 129.31057238872995 105.3163487465705 102.96734395296085 94.43388220059012 122.64897026043525 87.45244296942667 97.7480825800044 189.45080463517195 88.95975719969863 118.58375785250257 117.34055512073269 112.77080044152035
76.17103591994339 65.32497425802956 74.67827218854381 78.34815220850248 78.83300610486191 85.54478007422085 63.754178176936364 74.78065150075525 61.249651315217704 74.10977665967374 85.09643192447191 86.03336610289443 82.46474201949229 60.22616054869525 65.82453801964658 78.11574075038902 78.66814111061808 115.05416288014362 74.32342790864857 58.36429918157182 64.84473277742353 71.37518949362857 69.13516479094449 63.34822380609768 68.73952265783765 104.2163892866858 66.37888897670899 69.71282924273294 76.1728025181219 69.86658734054123
57.851320746191675 49.32287256718098 57.30234949344833 51.61786967988348 53.66773162239497 54.5364249870957 53.47900305042464 52.96189418716699 52.495445346253746 51.894503237933804 54.57857084068695 60.752225535403966 53.94839616357399 48.70963846966919 52.32044187979267 54.69013254298693 57.394239109151556 65.72873436407417 56.39365212738687 50.64153776672521 51.160535063762495 54.41866680656682 51.20776323285685 52.510255587397864 51.42606820083762 67.47552803386208 52.91186712692809 51.86471687337354 55.346954994913006 54.52669961499066
46.4076253962491 45.40646390976087 46.07663149457079 45.466420783166086 15.323642248904207 47.09641934624733 45.26078857177646 45.4032700690023 45.49709577962392 45.26811450202979 45.91563111903656 48.57222588548905 45.8853243152376 45.09294075630032 45.2447317384993 45.663920045683426 46.48111460923968 51.27065930417626 45.4695466981575 45.905480091736194 45.37156702174593 45.568993043821024 45.264497432037956 45.388323285496654 45.36690273384238 50.1470982146887 45.2916407424928 45.28435715900349 46.24845639478883 45.42002977248302
44.895778296368974 44.89547149716071 44.89547782678727 44.89548620554706 6.841928175880014 28.672699408981828 44.89552093661132 44.89546992604369 44.8956326492397 28.755015885195803 44.89550432870442 44.897712659703984 44.897998445565975 44.89547317081309 44.895469461499204 44.90088625329258 45.630555720992334 44.896143919363 44.895470308046356 26.257514172815547 44.89547714617271 44.89552170165638 44.895916769934615 44.89548490051146 44.89547335866615 27.73479332599271 44.89592396922262 44.89547012763137 44.89557110189037 44.89586996207771
999910.0 999910.0 999910.0 999910.0 999910.0 999910.0 999910.0 999910.0 999910.0 999910.0 999910.0 999910.0 999910.0 999910.0 999910.0 999910.0 999910.0 999910.0 999910.0 999910.0 999910.0 999910.0 999910.0 999910.0 999910.0 999910.0 999910.0 999910.0 999910.0 999910.0
