86.46408168194239 79.47011250435844 74.11111881923603 85.7487875388623 94.14006086905067 91.63313374541622 111.58172855431053 75.11868753163105 69.07247089215775 99.42720660154885 84.42208468493811 92.34103923152247 70.7967230466453 88.8156790194073 93.87545486309546 73.99315401993329 107.95679416037012 79.0406630300082 106.05992333646714 69.36116150531961 63.18176770761568 62.84046944683246 57.36417161770805 87.83770443527351 78.32035396202036 100.56148171990151 82.44484697523876 88.04421824564054 82.0596714734537 74.00138382322268
68.68600068201147 68.58090231049903 74.11111881923603 63.766377279815515 61.234674884291394 91.63313374541622 78.6172753263512 75.11868753163105 69.07247089215775 82.24467481420652 84.42208468493811 71.04021240169664 70.7967230466453 65.07359936419073 67.33915306026392 69.07466813154065 104.52516504073378 72.31471927613325 76.97192895824253 69.36116150531961 63.18176770761568 62.84046944683246 57.36417161770805 71.19843130674224 78.32035396202036 66.9311159653904 82.44484697523876 88.04421824564054 79.54940113896703 74.00138382322268
68.68600068201147 55.92086814333868 74.11111881923603 63.766377279815515 61.234674884291394 88.73640143829425 76.3677918102602 75.11868753163105 69.07247089215775 82.24467481420652 77.85489325860874 58.304102269815075 70.7967230466453 63.248464194302755 67.33915306026392 69.07466813154065 104.52516504073378 72.31471927613325 46.91871260561811 69.36116150531961 63.18176770761568 62.84046944683246 57.36417161770805 56.92093272302736 74.99098588373329 63.63528322569789 82.44484697523876 73.48874279565644 50.411701843706396 74.00138382322268
49.497421960746806 55.92086814333868 74.11111881923603 60.40193131796195 53.87828401461093 55.278111400749594 64.00454313354908 57.16792926129074 62.771652023165984 82.24467481420652 44.15616121665903 58.304102269815075 70.7967230466453 63.248464194302755 67.33915306026392 65.33834786775219 77.94683506212345 51.36069495165316 46.91871260561811 69.36116150531961 63.18176770761568 62.84046944683246 56.953621467273024 56.92093272302736 62.341857794322436 63.63528322569789 57.75105893140858 63.01675567903703 50.411701843706396 50.73279366828194
46.01732504772053 55.92086814333868 74.11111881923603 60.40193131796195 53.87828401461093 55.278111400749594 61.38290955761238 57.16792926129074 56.50020128944368 51.03288490020498 44.15616121665903 56.13231366306286 67.70761025568777 53.791115241499824 55.51952302301356 65.33834786775219 77.94683506212345 51.36069495165316 46.91871260561811 58.362852883391156 63.18176770761568 62.84046944683246 56.953621467273024 56.92093272302736 62.341857794322436 63.63528322569789 57.75105893140858 63.01675567903703 50.411701843706396 50.73279366828194
46.01732504772053 49.906974373736944 74.11111881923603 42.79716452156879 53.87828401461093 55.278111400749594 61.03085781942775 57.16792926129074 56.50020128944368 44.18774584600715 44.15616121665903 56.13231366306286 67.70761025568777 53.791115241499824 49.15676330535371 65.33834786775219 77.94683506212345 51.36069495165316 46.91871260561811 58.362852883391156 63.18176770761568 50.04090607859325 44.133351005696795 46.473977954278325 62.341857794322436 63.63528322569789 57.75105893140858 63.01675567903703 50.411701843706396 50.73279366828194
46.01732504772053 39.370118293873475 74.11111881923603 42.79716452156879 53.87828401461093 55.278111400749594 61.03085781942775 56.9763192609945 49.33108761912467 44.18774584600715 44.15616121665903 42.41012464562368 54.68754716964452 53.791115241499824 49.15676330535371 63.24978885560847 65.34562222722718 41.116765107291144 46.91871260561811 55.534602344929226 62.59913698522689 50.04090607859325 44.133351005696795 46.473977954278325 55.38704840017954 62.28601737435292 57.75105893140858 55.68344201612979 50.411701843706396 50.73279366828194
46.01732504772053 35.76344335102715 56.62181785897394 42.79716452156879 38.67630283200481 36.263040884659176 43.47581563393135 35.11256635510972 46.08450659634207 38.67767376117877 38.254837512113 37.254339225843296 48.04782912364033 50.572147453943785 49.15676330535371 43.31581963780752 59.50459445934837 33.848735761834405 46.91871260561811 44.695565897079064 35.76152777148059 45.14692308697647 36.344000255886726 36.62272264475928 37.36879954218591 26.3789424418178 50.1593946367517 43.94919505323696 37.00118497825724 47.96489943497545
38.7894444715198 21.287223712177024 45.211420034968114 42.79716452156879 38.67630283200481 28.281639144347764 30.091607834761135 35.11256635510972 40.64938313343805 35.326680418923274 27.50877724844736 32.02761652467109 42.729634468678455 37.95341318573935 35.03929144733695 31.111458020116743 34.31372023096628 24.200874247121874 32.49496564743845 32.75275630504302 25.932787587952134 34.76417142235994 27.2216445829481 28.61521748833411 35.16215290793593 26.3789424418178 26.677301423621884 23.874163827950383 25.36042289899933 30.39228635099016
26.383378231492202 21.287223712177024 29.687914633277956 27.01357779634884 21.44885870279154 17.095189003090695 22.846878685357638 28.604532673609356 21.82084856287213 21.45470451207882 23.471297237744352 14.964156029857008 37.62222585857239 24.551497570711263 22.922073800157477 20.228023210174797 34.31372023096628 18.858091665149686 27.512792582130146 20.695739956547413 22.869139526264803 25.88231021537456 18.609555277417712 21.339647623309702 24.60788000795594 19.38046253268567 23.137468560611524 15.932670580818808 20.918219248496484 25.821995984602722
19.38204175945441 13.800075464216775 12.59758240953488 19.743027313445623 15.3221643263646 17.095189003090695 12.092673083591421 16.58621135780527 15.574398122999241 14.2312040635004 12.097865911493727 14.186674161010615 16.04795486090518 17.711448645614155 13.130537446445373 15.288166425075133 20.209839526192468 13.180197871844712 19.783850039817594 15.554134025770509 15.071983489940067 17.136789461751732 13.657159864195592 10.380651673089574 13.57816695395627 12.318964146214853 13.300948030595578 15.229145063711826 10.0478793159823 18.92432541754158
11.32919027094465 5.664928750709805 11.218858900470536 6.183849304725413 8.895821302160925 7.839881093925669 6.83262378018901 8.214433864669218 10.42030191077015 6.0806074558646515 5.892673177079587 8.276539066705254 11.259607452532464 7.024658357473868 7.653797360798762 7.377402897168622 12.921706368378864 6.154380145774553 11.554680972653387 8.312659716159715 9.452069806884197 8.750323467957855 7.431782220032346 5.017168524754084 9.725626034393144 8.13251159597678 7.857815434685563 8.495187762528076 5.653107071356203 8.120121908203146
6.0415642068810484 3.566213224627404 5.677795399196725 3.7699995628879606 3.205456775725338 3.4793370181446335 4.472784614461716 4.973048724435216 2.6496759476048055 3.2100317441927473 2.3165449223766927 4.176283102662069 4.849876821577936 5.048318887778578 2.539215313377099 3.223459519944754 6.389301127063618 3.097952973322549 4.38552597895989 4.002187905725691 4.427720883799111 4.167346199251028 2.161513897156283 2.6205108027461392 3.6513215948999687 4.213623297601089 4.134017429634127 4.807365662518691 2.528977577985188 4.209003749250655
2.07574865817071 0.8839458289218101 1.349998580386 1.229106846003674 1.2069770978505403 0.7526603657674968 1.1601660893774124 1.5462320322435517 1.13351121029757 0.8230795268990505 0.5069581365199838 1.3404088193024108 1.2219717508777421 1.2548540250926408 0.7036498220543308 1.4581700417794536 1.36241030851113 0.9268456391546351 1.0394217304996118 0.815293441956328 1.081246179731238 1.7336805146384222 0.7380614178958922 1.1610322757512677 1.505073166166767 0.6789012754816213 0.6814391235934636 1.1555614074677578 0.8999058343655406 1.0653204839281898
0.1978453864861649 0.07306995051646936 0.12059741087773546 0.10052971060179061 0.10512087011045423 0.053386573688840144 0.14027512024040334 0.16696514754562486 0.14277035270526994 0.16972126501320872 0.07803981430947715 0.1235212609295786 0.19833601019649905 0.16504640079949695 0.08214764714944067 0.1863784323593336 0.09304608609829756 0.05760244437624351 0.08545772790273531 0.05611437946186015 0.11315382775649141 0.1983956529735451 0.09582319990659016 0.060929444282237455 0.07335514759154194 0.05193064569425587 0.04616762383477635 0.2375635297099734 0.13383251626328274 0.13492348353543093
0.0019487644286755312 0.0008579124772722935 0.00044888017578159634 0.000377709563508688 0.0008522171831373271 7.103496920990438e-05 0.0009848872757629579 0.0003781053162583703 0.0002577948392854523 0.0013811379743629004 0.00017795947894683195 0.0017634481901041 0.0004577983901299376 0.0010532492451602593 0.00032293469155320054 0.000267305407760432 0.0011162547194771832 0.0003302798997992795 0.0009131469630574429 0.0005474429735841113 0.0002888435150225632 0.0010347359592515204 0.0002955649540581362 0.0002988345682979343 0.00037776039891923574 0.0005466238897042786 0.0001927642621240011 0.0005307997791987873 0.0007288962242455455 0.0007541568616034056
199831.0 199831.0 199831.0 199831.0 199831.0 199831.0 199831.0 199831.0 199831.0 199831.0 199831.0 199831.0 199831.0 199831.0 199831.0 199831.0 199831.0 199831.0 199831.0 199831.0 199831.0 199831.0 199831.0 199831.0 199831.0 199831.0 199831.0 199831.0 199831.0 199831.0
