339.9563034882649 315.580697900155 522.4368743456339 364.0429110079258 350.52040306413255 463.89963388105843 478.05107548169235 299.12086220314086 372.6375713131065 417.25954333147956 355.0899933349374 431.88882168796135 269.5619428999594 271.0206675490326 393.8137728664292 379.3150669565389 356.33604914701664 291.73453763161024 387.4439687126278 366.41844639827013 321.60753339378743 366.185088166319 387.5489757713185 483.09255846939413 314.4288467391816 284.2614869622266 346.199083741275 479.83073835155756 281.81326531346303 379.53497501931224
289.6553005874048 307.4853535334214 229.47933478101277 364.0429110079258 305.71835052083134 299.4645482923611 330.62418006918324 299.12086220314086 270.2876696944427 274.1935171097607 313.8734127690377 336.77777985863077 269.5619428999594 271.0206675490326 306.5177497328568 371.49528820999467 258.8840861368917 291.73453763161024 324.4023430111888 289.8264074127119 321.60753339378743 243.24479303095768 269.9104906458233 267.04982556214554 314.4288467391816 284.2614869622266 346.199083741275 372.9907649442548 281.81326531346303 379.53497501931224
289.6553005874048 283.06841620055184 229.47933478101277 325.4848006141465 275.7782386941217 283.3196480480069 316.7629313410739 299.12086220314086 270.2876696944427 235.04320362152248 227.00061306436055 242.14234632098623 267.99498126350363 213.50709273105258 299.90761836053525 336.03941932735506 258.8840861368917 284.51677965740237 211.1096502268133 289.8264074127119 231.45588366749507 243.24479303095768 269.9104906458233 267.04982556214554 314.4288467391816 284.2614869622266 233.0479875312226 323.85429095924883 198.2450496064189 333.6893930287283
232.66242233124603 253.23474635606135 229.47933478101277 295.59116508965326 216.11254429284827 239.09199317883622 262.8786205156812 235.58993401424277 262.0090461938871 235.04320362152248 227.00061306436055 242.14234632098623 267.99498126350363 213.50709273105258 240.40561974380262 234.22022575464416 245.43005520766928 284.51677965740237 209.63267846934377 235.46162222811108 231.45588366749507 243.24479303095768 269.9104906458233 241.04053419767024 250.38989615246055 278.248898532534 233.0479875312226 248.22182657085023 198.2450496064189 213.894067108105
222.69394726059454 188.93422888791747 202.7380162918771 200.16739856940694 192.20792095412844 190.37181091896082 262.8786205156812 194.34121460032065 205.5363966564487 179.3637813228961 185.97683782090962 183.52741091897997 196.09055214547334 213.50709273105258 218.07888508431415 194.81321122078407 193.734485559914 201.57062349341095 209.63267846934377 202.71551368246492 209.91895568225164 221.18122472874802 223.7591383614258 214.628208038122 186.24838843444832 175.87448444394795 185.1911259084518 192.26409078443248 198.2450496064189 206.32225517377265
182.12192905392294 177.32753380678696 183.60401393662005 180.61157650119821 175.31529635530887 173.36583730198117 177.6452454958535 176.72997837208277 179.52960448031217 179.3637813228961 170.2962994307586 177.67188583240068 177.9704318848926 173.86687077849183 182.45002254421115 187.01698412795076 175.97225293420206 174.6560287354264 173.6282021102079 171.9947938858968 174.47379873549517 175.62139682757152 179.5069513804233 174.2213286740489 174.2287919444816 175.87448444394795 172.75645204672674 175.85980277387716 179.22892684066892 178.8319346731987
169.93737506151456 169.8031857272481 172.58269282791207 172.68971812030486 166.52763148106123 168.09932821201983 172.68150026205285 170.2480159958227 171.66427020719448 173.11905360708488 168.35183426060803 172.1375381215944 170.60898660870953 172.1698762963456 169.05478725524245 171.60608890443655 170.4984921094233 169.67497101792878 171.54877799455926 168.6313427854575 170.2661107352542 172.709065527039 170.13631715103702 168.77719092840653 168.42329314468952 169.536718365845 169.6467700056628 171.37183197276772 171.82350422264608 172.24150350752052
166.2344424972398 166.26650134515694 167.06623867109283 166.87502567585125 166.52763148106123 166.1473340108414 167.83800470686538 165.13706420889957 165.4608779290561 168.2048372613117 166.02805251703103 167.16426731599904 167.45427110942455 166.70759842001644 166.4132972448474 167.2908804280646 166.8689155625907 166.61974302943554 168.22846188755193 166.1629659243181 166.13297678303707 166.5121152757174 165.8181308482258 165.82141450182553 166.06161934561032 167.05313819100775 166.7810939872652 166.53596607124882 167.80300439552275 167.2413367111153
164.35090886965054 165.03321636582223 165.12877211117166 164.70988308800133 165.40409005681659 164.50137546197766 165.90639864425248 163.8779604100837 164.30812209164742 165.8793960919711 164.73762778793298 161.65646832818084 164.40167004886098 164.75243316453998 165.1871346121875 165.20177835161076 165.03950555850497 164.68173395785243 163.7709002731649 165.2261620099721 163.70382510826948 165.81459489576037 165.36365702628427 163.82945854098762 163.8069719400678 166.10597198264486 165.23124662966939 165.16048172380033 165.8970574495379 164.7408300617376
163.5602049390959 164.0881165882456 163.16362442726904 164.15294883692286 161.6443110682385 162.62422933499283 164.44052917835234 163.19301846561257 162.0254999434992 164.48697271656783 163.0448862015328 161.65646832818084 164.339108748934 164.22298054354997 163.034774812264 163.17066863976652 163.73127756928852 163.42287203022306 162.45786134398168 162.44755582014477 162.6471616506542 163.25500868813924 162.69163869427894 162.28810791492606 163.65093367171266 163.90568181179196 163.78194330003316 163.08311734604013 163.84410139308602 163.78576137414893
162.07280688977016 161.94148961186056 161.7756883280931 163.33603444591427 161.63808119370879 161.75703126962253 162.78344423598128 162.10745710094943 161.98250524809555 162.7755974573829 161.90689434063097 161.3823506584131 163.67804993295886 162.01615590564506 162.12453242128367 162.88104776138744 162.28295527712135 162.7255548795688 161.76960567822107 161.7478755793718 161.81479078069424 162.21206289363863 161.54672314125355 162.0133676743435 162.67286435330243 163.04810053634492 162.17963017687953 162.7425780354315 162.29130997999437 161.90474247802604
161.53550699812604 161.45328787318704 161.43947640743727 161.47618002700074 161.4830238547629 161.42128569798206 161.5502635712728 161.4767999560545 160.9254111898099 161.6213676073744 161.41832986281452 159.81444026231065 161.7897757869123 161.608409594578 161.44167578149654 161.69667025244644 161.49594825775057 161.42642994070366 161.42019208202646 161.43719028011037 161.46174966614626 161.46563897392116 161.4236078902336 161.47884442954137 162.56956744178478 162.26400091802998 161.48404971907075 161.57409231231577 161.49199168226414 160.66217714216054
161.40522989759438 161.4048864465385 161.4048811058501 161.4048820019534 159.56885394858864 161.40488085043353 160.6828270794981 161.4048823523617 159.1975184379885 161.40490937791083 161.40488081495505 159.40071382624546 160.91065466388363 159.57444935358717 161.40488546867027 161.43550776583425 161.40488308632894 161.40488108660384 161.40488083784385 161.40488124325066 161.4048882503821 161.4048966436726 161.40488094196098 160.1586395398167 162.5673763641298 159.4773095131086 161.40489299593992 161.4052712989187 161.4048903360599 159.54496600604853
161.4048807587492 161.4048807587492 161.4048807587492 161.4048807587492 159.5437762870083 161.4048807587492 159.36876982934427 161.4048807587492 158.61864045919492 161.4048807587492 161.4048807587492 159.3687336383514 159.65367256306126 158.61911353900177 161.4048807587492 161.4352676880726 161.4048807587492 161.4048807587492 161.4048807587492 161.4048807587492 161.4048807587492 161.4048807587492 161.4048807587492 159.65652032224534 162.56737635795616 158.61844745946246 161.4048807587492 161.4048807587492 161.4048807587492 159.5437762868196
161.4048807587492 161.4048807587492 161.4048807587492 161.4048807587492 159.54377628679686 161.4048807587492 159.36873363703762 161.4048807587492 158.6183545584786 161.4048807587492 161.4048807587492 159.36873363703762 159.65341678261302 158.6183545616359 161.4048807587492 161.4352676774106 161.4048807587492 161.4048807587492 161.4048807587492 161.4048807587492 161.4048807587492 161.4048807587492 161.4048807587492 159.65341678400227 162.56737635795616 158.61835455851588 161.4048807587492 161.4048807587492 161.4048807587492 159.54377628679686
161.4048807587492 161.4048807587492 161.4048807587492 161.4048807587492 159.54377628679686 161.4048807587492 159.36873363703762 161.4048807587492 158.61835455766823 161.4048807587492 161.4048807587492 159.36873363703762 159.65341678240247 158.61835455766823 161.4048807587492 161.4352676774106 161.4048807587492 161.4048807587492 161.4048807587492 161.4048807587492 161.4048807587492 161.4048807587492 161.4048807587492 159.65341678240247 162.56737635795616 158.61835455766823 161.4048807587492 161.4048807587492 161.4048807587492 159.54377628679686
199997.0 199997.0 199997.0 199997.0 199997.0 199997.0 199997.0 199997.0 199997.0 199997.0 199997.0 199997.0 199997.0 199997.0 199997.0 199997.0 199997.0 199997.0 199997.0 199997.0 199997.0 199997.0 199997.0 199997.0 199997.0 199997.0 199997.0 199997.0 199997.0 199997.0
