627.5225529937279 560.4189077057426 571.6491299161735 687.9711501031375 583.3192729341931 617.6503188013876 629.9444284786127 474.5737595264518 538.5049619652991 472.44742870744903 476.4404576680363 415.2110455408474 691.8893753145503 555.523406304731 446.7851400512045 558.4882254353429 353.2127134572188 749.2405455285225 512.4721152819357 541.9214929754603 596.2460506206685 542.0853785056024 604.2358063398992 640.1053978010332 409.78663002382746 544.8580165814019 491.25001676531156 756.1388510039133 705.3210155246197 398.18976272772034
546.0262308694619 560.4189077057426 515.5567581913851 483.4721903037125 576.9308393288616 542.1291307876281 629.9444284786127 474.5737595264518 386.3205734522803 472.44742870744903 476.4404576680363 415.2110455408474 599.3982420856355 446.9907613484834 446.7851400512045 558.4882254353429 353.2127134572188 588.9930339101816 469.1316223758481 541.9214929754603 596.2460506206685 542.0853785056024 604.2358063398992 640.1053978010332 409.78663002382746 544.8580165814019 491.25001676531156 504.9431247840607 416.48458747819177 398.18976272772034
497.62123883996674 497.6469698065084 515.5567581913851 483.4721903037125 472.4822575951721 437.42388168819843 589.1968971876613 474.5737595264518 386.3205734522803 472.44742870744903 476.4404576680363 401.43936975642737 465.4246579871192 446.9907613484834 446.10960725587984 459.97661261727626 353.2127134572188 588.9930339101816 451.14112095138626 406.00621432452226 513.9503768700392 521.0470187520414 592.3970605143995 536.9284700583689 409.78663002382746 544.8580165814019 491.25001676531156 504.9431247840607 416.48458747819177 398.18976272772034
497.62123883996674 497.6469698065084 479.87781107925684 472.54034713427654 472.4822575951721 437.42388168819843 453.7425114971643 458.5369113535594 386.3205734522803 472.44742870744903 476.4404576680363 401.43936975642737 465.4246579871192 446.9907613484834 446.10960725587984 459.97661261727626 353.2127134572188 572.9444432818227 451.14112095138626 406.00621432452226 474.4389498762466 521.0470187520414 592.3970605143995 536.9284700583689 409.78663002382746 544.8580165814019 491.25001676531156 504.9431247840607 416.48458747819177 398.18976272772034
427.3249645048545 401.38922141226476 414.6867833555848 472.54034713427654 339.9479142091186 423.7652757389633 439.31487442468733 398.8755828320932 386.2448783003929 427.34164540684833 428.91736814223304 360.248893140375 465.4246579871192 446.9907613484834 391.32586731051015 459.97661261727626 353.2127134572188 376.44696048441256 418.89088513455135 402.45188417230656 465.2549198536317 385.05529490788194 507.96618687047703 464.36130803980404 409.78663002382746 513.9773630166947 456.44064291768245 480.77112687082354 416.48458747819177 379.6326457696932
383.8355027801058 399.3034647491577 371.98308924314006 339.98448170497386 339.9479142091186 372.9107998704967 392.1698884300645 390.53795586702745 386.2448783003929 389.4815121763904 396.0886666498345 360.248893140375 411.35430189149474 344.0876163488351 337.743681949868 454.68583580996255 353.2127134572188 361.6904000150589 372.10630656289595 402.45188417230656 405.95427735381736 385.05529490788194 410.30711994783314 407.99560550633305 399.1685795737749 405.9438340018819 415.918224849288 426.39642001209904 339.7796085809978 379.6326457696932
330.4187376024447 384.3445512742928 367.1894097205641 289.23452237890615 327.17870666349745 292.56203486526647 353.301635897345 348.0020683162297 376.10591886692146 294.5392215120087 367.44529081746214 360.248893140375 395.1634572890489 339.6379976781918 337.743681949868 400.52397875037013 350.32596224256577 328.1011616073806 343.0270581625955 303.37318863569635 332.33433329649597 385.05529490788194 346.9901372555678 397.4527334618979 353.29084875892113 351.47042792888897 373.1039055242795 383.7349159823102 332.30601230445427 304.9638937335708
279.88861549797366 298.94929158567265 284.4512785629363 266.8034325413764 257.48233132857877 261.3485467540645 304.74740742895483 275.6216493804136 284.6932847231833 262.12993226286744 268.9027364512526 308.24732023493016 297.5009644022434 290.84350340733454 284.1597286488759 305.3065558639719 275.40875257407197 249.07869253760055 289.349984111077 260.2344840507303 287.11579424839556 277.63494477581753 269.6200219001694 301.9702251810236 285.469962353136 269.7639972922948 277.443939267283 307.08792929109813 276.9804143921492 252.51432050902986
232.18170108325467 238.79773986352848 241.0202714407833 233.8052710500392 238.12052301763424 237.0628298075094 234.17248330226812 236.62516124562717 237.69109811187855 240.3912018712681 235.79141454865658 235.09022564882298 239.89909387304624 235.44339340425904 233.27814202417903 237.62722770605433 237.7715510434391 235.84850385990558 236.17569615061848 236.4771270173219 232.83088791117189 239.66636488371068 235.71070315579436 242.47444622029434 234.14101776003463 243.52159419668078 238.09792092953649 237.21187874377574 239.95668237464542 235.70594890797565
229.52141291174848 230.54798187871347 230.92618336135092 229.81512326386337 230.10447284859447 230.01223747907943 229.90466723235158 229.90037448450767 230.21315649567805 229.723222241038 230.05932511582387 230.4813534863688 230.1343008525796 229.60901065036933 230.52050490370948 230.55363911361655 230.5137944005719 229.8419646851412 230.15938091629687 230.22232585292932 230.4355755526194 230.00411430741406 229.87053833706796 230.6495056934432 229.78497320343922 229.6676708194609 230.53565097691353 230.01795051047884 230.22769097686705 229.81753360998619
229.30626901793494 229.33101162648336 229.29579956182306 229.29588160456478 229.31096488549292 229.3097664037191 229.3190587014933 229.3091073296623 229.3124072714054 229.3068678129739 229.31574329795467 229.32853842162558 229.32136881183624 229.31016097131123 229.32930483217933 229.3426240356962 229.3163891464642 229.29686386833328 229.30148282116897 229.30915318478446 229.3138902370065 229.30553794736807 229.3241985425675 229.3071379961916 229.30269619474439 229.31292140367623 229.33326573010936 229.32686880928122 229.30345141862563 229.2914823771398
229.2844012084097 229.2844131489901 229.2844116353408 229.2844116897836 229.2843960633386 229.28441079204094 229.28440494903407 229.284408736341 229.28440897552082 229.28440000784303 229.28439270998297 229.28441446419356 229.28441156437157 229.2844001218141 229.2844106905727 229.28442121332364 229.28439381855878 229.28438999611444 229.28439397390048 229.2844035856724 229.28441870919278 229.28440069769022 229.28439553899716 229.28439914130604 229.2844012936671 229.28439567423584 229.28440426227826 229.28442899323227 229.2844030921583 229.28440266061716
229.2843827086126 229.28438270862807 229.28438270860897 229.28438270861898 229.28438270863853 229.28438270864945 229.28438270861898 229.2843827085485 229.2843827085212 229.2843827085635 229.28438270856395 229.28438270881952 229.28438270857532 229.28438270854713 229.2843827086349 229.2843827086058 229.28438270852803 229.28438270854713 229.28438270853349 229.28438270856623 229.28438270875768 229.28438270856486 229.28438270856714 229.28438270865627 229.2843827085867 229.28438270856532 229.28438270866354 229.28438270869628 229.28438270860124 229.2843827085485
229.2843827084871 229.2843827084871 229.2843827084871 229.2843827084871 229.2843827084871 229.2843827084871 229.2843827084871 229.2843827084871 229.2843827084871 229.2843827084871 229.2843827084871 229.2843827084871 229.2843827084871 229.2843827084871 229.2843827084871 229.2843827084871 229.2843827084871 229.2843827084871 229.2843827084871 229.2843827084871 229.2843827084871 229.2843827084871 229.2843827084871 229.2843827084871 229.2843827084871 229.2843827084871 229.2843827084871 229.2843827084871 229.2843827084871 229.2843827084871
229.2843827084871 229.2843827084871 229.2843827084871 229.2843827084871 229.2843827084871 229.2843827084871 229.2843827084871 229.2843827084871 229.2843827084871 229.2843827084871 229.2843827084871 229.2843827084871 229.2843827084871 229.2843827084871 229.2843827084871 229.2843827084871 229.2843827084871 229.2843827084871 229.2843827084871 229.2843827084871 229.2843827084871 229.2843827084871 229.2843827084871 229.2843827084871 229.2843827084871 229.2843827084871 229.2843827084871 229.2843827084871 229.2843827084871 229.2843827084871
229.2843827084871 229.2843827084871 229.2843827084871 229.2843827084871 229.2843827084871 229.2843827084871 229.2843827084871 229.2843827084871 229.2843827084871 229.2843827084871 229.2843827084871 229.2843827084871 229.2843827084871 229.2843827084871 229.2843827084871 229.2843827084871 229.2843827084871 229.2843827084871 229.2843827084871 229.2843827084871 229.2843827084871 229.2843827084871 229.2843827084871 229.2843827084871 229.2843827084871 229.2843827084871 229.2843827084871 229.2843827084871 229.2843827084871 229.2843827084871
199997.0 199997.0 199997.0 199997.0 199997.0 199997.0 199997.0 199997.0 199997.0 199997.0 199997.0 199997.0 199997.0 199997.0 199997.0 199997.0 199997.0 199997.0 199997.0 199997.0 199997.0 199997.0 199997.0 199997.0 199997.0 199997.0 199997.0 199997.0 199997.0 199997.0
