891938.716874142 100140.10109974247 140668.49576369146 126285.26620738808 76902.41441942878 109360.09332614698 71034.40271447664 111697.60400081231 449768.7281554051 4763937.569262071 69220.86617861161 97274.86671477472 1535776.0049705734 79092.91513304433 74439.98212138518 82730.51290679642 156286.25131325162 101313.7422396069 70753.69738531097 88243.90039887125 86653.95630215305 95400.82453972157 82734.10410310753 62809.02393110478 94281.02950880973 137313.98542990486 72734.84098736408 374095.0229121176 61175.458550977564 114046.71780411035
106452.44721374035 44311.494667857805 140668.49576369146 126285.26620738808 76902.41441942878 109360.09332614698 71034.40271447664 83222.28173436396 74993.23984695456 71793.5754778941 69220.86617861161 97274.86671477472 78625.35524881503 79092.91513304433 74439.98212138518 82730.51290679642 156286.25131325162 73283.57596422618 70753.69738531097 77568.04244189494 86653.95630215305 95400.82453972157 82734.10410310753 62809.02393110478 90129.53928799185 137313.98542990486 66991.03922522411 60364.36145076778 61175.458550977564 112915.75782617473
98860.87842171508 44311.494667857805 92823.61887942688 126285.26620738808 55305.19787549488 109360.09332614698 70220.50310074059 55241.825739459666 74993.23984695456 71793.5754778941 69220.86617861161 69713.74819924806 78625.35524881503 61133.50396181541 74439.98212138518 77205.99870620227 105202.27887841995 67411.84373899103 70753.69738531097 46711.09869090275 86653.95630215305 88731.48477184438 82734.10410310753 62809.02393110478 90129.53928799185 120417.80254300387 66991.03922522411 60364.36145076778 61175.458550977564 110135.84688719966
64914.46405717008 44311.494667857805 81257.2316995125 98747.12841067094 55305.19787549488 109360.09332614698 63680.42217825779 55241.825739459666 74993.23984695456 71793.5754778941 59273.31958704594 69713.74819924806 72664.3044693389 43745.478069101446 74439.98212138518 77205.99870620227 105202.27887841995 67411.84373899103 70753.69738531097 46711.09869090275 81313.80241912181 83731.14908029269 67904.15749631093 62809.02393110478 82473.05630399576 56714.55141148682 66991.03922522411 60364.36145076778 61175.458550977564 108713.82223316013
64914.46405717008 41144.15926301658 81257.2316995125 84686.0550392238 55305.19787549488 87578.56223424218 63680.42217825779 55241.825739459666 74993.23984695456 71793.5754778941 59273.31958704594 43402.671136415454 72664.3044693389 42874.66543825589 74439.98212138518 77205.99870620227 63406.64757487381 67411.84373899103 70753.69738531097 46711.09869090275 81313.80241912181 72824.52422633138 57254.80828382795 62809.02393110478 68610.31539302977 56714.55141148682 66991.03922522411 58948.58978799427 61175.458550977564 81329.01481272918
64914.46405717008 41144.15926301658 69257.96783788885 52890.50529195311 55305.19787549488 87578.56223424218 63680.42217825779 55241.825739459666 74993.23984695456 34228.344066439735 59273.31958704594 43402.671136415454 48855.36332446649 42874.66543825589 62864.90085479185 67024.17381234012 63406.64757487381 67411.84373899103 60296.10947002689 46711.09869090275 81313.80241912181 67491.26923229171 57254.80828382795 62809.02393110478 67994.7967839492 56714.55141148682 66991.03922522411 50578.15919646893 61175.458550977564 63728.89217252379
54443.14477722901 41144.15926301658 68305.56706116133 50620.653776407846 53652.867868219226 52577.74873695943 44297.49467898032 43151.5023144208 44925.958945533464 34228.344066439735 23084.753239478792 43402.671136415454 48855.36332446649 34273.46150334389 57623.287671989754 48820.10007937741 45757.78129532742 67411.84373899103 52858.967880264296 46711.09869090275 56735.54949029324 32131.286448299612 54045.84269536319 53945.22731540619 63068.81262007173 56714.55141148682 44835.55197773739 49765.19312281414 52250.94587412336 59243.310912381654
35220.09558851856 30036.040474482248 36508.313416062854 39928.23621237402 35458.361370823724 37369.00125666585 15970.062087863598 32457.102315492815 26035.666089114806 24278.858920371258 23084.753239478792 35021.20662889414 32072.212086597927 34263.20150242754 31040.0524286715 38160.725760536065 45757.78129532742 46556.72310382893 35531.55963651903 39465.06607813284 37049.42448012392 32131.286448299612 43527.95896890048 22366.84272528654 39873.571719696345 37524.211177714285 33679.825924550154 40819.09597786614 46179.608710323686 32524.374746743764
34125.29532181244 26450.278971070107 31384.45388923072 26402.581711596205 29691.63356413363 33694.29889274121 7918.757068860114 25906.023218050646 26035.666089114806 15128.114121421913 15702.062461574258 29709.486271994 32072.212086597927 18793.54599702651 31040.0524286715 27966.02763156683 19630.680441686713 26128.131811926214 33895.414345701196 24150.62311203254 29231.139812199057 27578.198634997894 32196.368980230913 22363.14844742819 21799.319839049254 26672.087908595826 25863.841471467174 33997.508890927405 37522.229361697784 32524.374746743764
27271.66737292881 19849.684733187303 28628.93292588816 21485.996417090577 23588.774992090795 27072.407532508165 5331.608480758812 20255.07066079789 21526.32743580702 15128.114121421913 15702.062461574258 26053.888944072423 24729.635394067096 15971.994488054559 25247.403715442288 22738.850652062 18780.769145151808 15590.645841817013 31440.056265949504 16829.839918569796 19848.437548671536 19954.158025723067 25708.54048452225 22363.14844742819 21586.687747222884 19465.893539697438 19957.881924869787 15194.303864861347 19909.497044643045 19842.381696998284
20287.736132795148 8225.062224891984 15873.94135710014 12760.288075662269 17065.725606051987 19227.623935487813 4717.712142618654 14779.574018887066 13432.175107173218 14118.084920960398 10782.649072999644 11408.496832235447 16647.283328916477 13389.245770606187 17084.171442552197 13487.314208818518 18430.511766801472 13840.072694269686 12342.456185696545 9527.880510632887 11460.673973537392 11849.904800992315 22433.52833351424 17558.720869022305 19196.85639762027 17083.091993496197 12388.11117341166 10843.529072371319 16254.50865091235 15250.739440866839
8829.477201020884 6080.9259156424005 8169.981042101263 7413.199677666328 8109.415551608356 6304.725740765157 4310.324527681566 5581.1091420907505 6521.267708688889 4879.969143090409 9068.180121845851 9073.30922407674 9644.76742617844 6374.718551738557 6835.844242386303 7972.722698888563 6135.500748179813 5401.837042935928 7091.473166208272 5623.719502917535 7951.648641595562 6298.6826585706285 6784.19973573355 8336.19135387354 3456.9921809807543 9243.145075306837 6368.567457758003 7603.931663017255 8271.322303811236 6980.760773299806
1184.1103956180095 1144.9097854568372 1186.988494159567 969.428531572114 1212.9846060175967 879.8000974413426 426.9108565953011 1256.7140160959839 834.7652881932836 1107.5262237911625 1025.0430311029809 1112.6959986598206 952.4072378529568 772.0061139051454 1010.8913280146726 976.676693027955 1130.5607616765394 931.9694824846149 1061.20932746339 888.7528103932937 1066.0120501186966 951.222591404 1204.6541793306853 1167.2188668932097 1128.9824610130813 1637.3381050929536 664.2549427118579 1308.7480871830337 1330.5499809396442 1244.172581747061
0.5570107320669422 0.3874368040104059 0.31091747851803575 0.3433864926024057 0.22985990314595028 0.4079687007280768 0.10427325542644894 0.45763558191055154 0.7034713393650804 0.4740661237786412 0.4302777644059006 0.145627731956381 0.647856263700703 0.10549773741337276 0.27925037977939837 0.5679695103011113 0.4238981567243627 0.6141063054679989 0.4479947658985566 0.3439755974242189 0.3350456101423447 0.19337854563082146 0.8703252930104668 0.25801398672524556 0.47216836514485294 0.4611249936016293 0.23933489384768336 0.44414375065156264 0.441867693783081 0.441733912481709
1e-08 1e-08 1e-08 1e-08 1e-08 1e-08 1e-08 1e-08 1e-08 1e-08 1e-08 1e-08 1e-08 1e-08 1e-08 1e-08 1e-08 1e-08 1e-08 1e-08 1e-08 1e-08 1e-08 1e-08 1e-08 1e-08 1e-08 1e-08 1e-08 1e-08
1e-08 1e-08 1e-08 1e-08 1e-08 1e-08 1e-08 1e-08 1e-08 1e-08 1e-08 1e-08 1e-08 1e-08 1e-08 1e-08 1e-08 1e-08 1e-08 1e-08 1e-08 1e-08 1e-08 1e-08 1e-08 1e-08 1e-08 1e-08 1e-08 1e-08
438575.0 434483.0 439595.0 433249.0 434073.0 436943.0 426626.0 436943.0 441423.0 437555.0 439595.0 429533.0 442640.0 424959.0 431189.0 437759.0 432631.0 437147.0 437555.0 430775.0 438575.0 432631.0 440205.0 432013.0 436123.0 433455.0 429947.0 439391.0 435713.0 431601.0
