356.5464673336119 452.5588098520343 500.49138622482224 452.6042613179302 338.91097022144595 287.36332756923593 452.89837260949616 453.26519167668357 352.8366686936042 363.29214806734353 310.0105377875616 345.4541422534253 398.8030957330275 227.92211867424794 336.04643164953814 478.5139704039316 342.86968896646067 440.2766742842532 258.1339268197148 407.65338257566145 365.09189316073116 411.355458792581 455.6282973862458 352.30035872640246 488.68526326980873 571.7707306680722 432.5769947797853 187.9139811062446 304.0724292327436 354.8829741014997
321.13060098683763 383.9202635201591 390.06697157117105 299.5699961341443 338.91097022144595 244.17642553046153 314.51489351373357 374.60238513123886 352.8366686936042 363.29214806734353 292.1841182754915 345.4541422534253 383.22491107858514 227.92211867424794 336.04643164953814 440.8881026571512 342.86968896646067 259.4057182663205 258.1339268197148 385.8378431060187 365.09189316073116 226.66699150160548 352.65412784900036 330.49642750567637 488.68526326980873 398.03129204176184 338.01685179567585 187.9139811062446 304.0724292327436 354.8829741014997
273.0046342478231 371.8876496159228 342.29340007308565 299.5699961341443 338.91097022144595 244.17642553046153 302.3012652156963 374.60238513123886 352.8366686936042 252.35645948139972 292.1841182754915 345.4541422534253 383.22491107858514 227.92211867424794 227.80038085428532 346.2484774056011 342.86968896646067 259.4057182663205 258.1339268197148 359.96749939032 365.09189316073116 226.66699150160548 352.65412784900036 330.49642750567637 410.2622589465482 330.7542849513611 338.01685179567585 187.9139811062446 290.4936897058951 354.8829741014997
273.0046342478231 226.70139929446032 294.52067741398423 299.5699961341443 322.18381379756283 244.17642553046153 302.3012652156963 347.02668967234877 333.1911388206836 252.35645948139972 292.1841182754915 345.4541422534253 205.44799174953187 227.92211867424794 190.296752623864 291.96979778382683 342.86968896646067 259.4057182663205 258.1339268197148 359.96749939032 343.2541565344309 226.66699150160548 352.65412784900036 330.49642750567637 410.2622589465482 330.7542849513611 338.01685179567585 187.9139811062446 290.4936897058951 354.8829741014997
273.0046342478231 226.70139929446032 294.52067741398423 288.2103628160867 322.18381379756283 244.17642553046153 302.3012652156963 329.18345667674294 263.7926790742649 252.35645948139972 292.1841182754915 340.74862291411364 205.44799174953187 227.92211867424794 167.3704086227208 291.96979778382683 333.67460514218965 259.4057182663205 258.1339268197148 359.96749939032 343.2541565344309 226.66699150160548 352.65412784900036 330.49642750567637 370.9565636855623 245.49730355266774 338.01685179567585 187.9139811062446 258.4164199529587 238.2055363301506
269.1571407917763 226.70139929446032 294.52067741398423 288.2103628160867 322.18381379756283 244.17642553046153 302.3012652156963 316.29727470567104 263.7926790742649 252.35645948139972 292.1841182754915 264.6267009934986 177.8316003472337 227.92211867424794 167.3704086227208 291.96979778382683 244.10547086723727 257.7471500832885 258.1339268197148 250.11530493535156 317.1258500743734 226.66699150160548 329.6404673317629 330.49642750567637 223.53059701136544 245.49730355266774 310.2614110421714 180.11651120475335 258.4164199529587 238.2055363301506
153.09737844434812 144.39184277553613 225.84013315174252 183.19444841420955 274.01113431149724 224.9372371585514 262.54317321746294 249.88523699407097 260.34104757767545 252.35645948139972 276.93662992225836 239.3900251345899 177.8316003472337 227.92211867424794 140.0196493209637 195.13472712431258 207.63147273155346 229.66849663199127 187.0427583985679 213.51230054256848 271.3316925422532 226.66699150160548 213.6806342486093 229.339605187306 220.88032259229203 172.47806283595492 192.93537458356604 180.11651120475335 218.55451426047694 230.479652529516
153.09737844434812 137.24647653203192 185.9477676356205 176.10247423526562 150.63443057400036 171.7953052805151 169.08657089446706 213.28656173837635 203.7223659037777 239.95129023566778 192.7608012656833 201.31362971312956 138.7431367291415 167.3194124594288 140.0196493209637 181.3714309520342 181.61447842425014 189.94542782972803 187.0427583985679 190.90056678989868 174.1662196586576 174.51381422210898 181.95088797062954 214.93951985723015 175.97125231733708 172.47806283595492 192.5155745373322 132.70778861276722 185.41460056037022 200.01691740714523
131.81450108616173 137.24647653203192 140.77653576568582 149.58088565623666 124.50611111568696 132.77250666927694 152.15003838570647 160.14254634812187 143.85432918452761 152.1625787097455 124.22575270041489 161.51071243398155 134.72055189104913 143.38810252243638 137.095470627356 131.07624923942012 121.97994799227399 169.33312260076855 149.34562252341266 119.83021926949732 129.43144514766254 105.4035898178754 176.36140426775546 150.93280597150988 124.66439218702908 156.5785468777267 154.55074966002667 132.70778861276722 160.48173296768027 133.83443297384156
121.87802782110157 115.86723883580953 101.21347620086362 119.83046084342459 80.77273552077531 122.02073764494344 138.0587276910387 112.36714710322576 117.0820255834642 124.00611491669042 74.01353081311254 110.97827908268164 74.76937664273237 118.48662289675485 98.26068842541099 122.688393650129 107.88883505639114 98.89290653984199 123.86596109949551 117.65598657373312 93.51372307098336 105.4035898178754 135.21502651507353 141.55162172374867 103.39529091039412 136.2699279040571 132.4016032944155 117.76152294302301 114.28554297139317 102.46599216554841
79.12254806733245 89.0622307694648 91.8263774078141 95.89010121152751 80.16361665226668 87.14593966114353 111.12421259220673 84.23698650235383 89.34405671188551 94.1640379547407 74.01353081311254 89.17033716543756 70.3864630316366 92.55790522876623 98.26068842541099 85.33950131024858 76.30866710113742 96.98227746736211 100.7883862063236 92.46317103110096 80.60610431382611 64.90890545623915 89.68916489947605 84.98213262829131 92.13893095818685 88.26125526877195 98.90317016434756 102.47015479416405 95.55938363130417 91.53416238607315
72.97059233287428 64.24964134476159 74.25752029681871 66.23154506379342 66.01779819778994 75.71607671848096 64.42481106512741 60.08750912278629 58.84882277183942 75.13059674202214 62.82475589362457 67.98058358140042 64.27468381072822 60.694009854451906 76.17825472861796 67.05706385678377 72.25328653694669 61.52951122131435 61.05101987470334 64.81321757185879 59.1534947383725 57.500850221307246 65.36712231053389 59.06113989240248 60.12641059096313 61.698447156563816 61.458216165807244 58.74057462059682 70.34426009305253 66.32192795829042
41.29691082013892 53.65941615464544 49.53415833738245 53.82839049506174 44.03303858285926 50.32566504907936 43.09204698098915 51.09039790729457 45.11980897924741 49.859321800824546 50.053797537576884 58.34986418970493 48.90562939648453 50.338035683191265 53.43459028302959 47.683609757947124 55.81464831919766 40.15811206901344 48.48535091916483 50.31765772931931 43.58229482575916 42.766492430337394 43.93024672531533 54.4425049877882 50.438915649901446 46.97744123920893 45.01205625348325 49.50874895212064 46.85270707442146 54.2137173345227
36.32993896143171 34.45117827425656 34.47044477779582 35.1964292912287 34.313794111294555 37.037081725002054 36.0136885936995 34.493188483993436 33.253888059480914 36.97775236768689 37.572892430873026 32.35114455249004 35.39866122556873 35.23564795610787 36.99071386445689 33.06768982787685 37.95343008202212 31.662563466431948 32.65618773631331 35.53177343204288 35.10163241318014 33.45632956069517 35.944548906141335 37.19015803709567 32.525081622078915 31.83878450113002 37.643470461877996 36.407975733326566 36.90562386156125 37.82422129555107
27.126044244675995 25.514620921162532 26.94666427198422 27.00173580972978 26.208120284651386 22.67075591087928 28.0754971576755 27.054450366909805 25.96815956420778 27.574092217904308 26.492215388913337 23.54415373433517 25.874091446489956 26.08152960147936 26.302821335131057 25.72281198534415 27.074176769841188 25.709783881167596 25.88158037403491 28.74895553713918 28.10796892796975 26.622890562274733 26.230148870655512 29.942078274721553 26.720872418032513 26.29831341279055 27.751222453760874 27.43129081419079 27.678048559261242 27.850572335586094
1e-08 3.609223683256687 20.623152600771164 0.4774539088195979 7.276881661400466 1.9900376608602528 4.29200948450125 6.466439118471953 2.302091370175731 3.2970504273694132 7.2088195801725306 5.2869635036609 0.9961491324959297 4.292009484454638 1.989918114722741 19.999998007390786 4.058241291018476 2.3020913702630423 3.2970504272832386 20.4193147259723 19.999999969574446 2.3020913701957397 2.9848772390237173 4.2920094843598235 0.9949726175702835 20.994006779715164 2.61426462617942 20.6241227985754 1.3071323131282497 20.312229380207782
958450.0 1000000.0 1000000.0 1000000.0 1000000.0 1000000.0 1000000.0 1000000.0 1000000.0 1000000.0 1000000.0 1000000.0 1000000.0 1000000.0 1000000.0 1000000.0 1000000.0 1000000.0 1000000.0 1000000.0 1000000.0 1000000.0 1000000.0 1000000.0 1000000.0 1000000.0 1000000.0 1000000.0 1000000.0 1000000.0
