217.0543873800002 198.01861331833197 136.47060021263815 125.99179321441125 208.64254668501144 154.5137525801165 165.57097765913932 187.55872917257693 173.95632320076083 131.80326117471122 166.22465427043744 204.91876664337587 150.5900522686061 192.4979508663837 214.60141646246439 154.85500230506977 199.67715251840082 157.80505845712696 165.27314500533794 106.34632405185494 173.22928306473568 155.85522631716503 198.41979138736133 176.23432690465006 188.83922033206773 190.89576759618785 254.1278110110611 151.95637317917272 241.4098782046185 196.65171852638787
165.7141314032183 198.01861331833197 136.47060021263815 125.99179321441125 143.4097310576558 154.5137525801165 165.57097765913932 106.89190367355786 169.676238862809 121.87979529772429 166.22465427043744 158.1355107756458 150.5900522686061 192.4979508663837 175.9407156211023 126.94410941781734 164.99437835400886 134.53004045954867 165.27314500533794 106.34632405185494 173.22928306473568 155.85522631716503 198.41979138736133 176.23432690465006 188.83922033206773 129.42187271011562 254.1278110110611 151.95637317917272 170.95364238988168 130.6280510594529
165.7141314032183 143.26417615429045 124.39331587450579 125.99179321441125 118.78662300310907 154.5137525801165 165.57097765913932 106.89190367355786 156.36304833871054 121.87979529772429 138.43535277796218 158.1355107756458 150.5900522686061 192.4979508663837 175.9407156211023 124.08807816457647 162.87592882023455 122.4692509878646 133.79426596305075 106.34632405185494 173.22928306473568 126.63937966115282 149.28116891517493 176.23432690465006 177.33738133775387 129.42187271011562 121.95301377398437 151.95637317917272 170.95364238988168 130.6280510594529
123.56962780262484 133.44338628863125 115.92321545993309 125.99179321441125 118.78662300310907 154.5137525801165 159.35677231816135 106.89190367355786 138.84301216121503 121.87979529772429 138.43535277796218 133.99513434477376 150.5900522686061 192.4979508663837 93.25201416968139 124.08807816457647 125.04449025895474 122.4692509878646 126.19072738620116 106.34632405185494 163.71489607513286 126.63937966115282 146.379308053361 153.467467342522 177.33738133775387 129.42187271011562 121.95301377398437 151.95637317917272 128.13435287608308 130.6280510594529
104.42249715336357 108.38663084750306 115.92321545993309 100.16842781180321 95.79327261854814 135.0113925548626 121.12439998021273 106.89190367355786 96.46001387454407 121.87979529772429 138.43535277796218 112.29594364288778 126.16759982319809 130.4380445136112 93.25201416968139 112.23210275055862 106.2006896957073 82.07692938715263 116.6495238217999 105.9805817252286 137.09524554821837 108.56719123087987 146.379308053361 141.33521934173723 177.33738133775387 109.42064210990839 96.17537962212009 137.1619254422867 122.8191648232837 130.6280510594529
104.42249715336357 108.38663084750306 115.92321545993309 94.71462684048947 88.58610252951485 88.40735702215488 94.92167292722888 106.89190367355786 74.45508081667003 82.87343811480059 123.53285734980363 92.58925025663802 117.38370443538724 86.50768155257128 93.25201416968139 71.2264878301894 103.89053893573737 82.07692938715263 116.6495238217999 105.9805817252286 94.27760942501618 107.43634195072491 114.21079538693402 124.2516107309516 87.58215266694378 109.42064210990839 96.17537962212009 109.90985683792451 98.35161446519214 107.95740668419376
91.72582883792711 95.9506412717792 91.04306596384959 87.70874191215444 86.32281243368061 88.40735702215488 82.81331573916486 51.56493311992699 68.99272881439447 67.71369625993384 91.98611834658641 81.33088719893203 77.06097259176522 79.51620450513246 93.25201416968139 60.56465859846048 80.0407140628763 82.07692938715263 74.86517698934131 99.7507070777101 73.66519994583814 107.43634195072491 104.33417723674938 65.94004292215368 87.58215266694378 108.6669441527556 96.17537962212009 100.99575198669163 73.71591378520952 107.95740668419376
76.27839953705279 77.01536645482702 66.99078438743663 64.56668712843293 56.08421410134815 72.07271315547223 57.98910590637979 38.01456377391469 67.31482153929983 65.02865902282701 57.92018763880742 81.33088719893203 70.68330420189886 79.51620450513246 50.55243825415664 60.56465859846048 56.72082935541948 72.32289590999471 56.98493138123558 63.990535986063605 73.66519994583814 67.21046733845742 73.86959371515741 54.94564033464576 84.73559898787926 72.6196494981732 52.926690216640054 59.95131468592899 69.781478962253 81.57609682016846
62.072185093722055 48.82904855597553 48.98915918067996 53.63256877690037 50.00283462371999 63.05267011560409 48.62709430045379 38.01456377391469 45.06647353728863 45.163491754797406 43.349636579484695 40.70643143586335 55.51884388909002 50.1000582582119 50.55243825415664 47.837214747308735 47.127079199398395 49.21720163810869 46.2308348882425 53.435735750451386 63.07624074851037 47.12889635965416 50.79093596948951 48.804629977606055 64.54115909381699 57.58126612722572 49.64049459991702 53.4426024664881 45.70958998807191 42.476449828089926
43.60609134997799 32.971352285300554 34.2384807641713 42.6519031643295 36.20077540794409 43.495165612193205 44.64778368670113 34.768173204302 40.39365932832152 33.016840231553715 40.16124174377228 40.70643143586335 39.94686121052655 45.5089544300929 39.532709495357494 32.66941494566663 40.74386006802479 36.15590329210818 41.07291306371644 47.57081096311572 46.84725331470759 42.48089396007117 35.38819175970457 42.53211729549503 43.168235211916 41.30958569996187 29.62858589454345 39.83320065723524 40.59588672039126 41.10586792630147
33.205078885346666 30.96680053344221 33.54427725456003 31.138265941661984 32.49606256882885 35.306902447696984 30.74294004374724 30.84414928505953 32.000148354911516 30.437139179058022 30.751370981402033 31.35443298327982 33.27032808029321 32.98543782548609 30.916617518459816 32.26452562146733 29.255709308287578 23.347508515854088 29.53594152861615 33.58540828219634 31.240409319793116 34.2969473156777 31.688201840738202 27.731225701586936 32.92728434782816 29.50685031910689 29.62858589454345 34.35664949061311 24.68454721201988 33.364531961384046
26.19685359143341 26.460475152170375 26.12086673718477 24.225997636522607 23.267176859203573 27.763060408061165 26.8086447179694 28.381981176069758 21.413504933424065 26.852223162692326 26.297030595545493 27.13511569215393 29.713972845202534 14.384555170675867 23.027910924651678 22.38037348672833 15.76087136483261 23.00731808322348 14.37322926039701 24.64192963160758 26.980662320183 27.202605107260297 25.12368454538114 24.59603177603867 18.29558719423744 25.513383297100745 23.335988088364275 21.595211735581643 20.33272022731944 27.010339803633315
19.57758557369243 14.711642495280557 8.80654527751608 11.96006291667777 11.227748983125593 18.98503082400748 10.512259620875739 16.859239117111656 18.181612298067876 23.0639712929119 7.580965880577196 13.038601883260299 16.832213936120752 14.384555170675867 17.658587546588933 19.62415964834213 14.100958197655245 12.927771189093392 11.830395927149084 7.590142459025401 18.34044062381622 17.92626885426239 16.716429653840578 18.081512183010773 11.227164746012704 16.256191387866238 15.364367508550231 12.654197235717447 14.449412481077388 13.93030406312846
9.398630128957393 6.559992392298 8.008651971072595 5.966359293843425 5.9165047582791885 5.671313810629954 7.905231591667416 4.284828381340958 7.774463726294243 7.10733042113543 4.535147096383298 8.842393591120299 8.88609563689306 4.894694760764196 8.393275457118534 8.032964997847785 6.288293162130003 7.388072776350555 5.969910342711273 3.8703117487875716 8.833830827622705 8.192985860367116 4.352589664278867 8.616803628164462 6.630222801881246 3.143455981553643 6.088731450081696 6.790051240246839 5.134481405718816 5.319483757315311
1.038042893831289 0.08654333615459109 0.29668114120386235 0.15595267334788332 0.9763600946753286 0.37087437276454693 0.34657578767269115 0.9783361920301559 0.31749329125887016 1.4813209578840087 0.10768939249123832 0.4691731834802795 1.5311852826207542 0.3032883790122014 0.45567790143877573 0.18779576332212855 0.09897827382360447 0.306254971377939 0.10184661347852852 0.21952385281701936 0.5847278617011398 0.6028794079304589 0.19823583835204772 0.682379157160085 0.4653181442481582 0.14542644428411222 0.2403270950676415 0.6002349202706228 0.1382599316334563 0.45978679528730027
1e-08 1e-08 1e-08 1e-08 1e-08 1e-08 1e-08 1e-08 1e-08 1e-08 1e-08 1e-08 1e-08 1e-08 1e-08 1e-08 1e-08 1e-08 1e-08 1e-08 1e-08 1e-08 1e-08 1e-08 1e-08 1e-08 1e-08 1e-08 1e-08 1e-08
179069.0 175601.0 184079.0 183482.0 177969.0 176376.0 188268.0 186532.0 182319.0 175290.0 178314.0 176822.0 174536.0 183102.0 183520.0 181154.0 181091.0 173352.0 180015.0 173649.0 178268.0 177946.0 181028.0 176870.0 169721.0 184133.0 178268.0 183539.0 183611.0 166815.0
