5982.051238754818 4728.747936351614 5914.2622924515435 6394.004779299307 6288.777378828261 2823.825120125772 5235.9407111602995 4000.985252858589 4714.551691343499 6554.596846453121 3559.0973148154685 4996.6272222973075 4965.279417541785 3085.1473997008984 3541.1656049396615 5930.1899549219725 3460.425842119921 5868.811988106391 5258.649554591904 4203.715305728464 6192.306856587052 5638.604095193061 5592.7689174484785 5244.009491751072 5831.465198573587 4546.792119898426 3757.957264568804 3243.229501559982 1538.4869362334364 3751.7775312815384
5228.67860111181 2997.3865331792354 5914.2622924515435 3176.757640847212 3293.868227192435 2823.825120125772 3854.8278722341156 4000.985252858589 3475.0577229921873 4011.2956501277267 2846.4084133563 4037.0947094625535 3988.1107016863407 3085.1473997008984 2753.4066983768203 5136.854458935482 3460.425842119921 3780.3875387994976 5258.649554591904 4203.715305728464 5311.524943023373 3251.6324342107214 3368.6444000054184 2972.006278238377 5382.329491938705 3841.9682073118565 3757.957264568804 3243.229501559982 1238.9440456314644 3751.7775312815384
2455.94151896517 2297.1122877598177 3411.47703490188 2759.93661060944 3293.868227192435 2788.6287418372845 3689.4402202179476 3761.8631614866144 1891.5493424841752 3567.019094715961 2846.4084133563 3223.680115309215 2186.3553103597264 3040.8757508267563 2753.4066983768203 3973.6413765903344 3460.425842119921 2816.3331537290924 4207.993415380322 3668.759424551217 2188.781376500618 2204.3954166587646 3368.6444000054184 2325.749371963649 3770.3225262726646 3100.083939044786 2926.319141115461 3243.229501559982 1238.9440456314644 3751.7775312815384
1637.3634405780226 2257.7508230608937 3050.00695833485 2759.93661060944 2227.5883716499698 2259.244752383723 2440.3120845975996 3391.1417191889454 1891.5493424841752 2603.675724163419 2846.4084133563 2686.3658456952585 2186.3553103597264 2569.799729633243 1567.633543687684 3221.1216248822357 3201.2731995791705 2816.3331537290924 2536.917361801339 2155.82006688115 2181.1474187541858 1335.2914571051806 2671.243210541033 1987.194593761053 3674.4545299332435 3100.083939044786 2222.1230510932864 3243.229501559982 1149.855561221218 2366.8702401063892
1561.611472102712 1847.549753992656 3050.00695833485 2645.1246010222017 1473.3736697223796 2259.244752383723 1982.90248783872 2552.0258527234573 1501.816012785615 2603.675724163419 1852.0305177597156 2307.0650846223325 1653.610114135869 2396.613114115142 1158.6953439837794 3032.302229315298 1880.0572774188959 2816.3331537290924 1850.1034437769467 2155.82006688115 2181.1474187541858 1036.2383100948605 2387.6519179522484 1987.194593761053 3199.7820486804667 2962.584203190381 2222.1230510932864 3103.9285617258374 1149.855561221218 1934.4219586922754
1302.1209325849043 1562.5584852993622 2681.758250093872 1685.7006814843817 867.7870492688523 1861.5301189126376 1982.90248783872 2552.0258527234573 1421.8326370593486 2603.675724163419 1852.0305177597156 2307.0650846223325 1332.3494494970453 1941.0395226825735 1158.6953439837794 3012.4011345905346 1880.0572774188959 2201.2608261343134 1117.1475610768114 1864.5897484659627 942.419374254127 1036.2383100948605 1750.4348962286913 1902.9901560734434 1454.656836528524 2725.9901111690006 2222.1230510932864 1654.174669836213 1149.855561221218 1905.1838381149164
506.623155656839 675.8363325672144 792.9338622262621 790.5270904265308 523.2638979884571 922.7884769358516 774.2234826517872 816.549856806945 888.9843932513986 1043.3082821198043 418.97229723861733 517.697081721602 540.8760656584583 716.3217901261555 682.8514500036795 1143.4420463708689 766.7273337857346 766.6018713790982 792.0540290693018 844.5551880033729 924.5535791377247 743.6935398641406 644.8295893226623 747.6195014199841 651.4972518286952 605.9697791560308 945.4623211216767 909.0673046524385 442.93033079717975 506.4104883949349
342.5162141618789 285.21453339906316 333.8094974977722 253.61406036315475 262.59616418089104 351.19478716578897 261.6146243609156 278.82804438944936 395.18432920485463 233.95095528487195 264.94693435855424 196.80548691373133 292.34378383482317 255.1595864338508 350.73819892133986 308.9497168650048 251.95977610042974 290.37866477925513 358.69089069435154 294.02433031673786 288.61838524149107 280.55281261365565 139.57905912478998 298.4730496332327 353.5143672884658 292.9581406369135 297.61255058062113 284.42770718987504 226.74669316707218 254.0667449951345
136.70228110608423 130.18303392289795 133.60334171112277 127.95782714201152 114.31658531091284 131.75076176144216 117.1290725475285 126.50420338086133 145.5923373459027 130.51037191211265 106.06875532265474 110.75979371292453 133.80972566726655 144.48046080655718 142.65980341149566 145.6176898969651 114.07945228703386 104.52210025743261 142.66127218172983 127.75423682611813 159.4318074442035 123.77946693892568 126.79573706578321 154.47320567023303 147.9011882949933 110.22528700913739 129.08314517528925 124.28280070862309 118.6535574337014 122.15883210714969
57.34733601018149 63.02379756810819 58.89050188617375 58.579281794967926 56.92670303833171 62.026331968987904 58.08459063492273 63.214960895998445 58.99876971945605 60.46784496083194 66.22764925133168 56.847650296484915 61.709589458357016 57.634831188642295 59.29735136353281 60.78297164899726 62.361658523593235 59.25786850825591 58.219213801929186 59.87952621719319 61.77259147920603 58.6397008949574 57.61200927575942 63.693958654112066 63.007842275962275 59.25785673731792 58.61026595459782 61.625579264696285 60.47004895208369 60.29330279636025
49.27645073287135 49.29257746695322 49.23608664468412 49.21580908793038 49.23177116744529 49.25808136364515 49.21222858555598 49.34839106314689 49.28790980926965 49.23697741233832 49.29890151036244 49.21005610532728 49.290558847280806 49.31269935885206 49.285772345034445 49.20272977607624 49.216326394312375 49.19544101107249 49.20014040270843 49.300323430482706 49.29291637343772 49.24355180640646 49.27156466777467 49.302936622051334 49.28083827149379 49.23384909889944 49.24926399446741 49.33975410137958 49.242619527181546 49.244073894570306
49.08457557907559 49.08461716921374 49.084567803778384 49.084546216167666 49.084583250614514 49.08456433228167 49.08455973337101 49.08456411280895 49.0846454051142 49.084611600541905 49.08455728245826 49.08453318311848 49.084563879835855 49.08457303605445 49.0846265243502 49.084568781360645 49.08454825900753 49.08456336165864 49.08452217724505 49.084585735414294 49.084627764221864 49.08457888970605 49.084601408757635 49.0845609031108 49.08456261638548 49.084581077973155 49.0845582442667 49.08459477169583 49.08452751479706 49.0845828347708
49.08447897956796 49.08447897959542 49.08447897952544 49.08447897952823 49.08447897952345 49.084478979520895 49.08447897952675 49.08447897954926 49.0844789795961 49.0844789795936 49.084478979607866 49.08447897951248 49.08447897958035 49.084478979620826 49.08447897954193 49.084478979527034 49.08447897952556 49.084478979508845 49.08447897952419 49.08447897956637 49.08447897957495 49.08447897951953 49.08447897956063 49.08447897954801 49.08447897962003 49.08447897954852 49.084478979542325 49.084478979584276 49.08447897952129 49.084478979556025
49.08447897948122 49.08447897948122 49.08447897948122 49.08447897948122 49.08447897948122 49.08447897948122 49.08447897948122 49.08447897948122 49.08447897948122 49.08447897948122 49.08447897948122 49.08447897948122 49.08447897948122 49.08447897948122 49.08447897948122 49.08447897948122 49.08447897948122 49.08447897948122 49.08447897948122 49.08447897948122 49.08447897948122 49.08447897948122 49.08447897948122 49.08447897948122 49.08447897948122 49.08447897948122 49.08447897948122 49.08447897948122 49.08447897948122 49.08447897948122
49.08447897948122 49.08447897948122 49.08447897948122 49.08447897948122 49.08447897948122 49.08447897948122 49.08447897948122 49.08447897948122 49.08447897948122 49.08447897948122 49.08447897948122 49.08447897948122 49.08447897948122 49.08447897948122 49.08447897948122 49.08447897948122 49.08447897948122 49.08447897948122 49.08447897948122 49.08447897948122 49.08447897948122 49.08447897948122 49.08447897948122 49.08447897948122 49.08447897948122 49.08447897948122 49.08447897948122 49.08447897948122 49.08447897948122 49.08447897948122
49.08447897948122 49.08447897948122 49.08447897948122 49.08447897948122 49.08447897948122 49.08447897948122 49.08447897948122 49.08447897948122 49.08447897948122 49.08447897948122 49.08447897948122 49.08447897948122 49.08447897948122 49.08447897948122 49.08447897948122 49.08447897948122 49.08447897948122 49.08447897948122 49.08447897948122 49.08447897948122 49.08447897948122 49.08447897948122 49.08447897948122 49.08447897948122 49.08447897948122 49.08447897948122 49.08447897948122 49.08447897948122 49.08447897948122 49.08447897948122
1000000.0 1000000.0 1000000.0 1000000.0 1000000.0 1000000.0 1000000.0 1000000.0 1000000.0 1000000.0 1000000.0 1000000.0 1000000.0 1000000.0 1000000.0 1000000.0 1000000.0 1000000.0 1000000.0 1000000.0 1000000.0 1000000.0 1000000.0 1000000.0 1000000.0 1000000.0 1000000.0 1000000.0 1000000.0 1000000.0
