1044.2440151999044 1149.5737850602645 1181.600944658694 1122.1686722822988 1231.1679162166274 1370.7199512062289 1077.0780512190831 1205.8349530351707 1229.3629179823083 1096.081345267115 1195.3696478346778 1038.9501020170856 1247.0861359744667 1222.3195514893614 1462.7315904330244 1453.0471582088958 1125.4047679464566 1266.6307417487938 998.5635750336655 953.4061271191531 1202.3885934915625 1419.7341579341337 1343.9326490546737 1122.0639911125168 1208.6935494019808 1250.0550660027147 1237.720204102765 1269.4365432654636 1374.3259697053932 1119.2723619211356
933.2850107192871 1087.174048884056 1032.451486377896 912.7959481221969 1076.8803429929376 1148.3668325776543 777.8180466487547 926.608198071574 525.1174929277622 1035.4331706069715 668.4200125114812 1038.9501020170856 844.3013606914074 1222.3195514893614 1194.0816679115205 995.8552723999683 979.8200225485025 994.593049127699 998.5635750336655 953.4061271191531 755.4206250478801 1131.0066070635285 833.6871118263543 928.1692565507947 1011.5872163536783 1250.0550660027147 991.0140190755087 931.3996957424342 1194.6470116805358 1032.4218966991439
795.1382767505538 963.3170267972873 899.2632270532081 826.841647463681 1055.1943721878347 974.129057338937 777.8180466487547 663.1051482007388 525.1174929277622 780.4477589992694 668.4200125114812 1033.75739141353 828.4949681698677 1027.609799613822 1003.4555913526465 974.42590579438 548.2319639625302 687.4054022383111 981.370846199221 872.7940805745393 620.5389161411931 950.8025670460697 632.514023717381 899.6503800383007 973.2293085471056 686.2040970483222 778.6644624388114 829.403544656247 1194.6470116805358 848.5105831166516
665.0999328085318 687.3323132761216 885.0566243502103 770.3409924328616 776.3875366193806 855.9518256081678 713.3179643279618 532.2153879372327 525.1174929277622 780.4477589992694 668.4200125114812 817.4566180261472 741.7341578393552 758.9847666837281 597.5140143654562 450.34835492693855 548.2319639625302 686.495127141488 760.22687515095 652.5694507127978 619.6053535291935 727.6121403066008 632.514023717381 737.5877712676715 812.1101570700771 639.8415532951112 556.6691374689472 822.6826822802705 850.6665231291831 792.1047230498762
665.0999328085318 533.6081558984247 760.8219100290012 576.5960029516573 776.3875366193806 686.1432795923602 674.9800480657159 532.2153879372327 509.75766181137305 646.1288600732187 626.136132069254 535.1479945824894 529.8669996956669 615.0189658876884 380.01013103283276 450.34835492693855 548.2319639625302 519.6654431226757 760.22687515095 652.5694507127978 619.6053535291935 697.720469669589 632.514023717381 724.1048041008862 731.5568230990257 639.8415532951112 488.9430604527788 591.1140390684845 850.6665231291831 792.1047230498762
595.4578393739921 427.5369028074415 644.1649434870328 576.5960029516573 520.4908723168546 540.8307002231172 574.7961624015361 519.8152094013599 494.2670165858149 541.7181156010092 577.9694746990658 501.6650845799395 529.8669996956669 615.0189658876884 380.01013103283276 450.34835492693855 548.2319639625302 519.6654431226757 657.5053923656405 519.3234964117396 460.5168664932876 668.5517796330896 581.0412209196602 441.792219763749 626.3786538749696 625.4815654575641 488.9430604527788 523.4202229060957 597.1615581368787 614.5425447515136
366.9497467475762 375.8378621270708 382.3812683786541 338.31031407696446 382.6146241799197 340.73749334566173 363.7581606407248 331.8039184971376 377.5122836435553 331.39598419874073 422.80618672124456 367.01561734703637 382.0768491190852 338.12267721752187 310.17675809759066 366.5634378464306 390.2067581890142 346.9769519528186 362.2038058724488 356.07968241567187 381.6154659729759 363.6710663537888 377.17905901343056 345.3719505522331 374.9944539885132 355.1327647168282 369.9130792105552 325.2658282584698 330.20216211905336 384.1034573198176
306.23069638788274 309.64502376466726 304.55171691172154 300.07244563211407 293.55563383852905 307.62146531382996 316.6866556682826 286.0496882876005 274.4386847828223 308.0245484210077 318.22224668141916 295.9586084237908 311.2646975519315 306.4296453990305 287.17754418891946 297.0361633703442 299.78775118570366 296.7698423398215 295.3829444305129 305.15869871107725 308.0145229743516 308.2678520266495 290.24886000029073 299.0030456341733 281.39749751353975 307.10088209817013 304.9678731700219 298.3609762511105 319.79610951664336 294.2146721854597
268.44295598058306 268.3844478778765 265.3334994006068 270.36251296218416 269.6400702687215 270.4191405712372 270.48670024418334 266.8886090186297 262.16785685575496 265.6600899767236 274.77734800764574 263.71121741404113 272.4921743166665 266.9988578837001 257.9848996070373 265.9237396765943 269.90971566586404 263.4788789173599 259.8957422022427 273.09633677723923 269.9783941476776 280.1291071981923 265.52602008201256 260.60972043360243 265.56241983285827 265.20433210313377 267.00906610773245 267.20896964379017 275.9562524589719 269.13499359134676
249.83884646027855 252.99339651143873 251.2698956179056 250.56276306615473 250.21112555775107 255.67011983381735 252.75964086592285 253.7212651662967 251.30090923562648 250.19944583312827 253.63931439942826 250.6649314504525 255.04892110086575 252.68106712524332 247.70212725248894 251.5476322642171 249.20481638825777 252.53962016248988 248.62446044613716 257.9245134918292 254.93530275755938 249.9629296168605 254.9855869637222 249.68657373216502 254.78394187858157 252.58966683824565 253.32584654495804 248.26925737241118 253.6407873831795 251.62758546926943
243.88871344492372 243.53006022870477 242.56994392387742 241.3260444265661 246.61623286213035 244.73337262843233 242.430565269382 247.9795761689661 242.75464308009305 241.64277134984877 240.28504092076582 244.31799766193262 251.47251197097376 245.7412837735974 243.32980226034124 242.6329795649135 242.981389179266 242.39189077049605 241.30398278126358 245.85001161365653 243.0286630714063 242.00537544586405 248.98561380822366 246.45054571132732 245.04306451355478 243.80449165060736 246.71838460422396 241.59543450763204 240.23754675877535 246.25501053635162
240.56590770710454 240.3626764264268 235.3006520497538 235.01994686917578 241.9884427733623 239.35556099228734 237.5717747344156 244.00735669563164 235.74364071214723 236.0583326456799 235.8221966846172 238.3864318367905 243.6537395683763 241.61441839965255 240.14823446610853 236.7676265353125 236.61112334539348 237.0136446551519 237.1235335258716 236.5994948254688 238.15646586905086 237.36426757335994 242.3866003182593 240.9809053494655 237.40004402513432 241.96568073404205 240.72759427005758 237.7040122444887 235.59817637295646 239.86302339042277
239.44180931968822 235.66247422990637 233.97430325433652 233.9743013125244 240.35178723950366 237.1439054914249 237.11701001639358 241.56262121777172 233.9743041944157 235.65492044957 235.6549204256221 233.97811801476792 237.78866440157253 240.83014008944974 240.12225590672233 233.97876986284973 235.6549205678757 233.9748399999662 237.11700980543674 233.9743093002039 234.21149108156624 237.11700982711045 237.83821892855076 235.27793598320523 234.28027548555383 240.4032091679992 236.0199411619028 237.1170101847606 233.9743026593701 234.00577748198748
239.44179589730084 232.2631565358256 233.97430094618903 233.97430094618903 240.34953645387304 232.0125645789667 237.11700980483556 241.55720368018 233.97430094618903 235.65492041127527 235.65492041127527 233.97430094618903 233.97504366073508 240.83013882695013 240.12225590524167 233.97430094618903 235.65492041127527 233.97430094618903 237.11700980483556 233.97430094618903 233.97430094618903 237.11700980483556 233.9743009644667 235.24435497244804 233.9839607382737 240.40071012841554 233.9743617397612 237.11700980483556 233.97430094618903 233.97430094618903
239.44179589730084 232.2603145168 233.97430094618903 233.97430094618903 240.34953639553896 231.95063763325925 237.11700980483556 241.55720365620436 233.97430094618903 235.65492041127527 235.65492041127527 233.97430094618903 233.97430094618903 240.83013882695013 240.12225590524167 233.97430094618903 235.65492041127527 233.97430094618903 237.11700980483556 233.97430094618903 233.97430094618903 237.11700980483556 233.97430094618903 235.24435497244758 233.9839607382737 240.4007100466356 233.97430094618903 237.11700980483556 233.97430094618903 233.97430094618903
239.44179589730084 232.2603145168 233.97430094618903 233.97430094618903 240.34953639553896 231.95063763325925 237.11700980483556 241.55720365620436 233.97430094618903 235.65492041127527 235.65492041127527 233.97430094618903 233.97430094618903 240.83013882695013 240.12225590524167 233.97430094618903 235.65492041127527 233.97430094618903 237.11700980483556 233.97430094618903 233.97430094618903 237.11700980483556 233.97430094618903 235.24435497244758 233.9839607382737 240.4007100466356 233.97430094618903 237.11700980483556 233.97430094618903 233.97430094618903
1000000.0 1000000.0 1000000.0 1000000.0 1000000.0 1000000.0 1000000.0 1000000.0 1000000.0 1000000.0 1000000.0 1000000.0 1000000.0 1000000.0 1000000.0 1000000.0 1000000.0 1000000.0 1000000.0 1000000.0 1000000.0 1000000.0 1000000.0 1000000.0 1000000.0 1000000.0 1000000.0 1000000.0 1000000.0 1000000.0
