847.8634666068922 259.81506374900914 834.406824778488 2737.1304014870357 1135.711944533011 1270.152901617034 2085.613799954207 2031.2868936793375 1005.9417096766715 1727.8690244714671 2300.0932362613 1416.4925701089273 1245.0421601490173 588.148005041763 1724.1330176133579 1501.3807345247913 1528.0529193649431 811.4162197314456 1933.5981717474065 2266.8261287853743 1793.745410654894 1465.7751624472853 1117.668647886645 1191.475050938819 2485.684239470337 1286.7146636258296 2263.7584893731096 2086.6768773972526 1604.095517637406 2418.7949274781936
847.8634666068922 259.81506374900914 834.406824778488 916.0226165006493 1135.711944533011 1270.152901617034 1938.9266563279662 2019.628496378597 866.1288633642923 416.9570764768814 1311.5431588448482 1079.121187964475 1245.0421601490173 588.148005041763 944.4141933004212 1011.5137504082049 1528.0529193649431 474.8568027322525 747.2281851545767 1145.8707024461999 1754.1033079972658 1260.0971538843698 1117.668647886645 1191.475050938819 2015.0078596064095 1286.7146636258296 1188.4015689033217 2086.6768773972526 553.2479385291938 1408.1424111757456
472.31070078430935 259.81506374900914 834.406824778488 753.843254545849 880.3179235381222 728.9362419039708 1495.6484999871095 854.8617028035821 866.1288633642923 416.9570764768814 973.3892982849359 600.3058160414118 1222.5876224677306 588.148005041763 587.0117649613582 368.5272532859915 1528.0529193649431 287.3598012685911 747.2281851545767 1145.8707024461999 531.8835824025201 961.272885888184 1010.4775297040733 1062.4794674934524 857.2244363288069 1286.7146636258296 412.98214139480353 1292.0293970496516 453.24961282341803 549.7209062225913
472.31070078430935 259.81506374900914 598.9816828560587 628.1483855803629 622.9300100098318 728.9362419039708 1191.2565341861591 582.6706671846936 866.1288633642923 416.9570764768814 916.8777333902376 600.3058160414118 1222.5876224677306 588.148005041763 587.0117649613582 368.5272532859915 1445.607647770593 287.3598012685911 730.3450100258569 490.26262432414455 531.8835824025201 876.4590847767929 939.3984887453564 366.1788303128659 658.6632780067939 498.32031637718967 293.6407427226984 1085.0701316765605 453.24961282341803 549.7209062225913
250.0327761353592 235.6046914351931 329.2421652396356 351.06598997076253 241.4002540341371 329.2167984540888 364.8387576237898 290.4529082194566 348.7188338303529 290.56888380803855 271.07578606233096 205.0284874218637 230.04359466064489 336.45836475901206 448.6780625950122 312.2454113781466 339.5154819989175 282.79033962499227 198.1209390517255 108.11242043961954 522.3663041192943 337.1458943540008 151.0544259411704 245.41349357878448 526.083636567501 121.52672239099581 201.16673130714753 427.19906700532454 293.01197355304475 549.7209062225913
87.89002978487179 86.40890161749843 138.101596077649 118.36376094062928 241.4002540341371 209.39284107418257 146.05173531590367 164.8955644645739 122.66440784404665 160.693921852951 160.51331885846605 128.08173708510685 190.15431055082774 155.8283453825427 208.6740190412487 136.6944447144275 146.13908801497075 138.20595290839356 98.06146285276952 107.98320547779917 140.61145859382304 230.28658652904403 151.0544259411704 144.03625797394102 124.93016704834906 95.52718772678992 130.44270626528805 120.33884401134105 155.58559970585065 116.65630675633759
86.8575166750519 53.58530082982213 113.71646596075334 100.8772941723401 156.6218587224423 108.17064825112072 95.67005109855188 113.59028602637227 86.63965691312944 121.546239670555 95.27651492790983 74.36200095979223 109.1104863687799 107.37234503304285 129.2669536768035 58.19610609544418 69.47875300613362 93.12541729346424 76.54297300775443 107.98320547779917 133.520913434337 142.99175912871283 129.90514895715955 86.09742928686273 77.7246475823602 84.51794769135842 123.06706269334143 89.4884448054836 72.22844119553554 113.58954257472283
62.496820747782294 45.850705700425465 27.685983187855584 50.439356297676966 52.35706648106077 55.291454232614285 54.52110646239049 89.63831555058937 55.49878235639619 37.09761423127446 52.901807316800955 55.71236363336618 51.606562430529266 48.32055266290081 44.57377909546881 58.19610609544418 55.00934548276109 47.70608412902931 47.19596046967041 55.864500160290845 27.638151083795265 70.6560964702499 45.146151180137736 37.998108864432595 47.21274205353251 21.504731617840207 65.45477608512715 65.6263059358892 57.127885862905146 72.20553171502644
24.26796268719943 21.72890460606061 10.5889416060391 17.126313171273864 24.325694601050714 29.725888231522106 20.44149349473838 25.601877938458642 22.170036309759325 14.169516259960233 28.619329766963972 22.48705319504944 20.50070710955606 28.221163433818447 21.127078986525646 29.471928922349264 31.396312113925774 18.036918337328643 23.83867026528128 24.385411950879302 24.35274947554268 34.303900975189265 19.307364068993934 25.636351465433222 27.984689552373823 19.82364823268898 21.188191114079075 13.690662793875788 17.04370831321978 24.974255459662857
10.886265070155957 10.343725507494241 10.371208159235607 9.357867102487035 10.6631873424447 12.582832538340767 11.623708612439827 7.944253234591429 12.902400995849916 10.587598138742578 11.797444390768703 9.7863786223582 10.587218358070686 10.613297668610016 10.752044735166976 10.96469813982202 10.75294885687714 10.16798963487264 10.241926801746843 12.840510980995077 9.74409564383825 12.726589185990974 9.942177708890597 13.736966663987175 10.576940074277445 9.892039619170589 11.515471697879377 9.740079694933627 12.22112580462715 10.581252580285422
7.415141216023585 8.953275529992027 7.591698873662608 7.1113515837875525 8.996125426569279 7.874927650423956 9.028706966625919 6.980718518336801 8.08699870342764 7.64321866006145 7.11573163173432 6.987570552170894 8.952777101549486 7.348784023668031 8.999657619994252 9.503712096321124 8.94651219518255 8.943024276692825 8.963260222977283 7.823807675013086 7.406024834756238 8.576279493869492 8.959841732551865 7.7692524375989365 9.016919127337019 7.0919000634077065 9.092690300891888 7.1268777918818955 8.959237261753174 9.043125722283548
6.153529609005773 8.916242166828113 5.941985312066834 5.8362877663930135 8.916208448046177 6.208672246934668 8.916213848889583 5.752692390045354 7.140904248194943 6.071344404552292 5.7526584718692675 5.771621678869451 8.916144386892142 5.752690403685847 8.916152776117258 8.917660362363733 8.916252570779477 8.916151585832495 8.916249541814864 6.570434311641918 5.955998791083289 7.5048406680839435 8.9162044268719 6.880746980849551 8.91619582500715 5.679640898179059 8.916317395013152 5.818640532981249 8.916256373590727 8.916305745898853
4.689086899135532 8.916101930253944 4.588514529287579 4.468134731940495 8.916101929371848 4.681985637784408 8.916101929676074 4.456762056196169 5.45354090063023 4.646644086579215 4.478256120206709 4.408796285983328 8.916101928511182 4.468002949394474 8.916101928781927 8.916101946933509 8.916101930248487 8.91610192822344 8.916101929694378 4.780292103684872 4.537271912753795 6.438911704582949 8.916101928521073 5.918528649403356 8.916101929010836 4.4565623259520635 8.916101929559204 4.492260074818205 8.91610192972314 8.916101929215358
4.030474971062063 8.916101927781312 4.031117821018597 4.020157325181515 8.916101927781312 4.02239173340223 8.916101927781312 4.027640408281229 4.118569746283356 4.023861665097797 4.018916451702637 4.019325936425503 8.916101927781312 4.016699366601301 8.916101927781312 8.916101927781312 8.916101927781312 8.916101927781312 8.916101927781312 4.047164290314413 4.024133509469721 4.432311733293773 8.916101927781312 4.291416284810339 8.916101927781312 4.0118524601123795 8.916101927781312 4.017129754709799 8.916101927781312 8.916101927781312
3.9866169127463422 8.916101927781312 3.986614169651716 3.9866611943462544 8.916101927781312 3.986646490294163 8.916101927781312 3.986637779850639 3.9868255764050673 3.986646457330039 3.9866025404464267 3.986600785962935 8.916101927781312 3.986604938360017 8.916101927781312 8.916101927781312 8.916101927781312 8.916101927781312 8.916101927781312 3.986629512934428 3.986600615682164 3.9868651862188926 8.916101927781312 3.9869865703625464 8.916101927781312 3.986591984865811 8.916101927781312 3.9866089006582683 8.916101927781312 8.916101927781312
3.986579112347158 8.916101927781312 3.986579112347158 3.986579112347158 8.916101927781312 3.986579112347158 8.916101927781312 3.986579112347158 3.986579112347158 3.986579112347158 3.986579112347158 3.986579112347158 8.916101927781312 3.986579112347158 8.916101927781312 8.916101927781312 8.916101927781312 8.916101927781312 8.916101927781312 3.986579112347158 3.986579112347158 3.986579112347158 8.916101927781312 3.986579112347158 8.916101927781312 3.986579112347158 8.916101927781312 3.986579112347158 8.916101927781312 8.916101927781312
199997.0 199997.0 199997.0 199997.0 199997.0 199997.0 199997.0 199997.0 199997.0 199997.0 199997.0 199997.0 199997.0 199997.0 199997.0 199997.0 199997.0 199997.0 199997.0 199997.0 199997.0 199997.0 199997.0 199997.0 199997.0 199997.0 199997.0 199997.0 199997.0 199997.0
