86.46408168194239 79.47011250435844 74.11111881923603 85.7487875388623 94.14006086905067 91.63313374541622 111.58172855431053 75.11868753163105 69.07247089215775 99.42720660154885 84.42208468493811 92.34103923152247 70.7967230466453 88.8156790194073 93.87545486309546 73.99315401993329 107.95679416037012 79.0406630300082 106.05992333646714 69.36116150531961 63.18176770761568 62.84046944683246 57.36417161770805 87.83770443527351 78.32035396202036 100.56148171990151 82.44484697523876 88.04421824564054 82.0596714734537 74.00138382322268
83.92995019045782 69.79562007441893 74.11111881923603 74.98266079814437 74.9554948083188 85.477990505045 50.94903302943567 62.72614103664387 68.73209864019668 81.99538023768707 73.71812026700582 85.96955543583101 70.7967230466453 74.49743607260257 69.55250599580256 73.99315401993329 82.1770710713738 79.0406630300082 83.65906369813206 69.36116150531961 63.18176770761568 62.84046944683246 57.36417161770805 87.83770443527351 70.29435284160263 61.45140819170456 82.44484697523876 87.80027556637037 70.31745971864189 74.00138382322268
78.68836449794753 68.32010457714864 74.11111881923603 70.15949811891187 74.9554948083188 56.335390715984545 50.94903302943567 62.72614103664387 41.226342582977395 71.53873331991679 51.75148929345096 85.3028469744363 69.54345268393092 67.04081339622803 67.8896731898883 63.93080649345745 68.50922038726094 61.904957668090105 83.65906369813206 69.36116150531961 60.25828624222436 60.755998536149605 57.36417161770805 75.67284443459039 70.29435284160263 52.09136114120224 82.44484697523876 65.07355863972282 69.19791153099823 67.99513018665061
34.82765870829701 55.07461097633268 55.29700854538953 70.15949811891187 69.62351926656982 51.97437390587436 50.94903302943567 62.72614103664387 41.226342582977395 71.53873331991679 51.75148929345096 66.0358561087852 69.54345268393092 60.119026251543005 67.8896731898883 55.070210700147754 68.50922038726094 61.904957668090105 75.8087512242331 69.36116150531961 60.25828624222436 60.755998536149605 57.36417161770805 69.57097689785076 45.15070072772437 52.09136114120224 82.44484697523876 65.07355863972282 69.19791153099823 63.6788064979213
34.82765870829701 54.749095771788234 32.39897237213506 61.859364239792285 35.73641210159542 45.531350166697166 50.94903302943567 55.44553667203445 41.226342582977395 60.06721155618936 43.456878123760134 41.75668664739669 65.84179180102376 60.119026251543005 49.565384724267346 55.070210700147754 59.18872640988525 37.44780469728687 67.62998489646884 53.99110776116868 46.3817226642567 57.50407922173622 51.39704456690981 53.491323665476784 45.15070072772437 43.81911723486394 68.05496149606097 50.04412006030782 55.440808196513785 52.716806861617556
34.10002044311955 44.8889234925723 22.809756888944207 46.44288474965742 35.73641210159542 40.702638517427886 45.259128922363175 51.426258020237356 38.976973310635344 44.979700824423276 30.038727078769057 40.8366247200172 55.77683788571585 47.44630693984743 37.814041813417816 47.49785886121026 39.62108076444008 28.760902463683692 42.44490792659542 44.87620124020077 45.322816889422825 50.97394397918572 48.076138337361385 40.21770326979947 43.32692010426513 43.81911723486394 47.95945352086346 41.21713684899419 33.3694795882293 41.880796133649824
20.254149114725692 30.039729861797127 17.815268774556102 30.894413690395254 29.268614415520688 20.902473671438315 35.25152964057588 41.78045945045028 30.500068931612304 31.017066181451924 30.038727078769057 29.1439992358587 41.22538858569874 34.1839743619139 25.129210548330548 35.81365511862202 36.889233198663305 28.045439641218536 37.04891216745557 26.93964415157177 31.48742761624692 46.81652715452708 37.01652909659026 29.28448792691586 33.7507337293614 37.743825485573666 36.79417614401575 35.18990146578585 29.686535596331055 31.584240120630852
20.254149114725692 16.733091973563546 17.815268774556102 21.32245412601435 17.774155954513276 17.387726925858033 17.297769393434237 22.59613483978694 22.934606548510487 21.038706536517452 22.497176522063796 19.80514867987131 24.16848307426926 22.2735974353036 19.583308999776136 25.344710411704455 24.102894363232963 20.58333525992748 28.053701706051243 20.897122423912492 25.804997274914854 27.018132601078037 25.51215766476662 24.825258734063596 19.452158487499787 24.257475853722553 21.10940841098636 28.815128147172572 21.47443468486142 25.762204590358692
14.597239282708415 12.929461726104364 9.97834646744775 16.14774718137528 13.58621366899797 15.534109390180788 15.25510656418487 13.82795772415352 12.055669931957596 13.056718506593825 15.573337891923416 13.121217348828168 15.76313238835462 14.850542175162559 16.566027969027346 16.740871438871977 10.26989830244338 14.956334124974319 11.362051915772554 15.246710480425008 16.409474780581604 13.32738596627155 14.517499929948258 14.301333178673644 10.832464120242662 15.95757401005369 7.494656177861998 16.198149559276544 15.498730185554223 14.19663910240024
6.600093120648012 8.020214099481564 8.046151655205676 6.33389298339489 8.674240627566178 7.080360656782091 7.188376224102626 9.358473333555935 6.064991493115144 6.774208510517383 6.863097824755414 5.454622067994478 7.403548595241432 6.353689517312546 6.093767055233457 4.768283767309299 7.070822095374865 9.418177322378597 7.440064242740391 5.966990653657149 7.878612970005179 6.653306066382584 7.351134909919779 6.87000716256739 6.146873369746913 8.97711676067263 7.494656177861998 7.0724611177080305 6.806907939810117 7.018197860202008
1.2362944607039026 2.515459490705439 3.4345136398126215 2.809481559816618 1.971494179354977 3.0186538892806993 3.0590292123066547 3.003878757333837 3.0426796262030393 2.858099252440411 2.7338207379958703 2.558067943299193 3.8251098306914173 3.0973708850616504 2.4914410041151314 2.7686588690168037 2.3873476761900747 4.005242665359106 3.2273178255967423 1.4289021097598607 3.081601314774616 1.919995312191645 2.5489503400895046 2.027155570683817 2.4690988731171046 2.0214392339954657 2.296877070527785 2.6808284901138677 2.9562537752846083 2.063192129780191
0.5167712310329762 0.5883256699610229 0.4481686432169454 0.677853546684446 0.4296036213456773 0.44281880802088835 0.49164203225632264 0.41449189870058945 0.562960386407326 0.5098962215439542 0.48192144165079753 0.43974025751185764 0.6022472695681245 0.5056775409227612 0.591185233139754 0.491024763306541 0.39808378454210924 0.659895217809094 0.49311468040036743 0.38767365170429 0.44275872548530515 0.6873789279442235 0.5551080820865764 0.44003076340277403 0.3504214692692358 0.4830621765131582 0.43796359754867353 0.5347695525010749 0.5513464050237644 0.6785039164410591
0.025819330959961917 0.03583665958910842 0.04535429228621979 0.03887989078998544 0.030110729962643745 0.030673704885089137 0.0294046373535366 0.03502703901858695 0.029905476016779176 0.03250347826394773 0.029263681233032912 0.0223741642234927 0.04152667557229961 0.028361209566696743 0.03579656348063054 0.03482707996454337 0.03507477889445454 0.045589249022441436 0.033354113355699155 0.028130027377869737 0.02069520580050721 0.030845323847756845 0.04590282567585291 0.0215310549779133 0.01936429755824065 0.03590200506766905 0.02997869130467734 0.03983081467640659 0.03901380733748283 0.03676247107841846
0.00024713077311844245 0.00022926103406462062 0.00018067471148697223 0.0002031303321246014 0.00018050587334528245 0.0001515684086825786 0.0001665982060785609 0.00016726775868391996 0.00022574065053504455 0.00014570102416655573 0.00024890594988846715 0.00013074572893856384 0.00030238158569773077 0.00021325643922409654 0.00015731686085018737 0.00014720373735599424 0.0002049451314860562 0.00024821416525355744 0.00016564411066610774 0.00015068234677073633 0.00014656775829280377 0.00019681201217736088 0.00017749954440660076 0.0002139747533647096 8.707865140422655e-05 0.00021073481218536472 0.00019758703047045856 0.0002012370393913443 0.00016332017844433722 0.00021269192200179532
1e-08 1e-08 1e-08 1e-08 1e-08 1e-08 1e-08 1e-08 1e-08 1e-08 1e-08 1e-08 1e-08 1e-08 1e-08 1e-08 1e-08 1e-08 1e-08 1e-08 1e-08 1e-08 1e-08 1e-08 1e-08 1e-08 1e-08 1e-08 1e-08 1e-08
1e-08 1e-08 1e-08 1e-08 1e-08 1e-08 1e-08 1e-08 1e-08 1e-08 1e-08 1e-08 1e-08 1e-08 1e-08 1e-08 1e-08 1e-08 1e-08 1e-08 1e-08 1e-08 1e-08 1e-08 1e-08 1e-08 1e-08 1e-08 1e-08 1e-08
114819.0 113466.0 112336.0 110532.0 112741.0 110864.0 114424.0 112336.0 114582.0 114898.0 113626.0 112741.0 113786.0 113306.0 112903.0 111602.0 111684.0 114266.0 112174.0 111274.0 113626.0 113946.0 113306.0 113706.0 111274.0 115762.0 112903.0 113706.0 113306.0 113146.0
