870.0236880588218 813.9645786081987 1320.156025367085 987.5407228012245 1205.1602935092815 913.8315526324609 1651.4897884572188 887.5083001637017 1159.9982580284013 1427.4637800465616 1381.5212671316785 1078.5217956499628 1041.7913604936102 727.1090146687575 967.3530281334952 802.4201647981336 1640.153586077704 1155.4092440935692 848.8112565006359 1387.2311670448116 1467.0833600590267 1142.7327345546155 918.6658474314427 1084.0730637243892 1311.4883952432333 1139.8675191920956 1221.8541561854613 1185.7574770930032 1070.6185855636395 731.869142047377
828.3296841948886 813.9645786081987 1047.083596682583 987.5407228012245 1205.1602935092815 913.8315526324609 794.7407868163277 887.5083001637017 997.1986341195734 1427.4637800465616 808.476948617682 1078.5217956499628 1041.7913604936102 727.1090146687575 967.3530281334952 629.1990256526378 1225.4584741715262 666.0294407699184 813.7789541124316 1339.339151029244 1391.140014188657 1142.7327345546155 868.6054431923721 1084.0730637243892 1265.2305103079384 616.7476331516846 1221.8541561854613 1144.8527359091722 1070.6185855636395 731.869142047377
828.3296841948886 808.3843199182984 874.5445938780394 987.5407228012245 1098.0180278863736 891.804565613756 711.4808141833532 843.7799122027773 856.4390914070127 971.6839963440748 808.476948617682 949.9091809112329 897.2465452222405 724.3471604715087 967.3530281334952 629.1990256526378 1202.4500277441794 666.0294407699184 813.7789541124316 1122.5091770137496 758.5679114959821 1142.7327345546155 868.6054431923721 946.7667961373813 860.7994333682627 616.7476331516846 1134.0447884239138 1049.6960784916891 1070.6185855636395 731.869142047377
828.3296841948886 714.9730986861323 874.5445938780394 987.5407228012245 954.7264426131119 838.7702961125542 560.5191232316565 780.5921720514393 612.3198348796163 704.2624035009162 769.0545955263801 769.6566798830931 774.7950306031621 724.3471604715087 856.2289349548118 559.8057350349841 1077.1829983946473 666.0294407699184 813.7789541124316 874.442671521555 758.5679114959821 978.3802751080216 836.5297974201317 946.7667961373813 622.5887597610258 561.600178594178 1126.2726466700879 1049.6960784916891 727.2151032481493 731.869142047377
497.6885461299362 714.9730986861323 825.5025742636772 746.8341568351511 858.4581408840077 672.9038412164164 560.5191232316565 768.2265608523962 612.3198348796163 704.2624035009162 769.0545955263801 769.6566798830931 774.7950306031621 622.7057455320182 814.9189652800042 559.8057350349841 895.7687890897796 666.0294407699184 708.1618018856698 874.442671521555 739.3320751306474 863.2410498660865 790.0871341551992 751.7495072424153 622.5887597610258 561.600178594178 776.8096284331345 882.2361216860704 727.2151032481493 731.869142047377
463.3944585374161 696.9475198342402 587.2925071382938 746.8341568351511 666.4513607755371 672.9038412164164 560.5191232316565 768.2265608523962 612.3198348796163 636.8249978195977 769.0545955263801 697.9625101060101 624.2288771052067 622.7057455320182 776.2834330417272 488.0762388701319 895.7687890897796 666.0294407699184 539.5864334433827 782.0885927358149 739.3320751306474 819.3631965262812 670.593324498042 539.0860480981692 622.5887597610258 561.600178594178 652.1655944456697 658.2548149676263 727.2151032481493 535.6924426291507
331.56176641460615 431.09699237861605 554.5319233715818 421.70638121316006 378.8761648612249 366.4505871550118 449.07637983736186 492.67385856103465 531.863002548339 518.6683518824348 501.9463354058598 464.5255269584195 481.9415650628166 504.18202502269514 532.6797172801344 456.1241015649698 381.4312406327608 462.8707347960981 415.0007664174159 510.3772780664581 421.0526026449097 494.8763071337589 366.6886283953295 466.5212602065276 435.13995707422464 481.87614689973407 521.9692675513479 471.41681498184744 472.01214897134696 487.5284063055974
293.3991175963929 295.7057222144949 275.58743279364853 261.93910990321547 307.46658180150916 276.58898447321235 280.59771850836387 298.96933281694237 305.02695339197544 274.84966061620526 351.4634175326937 315.89791135380983 325.1519943942717 283.1994987680541 268.1051558978752 307.1161791988907 331.3435304825857 321.36820346362947 306.03519469870616 262.39476608021096 281.69477139670835 322.2368567480203 291.8712728675964 296.069666020574 291.08568937407745 274.6872659436426 331.8558556211092 291.97874450627523 280.3856932593694 298.24187406930014
200.31203414829406 198.56948306227832 210.8444369879644 206.03178327820842 205.11330024723793 221.73487299501676 208.18507279704409 203.81218310629356 208.2858482668439 205.2388379327149 206.1447518283303 215.78959941452877 215.93044623383275 202.15730893625323 209.54102791250125 207.24410190230947 204.1715534893615 206.81524731285663 216.23915580455696 199.82546214043077 202.59129226563164 206.10254132589716 199.97552776602424 209.16575162827849 205.69179370115535 211.09928583791452 199.09301645484084 196.39515955058005 199.0071788010191 210.62892832278294
184.64131638253366 183.95692978854277 184.52529266323427 184.6155813320438 183.88646843759125 186.29605988278718 184.41809736628966 183.13867351263843 184.33361149432085 184.4077265931728 184.5342508073959 184.75634910034933 184.62131479543814 185.14447776954785 184.124817842021 183.8102761653845 184.61542650189358 182.89226223709147 184.12047341544985 184.64367502597452 185.91402830822744 183.380839234846 184.780070427194 184.9624985022774 183.73022152549402 184.21246723963486 185.5415965080274 184.67764999791825 184.9054444878866 183.85722104299248
180.9201194639636 180.8917735403188 180.97204352812105 180.95315926324201 180.9046890077434 180.90286333233325 180.8702045129785 180.8805883066466 180.9774178602488 180.97632324871347 180.97833200817013 180.9566451932028 180.94290149188055 180.89572316429894 180.89862536308283 180.95829920406413 180.9319952911046 180.90249719730082 180.94325324874353 180.87950451274037 180.92790582995258 180.87281747939005 180.99384421748664 180.9374748634823 180.8625025250667 180.91221093515287 180.96332678745875 180.91133943115574 180.96735364748156 180.90261353777078
180.7814955474114 180.78154384522622 180.7816058269409 180.78151713137186 180.78159842623927 180.78168618561813 180.78140300210043 180.7815144719857 180.7816004497572 180.78142764015774 180.78160849240066 180.78162104905277 180.7814893315267 180.78167109518336 180.781610200479 180.78162636098205 180.78154132225836 180.78156860817126 180.78157009690494 180.78150363977466 180.781529183967 180.78153051254912 180.7815544215814 180.78155492899805 180.78145826262516 180.78154029299594 180.7815957633411 180.78158832457802 180.78155129624747 180.78147844220575
180.78127167987714 180.78127167978892 180.78127167897537 180.78127168038554 180.7812716803901 180.78127167987077 180.78127167900448 180.78127167967614 180.78127168014498 180.781271679572 180.78127168031006 180.78127167948423 180.78127167956018 180.78127168137735 180.78127168014635 180.78127168042192 180.78127167909543 180.78127167913317 180.78127167907223 180.78127167957473 180.7812716789672 180.78127167933917 180.78127167971206 180.78127167989487 180.7812716798271 180.7812716793337 180.78127167931962 180.7812716796334 180.78127167986486 180.78127167939147
180.78127167774664 180.78127167774664 180.78127167774664 180.78127167774664 180.78127167774664 180.78127167774664 180.78127167774664 180.78127167774664 180.78127167774664 180.78127167774664 180.78127167774664 180.78127167774664 180.78127167774664 180.78127167774664 180.78127167774664 180.78127167774664 180.78127167774664 180.78127167774664 180.78127167774664 180.78127167774664 180.78127167774664 180.78127167774664 180.78127167774664 180.78127167774664 180.78127167774664 180.78127167774664 180.78127167774664 180.78127167774664 180.78127167774664 180.78127167774664
180.78127167774664 180.78127167774664 180.78127167774664 180.78127167774664 180.78127167774664 180.78127167774664 180.78127167774664 180.78127167774664 180.78127167774664 180.78127167774664 180.78127167774664 180.78127167774664 180.78127167774664 180.78127167774664 180.78127167774664 180.78127167774664 180.78127167774664 180.78127167774664 180.78127167774664 180.78127167774664 180.78127167774664 180.78127167774664 180.78127167774664 180.78127167774664 180.78127167774664 180.78127167774664 180.78127167774664 180.78127167774664 180.78127167774664 180.78127167774664
180.78127167774664 180.78127167774664 180.78127167774664 180.78127167774664 180.78127167774664 180.78127167774664 180.78127167774664 180.78127167774664 180.78127167774664 180.78127167774664 180.78127167774664 180.78127167774664 180.78127167774664 180.78127167774664 180.78127167774664 180.78127167774664 180.78127167774664 180.78127167774664 180.78127167774664 180.78127167774664 180.78127167774664 180.78127167774664 180.78127167774664 180.78127167774664 180.78127167774664 180.78127167774664 180.78127167774664 180.78127167774664 180.78127167774664 180.78127167774664
1000000.0 1000000.0 1000000.0 1000000.0 1000000.0 1000000.0 1000000.0 1000000.0 1000000.0 1000000.0 1000000.0 1000000.0 1000000.0 1000000.0 1000000.0 1000000.0 1000000.0 1000000.0 1000000.0 1000000.0 1000000.0 1000000.0 1000000.0 1000000.0 1000000.0 1000000.0 1000000.0 1000000.0 1000000.0 1000000.0
