292.20030307671414 247.7232662033125 328.0247778253315 466.5491492761121 229.5009137206498 121.99632662099248 301.64841074529977 86.39277910298597 152.95910832323807 313.2798035414444 77.07740537130121 79.88722660904978 384.97739556981014 96.66963117278556 120.24631297380938 211.03697939092035 417.00227881803175 73.45873117342353 70.21992603684885 256.8725065473941 271.90176275032263 214.90134095024587 151.3299097557856 590.9955020579755 62.30680594377054 200.91983793859208 126.8818976869652 426.39299705732947 135.7194073778237 250.6439177950483
292.20030307671414 102.12419684020051 328.0247778253315 412.94739774884056 48.33882495914531 121.99632662099248 196.10098748881364 86.39277910298597 82.9172395989226 146.3884525096464 67.71716218764277 79.88722660904978 175.51277620603105 96.66963117278556 120.24631297380938 65.780702130598 417.00227881803175 73.45873117342353 70.21992603684885 256.8725065473941 117.91512863981097 210.61445136872226 125.21662372853643 138.5808846806658 62.30680594377054 200.91983793859208 80.320365072404 207.4411669866745 125.98263420689 102.41721319138105
97.55431118317529 102.12419684020051 229.7615755334191 122.98334954342818 48.33882495914531 121.99632662099248 73.10710019691578 86.39277910298597 82.9172395989226 91.26932565892321 61.720733075065255 79.88722660904978 175.51277620603105 77.17481797317305 120.24631297380938 52.31228839599362 417.00227881803175 73.45873117342353 70.21992603684885 93.2846690132742 117.91512863981097 90.10786354951324 125.21662372853643 61.14343119799878 62.30680594377054 200.91983793859208 72.45851659640766 145.51227624831745 61.93576001393831 87.10276399488748
97.55431118317529 102.12419684020051 76.6502433360888 122.98334954342818 33.98610519505064 54.856612018107626 73.10710019691578 70.67547356522209 82.9172395989226 91.26932565892321 61.720733075065255 53.34437532767606 175.51277620603105 77.17481797317305 117.33695826761505 52.31228839599362 119.76154281933486 73.45873117342353 54.5202504802096 93.2846690132742 117.91512863981097 90.10786354951324 125.21662372853643 61.14343119799878 62.30680594377054 56.38565140968967 72.45851659640766 145.51227624831745 61.93576001393831 87.10276399488748
68.23233830974141 54.89412842290767 52.56771653497435 64.31866461431264 33.98610519505064 48.69455836392717 65.06524840854763 70.67547356522209 62.95532920829237 60.71936741431864 58.86980313518325 46.83040674350286 51.8893581732932 64.66332035200821 71.89758598573326 52.31228839599362 39.54055186993219 73.45873117342353 54.5202504802096 63.805247112863526 50.34638990662279 90.10786354951324 69.49922776575659 61.14343119799878 55.618599394432295 56.38565140968967 69.79550005451074 69.3004715510383 61.526458173537776 87.10276399488748
34.84161569758908 44.62387318371475 44.79236545668937 52.601958981315875 33.98610519505064 48.69455836392717 57.527581971786276 66.85818763042698 47.581988538545374 47.754954918538715 51.30423426371499 37.90144889395788 45.87178391994803 39.405489852199025 52.87029351606998 46.88548200863079 39.54055186993219 66.09892906026744 54.5202504802096 46.178815636863874 49.53994748346349 48.76891569363579 57.92848120861845 50.77494986320107 55.618599394432295 34.959120272011205 69.79550005451074 65.01753015033364 51.55799655607143 58.69216216444465
34.84161569758908 43.20379076819245 36.019244437751695 48.100080886613796 33.98610519505064 42.988044653579436 44.91317964460177 39.84309571128415 43.24303193444621 47.754954918538715 44.74849369770254 37.52979246010955 39.83159563220943 28.432193465949695 46.1441590328277 38.8112420005873 39.54055186993219 55.057100485025785 44.11214509364754 36.3828161249985 47.87999186371508 34.43278994151524 34.119203605019266 44.510590299741125 49.79494201472107 34.959120272011205 45.41362709201485 58.14635762669059 42.928999833627586 39.71569549804235
34.84161569758908 34.70456952087579 36.00566482047725 36.308099377183225 30.50655233153111 36.18416689892911 34.462772034699356 37.27956400679341 36.340382646650596 37.86542207790717 31.663641662676127 32.38369578214588 39.05144157165478 28.432193465949695 38.96739256950832 35.15620461212393 34.01204034173588 38.88204614681217 33.07206113401617 35.892107532054524 31.441623033194446 34.43278994151524 34.119203605019266 37.09484378483512 33.47749862106866 34.343657746546796 41.290464541034 41.228220865820276 33.47417283550794 36.327895872607314
32.26190519241209 33.84757766771418 31.66922275860179 32.8662667514036 28.19010036892314 33.04680509216951 26.37211368221233 32.35686023171729 31.84844233671447 32.13030991410551 31.663641662676127 31.895842620043823 30.066358662966195 28.432193465949695 31.730871092222515 32.50717896584729 29.104103765334003 33.81710476755234 33.07206113401617 29.037075452113186 30.77689678871502 32.7136477965787 32.54862356604826 32.7897359336489 31.818662208699152 31.161411530006262 32.91385412724958 32.161798696214646 30.3837390227136 29.561552243502774
29.63417628070556 25.124930481000774 26.648390316051064 31.51326244527263 27.833266336987435 28.82231628672207 21.996410596912938 32.03503879993241 28.57409822461932 28.002670136415873 27.431622639475336 28.793471386957663 29.05048485325551 27.77515244758115 28.951985410458747 29.139705795349528 28.058093376635497 30.470528760396064 28.717180010492484 28.959957989649865 16.491347602514907 27.95658467693829 30.102669037287797 26.756578405545497 29.018433656982324 29.053849017007906 26.192446393435148 32.161798696214646 26.979797490855162 24.648686499360338
23.14583467398279 18.489466943784464 26.441115310979967 26.81205800497628 25.79776307381735 26.864535517785953 21.996410596912938 27.087249643060204 22.15446811244692 21.580663243391427 25.08160000732687 27.273528563580385 24.92164276299536 25.810614884500865 26.9214130909113 26.618569286571983 26.041922340350084 24.724264627408047 18.73112114817559 26.215242142554416 14.249046156299755 24.16895666999244 21.223051504433897 19.63929402925305 26.638714407937186 25.225684828328212 22.39787714646627 25.455747104830607 25.453212109905962 21.723211027251637
20.46877199622577 16.884493049521097 20.294801505859596 25.03003213894408 25.04972705801083 24.43168534859842 18.19417689639704 13.657584490349109 12.849059426837812 19.188592115410756 13.06764597563506 24.710941170686965 24.367634045356226 14.624717324383255 20.168734687030792 25.324129702967184 24.231939440685437 19.135681577294235 14.019228581652897 18.948221635387654 13.768956660304411 22.946456920213222 17.437538526907247 13.771104990938966 24.5476511388747 16.35682411751486 13.349648042020817 22.88763871844003 22.89587642791321 13.301018315591136
8.891078373445453 10.557041815585762 18.4865315582897 17.968275007436205 22.16654522994304 18.03383745486417 12.305395953066181 11.594257851303155 11.662729055644377 18.552740409334547 7.885420575229091 14.751538222686122 14.510553216044627 14.624717324383255 9.421480209721267 23.30751979176557 18.782614420815662 13.322624877618182 10.815381328692638 15.229145971478374 13.096432743593596 18.56870180910755 17.202734915171277 9.240344784490844 23.66846524521725 15.66723858299656 8.517684626207483 17.60784309501969 12.362958075626466 11.321020783749645
7.427013955665188 8.015358710106284 9.672888314094052 9.88316857740756 19.23025045750319 10.996946243392358 9.999180219399022 6.862603289230265 10.316417072032436 13.952559274640407 3.5033068618531615 12.081145540253601 10.196186991999639 10.817222305086034 7.313130219875347 22.15245036638862 12.175632758580377 8.070508193686237 8.727816950115084 12.940591019188105 9.5941648396456 11.87955053063206 8.28715998737107 8.36148704561083 8.844953292535138 11.4516533806991 4.4256040898530955 10.27458758374405 5.660604010901807 6.6271504428527805
4.444822577162995 3.3961202237082944 4.930361136296142 3.4973350528675837 13.923132707664081 3.9717135423766194 3.3849968483777957 3.360173261591626 4.120026176963165 8.20884319782408 1.7841404402392982 1.5900036362186256 3.919261740804359 3.691804845786919 1.8422711253028865 11.199809817029745 7.31472177093201 1.6454323505522552 4.956092444039314 5.579094677910234 4.1516374722205 5.762106755151308 6.330183674278942 4.199840495257831 5.305241214468879 3.701026234076835 2.3798037316360023 3.036934307729098 3.7127303097945514 3.5981529348355252
3.548720951584983e-05 0.0025633785194258962 0.004830655579553422 0.03994784738824819 0.00356821239574856 0.05366402921390545 0.017109999047534075 0.023742165041767294 0.07422192598960464 0.00629007089037259 0.01895399836348588 0.020226876227752655 0.06208886623244325 0.08872403738268986 0.0030521607541231788 0.016267402419089194 0.09608887762078666 0.0004283737675905286 0.01439256306457537 0.050006219973965926 0.09919587115336981 0.0014842414043414465 0.04969156322295021 0.6250372185222659 0.019979008846348734 0.01264459590856859 0.028754656213550334 0.020105265139136463 0.08407095976735945 0.07576784015691373
199997.0 199997.0 199997.0 199997.0 199997.0 199997.0 199997.0 199997.0 199997.0 199997.0 199997.0 199997.0 199997.0 199997.0 199997.0 199997.0 199997.0 199997.0 199997.0 199997.0 199997.0 199997.0 199997.0 199997.0 199997.0 199997.0 199997.0 199997.0 199997.0 199997.0
