2381.967158270864 2359.0612291998505 2465.656661313955 2360.5350452099774 2467.671002476864 2747.264062422226 2007.5611101539607 1798.963181291897 3792.9807148218297 3206.675387232336 2888.5329135203424 2294.0968239315816 3103.271479930078 1441.2458468421482 2905.8849524401776 2198.2982778406213 1673.9547652115066 1871.6321312071232 2964.9187838196467 2262.4512326592485 2825.0380019364115 2209.9560546164803 2807.2403272034985 3270.626997497442 3393.972694578655 2340.5735774277628 3341.219707239952 3255.142390276782 1880.6693073936344 3260.0321647322025
1833.7352373473013 2359.0612291998505 2465.656661313955 1758.5988524022755 2467.671002476864 2747.264062422226 2007.5611101539607 1523.1556287907497 1844.5040323351109 2719.8422914367147 2888.5329135203424 2093.494504211736 943.7740250818133 1441.2458468421482 2905.8849524401776 2198.2982778406213 1474.031200707821 1871.6321312071232 1779.7373697233033 1629.5772818709947 2825.0380019364115 2209.9560546164803 1876.8414521360119 3261.1570968349206 1401.5364812757753 2340.5735774277628 1978.9135633052401 2601.4092678612374 1880.6693073936344 3147.148767572224
1390.6114678948466 1833.8451780533483 2465.656661313955 1758.5988524022755 2327.6910373858577 2747.264062422226 2007.5611101539607 1523.1556287907497 1844.5040323351109 2719.8422914367147 1922.6639124256744 2093.494504211736 943.7740250818133 1441.2458468421482 1874.5733004788144 2054.422785821426 1474.031200707821 1871.6321312071232 1379.5576406635882 1629.5772818709947 2825.0380019364115 2209.9560546164803 1876.8414521360119 2450.2354942574416 1401.5364812757753 2340.5735774277628 1848.6655193212227 2388.981600169367 1880.6693073936344 1926.6951562507566
1390.6114678948466 1736.5203852931577 2465.656661313955 1758.5988524022755 1749.291693316814 2344.1398533028355 1712.7949686567736 1523.1556287907497 1844.5040323351109 2024.8928118652652 1922.6639124256744 2093.494504211736 943.7740250818133 1441.2458468421482 1874.5733004788144 2054.422785821426 1474.031200707821 1871.6321312071232 1379.5576406635882 1629.5772818709947 2293.757919951886 1496.9069802457589 927.6079139922697 2450.2354942574416 1401.5364812757753 1477.525476459943 1848.6655193212227 2118.574148954307 1880.6693073936344 1926.6951562507566
912.9014498123067 1149.6543117381725 1323.9807534153715 1639.5874738406364 1172.4131183468635 1063.1082879819241 1058.1031982582563 1523.1556287907497 925.7383560454564 1602.7960024271624 1186.1518285771235 905.9099180935759 943.7740250818133 930.1702597640128 810.0261729489198 1582.4054817074007 860.4562436029912 786.453244977341 681.4881768147354 1629.5772818709947 1451.5388377576292 1496.9069802457589 927.6079139922697 1477.619863067478 1133.570766397168 1393.3587100198692 783.4112898788158 884.6648152471621 1880.6693073936344 1104.181233042753
912.9014498123067 969.7300227221394 1323.9807534153715 1416.3257073820673 425.262928237182 1063.1082879819241 1058.1031982582563 870.8730703161855 925.7383560454564 848.7567304739273 613.4690688025996 905.9099180935759 280.5148191522658 770.8204801749275 810.0261729489198 485.8736463257487 860.4562436029912 715.183493468357 681.4881768147354 942.0544084844832 1431.788008048965 1357.022367974042 880.4633598621394 1433.112171408522 512.4313431200262 1293.6481878801715 746.4787777819388 884.6648152471621 834.7320750817189 1104.181233042753
503.0618001590608 876.1796882761485 521.7610309126399 411.03466904355287 348.82531853693945 570.3111912422057 969.0413268752159 673.1921782247596 397.27802680828245 652.9187426952226 613.4690688025996 858.3633399775399 280.5148191522658 642.0206036020131 540.7807155344999 475.74279598380076 403.68226107457235 605.738532372573 681.4881768147354 378.834340089375 560.1626593602741 787.399796075719 616.7689890324614 523.0172318958626 512.4313431200262 965.2356389245883 491.77925003995165 565.9927135255234 565.2014984741918 405.59591594397625
384.80053313928124 244.99906413419308 518.5193000972745 95.0524450093651 330.01790328093534 334.2205400769203 359.3689482698328 206.82916289189257 131.7157289692691 146.80111146106333 279.1027939475 394.80140325306957 280.5148191522658 362.919082265548 379.1148415541702 329.43743757563516 351.6858584613153 221.17196625818406 264.33926622425497 378.834340089375 410.44256306694297 152.67032732389066 201.53954817267095 261.616449976716 359.60045930284286 279.48042081189897 233.4187909734892 204.87683829186153 367.73070546570716 272.7244380226548
261.98374591478387 184.86924104986383 212.01643393792028 52.741404617159446 308.3574938692675 116.49232288922155 159.20937931328763 175.50214846662539 131.7157289692691 146.80111146106333 65.08849711009896 199.53758873092784 257.3578451244548 322.0965514955151 136.9627432156749 102.44514613408865 163.3839100380103 100.10052142482232 66.10357113810517 185.74018830341356 170.35027129277387 152.67032732389066 74.49784546311366 136.58765162147347 204.02831357734226 164.22376745626752 220.2297996239554 76.83537528502723 286.93850418456486 141.48441558523223
81.78551887341894 72.81533328181445 61.199272329712244 34.648511903671874 54.88239387821159 36.79418962484317 52.190700593415386 74.47080798315324 54.59551963613376 74.63551169041216 39.274331864617466 70.91022798699078 60.95670758995038 97.27744428901838 12.539604289944009 59.6807961316822 88.26644233365653 43.34804333281454 52.94300950067657 56.10167010232226 66.8884148384293 39.284149277834445 33.072472491328654 86.09826813804148 47.57681291275833 38.435509881625535 24.846253554409373 49.20159486381897 102.83421052618598 48.740538937648694
4.296356163352243 14.655606525834514 7.2387946826703455 14.899069975625935 12.772871122171182 16.094142627549786 9.92649283409503 14.0079958218804 17.616885322760936 23.37054390672961 8.66910263717341 14.27092592535621 17.265115280245595 16.76401890948864 10.831351512289757 13.227750177909911 12.115061339785484 20.672077353931968 13.722475100180418 13.306416579639631 15.478304004297343 11.19749655466137 12.674045758940224 14.314208500881705 12.55220528992993 9.586581350197434 8.572247255570005 7.824062281703618 24.288988710221588 14.687782192079794
0.6134179091742453 0.6961012760993981 0.783426047440912 0.6242616172849011 1.8262539696199838 0.4245537107021846 0.21335822749767885 0.2836311399320266 1.4459243299829723 1.0302010005851798 0.5973964525167048 0.4902214287055813 0.6404794284801483 1.2721135108589579 0.7826906392879209 0.7328950434969101 0.6802107650410107 0.5247489018579472 0.5989896046478407 0.48788729121849883 1.1143248562002555 1.0478129227012687 0.7438334570274492 1.0336618087544593 0.927666017586489 0.42720162049158716 1.1136517988175 0.5797368120886404 1.0063501318857107 0.7073939684437391
0.0003753350977149239 0.00046367631398425146 0.0006208703083530054 0.00012491188408603193 0.0009373010891522426 0.00010907982755270496 2.826334355177096e-05 0.0002000716648353773 0.0004812782929093373 0.0013786372070399011 0.0006154414629691018 9.786525765775878e-05 0.00019715771702522034 0.0015463553315839818 0.0006251361605791317 0.0003909382969595754 0.00037074194881370204 0.000293896436119212 0.0005376985375278309 8.958416015047987e-05 0.0002707205370597876 0.0004447231416406794 0.000417545278196485 0.0005052452128211371 0.0008493056844827152 0.00010129982183570974 0.00038888076903731417 0.0003495443430665546 0.0006377279952403114 0.00024487939731443475
1e-08 1e-08 1e-08 1e-08 1e-08 1e-08 1e-08 1e-08 1e-08 1e-08 1e-08 1e-08 1e-08 1e-08 1e-08 1e-08 1e-08 1e-08 1e-08 1e-08 1e-08 1e-08 1e-08 1e-08 1e-08 1e-08 1e-08 1e-08 1e-08 1e-08
1e-08 1e-08 1e-08 1e-08 1e-08 1e-08 1e-08 1e-08 1e-08 1e-08 1e-08 1e-08 1e-08 1e-08 1e-08 1e-08 1e-08 1e-08 1e-08 1e-08 1e-08 1e-08 1e-08 1e-08 1e-08 1e-08 1e-08 1e-08 1e-08 1e-08
1e-08 1e-08 1e-08 1e-08 1e-08 1e-08 1e-08 1e-08 1e-08 1e-08 1e-08 1e-08 1e-08 1e-08 1e-08 1e-08 1e-08 1e-08 1e-08 1e-08 1e-08 1e-08 1e-08 1e-08 1e-08 1e-08 1e-08 1e-08 1e-08 1e-08
66787.0 67874.0 66545.0 65324.0 68114.0 65569.0 65447.0 66301.0 67513.0 68714.0 67874.0 66057.0 65201.0 68834.0 68354.0 65813.0 67150.0 65813.0 68234.0 66057.0 64955.0 66908.0 66666.0 66908.0 67392.0 65201.0 68354.0 67029.0 66423.0 64832.0
