2348.977879222648 5138.598895829807 5848.94609009003 5548.964340171283 2465.5012870274513 5575.545019245688 5622.778038515939 1752.635513467977 3980.9428856039867 4348.074399936059 5375.547631842879 2055.9771220149614 5382.23222883475 4222.666921475939 5464.7328050422975 5800.812566498062 1009.675934833966 4239.1123110723165 728.4313074801516 5323.0458647320265 996.3671861586072 5268.512961405141 4432.948296258762 5131.06000898783 5517.411884620229 3415.030198671626 1344.4928963734774 5532.596089888064 5496.32317300215 1543.3971667103178
2348.977879222648 4889.154754099881 5007.021988436686 5358.729192758529 2465.5012870274513 5575.545019245688 5622.778038515939 1752.635513467977 3980.9428856039867 3656.2801057110673 2409.1048315205508 2055.9771220149614 5382.23222883475 4222.666921475939 4607.786131810731 5361.510300593537 253.32725511647368 4239.1123110723165 728.4313074801516 3966.22608522457 996.3671861586072 5268.512961405141 4432.948296258762 5131.06000898783 5050.564423390142 3415.030198671626 1344.4928963734774 5036.095240119321 5289.295336471947 1543.3971667103178
2348.977879222648 3201.0370414138924 5000.105656107822 5358.729192758529 1643.0810689543405 4760.873341570726 2828.299536172339 1752.635513467977 3685.6890814170174 3656.2801057110673 2409.1048315205508 2055.9771220149614 4863.930196402421 4222.666921475939 4607.786131810731 5164.453453722956 253.32725511647368 684.2025291149043 645.2908912802609 2862.432879556205 996.3671861586072 3519.3631008094 4432.948296258762 2572.5297193564693 5050.564423390142 3415.030198671626 1344.4928963734774 4271.583299975493 5277.346474924463 891.4922700352417
2348.977879222648 781.1658364240407 5000.105656107822 5083.902889334337 1209.001935301506 4760.873341570726 2828.299536172339 1752.635513467977 3685.6890814170174 3656.2801057110673 2409.1048315205508 2055.9771220149614 4863.930196402421 4222.666921475939 4607.786131810731 5164.453453722956 253.32725511647368 684.2025291149043 645.2908912802609 1479.4442936745827 385.85344880946604 3519.3631008094 4432.948296258762 2572.5297193564693 5050.564423390142 3415.030198671626 1344.4928963734774 4271.583299975493 4989.424755613068 891.4922700352417
2348.977879222648 781.1658364240407 2435.1482309255416 4846.566818169494 1209.001935301506 2389.8401011218357 2828.299536172339 1752.635513467977 3685.6890814170174 3656.2801057110673 969.2383187049031 2055.9771220149614 4863.930196402421 4222.666921475939 4607.786131810731 5092.543656813777 232.48779948026913 684.2025291149043 645.2908912802609 1479.4442936745827 385.85344880946604 2388.743302210728 4302.7129584360755 2354.859120842815 3646.8383901150546 3415.030198671626 1232.3082199861565 2553.135591477163 2389.552400151193 891.4922700352417
2348.977879222648 781.1658364240407 629.4817084698016 4741.037554117563 1209.001935301506 2389.8401011218357 2828.299536172339 1752.635513467977 3685.6890814170174 2690.58706300597 969.2383187049031 2055.9771220149614 4863.930196402421 4222.666921475939 4607.786131810731 5092.543656813777 232.48779948026913 684.2025291149043 643.5004161750794 756.1678985008411 385.85344880946604 2388.743302210728 3621.9079842817064 2354.859120842815 3646.8383901150546 3415.030198671626 1232.3082199861565 2553.135591477163 502.31365366904083 891.4922700352417
627.777320949499 241.79047544090645 206.5445506356832 4151.890052015737 402.06283740426306 1042.9641412848773 362.7718291269375 717.1144175492695 3685.6890814170174 2690.58706300597 969.2383187049031 2055.9771220149614 2414.1897629002087 520.3963871592955 1392.7450074882036 4503.636894379634 230.87399310717228 684.2025291149043 270.08089750531235 285.478569146494 385.85344880946604 524.760654719938 2980.8027319728953 838.2776534075797 834.241494708238 1287.235108399358 1232.3082199861565 1334.177237058028 497.43820192201974 462.93060233136976
199.03415617858263 167.08865513662613 191.50993519807616 352.82039948959255 172.68795631451576 730.4611250745584 161.79911395929003 234.37019518924308 245.92801045537362 381.0228310475045 176.63444483066633 223.13505254404208 556.1282121174481 241.19360338287606 679.8467633293667 2786.1018546614087 173.01072884474797 284.45701750563603 159.3991603564309 161.3710854885826 347.598163738679 234.69630658372262 799.338179673643 263.27979119538304 336.8428458294047 1159.0724656551238 186.76340197144646 363.0575929307579 277.41474061220015 183.10607364522775
137.54240115327593 123.71603078628141 186.96344768119525 154.8492463328198 129.84174489612178 188.55602150421146 139.98889796180765 133.07980869867697 130.50469861876672 164.7055423360748 136.50377956966304 133.47084047048156 215.88343335483341 134.30443580440624 261.78441602567455 174.2635066723119 128.10707118560322 154.86793977966363 124.87702050797725 129.74322594845125 177.44436920357793 129.1654503619352 172.8123101264464 152.72326106680384 134.67184151496076 225.8567853845534 149.37708730040276 132.20317388580634 134.77300921984488 128.56752318315057
101.5408525513958 101.18005152478236 116.05902183866465 103.25654920521993 101.19965144843763 111.33855255261415 102.3004839387063 102.13626318311299 107.22650510875246 103.0748470378685 101.96405180189367 102.68127821483631 123.61283526984744 104.62331034900399 117.61696270218772 119.11198488083255 100.91284494369893 110.16305036950871 101.08882595915202 101.0851138728558 120.34002336188905 101.04901691886516 107.82496685149681 104.33015979246557 104.0138042343142 137.8711772327979 104.77319665951427 102.07432648503709 102.50722765781484 101.45155934367631
100.84237892208512 100.6028215104443 100.78384993324653 100.68504612152083 100.60647516552126 100.6762856704513 100.6817765571277 100.70370592785594 100.77261134505216 100.79559324553111 100.86382010255102 100.78078200556274 100.92451202235907 100.73870063506138 100.8998159778057 100.78878608450805 100.69604746896675 100.78518988004362 100.61473692185564 100.69482317858274 100.76525780456905 100.83435438617244 100.62220640058376 100.71083513023223 100.67992727278306 100.7900152212469 100.65200954699912 100.6849881562407 100.7401108578315 100.64136002485884
100.52145944454514 100.46563658728701 100.47637484969891 100.59672830766567 100.52257273157966 100.57435371977272 100.55588109211203 100.54599973278755 100.50390567931436 100.5922619075227 100.69048812194387 100.5624093432466 100.55820831182564 100.49302401053546 100.57100640496674 100.50924627852783 100.62491838894766 100.64727451011095 100.61473692185564 100.5755513431659 100.59755270875621 100.53333407076298 100.62220640058376 100.68734018034502 100.56190978392306 100.61892530517798 100.51781498637683 100.52570043020478 100.61796240018839 100.64136002485884
100.40009236624383 100.46563658728701 100.47637484969891 100.49795904309849 100.4574132680923 100.41289444896893 100.51344071253925 100.43841047180922 100.50390567931436 100.52404173031482 100.58194587106391 100.51070345299968 100.43316188554991 100.49302401053546 100.47157400122296 100.498982176362 100.54214317375681 100.5657294501957 100.49823570719263 100.54950814348877 100.47321770966164 100.51356463078491 100.50482307113589 100.44069690385595 100.44885291615856 100.54301631691078 100.47430884228652 100.49286702467361 100.57972497736819 100.51268719419113
100.35874808924791 100.36746175328926 100.37220522065309 100.42898750349468 100.4574132680923 100.41289444896893 100.38213854294372 100.43841047180922 100.47998321199248 100.43657650848672 100.42209430323555 100.4310584942973 100.39646601003915 100.41922185101066 100.38988957848687 100.3994270984922 100.41015530594859 100.41468985411257 100.40677593662167 100.43590899889341 100.43186252988107 100.39929389589179 100.44393622750567 100.44069690385595 100.36458251859949 100.47419312758893 100.39173755596448 100.36213308355809 100.41716977021815 100.39397269020901
100.32406506700318 100.3164574096445 100.31233264793264 100.3924488917778 100.30192831390514 100.36747214016214 100.3744878490802 100.31895875853479 100.2868144206559 100.4001583247541 100.39916650485748 100.38829793251443 100.35851749104904 100.35419015924344 100.34832103163535 100.32665446960755 100.3328617407019 100.38894211926345 100.35993897874869 100.40979577334883 100.35888372926411 100.39929389589179 100.33335867097003 100.34824080678709 100.30819293895001 100.33835347317927 100.38158869545987 100.34205648424813 100.3331229744108 100.35173894631771
100.23705089881696 100.22378276490053 100.27459009057793 100.26119769045954 100.19830378850702 100.2410880316661 100.21146611898666 100.21800020312321 100.21418709389673 100.25646461791985 100.25209105693557 100.28683448076117 100.21169401733914 100.27387995228855 100.27502094957072 100.26836241508545 100.21389498204235 100.24232523797446 100.24672389245006 100.22843833110164 100.21634723394118 100.22983332893727 100.19677348310961 100.26740491176088 100.23377732585413 100.2364708524724 100.25685413018573 100.20706670759819 100.25674380923328 100.21917118844976
1000000.0 1000000.0 1000000.0 1000000.0 1000000.0 1000000.0 1000000.0 1000000.0 1000000.0 1000000.0 1000000.0 1000000.0 1000000.0 1000000.0 1000000.0 1000000.0 1000000.0 1000000.0 1000000.0 1000000.0 1000000.0 1000000.0 1000000.0 1000000.0 1000000.0 1000000.0 1000000.0 1000000.0 1000000.0 1000000.0
