2148.1850164580264 1172.9996712972916 2047.2254835452604 2123.344846801305 965.7357364432141 1213.0173079569995 1141.4336926486876 1383.173780409721 2232.331198631129 1085.125951265656 1593.0614428461895 1481.434631054528 702.4801866109347 1089.23386852676 1458.025422945252 1753.6437395299718 1097.8619586692557 1567.4182570828998 2320.4431860267377 1456.2859297338919 1436.9916528342706 862.4973681341908 863.3369633951424 817.3202382622108 1671.4726877271169 1129.0219981511227 2076.689610315985 2255.9013320538734 1240.7342149492988 1424.2227099864276
1802.1534748009235 1172.9996712972916 1785.9517360426817 1996.8293543183963 965.7357364432141 1213.0173079569995 721.1503650425002 1383.173780409721 1744.5680595348413 867.6864341939204 1070.6896560567711 1331.947570598752 683.5690535338322 1089.23386852676 1458.025422945252 1753.6437395299718 1097.8619586692557 1567.4182570828998 1957.0982883214656 1456.2859297338919 454.4826095277285 862.4973681341908 863.3369633951424 763.8392295260778 1654.5474307196064 1129.0219981511227 1480.4857904319406 1575.1414942226202 1240.7342149492988 1127.3913063264217
1640.8108767649828 1172.9996712972916 1476.7351945619412 1620.4555171516695 604.59822301653 712.5408988380423 721.1503650425002 649.5605781324521 1744.5680595348413 611.5631828142596 1070.6896560567711 1331.947570598752 683.5690535338322 1087.8069310399378 1402.263341862833 1753.6437395299718 1097.8619586692557 989.0926474097587 1856.1803074996315 971.7052073335726 454.4826095277285 862.4973681341908 863.3369633951424 575.9978505414429 1151.0625708707266 1129.0219981511227 1182.9816565387837 1417.0990470979727 1240.7342149492988 1081.1466693224584
1566.710793746559 1046.220637682134 712.835125407481 1612.0639422303248 604.59822301653 712.5408988380423 481.34125964913073 649.5605781324521 1730.2126583236377 611.5631828142596 1070.6896560567711 525.2266208628926 683.5690535338322 772.3769584174224 1402.263341862833 1076.0689907250025 1097.8619586692557 989.0926474097587 1761.0636758340079 971.7052073335726 454.4826095277285 862.4973681341908 755.6293332700129 527.9231134040838 1151.0625708707266 666.6460925890669 1182.9816565387837 1350.430667778473 1240.7342149492988 801.1241083163341
391.20905874007303 539.6365920856992 427.7195679973629 575.989168103179 434.2057498188942 457.8940913445722 481.34125964913073 464.0653577992002 433.3478448461042 611.5631828142596 571.8543752629366 525.2266208628926 501.7582977220427 363.2102707315612 800.6413584533884 417.26021956467457 467.50126983942346 453.04038032789185 1098.144205615636 591.2409991930172 346.81530217816317 413.4796799433593 535.2377442542738 322.77792473812815 411.24147121734313 291.06738223064076 595.1229476419926 420.74670470457113 305.960306441219 464.77772958735704
288.9565623414951 355.6118801933262 332.5486962912987 412.4220436912274 217.36622057573322 312.19312370523676 481.34125964913073 276.06268758063015 301.66314109902623 234.22385917540396 253.54976638824428 377.10808294520757 374.00450156599845 330.0315440573622 448.26049928489874 264.43417518895603 275.27036670151483 243.8322862128698 760.2419356519845 270.52297219915954 256.89623384921515 274.2829288530111 302.58086678515247 284.93620400122927 291.0107203675934 286.4393029130415 392.65820457784275 379.7913980939775 305.960306441219 359.09195174317574
263.62470677194915 226.07292016868723 242.9787660207753 279.95285869478994 211.69404749801924 241.93556939441032 235.55311259999235 208.20523269537944 230.2750179486743 234.22385917540396 237.1068324392022 247.0856733853343 219.4038518902048 223.44762196220108 281.7490698671586 216.0918161128834 190.91379905564827 240.2007994112555 394.29766029990424 253.4278584072863 240.16646557685453 247.332708436139 243.94116340775736 205.57299851364087 261.6615171595049 235.6144024204491 251.0324354361901 207.03099117766305 217.75255414176854 255.26347051890298
179.90855172255533 176.06368108905053 174.71983373868215 210.43933316629273 175.17793923376212 179.49249892105536 185.1568375515967 181.47926863048588 190.00272602732093 172.93586012849482 201.0597336304727 183.99073346152636 185.4696561837318 183.99171475279945 168.7343114175792 173.18478469152478 174.77829791070099 193.72446986416298 210.11804362594603 188.30050473776237 188.81500450989142 185.0872473611489 189.07597095826168 174.95981572888422 167.51669756388947 167.08845305733757 191.62167969552365 191.06794878095434 187.10464153219027 186.95258481575502
161.70363777723514 154.67693519338582 160.04537788745256 163.7847944180544 161.80051750638995 143.63895400267074 157.96999779603584 159.19825779763914 159.3404431918084 159.39919469348388 161.49576038598798 164.51850755918986 160.6236040433796 161.6206840488312 162.41674403516208 160.9501417086667 162.57837344674863 160.40021310399288 164.30168590247786 158.909531489448 161.56559019022188 159.27979862438042 159.3232845663897 157.4810746638973 161.2022943713837 160.49768604378323 159.08024017811476 161.39403208183467 160.45267373937668 162.77566499723525
96.99578048243393 125.25791572411845 146.2566858841201 132.0662352936165 138.1788635046023 95.91207453206653 130.73957324910634 108.67081790441125 135.4439710547872 109.04696031001095 151.36168744473935 144.64316584869403 123.51865276200078 138.81537510073895 143.54573292203713 98.34527260098594 150.45019215254115 145.61884517420458 141.42325952566762 139.0814563539966 142.55980831401985 137.96241192452771 150.2970544516079 108.10325883108635 147.24129948976406 113.31302831513904 142.4835328590907 150.07313027731607 127.51189608461027 125.15001106088857
11.973867357490235 14.49545707594234 31.034891817433618 19.40299467067416 13.557848526546422 11.39007752488078 15.763007663013468 16.397826582373 20.460828534078246 11.361346143202354 25.437630299752072 18.50710211596197 7.534761373101446 16.507947263592996 17.60802107139125 11.44648804657163 24.107667972619765 22.172123613549047 20.150224594064184 19.277918629939904 16.04020706344636 17.189367891121947 24.965031179853213 12.830023702682865 25.053034220270547 14.432534116547231 16.175878919324532 19.492148260515933 17.459788970391855 11.569960207637905
0.4198416025001279 0.3777668008792716 0.6994632312021167 0.7406509796219325 0.42855975585553097 0.29928462531779587 0.4710056722219633 0.48811397724421113 0.45921743736425924 0.4133690574717548 0.6316210365584993 0.4586282926620697 0.3178431194660334 0.49213532725843834 0.6110874729606621 0.4313007738064698 0.6569312068095314 0.8335616800186472 0.5011533242081896 0.45249020464007117 0.3822439357782059 0.45821014435023244 0.5800105457133213 0.3815421507601968 0.695006284774081 0.37547359875634356 0.4961019934894466 0.5644997893323307 0.3224463632282095 0.3937125725169608
0.001010279462661856 0.0013448087984215817 0.0013176771694816125 0.0020063870247213345 0.0012098699166926963 0.000606250792316132 0.0009063642178261944 0.0011013214584636444 0.0014802977984800236 0.0007952783776090655 0.001661083235831029 0.0015333775327235344 0.0008876581091499247 0.0012040377609991992 0.0014212308028618281 0.001294615722144954 0.0012083982728654519 0.0012858235859312117 0.0013651534777636698 0.0011111393282590143 0.0012753991973113443 0.0010772581986202567 0.0017626966068746697 0.0009480213484494016 0.0013950282354926458 0.0008987213168438757 0.00105299179767826 0.0020330156594354776 0.001088362344489724 0.0008961071825979161
1.1274551070528105e-08 1.784837877494283e-08 2.6619090931490064e-08 1.3068984117126092e-08 1.9267190509708598e-08 1e-08 1e-08 1.7000274965539575e-08 1.4028046280145645e-08 1.1400970834074542e-08 2.2386757336789742e-08 2.4026576284086332e-08 1e-08 1.8083028408000246e-08 1e-08 1.2020791473332793e-08 1.5444129530806094e-08 1.540092853247188e-08 2.1262167138047516e-08 2.0433162717381492e-08 1.8383161659585312e-08 1.3229509931989014e-08 2.0008428691653535e-08 1.1314114090055227e-08 2.374645191594027e-08 1.742546373861842e-08 1.1767497198889032e-08 1.9561866793083027e-08 2.1570031094597653e-08 1.4992565411375836e-08
1e-08 1e-08 1e-08 1e-08 1e-08 1e-08 1e-08 1e-08 1e-08 1e-08 1e-08 1e-08 1e-08 1e-08 1e-08 1e-08 1e-08 1e-08 1e-08 1e-08 1e-08 1e-08 1e-08 1e-08 1e-08 1e-08 1e-08 1e-08 1e-08 1e-08
1e-08 1e-08 1e-08 1e-08 1e-08 1e-08 1e-08 1e-08 1e-08 1e-08 1e-08 1e-08 1e-08 1e-08 1e-08 1e-08 1e-08 1e-08 1e-08 1e-08 1e-08 1e-08 1e-08 1e-08 1e-08 1e-08 1e-08 1e-08 1e-08 1e-08
79941.0 80597.0 82007.0 81142.0 81359.0 78728.0 79611.0 80597.0 81575.0 80051.0 81359.0 81142.0 78839.0 80924.0 79281.0 80051.0 80597.0 81251.0 81359.0 81359.0 81251.0 80270.0 80597.0 80270.0 81467.0 80924.0 80706.0 82007.0 81033.0 80379.0
