122.17474304757593 114.23087922096352 95.3971458959727 125.12951604517275 115.01373238593567 97.61495256524006 122.352551887696 122.23463430847187 95.75341330707329 103.57856045147071 107.13735658889323 91.03827863300876 101.7065781846668 119.64733311607222 101.06890639681853 118.58554769348143 104.0172110092825 98.99363476919109 93.6765683962933 109.14675538771667 83.84521971691049 111.63934740335685 111.23589139698436 116.68123488080039 98.10277389252383 119.94361252743147 99.26579460942935 126.69948893264348 85.2705777511436 106.48154796857739
103.72322653341655 112.49589155061778 95.3971458959727 120.4406611674242 115.01373238593567 90.04727024875149 121.06593711747928 107.8462300769852 86.73194302816273 103.57558278061947 107.13735658889323 86.10853279234948 98.8743504135033 100.30711993616615 101.06890639681853 90.44908462134072 99.53911735749034 98.99363476919109 93.6765683962933 89.67603099021903 83.84521971691049 94.41140757448579 103.39188331075468 111.78154232511531 98.10277389252383 103.30707620654857 99.26579460942935 112.51044851461393 85.2705777511436 104.01998081284626
46.04412496537611 105.7609776116758 95.3971458959727 109.37316842128075 77.9207356997739 90.04727024875149 96.75465514912526 100.03588487887077 86.73194302816273 103.57558278061947 88.391185270003 86.10853279234948 81.60236567946583 95.4395824724927 101.06890639681853 90.44908462134072 94.78612004400986 76.91131434108365 93.6765683962933 89.67603099021903 83.84521971691049 94.41140757448579 49.775029079570686 93.95779147922974 98.10277389252383 103.20997112530051 96.80170052408914 105.39809957547357 85.2705777511436 104.01998081284626
46.04412496537611 87.68945299297889 93.10639598449109 103.13898025367803 77.9207356997739 90.04727024875149 96.75465514912526 100.03588487887077 86.73194302816273 69.7176791968061 88.391185270003 86.10853279234948 81.60236567946583 95.4395824724927 90.58533879445872 90.44908462134072 93.56347151716022 76.91131434108365 93.6765683962933 64.76849475719291 77.63058281764222 84.00449217384892 49.775029079570686 81.18164757682666 98.10277389252383 89.09472970538297 93.09831864461728 95.83551880869038 85.2705777511436 98.39661720183346
46.04412496537611 74.48412764901946 74.53750717825528 84.60525753544334 77.9207356997739 90.04727024875149 82.17223334567348 83.68452659323657 86.73194302816273 69.7176791968061 73.40177298576259 73.78920136001261 81.50005667669154 86.19730816710796 90.58533879445872 89.4222261915013 68.35934763210014 64.23629732141842 67.05731681114071 64.76849475719291 77.63058281764222 77.91521893504671 49.775029079570686 69.09530912293212 78.05540950712441 88.87602770292835 71.90525706477331 84.64869299841769 71.94628192465302 80.1363346856566
46.04412496537611 73.83438870509201 62.254623527741614 60.44372587318185 74.97625194602256 70.30259835241827 76.85151732750057 68.95343307781513 84.89571575284458 69.7176791968061 73.40177298576259 73.78920136001261 50.888321345267855 77.29091231735288 49.11543878755708 59.50962197528645 68.35934763210014 64.23629732141842 54.779551616051094 64.76849475719291 72.38697876344997 72.2989867310846 48.98028996552762 50.2655767009976 75.3452491104199 70.94805360939051 71.90525706477331 67.70409507572413 71.94628192465302 80.1363346856566
46.04412496537611 68.64426429885623 62.254623527741614 60.44372587318185 74.97625194602256 53.175139375698336 61.80021404437423 50.55991816204846 66.06240448359335 69.7176791968061 73.15125469657289 55.277309124733506 50.888321345267855 62.52883333126033 49.11543878755708 59.50962197528645 38.76226085731412 64.23629732141842 52.04082389605719 34.08850364890918 60.085662698415035 49.841774822654884 48.71222233686399 50.2655767009976 61.17493203690549 68.47819324767897 50.32020733847753 52.79490383469283 58.62399206691214 52.53691234910889
46.04412496537611 53.07968119619693 49.610166287553966 52.96202757170636 59.43120634878551 46.77060378631154 61.80021404437423 50.007500844231004 55.90120319141511 66.42329025863933 39.77969164248236 55.277309124733506 50.888321345267855 53.10102868699971 47.45034645030239 49.620571663885016 38.76226085731412 63.30746277606124 50.327955564879744 34.08850364890918 53.04958897844199 49.841774822654884 46.762311019354684 49.59675131825759 53.39997377702946 65.25668893999148 41.02016273760694 42.14352868928211 58.62399206691214 51.0988336686687
40.12480296731724 53.07968119619693 49.610166287553966 49.00495810554696 55.36428700935153 40.27038002280506 58.94643573472956 39.27583560358369 52.705100076117105 47.12161952669135 39.12415876840123 43.24505040939107 37.05407337075235 53.10102868699971 45.53843368326466 49.261950949832226 24.89916564551345 46.45688927740116 50.00589523322242 34.08850364890918 39.879701375738705 49.841774822654884 46.762311019354684 32.842230668081015 40.51760375866445 43.4493098420819 41.02016273760694 38.027016015397294 51.19567486183428 48.06147630333885
40.12480296731724 47.21652170570724 36.47287589838129 36.32294929643797 30.808894952766536 40.27038002280506 36.54088170962473 32.16451406845249 27.994560527519184 34.21904698009075 33.46867459241207 40.693761236781256 36.458977655761714 47.04769986301426 41.31629126415896 33.963501339936556 24.89916564551345 28.797674854880825 27.481232029342436 34.08850364890918 37.61678487181871 49.00810700148543 38.69578529269984 25.103184492751666 29.067898971871955 37.612095427961435 29.448920575354578 38.027016015397294 43.135072382124235 21.475551047744716
27.300092036128262 31.411902097446955 34.22314458068479 24.7920814195229 30.513012916586263 31.86944294491684 36.54088170962473 29.12205396333593 26.81500001099039 33.65167504702754 24.420631725839826 30.16253862491351 23.31990145047962 34.282135029382175 35.372220686570586 28.27447675408621 18.10947698270411 24.489529910276815 27.481232029342436 34.08850364890918 22.898846762374205 25.04754785344153 34.401483130002816 25.050620157795834 29.067898971871955 29.710539775130314 28.764734029768533 31.719507372565886 31.566191916427442 20.297677656550604
18.46580548228144 23.623732557618496 23.129704748428253 22.422893957725478 21.70765442724428 21.681726373542347 21.845522163092824 28.29717768166165 20.46230594467488 22.11138528491142 19.107531391799967 26.62535111027796 22.788139982831353 28.42663315258278 22.245156152747086 22.012238730001172 16.30694710525529 20.315902954611033 18.57027160367886 25.104713838817247 16.658338428719844 23.97617151076463 22.717761811734817 19.904654181666615 22.785921174937243 20.911231781777474 20.21319461970654 20.577055799819277 22.25646085644655 20.297677656550604
10.772258466750031 15.55684464848207 14.327291542502735 13.939838420839124 12.785229168588899 15.250179778792472 12.903558249713797 14.440258825575029 17.576425280734952 13.177997415619302 19.09840780412071 18.5743580491162 17.109675217624044 16.86599187822469 18.810330429448754 20.800659288026054 14.9455915766531 17.66047570249691 12.334335051776861 11.869804272647798 14.659985068981541 15.868333427881453 13.44671569502907 14.600721725663902 15.309710583671063 18.88689323679307 15.027305333892741 14.228774351924017 18.637426378688133 16.976750931751667
6.2506381952132415 10.921509364195003 11.526065992399026 8.756500463586463 8.427585480410016 9.230892998253921 9.208649568028022 11.619406521958354 16.59886300852486 8.578256740970915 15.18260708674029 12.046718147331148 7.9910157295188355 8.695472346489396 9.407705110098846 14.35029719669626 11.825930762236567 11.909766466620795 6.576714981864143 10.4268663994892 9.866926190382742 10.78142347232847 8.400193618033654 12.046225185138269 10.475521539655574 10.97090959747868 11.656939366545998 9.96773868842024 13.112284238141797 8.452175609676374
5.71265937398141 8.718269054018151 7.273344541317556 4.978380271478272 7.564627311494405 5.415932192764899 5.67966412252315 7.492447720401856 9.28541056640654 6.656055806555628 10.989600128830148 8.568808763166317 4.987324096003363 5.589484229794152 6.682631004369682 9.712113616803322 7.351123167334208 7.045529530484487 5.3234125806432075 6.009145550267817 5.088931011939394 6.993017313784435 7.1718835272554315 8.117897657527465 5.065013791188562 8.48645435584342 6.036204898807 6.881614552614451 8.742967569720918 5.231552426219878
4.9747952854664845 4.9747952854664845 3.9798362283731876 1.9899181141865938 3.055698481946365 2.9848771712800044 2.9848771712798907 4.974795285467735 4.974795285466826 3.9798362283733013 3.979831190718528 4.9747952854664845 1.9899181141865938 2.9848771712806865 2.9848771712798907 2.9848771712802318 3.9798362283733013 4.9747952854664845 3.9798362283731876 3.9798362283731876 2.9848771712798907 2.9848771712800044 1.9899181141867075 3.9798362283731876 2.9848771712798907 3.9798362283731876 2.9848771712798907 3.9798362287909868 5.969754342559781 1.9899181141865938
199997.0 199997.0 199997.0 199997.0 199997.0 199997.0 199997.0 199997.0 199997.0 199997.0 199997.0 199997.0 199997.0 199997.0 199997.0 199997.0 199997.0 199997.0 199997.0 199997.0 199997.0 199997.0 199997.0 199997.0 199997.0 199997.0 199997.0 199997.0 199997.0 199997.0
