390692419.80799776 1088103898.0997145 311073966.8045301 581893378.0378721 311109768.79251987 476267669.25261855 502458769.18122715 850688298.2961705 770312035.7772887 591764410.5637043 728896155.171 412745872.4436802 995348014.1123718 111820163.25368662 497669679.1438956 76640724.77236347 24077101.67367987 945426841.6382726 336788473.6961318 531480260.0046079 176901234.55814087 505701925.98433083 202906020.38651237 982980478.6936172 593578999.8942937 368984992.7937047 1003565603.7447003 90131514.06775579 257174519.97862914 204213752.38900882
170667506.4228332 211994113.63991535 311073966.8045301 465005950.72333103 267985142.49718863 225888384.28520066 198749501.47206342 797699809.0741378 770312035.7772887 472165424.6751933 446046711.98738796 107445551.36285093 244352963.1274925 111820163.25368662 397348815.5450164 67970853.39878231 24077101.67367987 271603662.37120503 336788473.6961318 195887570.63265926 176901234.55814087 431616010.4349177 202906020.38651237 238370395.9471336 593578999.8942937 368984992.7937047 985857736.3460855 90131514.06775579 257174519.97862914 112042815.03513804
170667506.4228332 211994113.63991535 186934623.38188735 86851075.81879076 241526464.29158106 136108113.92419505 74160079.11780545 453860901.7157388 770312035.7772887 218577704.0884802 256190617.7819146 107445551.36285093 167061484.73831394 111820163.25368662 397348815.5450164 67970853.39878231 24077057.364990253 271603662.37120503 64479406.70311553 125704123.06687088 102190618.00087982 277254069.35248274 202906020.38651237 37986342.02163722 435721249.6242785 210146561.00125813 983658796.9381483 90131514.06775579 177800163.961652 112042815.03513804
99544974.79927114 211994113.63991535 186934623.38188735 86851075.81879076 148618424.47895595 71324971.09758623 74160079.11780545 284781222.81344646 97900011.22900859 28966056.28358661 22583256.269876946 107445551.36285093 167061484.73831394 111820163.25368662 301129630.57466525 67969920.00712225 24077057.364990253 151943472.31181464 64479406.70311553 125704123.06687088 97517899.026601 165417697.68805495 53127465.403124884 37986342.02163722 215983654.91745856 210146561.00125813 533741534.4969963 90131514.06775579 177800163.961652 112042815.03513804
99544974.79927114 26084464.75312998 35167903.40591735 26367953.22133039 53035312.40163655 55398087.905158505 66592239.36773613 63646624.51209073 27066855.212232865 28966055.97738855 22583256.269876946 107445551.36285093 166817593.93781555 31334081.666002035 50391980.68642782 53579048.695449464 24077056.230271474 100631521.23196606 64479406.70311553 51535128.97524238 78090950.6702766 165417697.68805495 53127465.403124884 20979850.969037592 150189037.24622205 173030185.12453797 39145480.98132343 90131446.14191088 13753861.486977907 14736894.793488296
56808429.51313099 21396014.70868319 18862941.57406356 8188819.358022552 23612050.60853954 26461178.673567984 44818289.28596166 63646624.51209073 27066855.212232865 27924939.74531256 9933722.147193907 32243701.197866745 74459055.35127205 7429755.283611681 16636337.758417942 10192944.382512012 24077047.529398635 50109687.79024384 13573732.488664957 27329433.51540064 12218724.975549266 16343958.149553418 24698239.07558492 12023992.908860266 38455318.25525334 98792268.27751963 18503293.19287678 29177878.645040814 6898552.896501257 7723222.564836718
20684539.191422194 2251225.047985014 6496222.885192715 8188819.358022552 11086119.820462978 12247781.144485278 34482431.16804392 16952493.96491491 8225652.189604696 3253083.099420903 9933722.147193907 3052013.993114275 23211065.465463795 7429755.283611681 1520007.8752979643 5409809.491081557 4821971.701650167 10270062.941270977 13562041.48379018 27150565.67452684 12218724.975549266 16343958.149553418 526714.4808633842 12023992.908860266 14156199.709651902 5835047.615832538 13210874.361460162 881768.4917294191 6172917.697352372 3190286.4322349085
1404893.880424198 1339702.548896198 587802.0741497949 142807.21295343683 783434.8524868747 885529.7073881902 728567.1155149308 2065391.8003126925 4627025.704638982 1930062.447551682 2810085.7780215177 263661.28643829224 5472546.15870114 2405220.1628059694 259947.29401171862 508876.4093733321 2143829.2776366738 3071462.114953512 3900637.0854903697 32531.324438360665 1656033.7087897437 885973.0688495788 526714.4808633842 2160698.499174814 1814316.5822160617 1278635.4914495938 1549990.2718444837 806499.6542707311 1263227.1816195403 2549984.825308784
39372.79125615187 281669.67233446793 419828.7914082968 142788.67463419065 461872.1586195929 417197.6329732398 636723.340238846 314175.97531316837 376422.7317911414 121625.54790898634 572430.6541763097 130282.85375190011 518016.6875974577 65936.51689850158 259939.0196821812 240488.92446556024 423815.5786082607 562009.2070699286 676078.1537943105 6161.848607097543 376179.1232185079 205271.03036326994 526714.4808633842 33693.57147654632 983521.1428651363 97068.56682376043 349031.68067181396 806466.0722072036 363413.1094992326 31213.17205977172
19172.79483101998 106864.85506136646 73274.7110280527 34054.34151671473 15418.052823659971 10430.934944917926 56552.72441723009 61868.47242781472 46909.78038748407 32569.787093475956 39720.55336918833 76132.91845214272 106687.25380052609 65883.87114204827 46554.99983595101 45219.08713674124 89460.56701196865 104805.81863379024 24350.63127579551 5282.766779562945 40126.69764026862 19728.087856536997 43211.594770103184 33693.57147654632 62019.50560300564 9964.890048063307 91416.56228907392 36950.62128076814 52341.78361320663 31186.6464789093
6655.639673484773 2572.5289283997117 4399.229812900298 5371.752949605829 6513.177987463714 4512.219013301928 1141.7760037592388 5035.506828600188 2248.1294615701877 2559.087524936979 1565.428318700444 9689.45728460061 3988.791667735084 4107.299907851968 5772.380273206856 6431.88992136436 5748.340693797844 10015.239398116146 3190.1491020728317 4141.153648161266 3069.366111126581 1126.4895010994433 5186.555709174944 3688.8757420356224 4042.2932621062364 1845.7846143813795 1335.7815460629822 6564.793517831542 4691.751687772225 1353.134599727071
278.6607044072716 424.11162605413347 539.9613885819463 597.1592024961956 484.3396937611524 218.7655332774998 451.82014560735024 545.038494846001 556.6658855573355 171.85492965788717 264.2853564062116 452.69882968950424 434.8345660058071 282.66320622169223 243.61087208979234 454.3138364041861 405.5391216918829 312.7058190615471 359.3557994066123 545.7081424366079 319.37418368270664 243.36068661595073 383.77746244451373 628.4332762856493 411.87356025296003 315.7240524460053 363.25010177240256 642.9437010008378 623.1789169944095 839.5277379469744
41.626367934097516 55.95754562589423 52.220895815848735 56.09759629782434 54.31196917345255 54.86686219231774 52.49947182332153 51.17575345545606 39.83826083529652 34.09744305272466 28.710770440125998 43.27774066742427 47.45593267254321 34.980545543675134 36.04248310215689 42.079699964596784 45.585334934396315 31.67470168214004 34.81773200228736 56.91218409407247 21.90917860148579 47.96800551988599 39.243186730094976 64.27579455199839 48.42548341852512 25.798705639913805 38.922468356852505 28.81435287428758 50.97524092125218 25.746914686381388
5.271836585334086 4.472918408801888 5.519323687778069 5.196690887619752 1.708203067078557 4.587559427484621 4.210355733424649 3.2775770734547223 5.46155341676922 5.723716772313992 4.284049703056098 4.457472304812427 3.8833726342322734 3.426160953649969 5.325799997178365 4.397506506109039 4.72900041485741 3.7269194432367385 4.911283636552525 6.469199699925639 3.624858896374235 4.960412159543466 4.506689367017543 5.5325791948671394 3.5326112543932595 4.588188116799529 5.303673967460782 2.987276260623048 2.838589215732327 5.400194553342317
1.3905937022086619 1.0155095552513558 1.0347198233589552 0.9966699557598986 0.9397378934797871 1.2432743052409023 1.2012084481832517 1.609884351699293 0.7638590305136859 1.2014402616780444 0.9180929095941792 1.3034791029981534 1.0201627258420558 0.541789711658339 1.0718736354363045 0.522595619444246 1.6340202300323199 1.024058771021373 0.9412499436077724 1.5686106118496355 1.1515236341849686 0.8661607168785395 1.2026166064536028 1.7531267515050786 1.4269384011161037 1.2750452163804766 1.0982363908710795 1.4228690485533662 1.0454372349511232 1.0440269629989416
0.34092417803958597 0.148698814305817 0.3653942131400072 0.07573999346118399 0.11568346592139278 0.46050962366985004 0.1727601181967202 0.09315964200823146 0.07156852091566179 0.2035230113583566 0.2021309288993507 0.05340476931860394 0.14695819552321154 0.043309970901191264 0.15254657911827962 0.10827943738468093 0.37047213935761647 0.30413158439000654 0.1882455952370492 0.4105232439583233 0.27110511806404247 0.3153584774963747 0.1818476505166018 0.441309478948142 0.13982319455317338 0.027096918624238242 0.15037383441267593 0.1067797141927258 0.13964778161334834 0.37836810466683346
199997.0 199997.0 199997.0 199997.0 199997.0 199997.0 199997.0 199997.0 199997.0 199997.0 199997.0 199997.0 199997.0 199997.0 199997.0 199997.0 199997.0 199997.0 199997.0 199997.0 199997.0 199997.0 199997.0 199997.0 199997.0 199997.0 199997.0 199997.0 199997.0 199997.0
