4916920674.657659 3260628563.0255594 4789704478.639201 5731881169.512944 2833669285.4264226 6060565254.398043 1733816288.3209794 4425939942.512176 6632532660.1689 4356932650.582402 1829233589.5798194 2187616348.5977497 2614663208.185338 1973187759.1291509 4829082366.840838 2061318162.147236 3231869306.5013013 3518064814.857577 5173589594.296579 3446868276.4033737 4189524033.7596903 4985784972.427727 7197351650.82967 5922459337.818788 4179445764.747035 3576863972.168384 4187544930.1844378 6160768224.428263 3763990896.8090835 3568408191.501656
4494536201.383714 1962004522.4945467 4789704478.639201 5023557838.820847 2703165788.5912323 4844331118.304719 1733816288.3209794 3796013827.0848575 4598914378.541149 3613294859.990082 1829233589.5798194 2187616348.5977497 2614663208.185338 1973187759.1291509 4829082366.840838 864202304.5793674 3187093461.1060786 3518064814.857577 4050156979.951108 3148991185.250917 2276186989.4494767 4985784972.427727 4890315928.477144 2837945416.505034 3325921898.9027133 3576863972.168384 3774540224.4482303 3111624357.0852427 3763990896.8090835 2889939230.1070566
2776145033.9920087 1918552934.554261 4214710746.2467265 3874833932.4671 2703165788.5912323 2501332167.2008767 1733816288.3209794 3756505774.142539 3364512655.8391485 3613294859.990082 1829233589.5798194 1624740000.6069999 2226764836.6946054 1973187759.1291509 2901943905.270336 864202304.5793674 3079476924.503869 3518064814.857577 3458204833.5918965 2516956853.3637624 2276186989.4494767 2005646509.215418 4684299578.15432 2401683525.8971634 3325921898.9027133 3576863972.168384 3351037697.5131736 3111624357.0852427 2938419639.3058515 1140785270.0209677
2000022438.054421 1918552934.554261 1479051498.34012 3874833932.4671 1910484482.4451833 2501332167.2008767 1733816288.3209794 2362825818.4929914 1341262153.5101197 3613294859.990082 1535652471.9846725 1624740000.6069999 1567099688.2353897 1857710280.9941158 2901943905.270336 864202304.5793674 1727272820.677828 3144033822.577193 2120301553.4267116 1576052500.4624207 1213242659.8197622 2005646509.215418 3673762442.1479206 2401683525.8971634 3325921898.9027133 3576863972.168384 3212014743.1013823 1790205721.8463151 2938419639.3058515 1140785270.0209677
2000022438.054421 1307425901.910154 1479051498.34012 1998988173.2729402 1910484482.4451833 1900806805.7912083 1733816288.3209794 2362825818.4929914 1341262153.5101197 1543473084.5784576 1535652471.9846725 1624740000.6069999 1567099688.2353897 1768103075.6351128 2901943905.270336 864202304.5793674 1665854176.5773253 2858522747.918457 2120301553.4267116 1576052500.4624207 1213242659.8197622 2005646509.215418 2443499052.8514934 1863202533.1363611 1900674520.2242534 2448149771.0528474 3212014743.1013823 1718104309.805826 1372225802.7442017 1130065309.4621685
2000022438.054421 935745111.7231501 1479051498.34012 1026746281.9138689 1910484482.4451833 1900806805.7912083 1733816285.5094044 1544657405.121184 1341262153.5101197 1543473084.5784576 1535652471.9846725 1624740000.6069999 1394013741.6584122 1581902902.0652616 1258617391.076526 864202304.5793674 1665854176.5773253 2858522747.918457 1438033825.5202641 1576052500.4624207 1195589836.398804 1926341733.5456758 2443499052.8514934 1863202533.1363611 987624218.0519091 2421114458.4949856 2235396294.1208034 1373941144.6659598 1079294990.5684764 1130065309.4621685
258518553.6720755 798530056.6655437 206760255.3655421 989143188.2249582 416714029.07283133 704864174.2135283 1196443295.6914673 441834669.3563148 913806103.4706023 1086033615.0712266 639925715.1432227 455478925.6348661 603212727.2207266 1147266945.509847 144219348.03667313 581912750.7153139 570019394.0348687 459119675.49446523 766314046.5802537 833622958.6550007 333932694.8320072 552731110.3751686 689543215.2985641 455390733.37677586 452967752.03121907 693667309.0800784 892344888.7024735 488961157.4221744 713152806.17712 593705421.0874094
177113610.94756353 254398266.32701463 203611890.55643907 165417385.05825445 207783875.0944868 250523737.08382925 209528426.86787063 260616766.3994649 238291913.18691286 203136562.1850526 191440019.65417665 189920644.41008055 278123322.8415069 225857816.13903022 144219348.03667313 266747558.18679017 253122202.8855231 201303255.74779835 192585232.41161245 297912374.58937943 126397145.810202 248595288.51821458 129945004.60747133 261193252.82113606 230516725.58826232 233018050.28228766 298572611.5851792 242363972.73850176 205215297.90846783 250641554.65608582
30222137.756886072 61042550.600817256 45583702.26883295 34687985.98166991 67882672.77591076 35125925.56972078 37208207.90430999 46933916.86831928 47676920.29677483 40553602.531078406 32179724.293436263 25530211.211028546 33650824.474672645 28286213.383542772 49434890.37952451 68063805.80208406 52176623.45638773 55451730.32245013 59897858.413981065 53165200.71070345 46149179.388641685 47202733.696732335 62556334.48830434 46574587.30085825 31422537.799401153 41460405.94995564 41682648.934603706 51096581.91127854 72612714.59152618 38422880.24523317
8303125.546315735 6685700.268589124 6895188.349873388 6066984.849068505 4440117.338880097 7630742.115730407 8056298.775400949 6209884.680731972 5263108.400577173 7041347.549247758 6673584.572717157 7760357.692446034 9519596.617002241 7330723.83380991 7271767.435007871 8779241.606881695 4612700.166232115 6833365.905324782 4160665.098650189 4544772.730807521 8646599.830044877 5302632.415312073 5467735.400093355 10138571.64919393 9342172.276179789 7018852.556235779 9853165.94066551 2997154.9186196383 4723771.141331329 8426941.425629975
837802.0924214973 818369.8773317301 510361.3439285308 405694.1679055591 269595.61371175427 624669.9249394543 481123.4482321445 791754.9433972787 481086.6054644924 849398.7986987823 292279.0399165409 642335.9139734468 603421.0055496399 607091.2912976953 592563.2421286625 495415.67153255234 1037947.6410032242 636050.3819907446 417035.6719504694 288498.8706223253 387226.2862601179 332666.24738899025 209568.4205508418 535326.8808830694 443911.7402585841 928640.6549755085 634478.1725466119 397229.342851523 662126.0655387875 262313.69589202985
42594.90808951768 4271.682661445019 42744.56846319348 46184.953284544295 38869.54790560858 35425.12458815847 19626.514976503368 64352.20388705295 36942.287321029246 26113.958650049266 56450.92973604191 44930.16200012479 40051.00018748503 19580.747997815954 66971.96037325161 16658.530913071172 21126.36241995122 47624.17318773996 34749.808261702245 41198.581528772964 37635.72869634609 45281.19183488614 43195.95804904906 26493.45685251256 31969.196720184773 32447.544107258604 84039.99250194183 31178.580782228164 57634.3359869608 40468.46736275428
2359.2537733267072 1262.6739644973668 866.207321973829 908.6182569425673 1255.0711891350538 708.6988125906055 1685.1053927834514 3193.374649449529 1105.1691398476514 1641.786467761619 1139.6201353197753 2376.5117173434664 1229.1953766845672 1116.5310132566947 1970.011397414782 1088.1533843639372 1747.6947923538369 1212.4457682967995 1283.1506476656627 1404.8376157634611 1317.2709570063435 1152.917987905866 1308.6298977754996 639.7654728088755 749.1299689518441 1271.5542163571872 1456.1927041261142 769.472092906818 1190.76234734004 2615.708795053062
82.13926678588473 68.74071923069505 62.2786062710652 82.68117218548173 49.57133922593562 64.2037345818369 51.80798792127598 51.52383311050721 58.884005921971266 64.08686321736332 68.61056018544082 39.54091857981098 53.61927459370804 58.44518418294683 74.73282115911593 55.37362890671034 84.55890784866551 76.03032465973001 53.26229228319198 64.77102618134631 55.60783785102308 71.10630033842904 54.15096910700959 50.83625140592312 72.67370191386385 54.34874600577973 65.58836272659005 81.03580332865567 69.44471114651901 61.55802001348525
15.73047618933083 22.17880201879575 28.297458326957212 15.342974721016844 9.083501747046057 5.491245058602544 10.826392834878106 11.029907986222042 24.180750183886857 8.018159912382089 12.79040926271091 8.599769389486482 25.09887212518015 20.889739661876774 20.269896138191598 16.618761511290586 11.520982852750194 6.627360740386848 12.335873560674372 13.265816498885442 10.483822541036943 15.392950500457118 11.865988380055796 15.402573265016827 15.266020628962906 11.200289400891734 25.423214339808283 6.646515337915616 38.42623796811199 7.134528705468028
1.4162679205460336 2.133049231467112 2.5724997914508094 2.1723205004136616 0.40649920913892856 0.402745037812565 0.2377568945485109 0.7072537861649835 0.8496598879473822 0.3432189616262349 0.3431249741929605 1.2078445804568219 6.149271606429011 1.269525487521605 0.37655309055321595 0.32536988176593695 1.1731938215355058 0.4013111101387494 0.3368342564622253 0.32600252442375677 0.4885430355120661 1.1716880699509602 0.2588519693415492 0.23976853375302198 0.4477904988887076 1.063550361135185 0.19949525217452901 0.5253305007704512 0.21853666395986693 0.2860754143273425
1000000.0 1000000.0 1000000.0 1000000.0 1000000.0 1000000.0 1000000.0 1000000.0 1000000.0 1000000.0 1000000.0 1000000.0 1000000.0 1000000.0 1000000.0 1000000.0 1000000.0 1000000.0 1000000.0 1000000.0 1000000.0 1000000.0 1000000.0 1000000.0 1000000.0 1000000.0 1000000.0 1000000.0 1000000.0 1000000.0
