111.60114256626309 120.22608158907747 119.07654755227702 105.82399555590553 110.78811016459451 110.26741926467935 87.816277523483 115.06223862502145 105.78199113401092 112.75715205689039 103.43503875921601 103.36632222760795 83.13459954301106 118.80337354184678 123.4122720472094 111.73458377895781 116.25530498006299 114.94225269053038 107.25279163850576 105.72769991880318 111.55573376172902 117.62722622982938 123.85962794799798 119.32243469586331 118.55105158399317 119.36747399589933 108.93019055234731 103.62644042242528 110.31842696329 91.23076981581653
82.4874509972966 118.60167581680662 101.87003003055565 103.27768600701017 106.08984492284219 101.18706354833648 87.816277523483 100.96520352044718 105.78199113401092 112.75715205689039 103.43503875921601 103.36632222760795 83.13459954301106 101.76967242492606 108.78708702071606 111.73458377895781 93.07863715029339 102.40031815796476 100.61679981951033 103.49888589574721 99.30023716092842 105.51891149539813 113.59173829842405 119.32243469586331 107.885587348076 104.35783198408967 107.94056730955572 103.62644042242528 92.89528203025907 91.23076981581653
82.4874509972966 97.7817437938063 99.13286414272079 103.27768600701017 81.79863857868531 101.18706354833648 87.816277523483 100.96520352044718 101.48261594190922 89.80678712052872 103.43503875921601 102.26568833215856 83.13459954301106 101.76967242492606 95.95266246529275 111.73458377895781 93.07863715029339 102.40031815796476 100.61679981951033 102.54666079484355 96.38107721249344 98.79505142178039 97.58824356746834 96.04193399467408 92.2025300469329 86.62268151942078 104.03854746302648 94.31471555889334 92.89528203025907 91.23076981581653
82.4874509972966 95.53953514066393 91.2380710841303 95.97170581328055 60.09492879258869 101.18706354833648 87.816277523483 82.85370941570045 101.48261594190922 89.80678712052872 84.7998191062843 83.99470787376572 83.13459954301106 101.76967242492606 95.95266246529275 97.85295788329984 89.02163863448811 102.40031815796476 97.18381478378183 95.24026044140544 87.86857674968132 98.79505142178039 88.80525770879535 96.04193399467408 90.00853296231344 86.62268151942078 84.085895765803 90.09752247962115 92.89528203025907 91.23076981581653
66.5159002669102 95.53953514066393 81.39064352126366 84.81649480384931 54.236194773592274 84.99777839777357 87.22370263113669 82.85370941570045 95.90028097669551 89.80678712052872 74.86719902576931 83.99470787376572 83.13459954301106 87.45165128259703 95.95266246529275 83.00008577565586 77.54425376171957 87.60720554225338 93.72971365082685 95.24026044140544 87.86857674968132 95.10270321466714 88.80525770879535 86.62963587547733 71.38776035077433 86.62268151942078 82.93561433296986 90.09752247962115 92.89528203025907 87.2707053405984
66.5159002669102 91.54158091343004 81.39064352126366 79.51211159780314 54.236194773592274 75.91616688404736 77.19232457902501 82.85370941570045 86.24813686141965 85.2980948415858 74.86719902576931 83.99470787376572 83.13459954301106 86.59454545045264 84.38231532346038 72.84975884174105 64.80810689458065 73.01709356676167 89.11671046613446 77.47271213084969 87.86857674968132 85.91588598666613 85.15941154962331 82.84990292093164 71.38776035077433 86.62268151942078 82.93561433296986 90.09752247962115 92.4688738078944 87.2707053405984
56.73160300948746 51.32786745312944 61.276958513467775 54.03635609476589 54.236194773592274 62.205223914200246 61.46580571005825 53.20003338018989 61.76278648532934 63.49913131831261 64.85711937741644 56.81211733426005 65.75950032233436 64.4772617471665 62.80404298605549 70.00022628177635 60.51446559925216 71.03955703107113 59.017299632153595 62.81405008026957 65.06324019881936 50.63639528301178 49.09588169685014 63.34309968389164 61.29889775455399 45.44745443646343 54.79890759474256 72.77732871203546 59.072762155898545 63.45338789595587
36.87323995913073 40.24853792093859 44.452224910712516 44.71585810902877 37.90068266989522 35.14184704368836 42.88355163836093 44.0608461344641 44.147191274726424 38.01243867788435 38.80389215470018 43.22302619911545 47.48008936705696 44.156367740464816 37.10771171353008 41.918821971371585 47.39632223974786 43.56063637164141 44.923715995376824 41.7205974093539 46.99988284803294 37.28636305590078 40.13827783603551 42.2223477588866 39.21832122091587 41.999462066183014 41.309950379675115 38.307154186338494 37.81600139085458 43.34518080447015
28.436049834009054 28.371472156262826 26.32968410803028 26.624231186129578 22.199247694459245 24.160284534738594 24.821641952198547 29.0294661802061 25.916109755450975 27.568039212501844 20.158857714577152 25.142740635240557 27.954730158031452 29.076299923730403 20.861616476444965 28.009254093614004 26.399999130435617 27.75174780308771 23.869527472140362 26.39619363293616 25.51343999384187 18.41127996514615 21.25542122843069 22.97467435947044 19.032123150412758 25.52623172030121 26.741489121684026 27.997965644712053 25.30080016644763 26.088294684981406
11.193813399387409 11.341518450343756 12.843808698658563 12.971186393044718 12.383197192573675 11.538081199601038 11.90917208356791 12.578458020539301 13.30973729637094 12.743490026549466 15.263356427122858 12.21544819254882 12.646832567288357 13.138596144268831 13.024862210745368 14.210374264963548 12.58020933784428 13.295835458203214 11.468211204129716 13.441057378015671 14.464558073887929 12.466389114751564 12.06682449626544 11.927447042492759 15.803875676150255 14.601728796018278 13.642435439536712 12.166620294831318 12.024870157925534 12.210614828035432
4.061675312778789 4.026888505747593 4.867490151844208 3.8180067091072942 4.450222255175845 4.071643808907197 3.5737362280138996 4.321047452835046 4.020807786129581 4.32939739351059 4.723318216737312 3.603211163972219 4.222537905468016 5.122017646411905 4.006585187431938 5.276554299292798 4.807440369832079 4.1082829151494025 3.6350533256123754 4.337406045632065 4.339462437697875 5.168609416670847 5.34380214265957 4.206293388226641 4.881865203150483 4.916144946773898 3.9818223230460035 4.810784055605723 4.288921683922808 3.954377124400253
0.7262220124819123 0.61362672117491 0.5634034139957294 0.6838822989124083 0.4656427789038844 0.610183756916399 0.6137448476461032 0.6048369200308343 0.6357892420999178 0.6785235270032217 0.7507920604706442 0.5369157161417206 0.533967237829188 0.7755391216617227 0.6069208409381872 0.7165492821916359 0.49872981454598175 0.5929392571468952 0.5644901245144638 0.5414272796917885 0.6373313357057668 0.6777594061367154 0.8236340702273992 0.7294831706394689 0.7179229419908779 0.5870205068197265 0.5607608492211966 0.5737075930911715 0.7571453260893577 0.5428554626024606
0.017590777349937525 0.01817613739672197 0.013258552847901228 0.01681408883939639 0.012470583277604419 0.015298378830834736 0.016348593149928092 0.01724352036046639 0.019224813423193154 0.01693532166427758 0.01786151030171368 0.013623726993159835 0.012510624660535541 0.017444828544171287 0.010486222038935011 0.019434507877804208 0.01934611960541588 0.021235514738236816 0.01757375917372883 0.012224079432030521 0.01970974657933766 0.016197677605646277 0.016808531931246762 0.014693330842874275 0.01761789852093898 0.017893011304181528 0.013049714982344085 0.01484478889130969 0.015088600552985554 0.014929376309623876
1.0461867077538045e-05 1.1965412682002352e-05 9.873120234260568e-06 1.2254696457603131e-05 9.647323054196022e-06 1.2635068173949549e-05 9.696454299046309e-06 9.414222517989401e-06 1.4667426967207575e-05 8.750382107791665e-06 1.0753970514087996e-05 7.0090327426441945e-06 8.361835284631525e-06 1.462787258788012e-05 6.72171222504403e-06 1.3265008647067589e-05 1.4106744060882193e-05 1.4435827210945718e-05 9.194943004331435e-06 8.027979333746771e-06 1.083448023564415e-05 1.1020903798453219e-05 1.2735783002426615e-05 9.658792578193243e-06 1.2084735544704017e-05 1.0429971325720544e-05 1.0151136621061596e-05 1.2395163821565802e-05 1.0636221418280911e-05 1.1094840942860174e-05
1e-08 1e-08 1e-08 1e-08 1e-08 1e-08 1e-08 1e-08 1e-08 1e-08 1e-08 1e-08 1e-08 1e-08 1e-08 1e-08 1e-08 1e-08 1e-08 1e-08 1e-08 1e-08 1e-08 1e-08 1e-08 1e-08 1e-08 1e-08 1e-08 1e-08
1e-08 1e-08 1e-08 1e-08 1e-08 1e-08 1e-08 1e-08 1e-08 1e-08 1e-08 1e-08 1e-08 1e-08 1e-08 1e-08 1e-08 1e-08 1e-08 1e-08 1e-08 1e-08 1e-08 1e-08 1e-08 1e-08 1e-08 1e-08 1e-08 1e-08
372427.0 373562.0 369006.0 373789.0 373335.0 377411.0 371744.0 371516.0 375829.0 371288.0 375603.0 370148.0 373108.0 380113.0 371060.0 373335.0 379213.0 378088.0 373335.0 371744.0 376055.0 378763.0 372427.0 368548.0 378313.0 376281.0 373108.0 378313.0 371288.0 374924.0
