314.35842558022546 267.17388599045444 287.7805457270538 233.68762487964045 271.70130967233445 286.64148401867624 297.1491863427409 192.20908199319615 270.15259332773803 283.55151963626645 273.00112636615904 265.6679678890182 264.87237996606973 265.51506655378944 282.0214030468685 277.1482528548247 275.2920106261322 300.54985686537634 254.82617159521146 287.5977877520902 247.76977596848928 263.42261444752717 284.47831127003974 284.46751914165793 307.7125663228903 282.3159399571964 254.15518679761522 274.11966756299125 287.2522330316451 289.84759272040947
254.95801387294887 267.17388599045444 287.7805457270538 233.68762487964045 271.70130967233445 272.42410738434614 271.7216929232286 192.20908199319615 270.15259332773803 262.56102292302194 241.11000465120355 265.6679678890182 260.5808249890506 265.51506655378944 281.8012840115482 256.93160565339053 260.5905923545156 265.4257059897841 246.23993919301188 287.5977877520902 247.76977596848928 254.085915409481 275.67902607019755 250.1500663289296 271.00230628853456 282.3159399571964 236.68252083389916 274.0761285707181 268.54154715688856 286.4193186993907
254.95801387294887 265.51293176492845 246.11826913300456 210.07495819674682 271.70130967233445 249.3182093001817 256.67418059995634 192.20908199319615 270.15259332773803 258.1687782459726 241.11000465120355 249.7205638200769 260.5808249890506 253.1164547168446 245.32973722548877 250.19748671199727 260.02530435967765 258.38995297009524 246.23993919301188 287.5977877520902 247.76977596848928 251.9745293599069 240.85502405344073 248.28769247642367 242.231788230559 220.50103476039862 236.68252083389916 252.26439276330711 224.54702676358352 211.17261015736744
254.95801387294887 250.9030630236191 226.8616381525187 210.07495819674682 243.4979868836972 244.57964433441362 256.67418059995634 192.20908199319615 233.2172385837746 258.1687782459726 241.11000465120355 232.79591806684675 242.93746387516717 253.1164547168446 245.32973722548877 237.34415975238585 246.7581870376655 248.93202412699407 246.23993919301188 215.78659974827792 220.4574687987748 251.9745293599069 240.85502405344073 232.7549507291901 242.231788230559 216.04018986817448 236.68252083389916 231.51072936933815 223.80248677731925 211.17261015736744
220.23981520204097 247.46827488570875 226.8616381525187 210.07495819674682 243.44145351774205 213.63701899196872 223.75885834924225 192.20908199319615 233.2172385837746 219.28329768527033 241.11000465120355 228.82052600519023 236.7424004741231 253.1164547168446 227.60137171164752 223.5454271727508 246.7581870376655 205.9708900900165 240.01245414052232 215.78659974827792 220.4574687987748 206.44383455254274 236.5278688840683 232.7549507291901 228.04136771063736 216.04018986817448 217.92872964199967 204.1618554404506 223.80248677731925 211.17261015736744
220.23981520204097 211.82117730584082 211.5719954303679 210.07495819674682 225.08979433445825 213.63701899196872 207.7471446106407 192.20908199319615 233.2172385837746 219.28329768527033 230.3060350162441 217.0757506783799 230.9196242170574 253.1164547168446 227.07370499560648 189.0805612959889 235.68937356996798 205.9708900900165 220.69213984670967 215.78659974827792 217.88407740500338 206.44383455254274 223.89229893362835 222.1339018243881 227.32283136675915 216.04018986817448 199.97741665392618 204.1618554404506 223.80248677731925 211.17261015736744
163.17495618361272 168.88274596627093 170.1006457484333 199.76667875584474 182.69521984445407 206.57963198234643 182.78402060472627 181.10395272118876 180.51477760804266 173.9861238310425 178.85999915823265 173.83782909272725 193.08362532520277 176.35915586351086 170.52551804761197 188.7283663146536 178.3882745586037 185.7141376006582 204.46303610029986 204.1317694541059 185.46923249716428 157.94260030330247 181.01278641450267 182.36263887701136 190.89483977742088 188.32045330550568 170.51984934509142 190.86115454024457 183.67150311303362 175.97354382736762
158.36149861011359 139.31802858264655 153.45518913685896 145.3885539507928 168.78700635985103 159.3784844753294 156.04605534463326 153.71283147766974 165.91848609432031 160.20623183129032 169.2631315093397 134.16040917540568 157.54996667644798 148.85464386856495 143.44006243203717 160.9636822940705 150.00469917571058 155.93732182945917 151.10247590936933 152.88379599487507 141.10718073434862 151.10224672458185 165.53350272507828 162.57121037524132 155.6631600006591 171.7172972931628 144.1882619167651 164.85468724558064 146.02184189622812 145.2537187375924
134.74507772353581 124.69221210310718 144.80253276861345 133.60318203953875 130.55190735283963 124.78772574754908 138.9323549104539 119.60771167240546 145.44624652031496 121.90381442983153 135.49105765220918 121.14509364139667 142.8378175517172 144.36015976596605 128.45383386236836 130.00643430874788 114.09996460095124 121.01476912885425 134.88790859450387 138.3290746055884 135.39315669638893 131.93572278350587 139.02330997024558 135.21284133881863 128.07817448414926 123.66684992142848 129.77360366159837 142.6428277143052 128.5170064315165 127.91219347652327
84.27321413889433 109.83649669842714 115.95032149826739 93.27864079098322 115.16581339060417 116.62918584530337 103.69438110407748 117.50114828970698 116.23762945807982 113.54906543506604 120.43137933608148 118.1471768956676 112.69566590816203 124.74361099168505 115.46070090332069 114.41099132775298 100.32433590629387 88.74073550255548 122.50223193574391 104.19285845140143 122.6003113053348 107.88651967908743 106.34509068356374 108.95239017905294 99.14800630232207 114.16290038119007 98.44301596188734 124.84644303073082 109.69086747603524 110.87545595143035
84.27321413889433 90.80726990390974 102.50209794044179 62.633504019319275 95.69780531286563 80.1109127005409 90.35465895105676 84.90801407900142 97.28367628066553 95.18074605113065 97.97452815433553 102.55003764555852 92.12276113292342 95.00295580789032 108.60630428292563 94.32197715711402 99.18666649069667 83.9008320587426 106.89457242225171 100.89804803200445 106.60133926543119 94.62587247563715 92.89151384247737 75.55467458321607 89.06578464227061 110.92910676703332 92.3473580571681 87.35662999504461 83.41575470382088 90.3326081321436
83.63712786334986 67.95697761849203 59.66373361219837 62.517297635414366 76.73693967298823 74.33373722228907 86.87966681990122 72.13363208386829 81.44163314615378 66.30963639243862 83.05556237541134 68.51493133698204 83.5867069439546 75.40686879506188 88.56926507283265 70.53205046089636 72.60241447284636 82.37931930047364 78.99790089219164 80.090377284233 72.61598689513926 74.22298477583388 71.75802525722702 75.0503465329557 81.44706576277156 88.29303114722927 72.24094045911886 74.51983961055873 75.68225282477272 87.78527129812039
56.168358873437796 57.94099473990184 49.19470904979676 56.39972645552041 56.0931413401247 47.07955923075508 56.05267304000438 54.80563112546076 53.58903199038173 56.13612905838352 60.65086281339552 56.155128148866424 58.64671907393051 54.61966012509333 66.79810962592933 51.49369588975617 61.75218856563549 63.38880697237778 51.460851710459224 58.380185541122614 63.954000808411934 53.40091847020403 49.03163753238209 57.973159173032286 53.05535854215623 56.57832516381745 56.34112201758785 58.3744061179068 55.178351803800524 58.10180904086042
39.877730462538125 43.29558218482464 32.673539241133994 34.76906643808127 44.93278768551363 45.18964367256751 37.147045288517006 41.45744147527205 38.42120291571837 43.06878252139995 38.42644313814219 47.26951884710127 42.55548946766089 36.54355252656751 42.821120062542036 36.35740388159809 38.22105352642893 43.06039951709613 42.462939596626825 39.92348617782932 38.42544027938686 42.74396847318667 35.75562063751636 37.80055855927719 32.565235581218985 35.24683135472412 23.34337606179372 37.89141208593787 40.97076770498359 43.48632321427556
23.889882109875543 23.55558880591593 18.066639862423244 18.973321893375783 26.944588840153415 23.192996998679405 23.969593861915882 16.144448708563573 25.09726498605994 23.447057993433646 19.493451361118446 23.459164522627702 22.4081864569265 19.129674081573967 21.84142039096446 23.050864909758957 21.185366190106834 26.669501958983233 21.917418011276823 22.747873373320203 21.017428940198556 26.60029895925345 16.315745219024052 15.33830930774809 22.72984083116046 11.946922388254166 15.676452933295309 19.808617273284767 24.29911067217904 20.015782852536745
10.944549628026266 7.959672456746375 8.954631513839672 8.954631513839672 11.939503647300398 9.949590570932969 11.314441362476714 10.944544590207215 10.94453955238805 9.949590570932969 6.964713399653078 6.964713399653078 6.964713399653078 10.944544590207215 6.964713399653078 10.944549628026266 11.939508685119563 11.939508685119563 11.939503647300398 8.954626476020508 12.934462704393695 13.929421761486992 7.959672456746375 8.954631513839672 10.944549628026266 5.969754342559781 4.9747952854664845 9.949585533113805 14.924380818580289 11.939508685119563
1000000.0 1000000.0 1000000.0 1000000.0 1000000.0 1000000.0 1000000.0 1000000.0 1000000.0 1000000.0 1000000.0 1000000.0 1000000.0 1000000.0 1000000.0 1000000.0 1000000.0 1000000.0 1000000.0 1000000.0 1000000.0 1000000.0 1000000.0 1000000.0 1000000.0 1000000.0 1000000.0 1000000.0 1000000.0 1000000.0
