28993.337987015282 46044.24347973226 28313.703433701212 26647.87142971086 10914.582829344414 45993.990805414534 82264.29182337577 57249.349619772984 41845.89798889796 161471.20750114293 76064.31289859269 41089.63633204912 16326.388665931649 18294.8798708434 56593.895196510304 26572.01207555061 40349.48099754321 28971.17336442924 77292.25462733503 34396.569004393874 44536.21304395006 64183.473520956904 42800.33843329726 54604.02655204828 62192.557433173526 42498.18044180719 22087.047626172214 15957.262002326952 43224.13731103431 51526.7765975124
11773.167548704118 46044.24347973226 20701.26412903357 26647.87142971086 10914.582829344414 45993.990805414534 26653.915924123346 18758.141929495174 41845.89798889796 21879.642172071894 29328.43500924518 28542.000572534656 16326.388665931649 18294.8798708434 19303.452472147903 26572.01207555061 31827.713059609407 28971.17336442924 73214.77370328424 34396.569004393874 27126.440848443122 31865.42066514131 29708.893547559477 46113.65344638632 38507.37398284397 17015.78647677668 22087.047626172214 15957.262002326952 23431.15652408094 31217.058842091472
11773.167548704118 20812.825480305946 20701.26412903357 20757.930925030585 10914.582829344414 28023.695572467208 26653.915924123346 18758.141929495174 41845.89798889796 18560.61489950539 29328.43500924518 28542.000572534656 14300.670541314183 18294.8798708434 19303.452472147903 22877.24914931432 31827.713059609407 22737.18082157438 61066.46121042129 34396.569004393874 27126.440848443122 31865.42066514131 29708.893547559477 46113.65344638632 18438.748425358834 17015.78647677668 22087.047626172214 15957.262002326952 23431.15652408094 30748.886113784898
11773.167548704118 20812.825480305946 20401.65833003953 20757.930925030585 10914.582829344414 28023.695572467208 26653.915924123346 18758.141929495174 41845.89798889796 18560.61489950539 29328.43500924518 28542.000572534656 11335.649829543985 17523.27892624279 19303.452472147903 22061.380550450824 27349.73332046908 22737.18082157438 20711.398840587022 34396.569004393874 14375.721163700666 14793.32976096436 29708.893547559477 30903.60504278432 18438.748425358834 17015.78647677668 18999.97269371038 15957.262002326952 23431.15652408094 17499.10556003988
11773.167548704118 14980.528036855067 16809.019528648587 15112.297867308607 10914.582829344414 26537.78005872805 19493.47245960544 13893.179064181308 20480.38299658286 9685.625418796566 29328.43500924518 21874.375187506554 11335.649829543985 16123.08493077688 18118.38818989866 16333.78492873632 12369.218064107134 18791.66742354831 20711.398840587022 15375.947136544106 14375.721163700666 14793.32976096436 29038.97301063191 28477.927395500392 18438.748425358834 17015.78647677668 10905.805890959944 15957.262002326952 22110.0983358123 17499.10556003988
11773.167548704118 14980.528036855067 16809.019528648587 14808.229215450887 10914.582829344414 15002.507935121515 10032.688647172876 11635.171759722381 12375.122810892488 8178.269548790551 9180.480768831947 15957.602689711513 11335.649829543985 15586.96943192693 12146.820676657722 13742.538486137044 6594.181659621074 18791.66742354831 9861.587259352726 11549.932678744943 14375.721163700666 14793.32976096436 14163.406097212626 14083.190340505558 18438.748425358834 12569.816170770087 10905.805890959944 15957.262002326952 22110.0983358123 15053.297252862305
11619.925435574016 13318.470943266377 10323.13121638036 8477.964271139303 10598.951258741345 9010.710895587463 9939.664290964482 11635.171759722381 10400.575986635231 7368.104972979584 9180.480768831947 7311.64872168443 11335.649829543985 5862.804323007765 9224.284647888973 12667.373833246807 6594.181659621074 11949.536590821599 9861.587259352726 11549.932678744943 10363.493536956377 13314.511743225356 14163.406097212626 14083.190340505558 13817.60112273113 12569.816170770087 10905.805890959944 10915.730970875944 18419.81781918855 12678.649374969758
7823.892941982952 6698.9139167084995 9385.665844917963 8477.964271139303 4683.952229314539 6974.420449590053 6770.86581564333 9251.24138636887 3339.752621039444 7368.104972979584 8349.274797091957 7311.64872168443 5389.394598958941 5488.404866687275 7176.086932021127 8985.022664570759 3058.570483006936 8657.389805942526 9861.587259352726 11433.450182294468 10302.401749245944 11870.124054508737 13335.730204001944 10093.86278158066 11531.71657940564 8642.509946884098 10905.805890959944 8824.519238153714 9398.809908602849 10179.053863957053
7172.386684965179 6698.9139167084995 8630.852689268113 6490.249329868988 3817.215442782621 5645.69817893769 6770.86581564333 7116.949509560602 3339.752621039444 4233.712656042686 8349.274797091957 6459.452606719731 5389.394598958941 4260.783544532655 7176.086932021127 8985.022664570759 2804.8932837838993 8657.389805942526 6079.4904786872785 5802.990351666483 8219.705437886372 10507.877660042419 9816.770200587847 10077.230268855137 9568.78064494977 5056.998212046946 6167.966906279723 4132.491757708996 8358.51799182365 7268.198224989169
4582.690637795083 5469.306793475749 4445.424794848702 6226.05658111457 3817.215442782621 2669.5603284322924 6768.833651258812 6045.256322184854 3339.752621039444 4216.96394653203 4712.548896811643 3634.5259195356975 4011.059384472419 3215.912783943141 6006.403785676101 4622.725989954682 2495.71181633774 5062.426545695848 3419.9856112886428 3803.744367907653 5616.998482801188 2346.129944632808 3278.8570831761513 4934.969633227463 7452.932995045154 5056.998212046946 3819.961780352587 4132.491757708996 3753.4673632810745 5844.639678353994
2860.419516578008 2261.116020106124 2550.8759587097747 3100.825391651196 3040.6012665051157 2358.3322783048056 3981.47477377384 1257.421751766375 2414.8585057514597 1874.9426517551128 3920.8747908298947 1839.158792575433 2241.4094877208836 1335.4459348798216 2818.817530695079 1459.262141809653 2421.130013004356 1761.1063529994913 2593.3512388762883 2702.8352117980266 3136.3993107005954 1405.3462990192038 1851.026055852586 2393.4067855221465 3141.857769338331 2842.8010436458203 2196.930642120627 2506.611195383106 3229.464612523433 3288.3879349073213
1084.3224257575464 1151.0200264922898 1551.2295894503534 1131.1187420832528 788.7138361480763 889.9247139020331 725.7780178413186 1040.0177420996665 1257.8120926804918 699.5695632514668 628.6205675683955 1040.0708859478896 946.2684410712423 567.7298975338731 1515.473293663987 1066.0481632447127 503.22837286369804 702.7728595440524 1201.605249772108 1062.6603189112313 808.2829258758252 896.8245600705513 1173.7333845884043 753.7295739970032 1099.7334320429852 474.82143047983004 712.4362014713979 704.977226901428 739.9195969193793 1217.010702752583
123.72977094411414 101.86041406296488 120.56345961819454 79.42835466125325 82.43991455273516 78.45640573557534 151.2752811560889 78.9969829278104 215.58783335495013 83.08723742668099 79.30925730878334 113.56037421574831 34.63159491440365 66.86895363291228 67.59675175273622 102.06964787574452 125.090704840797 204.09653887484876 98.42673931173636 134.65225532768056 156.6560874090357 103.47298510072318 182.86892264409283 103.00137868615326 86.42556278446546 78.73268283741282 110.63507012563764 78.34376591090268 138.6396112792039 112.70448995620643
0.044506405018694295 0.03507787795638251 0.044653903089169944 0.018871859694456816 0.019582191646861702 0.018098423789297158 0.07943824664039312 0.017491987547145982 0.15287471760240123 0.016589092998515298 0.1275671977791717 0.005029403406183519 0.01818203569985144 0.023979217432668065 0.03119519299514195 0.021043016253486257 0.05928762269041954 0.05573173907305318 0.018663157847697676 0.07135167784673513 0.0247216711216538 0.020495287163328157 0.0425006367139531 0.017628115668685496 0.0213237898301486 0.051055570820210505 0.04206647374894601 0.012798294435242497 0.0198073015474165 0.03913894619961411
1e-08 1e-08 1e-08 1e-08 1e-08 1e-08 1e-08 1e-08 1e-08 1e-08 1e-08 1e-08 1e-08 1e-08 1e-08 1e-08 1e-08 1e-08 1e-08 1e-08 1e-08 1e-08 1e-08 1e-08 1e-08 1e-08 1e-08 1e-08 1e-08 1e-08
1e-08 1e-08 1e-08 1e-08 1e-08 1e-08 1e-08 1e-08 1e-08 1e-08 1e-08 1e-08 1e-08 1e-08 1e-08 1e-08 1e-08 1e-08 1e-08 1e-08 1e-08 1e-08 1e-08 1e-08 1e-08 1e-08 1e-08 1e-08 1e-08 1e-08
109030.0 107249.0 109618.0 107591.0 106733.0 107249.0 108946.0 106819.0 109450.0 106733.0 110449.0 106647.0 105607.0 107676.0 107846.0 107591.0 107591.0 107421.0 107163.0 108526.0 107335.0 106303.0 108946.0 106303.0 106819.0 106905.0 108016.0 106991.0 107335.0 108526.0
