1246.7654673878442 894.7050696743026 1146.7396434991529 1412.4609787514464 807.9488799977794 1463.7953332616548 338.25000051595543 1943.787619117833 806.0976555469997 806.7415918686611 1129.499747205282 573.2317659898872 5691.189318514312 614.0065510305685 623.7722092580475 590.6950808543411 689.7941278584335 1003.5617728010052 800.2753668438704 847.3033999797531 561.324046441724 939.5167593057122 240.72174292286718 2150.1864971600426 672.983187774727 1346.93669492068 1031.9762133231484 1485.6853778020804 1133.3280268064782 790.6827390881717
613.2752250755761 840.6030068629507 741.1606731059132 863.7540081990505 713.6461381493359 324.1734692983064 338.25000051595543 972.3927304785416 806.0976555469997 757.61289486549 1033.2706838955046 573.2317659898872 671.7464499840753 614.0065510305685 476.8217941439216 590.6950808543411 689.7941278584335 1003.5617728010052 412.8445119960634 586.6252806434122 561.324046441724 939.5167593057122 240.72174292286718 779.6322185534232 547.7358827332164 976.1877846982197 851.494476493524 611.6996843788638 968.3983861364845 790.6827390881717
331.1398862729375 515.2961718622323 741.1606731059132 766.5708732857224 713.6461381493359 324.1734692983064 338.25000051595543 972.3927304785416 806.0976555469997 757.61289486549 747.1939853952331 573.2317659898872 671.7464499840753 465.26967957782654 476.8217941439216 518.941068168242 689.7941278584335 730.1486422410653 412.8445119960634 586.6252806434122 561.324046441724 687.3721183637558 238.75279090906406 469.8271554470689 322.7581434501317 976.1877846982197 525.6339510226217 611.6996843788638 865.6422376982882 790.6827390881717
331.1398862729375 515.2961718622323 377.5134223943396 477.2522322782993 713.6461381493359 324.1734692983064 337.2063752692029 435.64272515798257 411.8477594639985 272.48084329586436 631.2702815856837 573.2317659898872 671.7464499840753 333.18133220837353 216.96089435160366 518.941068168242 689.7941278584335 582.6650957770707 249.63791095523538 438.21227226225074 561.324046441724 507.50467441013643 238.75279090906406 469.8271554470689 322.7581434501317 724.1021860133751 525.6339510226217 611.6996843788638 489.0170771708317 453.1913475866809
331.1398862729375 307.16474255044295 371.5552137538898 477.2522322782993 713.6461381493359 297.8333777551197 337.2063752692029 435.64272515798257 411.8477594639985 272.48084329586436 467.05435360078945 385.2595999786081 671.7464499840753 333.18133220837353 216.96089435160366 506.31836558339774 683.956996141435 563.8622615069403 249.63791095523538 438.21227226225074 561.324046441724 507.50467441013643 238.75279090906406 469.8271554470689 93.80106544776254 596.0296994951859 525.6339510226217 590.9468220330846 489.0170771708317 427.1049051735977
331.1398862729375 292.2817775969015 371.5552137538898 477.2522322782993 644.0169590712189 297.8333777551197 306.9074297478537 435.64272515798257 332.6474294167415 143.01322664151166 467.05435360078945 366.3166282685679 671.7464499840753 333.18133220837353 216.96089435160366 497.4718281448286 683.956996141435 563.8622615069403 249.63791095523538 354.28808167103716 434.653143519653 376.15461647649227 238.75279090906406 469.8271554470689 93.80106544776254 596.0296994951859 525.6339510226217 590.9468220330846 489.0170771708317 412.3148139939194
135.00231834789247 98.99340075132795 349.29597023509405 300.2707927309684 185.24671290722154 195.02308964698295 197.14815735801085 210.44914098680147 108.30988945978015 143.01322664151166 103.09359719460872 107.24350809836096 102.64832439718657 197.38445249378537 188.13957427439163 141.49204514829944 108.51376903263417 244.218497295602 197.2793271210012 272.22327084513563 146.85644313193734 123.22374938184657 238.75279090906406 338.1500906239612 93.80106544776254 65.80473005163867 251.2201387836676 209.22950286665082 199.2168053329351 315.95546399048726
73.75678364047644 61.233846512267974 85.41982068816378 112.85518982468056 66.41239467854075 88.66670978795719 124.07423093260695 80.53506145210031 80.05454715860787 58.63833289503964 64.30192149380673 75.94447854798182 49.116201381596966 51.5892549353498 58.6603593592522 81.28029119450412 88.59250747804845 60.32341293833724 68.66707608422666 76.41747997407083 111.07471428270492 67.93104112480978 67.48856614242641 84.95919207603174 61.60515677828289 61.14169663764187 86.33349657913777 66.26688176585367 112.03865903096266 112.69593721047704
46.760967731356686 50.284679143541325 47.04798390129463 58.45152886285496 61.73022142962918 53.67827686213968 41.68038588023819 48.89626547867738 46.10718484638983 49.58897807663607 41.56696652134724 53.929153002557086 49.116201381596966 40.38452483865194 57.10132430056365 71.43354697936411 54.70339401169713 43.39316123691742 68.66707608422666 53.385452232910666 40.17603642267704 63.23086232623655 50.95072050366025 50.49856759837576 44.70380734961236 59.05555583203795 62.78587340142303 48.069187065222195 50.638605090287 47.788090349592494
38.301480460738276 39.200860026522605 43.47517474214783 44.29404014177953 35.59773748326052 42.391209379539305 39.80256756280005 37.305595088938844 44.53157960919407 45.735472827401736 36.8965581206221 42.402326924594945 47.083424684316924 40.38452483865194 45.868747683123274 42.43030742636893 40.173106792726685 43.39316123691742 48.35843142684189 41.152089616941794 38.7995977579194 37.68051572344439 40.46733905930296 43.23015739923676 43.81448748842695 45.19886905485964 35.64517361068056 34.29724467342339 48.31068412195282 39.59262830366015
36.087425207238994 34.562859697400654 36.88181149362799 34.950244038144774 35.59773748326052 37.1250013571007 34.20092103636898 33.518387630295365 39.572471575310374 36.94135983959313 36.42274270740745 35.87544451299664 32.66025269781494 35.669297980009105 36.92257649518842 34.03361504801296 38.696528569237216 34.51549283302347 34.04285838140959 34.930402245458936 31.491284282968536 35.36514246822708 34.4394168978306 36.27229827097153 37.15249149758347 39.70350176861575 35.64517361068056 33.85501641241353 34.214798221497404 34.92413071143028
29.501807390772683 30.536390405326983 32.316967490233765 31.249002774196924 30.235797626276963 33.02757359480165 31.739484452249144 28.71271700262014 29.638061955349258 30.67173633377388 31.729477923310696 31.672154794055587 32.137955371345925 30.87220920957725 30.27159628190111 30.146064221681172 31.548467950378836 31.82827785669906 32.931578152565635 30.397285087048203 28.91734069290942 30.19627521684788 31.245562248370334 30.384758143579347 29.150170335357416 32.20535237225431 27.75123472017367 31.32065032933133 30.110588365868352 32.70357212765566
27.402813928244996 28.48213867745926 28.40303710963144 28.45231820508525 27.64623736209387 28.393340436795825 27.3095186793621 27.705542185549348 26.908955167133172 27.93486921823751 28.5415839609218 28.219660975080387 28.26351808885147 28.47867346601015 29.161749172646523 26.866393118508768 28.951244628216955 25.80545552978583 27.116733221844243 27.26801831754574 27.576725993866148 28.35067854392537 28.70985088065754 27.369944233439128 26.50514260164391 27.427611200677347 25.94370372049889 27.911335503470127 27.53533577824237 27.762342524018095
22.11963445456695 25.33397551647613 25.78509379787556 26.033635348655025 25.84229777459541 25.55743103764098 25.992439339719567 25.63771562949296 25.680396320455202 25.78346309392964 26.0985003888718 26.277730682481888 25.67287984701443 25.66069233900589 25.74586892926527 24.874194165804965 25.409206542297852 22.65649992389126 25.61317461646513 25.620269843130245 25.245765485543416 26.03013900239739 25.612408929092908 25.633337796461092 24.620361581195084 25.70385093311461 24.831183767593302 26.115241253350632 25.461154956657992 26.037979012175583
17.36225363523772 23.620616687406255 23.80982174030987 23.10562781706176 22.83467806282988 23.799121465379812 23.74177513246468 23.843968377385863 24.39478983723484 23.680786639836242 23.871684900883338 23.35876247069291 23.40016583822353 23.515751251161873 23.812656268106366 23.410114693931973 23.777710216072137 17.563661740414773 23.90363568173052 22.253409017801914 23.712728985308786 23.792626462236058 23.76376395098987 23.80368194083985 23.033057010418815 22.346949160345957 23.613667865753996 22.467774980437298 23.88905991909769 23.506819534545684
0.15630474601903188 20.40937122382502 20.363912773018 18.40238264849404 18.303464990544853 20.57711873609651 20.78087026321873 20.471658662072514 20.51681022793491 20.172950097853573 20.551146818352663 20.285744220358993 20.500325890605836 20.60479684859365 20.376201277960263 20.558891930653317 18.44788286817038 0.38150622796911193 20.427950937269998 14.644463371963866 20.50403154838523 20.271987266466567 20.45672267341888 20.080163661465576 14.955529321487575 13.359737833337931 20.751456768898606 16.926008807495236 20.410991180273868 20.61054850736855
1000000.0 1000000.0 1000000.0 1000000.0 1000000.0 1000000.0 1000000.0 1000000.0 1000000.0 1000000.0 1000000.0 1000000.0 1000000.0 1000000.0 1000000.0 1000000.0 1000000.0 1000000.0 1000000.0 1000000.0 1000000.0 1000000.0 1000000.0 1000000.0 1000000.0 1000000.0 1000000.0 1000000.0 1000000.0 1000000.0
