8514428177.220839 12910809262.983818 7577029928.002494 10070113659.608086 5514568372.853028 6060565254.398043 6969154545.122518 5477558262.840898 10337203380.226402 8378163517.383582 1829233589.5798194 6903253044.004363 6423371337.475243 12355620015.041435 2237330193.576828 7659974701.163679 3231869306.5013013 2899589171.138963 5173589594.296579 10003369577.298073 6050147970.91157 7026787341.421159 7990362557.315907 11191691746.981102 7871558320.476152 8960021166.474934 9614646084.426497 5825995985.186746 9217857107.12528 3568408191.501656
8514428177.220839 12910809262.983818 7577029928.002494 10070113659.608086 5514568372.853028 6060565254.398043 6969154545.122518 5425107235.208323 10337203380.226402 8378163517.383582 1829233589.5798194 6903253044.004363 6423371337.475243 12355620015.041435 2237330193.576828 7659974701.163679 3231869306.5013013 2899589171.138963 5173589594.296579 10003369577.298073 6050147970.91157 7026787341.421159 3918233864.373363 7220633971.383251 7871558320.476152 8960021166.474934 9614646084.426497 5825995985.186746 8355872849.365837 3568408191.501656
8514428177.220839 12454497060.580671 7577029928.002494 10070113659.608086 5514568372.853028 6060565254.398043 6969154545.122518 5425107235.208323 10337203380.226402 8378163517.383582 1829233589.5798194 6903253044.004363 6423371337.475243 12355620015.041435 2237330193.576828 7659974701.163679 3231869306.5013013 2899589171.138963 5173589594.296579 10003369577.298073 6050147970.91157 7026787341.421159 3918233864.373363 7220633971.383251 7871558320.476152 8430450086.838716 9614646084.426497 2754547451.5379987 7163899312.138581 3568408191.501656
8514428177.220839 12454497060.580671 6976748521.75457 10070113659.608086 5514568372.853028 6060565254.398043 6969154545.122518 3824972453.550515 4573016874.823042 7032076054.356899 1829233589.5798194 6903253044.004363 3872835675.7603292 12355620015.041435 2237330193.576828 7659974701.163679 3231869306.5013013 2899589171.138963 5173589594.296579 8319800682.543984 6050147970.91157 7026787341.421159 3918233864.373363 7220633971.383251 7871558320.476152 8430450086.838716 9614646084.426497 2754547451.5379987 6690653930.930036 3568408191.501656
8514428177.220839 4011174799.9150834 6976748521.75457 6359182686.882497 4303026850.255787 6060565254.398043 6969154545.122518 3824972453.550515 4573016874.823042 7032076054.356899 1829233589.5798194 6903253044.004363 3872835675.7603292 11740937443.344616 2237330193.576828 6382426331.258818 3231869306.5013013 2899589171.138963 1575181791.5547025 8319800682.543984 3775559182.651059 7026787341.421159 3918233864.373363 7220633971.383251 7871558320.476152 7792429035.778161 7415036967.783674 2754547451.5379987 6690653930.930036 3568408191.501656
1556171877.84649 4011174799.9150834 5771416298.305303 5558243108.604144 4303026850.255787 6060565254.398043 6969154545.122518 2339782739.5835457 4573016874.823042 1693393051.2424703 1829233589.5798194 5440682216.096804 3872835675.7603292 4624750914.592671 2237330193.576828 2785857799.615226 3231869306.5013013 2899589171.138963 1575181791.5547025 5412717907.947037 3775559182.651059 5853057665.252536 3918233864.373363 7220633971.383251 7871558320.476152 7792429035.778161 6835469249.018419 2754547451.5379987 4027891801.882869 3568408191.501656
1556171877.84649 4011174799.9150834 3291296548.5642867 5348474063.525087 3016911977.32112 5571408901.862538 5918870010.05436 1198101709.443179 2881331197.29104 1693393051.2424703 1829233589.5798194 1458176638.1911232 3872835675.7603292 4102146097.8967443 2237330193.576828 2785857799.615226 2637453402.3268185 2899589171.138963 1575181791.5547025 4365358923.073241 3775559182.651059 4218271805.150808 3918233864.373363 6577896994.202261 3030557551.0346417 5007019157.952278 3220196347.042986 1728471655.2218826 4027891801.882869 2291567701.63537
1556171877.84649 2432127115.139441 1616881075.4407485 2104297052.8680158 2157381655.534808 2776413179.4492574 2840021123.372364 1198101709.443179 2096526343.106958 1693393051.2424703 1829233589.5798194 1458176638.1911232 2227395706.268649 1869917627.9434245 1403223741.5058157 1739957284.521729 2637453402.3268185 1467067785.975359 1324392672.71072 1940544843.0584252 2005039559.553814 2445048457.014454 2929751116.6330547 5379291253.1305895 1208186869.6094704 2960768727.0424714 3220196347.042986 1220937736.5866647 2677404401.816107 1383172553.9756405
912913870.9566495 1241440379.029054 718573717.7876956 844615651.7561179 976420596.3724519 2197532308.5945816 843978327.3026774 59760607.76353753 1033762736.9440638 1693393051.2424703 635144284.1096644 1149711823.5572908 1075034032.0956068 1247425328.2184265 618962514.6974685 873381405.3462176 1290119918.3147182 671227227.000127 182024270.6275833 1825568465.8031776 605792700.7001605 1050641423.9236996 250155963.16296363 861638705.4959407 1070012128.4444319 493748500.12994725 1117691281.944676 237290188.25558984 694157394.5429132 251562515.02819917
390482037.7533186 103848518.08555332 52654940.37816388 148687324.1999127 270123794.20976645 310715990.0940695 232795460.41022494 59760607.76353753 192286692.32429388 364555861.67452955 213525718.62987906 134432085.42714983 151323665.84149176 390684271.9519164 268247150.26229218 216244302.67917064 166230323.9487532 244353109.49382067 182024261.68560934 250557645.97603396 99076332.9409491 206270981.67423207 250155963.16296363 298232576.8999243 316932135.65483147 350433026.3312967 353575043.6297673 130016230.99734844 145718306.92195097 251562515.02819917
115939601.81128246 29426886.47867165 44788191.545946956 74879043.3980598 116541457.88019535 60985631.71312076 45582244.894017026 45407868.18898797 25470110.22771077 81140823.5935229 133870396.19355844 77933131.81211391 44449825.39327223 62605662.516332634 64162932.369826786 48957284.08193024 72779290.78727348 57620301.77647743 49198025.56965342 98995788.64202599 49059211.65140294 54661056.924348876 115637714.12435897 69607387.58292834 65513727.08563503 169158713.63020167 35204676.943954706 47554489.36830408 35542724.94946047 64924841.07781947
12079039.118605094 12250374.294327755 12533677.602722822 19969136.782750495 21510783.19697456 3840895.514437111 2115041.407782548 11968097.411444139 10324855.074328909 9513571.085340997 8257494.725250301 24472862.224614654 3997304.8922630236 10473323.60084672 3903731.5585762565 18403677.059081912 6249854.373789801 17273174.45067726 9315964.930753442 11800913.212849315 6743374.63076497 6953238.921187222 11977975.007895742 8674422.65169657 32374061.95633133 24684377.313978683 8740863.06283474 6467084.483548487 6666888.513842932 13649456.817394488
1437939.2572449343 1191128.7174712927 950258.7271702962 2129635.111911806 4858337.874167831 569535.262217022 165950.21235012016 1434411.1343224454 447637.1199031022 3425978.5718688993 2114080.525807412 2342460.046608412 377408.2966331941 1125832.9137935943 557371.3592531885 1216924.9636879347 635079.2093332988 2851861.5795215787 791259.4881164274 1600171.6828485662 754689.3298396092 198818.8082064571 887352.8032356491 789022.2211989088 5035484.399196652 2539597.5149794193 402381.2471276045 1168913.8704032635 346111.0314889296 2661121.6080098352
94418.30654738078 84894.28040431939 28247.157766734883 103662.07354797925 126251.9047901578 31321.080999813814 24972.89335966863 33754.450075391665 18410.36536381761 52879.16362126348 68335.69581991293 186680.7692890173 26898.00523645635 41760.77891302464 19108.972099455757 24615.436556727273 52287.9216124471 83813.85825419206 34138.15592766207 84926.38632739421 24214.180578090432 31031.595724083607 55224.74750842341 82106.60810943054 237000.25572563914 38719.041018403266 41477.855816379706 33127.508634772545 25698.01553345926 73051.1434135951
726.9031241032303 3408.1670478378874 2541.641493636147 442.56777713427664 622.6678586320086 20572.2557009672 21929.661312803386 5536.808972204289 9208.096800849935 1626.00482022302 3686.8503478973234 1347.056041390278 17108.745379010943 269.1049310254966 8868.986121600838 3245.587595937004 11488.046075880735 3586.7714838231086 19275.043747350443 1233.9804283068556 21700.486560268397 1796.9586407868596 16263.67368486575 427.8703595271495 2943.2405227163144 576.4012334949521 1298.4288719539077 836.6666693213838 19941.21483923315 536.0141250320803
98.85640009459348 186.98528650176968 62.97589289983284 38.54277108627389 70.45061351935647 2968.135646677478 14654.94859483459 159.6494739836803 272.4221840589166 58.53529724050691 168.6445354157188 50.46052590808904 15978.80077101774 40.43025779979462 280.42928217289045 54.496222513926796 520.6014803425251 1004.9584040958762 4031.89838009127 291.93992645209573 2710.786727705402 576.4233433662084 4941.001059567911 65.78030661706339 99.67735714425544 35.52837716201452 109.89093390531048 104.4346447950827 1954.5357058490881 51.436018803152365
1000000.0 1000000.0 1000000.0 1000000.0 1000000.0 1000000.0 1000000.0 1000000.0 1000000.0 1000000.0 1000000.0 1000000.0 1000000.0 1000000.0 1000000.0 1000000.0 1000000.0 1000000.0 1000000.0 1000000.0 1000000.0 1000000.0 1000000.0 1000000.0 1000000.0 1000000.0 1000000.0 1000000.0 1000000.0 1000000.0
