12306.02354734687 6163.77077939087 12788.133282046656 7878.481890049765 7423.722405307053 9985.925357503153 12221.832138193266 5671.124836606627 11705.204783856849 9177.249597244809 6817.383390665766 4664.4006991169235 9763.583699156432 8377.876555525996 6589.955640003484 8707.140882259027 7018.707180072176 10505.382492407423 5258.649554591904 8371.371548655148 6192.306856587052 5638.604095193061 11514.108386447988 5819.730836594478 8866.23437305789 10662.423802422203 7203.972916870358 7095.410450983105 5095.596744000734 14650.972339804359
12306.02354734687 6163.77077939087 12788.133282046656 7878.481890049765 5588.556391998228 2005.6584667867442 5308.328913416464 5671.124836606627 11705.204783856849 9177.249597244809 6817.383390665766 4664.4006991169235 9763.583699156432 8377.876555525996 6589.955640003484 8707.140882259027 7018.707180072176 8584.892437134535 5258.649554591904 8371.371548655148 6192.306856587052 5638.604095193061 11514.108386447988 5819.730836594478 8866.23437305789 10662.423802422203 7203.972916870358 7095.410450983105 5095.596744000734 14650.972339804359
12306.02354734687 6163.77077939087 12788.133282046656 7878.481890049765 5588.556391998228 2005.6584667867442 5308.328913416464 5671.124836606627 11705.204783856849 9177.249597244809 6817.383390665766 4664.4006991169235 9763.583699156432 8377.876555525996 6589.955640003484 8707.140882259027 6644.992512455051 8584.892437134535 5258.649554591904 8371.371548655148 6192.306856587052 5638.604095193061 11514.108386447988 5819.730836594478 8715.438662214692 10662.423802422203 7203.972916870358 7095.410450983105 5095.596744000734 9234.668134865302
12306.02354734687 6163.77077939087 12788.133282046656 7878.481890049765 5588.556391998228 2005.6584667867442 5308.328913416464 5671.124836606627 11705.204783856849 9177.249597244809 6817.383390665766 4664.4006991169235 7798.997126181941 8377.876555525996 6589.955640003484 8707.140882259027 6644.992512455051 8584.892437134535 5258.649554591904 8371.371548655148 6192.306856587052 5638.604095193061 8623.509265302217 5819.730836594478 8715.438662214692 10662.423802422203 7203.972916870358 7095.410450983105 5095.596744000734 8931.589930604932
12306.02354734687 6163.77077939087 8235.187373105682 7878.481890049765 5588.556391998228 2005.6584667867442 5308.328913416464 5671.124836606627 8373.806060210389 9177.249597244809 6817.383390665766 4664.4006991169235 7798.997126181941 7602.851913549373 6589.955640003484 8707.140882259027 6644.992512455051 8584.892437134535 5258.649554591904 7668.74583963619 6192.306856587052 5638.604095193061 7567.149564094202 5819.730836594478 6278.568288348189 7676.238239685955 4018.5846586985463 7095.410450983105 5095.596744000734 8931.589930604932
9511.276753156231 6163.77077939087 8235.187373105682 7878.481890049765 4159.640336887797 2005.6584667867442 5308.328913416464 5671.124836606627 3863.0073786883822 4095.027348773805 6817.383390665766 4664.4006991169235 7798.997126181941 6104.069442131776 5724.262076930605 5984.424220618257 6644.992512455051 8584.892437134535 5258.649554591904 5105.068056210684 4180.85321858906 5638.604095193061 7567.149564094202 4402.727363261079 4684.953277288544 5487.028214999358 4018.5846586985463 3141.165623139321 5095.596744000734 3927.081080821288
9255.880573945537 6163.77077939087 7661.128115185086 6736.03696651097 3469.0129536390605 2005.6584667867442 3819.774619939587 3059.165840988245 3863.0073786883822 3534.90291910305 4702.099073769636 4664.4006991169235 3790.803031879961 6104.069442131776 3674.0330745340107 5468.4227722443575 4828.825572066637 6506.695202112566 5258.649554591904 4625.492988387288 4180.85321858906 5618.464088602501 5343.246949325063 4402.727363261079 3560.2476515427115 3544.663902444405 4018.5846586985463 3141.165623139321 2214.988734676945 3927.081080821288
2934.2562595072654 5749.532457156494 3806.896071961084 4130.0291818699525 1796.677035792427 1863.104789415689 2382.383098119324 1975.7480368761671 2696.3823959457104 1514.5897481277402 4076.8032363642033 3892.523259916228 1897.9945507607094 3367.3264112134075 2907.548464460942 2454.8919569440254 1472.760932842481 4435.414644401782 2700.191143730523 3018.1997333681306 3001.437578669494 2838.5108397386925 4296.286303575975 1586.5064907836463 2494.800240756809 2245.936934099666 4018.5846586985463 1817.2728491467606 2214.988734676945 1834.8032861020884
2680.689621642162 1920.036360200328 1281.968665388917 1473.0751493965213 1796.677035792427 1290.654395291045 1158.8307606490841 668.2374923652997 747.0103576158433 717.7062620929951 1553.8039231716846 2304.861793703208 1281.210719122835 1759.2492639968495 1535.5853516717912 1854.3714784155027 1472.760932842481 1739.1068618657446 989.4879098639537 1444.818217860691 898.0985847441777 1179.8681948677106 2362.3523486356826 1586.5064907836463 1396.9228141984647 1833.4901595200758 1756.84714658755 1817.2728491467606 1394.396749223743 1334.4097088903693
973.9472033036186 632.346937716768 622.4638071095991 575.3592076128859 975.8006540796409 700.0136201664909 734.0498717064047 511.4374364421749 408.22037004360186 458.9928038802085 664.8918153232878 657.6845589837449 624.5198994707687 1032.0513281940061 478.38847934792057 975.0947480205461 679.8681432974881 939.0749734714807 493.1397816081371 853.8172247706189 898.0985847441777 532.931677973906 938.650428168374 420.9045452311191 620.7260477203389 579.3607481129683 944.5970950155256 581.3205633832058 677.1351197762301 754.0875406750094
288.63069617136443 259.53991163102296 303.7418001393212 252.3287914020491 248.1833684006806 208.7800161238266 163.18256000042834 249.46440774410098 214.58389252586937 170.10649895681559 204.4024167385585 305.5968746871098 204.98215866754845 206.58097289922546 211.08175063228884 226.4651581747869 188.01821759079849 244.9863128357449 220.7452404223984 390.82693133998237 422.73912362980514 291.49781739578896 345.17692480775395 224.14108683461654 295.21552787557005 301.9942832922766 347.96253606110804 364.23914759268223 219.60420397457938 336.72646300131294
124.16082244453378 104.34498288500606 112.50256382747682 99.0792746592042 97.62761364100419 142.50826462054863 84.95220886430258 90.62304780606433 98.22240249848244 107.33998893304079 121.82144856528475 136.07443647116247 72.05795756163513 111.05959500145059 91.33997118923514 124.27947578330009 123.22148763009955 87.7944205067538 102.6586776904121 163.70184487443055 125.36044099873925 114.88103200569901 128.28745518722508 94.62651474376219 122.12445816690104 122.28373861747639 126.90482818260261 114.09893497988651 91.94614277858335 123.62492461740203
55.00596512576885 53.26308921634893 52.46926147090812 54.41284760874379 52.252373305007325 57.503221559611575 51.188471442723824 52.834338950246035 55.843552359165926 54.73283626191852 58.506941552547744 54.89174658616872 51.754757899036235 52.18627439527211 51.02653900801164 56.17812540962643 56.110497913247286 55.1614362004035 52.68501216387682 60.80856956103389 55.160486662271865 56.448213656463565 63.36559416871489 52.299631680702134 55.40497668370864 56.131674740340145 61.26184584016363 52.81970426925943 54.14097897508856 56.688749324499895
49.11288251141855 49.111957188397014 49.10354267365153 49.18162476114122 49.12850114064685 49.14052756205405 49.111031187007086 49.13558854783014 45.688421465510714 49.15883377373984 49.16935607723252 49.13171424499973 49.11167227847449 49.11661480681852 44.94268899283418 49.144646419528044 49.160607484099444 49.17650264576241 49.11577896567741 49.21023584778976 45.05821792711191 49.145884481083556 49.15722468075535 49.11769611013909 49.12898451101944 49.14028881871144 49.155378636171804 49.13262137368861 49.117768983774226 44.94812107360406
49.08450669401054 49.08450231526865 49.084484061196065 49.08470187022505 49.08450698188523 49.0845281526349 49.0844926223391 49.08455440279988 44.89554372664338 49.08462441981254 49.08460157951782 49.084605610634185 49.084517631873325 49.08450849618583 44.89547162184783 49.08456533702963 49.08452246508307 49.08459544164634 49.08449901706098 49.08450757991483 44.89547799305001 49.0844969932071 49.084516518661474 49.08450621517511 49.08451743536989 49.08453548618655 49.08449955543915 49.08452050541007 49.08448815848641 44.89547003849634
49.08447897974884 49.084478979591836 49.084478979549544 49.08447898239723 49.08447897949014 49.08447897987196 49.08447897949287 49.08447898062684 44.89546931745224 49.084478979655216 49.08447898119175 49.08447898015095 49.084478979757705 49.08447898033518 44.89546931745144 49.08447898093084 49.08447897971695 49.0844789795554 49.08447897956046 49.08447897952266 44.895469317451614 49.08447897953636 49.084478979923006 49.08447897962856 49.0844789798752 49.08447898039526 49.08447897950026 49.08447897957063 49.08447897965215 44.89546931745133
1000000.0 1000000.0 1000000.0 1000000.0 1000000.0 1000000.0 1000000.0 1000000.0 1000000.0 1000000.0 1000000.0 1000000.0 1000000.0 1000000.0 1000000.0 1000000.0 1000000.0 1000000.0 1000000.0 1000000.0 1000000.0 1000000.0 1000000.0 1000000.0 1000000.0 1000000.0 1000000.0 1000000.0 1000000.0 1000000.0
