1925.1943502135136 1856.800966264861 1181.600944658694 1725.0724317216736 1261.1231050853803 1907.6000891238 1372.461814445985 1776.2167011386464 1248.6476488550352 1119.1680868789176 1849.4447936670203 1038.9501020170856 1247.0861359744667 1441.9218114803498 1865.6984307800976 1453.0471582088958 1210.3539597316253 1397.8494005385355 1818.5340535357318 1640.3055905211022 1714.1157500280578 1423.2736600519765 1532.073398040293 1456.0628425817613 2134.7231283572055 1316.1457655480126 1460.0940563838276 1331.9399954360028 1759.2101247446135 1292.9134644379405
1925.1943502135136 1856.800966264861 1181.600944658694 1725.0724317216736 1261.1231050853803 1907.6000891238 1372.461814445985 1776.2167011386464 1248.6476488550352 1119.1680868789176 1849.4447936670203 1038.9501020170856 1247.0861359744667 1441.9218114803498 1865.6984307800976 1365.1442181220123 1210.3539597316253 1397.8494005385355 1818.5340535357318 1640.3055905211022 1714.1157500280578 1245.9274411155411 1532.073398040293 1456.0628425817613 2134.7231283572055 1102.701963938111 1460.0940563838276 1331.9399954360028 1759.2101247446135 1292.9134644379405
1925.1943502135136 1856.800966264861 1181.600944658694 1725.0724317216736 1261.1231050853803 1907.6000891238 1372.461814445985 1163.887177009181 1248.6476488550352 1048.8438586580414 1849.4447936670203 1038.9501020170856 1247.0861359744667 1441.9218114803498 1865.6984307800976 1365.1442181220123 1210.3539597316253 1397.8494005385355 1818.5340535357318 1398.0277701509021 1375.7922845319263 1245.9274411155411 1532.073398040293 1456.0628425817613 2012.5625446537242 1102.701963938111 1460.0940563838276 1331.9399954360028 1759.2101247446135 1292.9134644379405
1043.9175438796701 1737.632572797972 918.6609422798642 1725.0724317216736 1261.1231050853803 1755.0618114843373 1372.461814445985 1163.887177009181 1248.6476488550352 1048.8438586580414 1516.2535017514165 1038.9501020170856 1247.0861359744667 1438.7712469971284 1865.6984307800976 1364.9504978474324 1210.3539597316253 1397.8494005385355 1818.5340535357318 1398.0277701509021 1375.7922845319263 1245.9274411155411 1234.2588119479979 1029.8710166291498 1388.7384865189506 1102.701963938111 1460.0940563838276 1331.9399954360028 1759.2101247446135 1292.9134644379405
1043.9175438796701 1737.632572797972 918.6609422798642 1060.446148819322 972.7748860094762 1395.7268826087375 1372.461814445985 625.2750728693172 1248.6476488550352 1048.8438586580414 1482.6830751317848 947.650924443331 1127.8947284845149 828.0381563206556 1072.9811369987901 1024.5489441931813 1053.4399535979474 1356.4027417813472 1818.5340535357318 1398.0277701509021 1375.7922845319263 1245.9274411155411 1234.2588119479979 1029.8710166291498 1388.7384865189506 958.2263180217551 1460.0940563838276 1331.9399954360028 1759.2101247446135 1292.9134644379405
1043.9175438796701 1254.918911619382 918.6609422798642 1060.446148819322 972.7748860094762 817.2897588643164 866.3763121991565 625.2750728693172 743.1934749234483 880.4250558535259 794.642926787652 947.650924443331 1092.7859118442684 457.5821048631269 639.798742054224 1024.5489441931813 867.9520471911733 839.5151266638977 928.7477249805165 899.045039149365 1001.9388106513816 1245.9274411155411 800.8711377786967 966.1938833745885 1119.7772856127522 958.2263180217551 1021.4055175756266 968.2528027404296 804.0772117929541 770.2475419555994
952.6176849182257 1022.2479875391718 918.6609422798642 854.9238647851289 825.2973397186825 800.4064065266193 756.4521146076099 477.7501341102684 743.1934749234483 880.4250558535259 587.0010013163387 497.85542138357414 793.3951981273776 438.2963426428896 639.798742054224 664.1666828811353 820.2508353694443 803.3688031234888 678.9500422459878 550.4037999764691 827.826961174269 710.5004927655946 533.5574348689088 834.9889149580004 846.5546124541634 501.7378822456567 864.8081236406515 507.44688146996486 651.0108220827124 646.1755282326317
633.121186357605 462.28116518627485 627.0764872826708 524.9113414133544 680.8066426447185 650.5495050099453 566.4825760188778 394.7520447878828 451.0439571721845 528.5408576446966 389.7903692525706 357.75563437227447 528.3178713342668 414.16512071846773 412.7115819593473 536.1985021664841 486.6213877688201 696.3373696607846 640.8412337121526 530.9071795414843 619.983801937477 585.5199631668606 533.5574348689088 478.1084744404534 531.4935250950352 501.7378822456567 605.9248338855818 438.1240955131011 473.5682101445409 605.3012476197891
460.067991708273 415.87560082089885 468.1924849808938 478.13106512395734 491.63622445342526 327.74822517930716 423.71827929923984 356.2270210467432 363.0879889376097 394.60450455261207 366.247471718641 357.75563437227447 416.58210782886135 381.02748568112156 347.5047142006724 379.92444409702375 421.66655432606103 576.9644041496131 414.57659151697044 457.2704797253009 355.25608723892765 541.8049549235843 382.87844631525604 393.87347985646693 418.56463302904194 359.35151401253006 456.89220503623346 356.5367134725543 392.174388842745 390.1675986621858
309.4119665295125 336.6223726693015 369.8883599606629 331.032636362027 363.4205514506616 326.1650467716936 322.17995442123674 301.0851136993342 311.85734552042777 336.6299191164503 281.77855715609303 295.0699569008766 325.96852995510926 312.2731736238934 332.3146177503045 316.4278516586096 342.45310577510645 382.03561129836453 340.9875650303388 326.16054772019606 355.25608723892765 372.12432437960115 327.9927295996481 332.66142669238707 315.3090595825006 328.95171405513065 361.5965833400428 338.8949442347225 305.49800645519326 336.21550685488955
276.1481635365458 282.43992580127906 304.51198203601734 282.3199320691051 297.26154818734085 294.3289243527588 278.83375681955704 271.6253848050969 277.4672128555776 298.9291132470148 265.6344669035616 282.4477668493855 272.431856654287 273.480337887665 285.6137012669915 267.7531801242262 278.9385526610781 293.21816392205574 291.1581248145967 286.64185118789237 268.3351655573233 290.80627611268346 281.6669823103257 278.3227001120754 272.2945514718567 288.5529106995764 290.2551679802309 290.3332389121824 274.51589013518515 267.99494619408915
259.6921248144122 261.13911099843517 258.6582755247023 252.19558473081042 260.8778784131314 262.378718349737 252.05464162577755 251.60805614824585 263.68089918166334 265.0932811104435 247.0925571090247 261.04356712276876 254.96005685010368 249.73985747305596 246.68644149354077 247.10565961332622 259.1312266975656 265.0580604176507 262.0365763478226 267.0974101641991 255.6084453573676 258.7306078987481 264.955089148179 256.07302215332857 250.1192885490118 257.972533245445 264.6061186832226 261.1555938806696 257.32822673984265 248.4114301199279
247.24050167779478 243.1597633307274 245.98945741443913 240.81281736571555 247.21191492528078 252.46044059941732 240.41791923588244 242.88211579267227 248.8301489708556 252.1525029862537 238.65970948306676 243.4949820444799 243.45388885916327 240.38318634477355 239.37769238813962 241.552032990905 251.2101436643261 248.68189785114964 240.8318780640284 251.6999450807466 241.03402309583635 242.91412488975175 245.34044311446678 246.7789507518305 240.20684659519975 247.50295907431746 246.43778105982346 248.80262085709364 244.1349134077518 243.4159107685764
240.87063899173336 240.83774536728424 240.44226227265608 240.59533370036843 236.07108079887166 244.35457668565687 235.66618850453824 236.92461648176186 242.79068307629223 238.5398233990186 238.29126068314235 240.83685006228052 239.03441779437662 235.70937226060687 237.7414226968226 240.8303202677157 244.11999069410695 239.57642213862118 235.65925943963884 241.81164694754216 239.2561911383932 240.42116431494378 242.44166345380563 241.29686030763105 236.8586886166404 243.42119315964555 242.37052121583974 238.98872257350422 240.83396040490425 241.55029415901163
240.83013885886749 240.8301388367654 240.3498518877741 240.59523555208216 233.97431822750968 243.55995064422677 235.65492045477913 236.67373001579926 242.28430239531872 234.80988489750598 238.2911491790028 240.83013883618787 239.02170759088312 235.69640813304386 237.74020768390483 240.83013882698833 243.54534952742915 237.36837986635464 235.65492043328277 241.71082622746326 239.25409171495176 240.40083159738924 242.4378829874604 235.65538651251563 236.8304035865458 237.57737650812987 242.33487379851385 238.70012350588695 240.830138831584 241.54375810424472
240.83013882695013 240.83013882695013 240.34953652806416 240.59523555203032 233.97430094618903 243.55225729225276 235.65492041127527 236.6695676569807 242.27644201999055 234.80885212551402 238.29114917888 240.83013882695013 239.021707554386 235.6964080742605 237.740207682647 240.83013882695013 243.54180067796779 237.36836966570309 235.65492041127527 241.71055468458553 239.25409170604235 240.40071006458356 242.43788298611798 235.65492041127527 236.83040329675305 237.57310028270558 242.3348737346787 238.70012208603384 240.83013882695013 241.5437580277112
1000000.0 1000000.0 1000000.0 1000000.0 1000000.0 1000000.0 1000000.0 1000000.0 1000000.0 1000000.0 1000000.0 1000000.0 1000000.0 1000000.0 1000000.0 1000000.0 1000000.0 1000000.0 1000000.0 1000000.0 1000000.0 1000000.0 1000000.0 1000000.0 1000000.0 1000000.0 1000000.0 1000000.0 1000000.0 1000000.0
