            Best          Worst        Median          Mean           Std
1  2060.27574923 12699.95926001 7478.93251513 7371.55465844 2903.09355270
2     5.11107187     8.91708795    8.38905863    7.54447144    1.49426613
3     0.04624672     0.22280067    0.10641447    0.10939058    0.03663436
4    24.01779832    47.98994723   39.34993430   38.87396672    5.28160940
5     0.06452337     0.58932279    0.27206803    0.29693602    0.13097940
6    56.57488862   624.52726019  178.04118543  220.64203397  130.31975939
7    13.30788997    24.46250317   21.76424401   20.28816614    3.08876747
8    10.01746326    25.99005235   20.86310167   20.00917193    4.80459158
9   229.28438271   229.28438704  229.28438317  229.28438387    0.00000130
10  100.38536445   100.72964461  100.53842829  100.55441413    0.08921004
11    0.37943436     1.80115172    0.70604242    0.77823899    0.33227152
12  158.62805591   163.49630389  161.40489581  161.25288571    1.50956098