556201814.0384403 1665829073.2253032 311073966.8045301 157212191.71288815 733157835.1989306 1666831457.201541 438936343.9359776 24783508.24257245 1993565889.420333 508766343.3890303 1558193336.8972442 939543193.7212939 995348014.1123718 111820163.25368662 497669679.1438956 141776932.63155043 1300984245.9870274 945426841.6382726 336788473.6961318 531480260.0046079 176901234.55814087 505701925.98433083 202906020.38651237 1096735530.6637504 250931821.0974613 521765406.85452646 1003565603.7447003 541279246.5960692 1270144789.0381107 245032266.4045115
556201814.0384403 1665829073.2253032 311073966.8045301 157212191.71288815 733157835.1989306 1666831457.201541 438936343.9359776 24783508.24257245 1993565889.420333 508766343.3890303 1558193336.8972442 939543193.7212939 995348014.1123718 111820163.25368662 497669679.1438956 141776932.63155043 1300984245.9870274 945426841.6382726 336788473.6961318 531480260.0046079 176901234.55814087 505701925.98433083 202906020.38651237 1096735530.6637504 250931821.0974613 521765406.85452646 1003565603.7447003 541279246.5960692 1270144789.0381107 245032266.4045115
556201814.0384403 1293626915.1593115 311073966.8045301 157212191.71288815 733157835.1989306 1384793513.041033 438936343.9359776 24783508.24257245 1993565889.420333 508766343.3890303 1558193336.8972442 939543193.7212939 995348014.1123718 111820163.25368662 497669679.1438956 141776932.63155043 1300984245.9870274 945426841.6382726 336788473.6961318 531480260.0046079 176901234.55814087 505701925.98433083 202906020.38651237 1096735530.6637504 250931821.0974613 521765406.85452646 909341448.2861444 541279246.5960692 1270144789.0381107 245032266.4045115
556201814.0384403 1293626915.1593115 311073966.8045301 157212191.71288815 733157835.1989306 770071648.0972347 438936343.9359776 24783508.24257245 1550941414.428978 508766343.3890303 1558193336.8972442 177468003.51125085 995348014.1123718 111820163.25368662 497669679.1438956 141776932.63155043 1300984245.9870274 945426841.6382726 336788473.6961318 531480260.0046079 176901234.55814087 505701925.98433083 202906020.38651237 1096735530.6637504 250931821.0974613 521765406.85452646 909341448.2861444 516387125.27801037 312371829.07632047 245032266.4045115
556201814.0384403 1285531068.5135968 311073966.8045301 157212191.71288815 733157835.1989306 770071648.0972347 438936343.9359776 24783508.24257245 1035405906.537841 508766343.3890303 1558193336.8972442 177468003.51125085 995348014.1123718 111820163.25368662 497669679.1438956 64679597.32488278 1300984245.9870274 945426841.6382726 182501693.94592407 531480260.0046079 176901234.55814087 505701925.98433083 202906020.38651237 565198030.3891954 250931821.0974613 517941728.8082673 909341448.2861444 64865951.65376952 312371829.07632047 245032266.4045115
556201814.0384403 1285531068.5135968 311073966.8045301 157212191.71288815 633558678.878178 519714644.18083555 224450364.7059961 24783508.24257245 1035405906.537841 508766343.3890303 6403701.798299547 177468003.51125085 669543756.4591286 111820163.25368662 374340836.99142325 64679597.32488278 1300984245.9870274 945426841.6382726 182501693.94592407 448231588.257192 176901234.55814087 505701922.94314253 202906020.38651237 565198030.3891954 250931821.0974613 517941728.8082673 187397393.4902569 64865951.65376952 259818822.20665106 245032266.4045115
404172081.8719939 67520591.15523647 311073966.8045301 157212191.71288815 184089637.6455947 519714644.18083555 224450364.7059961 24783508.24257245 346155390.37226313 508766343.3890303 6403701.798299547 177468003.51125085 646185003.5143831 111820163.25368662 374340836.99142325 64679597.32488278 1154378196.121065 421886449.41561866 182501693.94592407 448231588.257192 176901234.55814087 505701922.94314253 109395558.0282291 299519737.11034715 67334169.09709734 90999044.49977113 187397393.4902569 64865951.65376952 259818822.20665106 245032266.4045115
303393569.43685544 67520559.37152292 146768388.2389232 154869216.75907272 177837618.87542757 86795152.54987279 224450364.7059961 24783508.24257245 68971466.46655904 42722514.44042434 6403701.798299547 124094234.04668184 413286142.98671544 73457333.73661026 40597834.83020494 64679597.32488278 590575298.9746757 340315982.14510846 182501693.94592407 12403190.556010064 113832562.10500601 14167710.504018594 84523540.70064658 176256472.82613894 67334169.09709734 84555293.16044219 187397393.4902569 63205505.557718985 220125150.86551994 64449811.16775113
150532852.66744712 67520559.37152292 59087575.96898283 77501696.16347164 56884040.03424112 86795152.54987279 100315510.84706816 7453821.647604534 68971466.46655904 42722514.44042434 6403701.798299547 42645508.55597986 45711194.18395803 13290661.476521024 16246903.818412755 64679597.32488278 34985725.15728411 44755061.826587975 138013629.70681992 12403190.556010064 85734516.59620091 14167710.504018594 27507323.74156735 53987762.22902161 10502494.35368026 33058800.68583933 173853614.01123637 51028074.267882355 145638156.60633564 44182035.42717263
34146621.368648015 2128590.820753289 30711232.436949655 7175306.786922417 38305631.61671536 37282502.068702795 5020835.09837115 7453821.647604534 31278351.836815655 25438802.57928315 6403701.798299547 42645508.55597986 17234910.195752554 1819163.8202735498 16246903.818412755 34803227.75108625 17907282.17429579 44755061.826587975 81070287.8639214 12403190.556010064 6114206.178533034 14167710.504018594 16380478.356549943 13248271.78544676 10502494.35368026 22800235.21443836 43565688.63623419 21798407.224694174 51102048.5627594 43545488.690608256
7247409.019503653 2128590.820753289 10344368.47598133 2215066.9038198995 14007265.136523785 9101608.996039217 5020830.207496441 2176185.8615194983 28128297.620098464 9269639.78185326 6403701.798299547 9408179.36244991 5289191.594718266 1819163.8202735498 3474243.4288387066 4285296.6204533875 15706667.772000784 3273648.967637142 15513131.302602436 4334192.512606044 5142047.688540092 6876018.483400355 5876179.434048412 13248271.78544676 9687115.128480682 11894615.663687345 16118486.42010847 8241675.2562247235 23765024.7696785 16839515.312314834
2860389.0449275924 2128590.820753289 759272.7133683066 887896.161208034 1902161.4500298828 6669503.698207521 2550566.6283515855 430040.3681028947 570364.2429087517 859238.0732051752 6098999.228127741 2746629.324441506 5289191.594718266 1815987.3066960454 3389491.551346867 355571.952739147 6325450.548717262 3273648.967637142 2398674.738679257 1542254.5035373482 3887452.824395278 2055273.3287245254 714060.9324923004 968222.0999103871 1129997.1596124885 190875.92931747896 3531778.0690689567 150057.78828216522 5936755.8601091765 1294911.4865389727
413977.7300026138 305291.9285880541 102158.21628611612 441613.07419575495 384414.8708286277 321359.4316206109 150869.2430516856 346047.7544076077 570284.1289126847 356129.15598557657 276003.6809862348 754635.1210769524 332406.7224809783 868135.8136583207 414318.1298746738 355571.952739147 280322.5842925507 34384.92956934681 679634.2929699521 72062.34920084012 504989.10399471095 404655.0325526063 60438.26136823977 219376.1637590401 104554.45899179706 35296.5023078997 224809.54901139124 149968.9817548124 874969.6435137432 92277.10824471354
20585.701620411335 48967.71477438356 62081.02031792942 16157.743964400208 10516.75017547607 77526.86199269076 38705.041225828056 41725.11830129307 37385.39882054863 35491.33338070152 51970.39870792908 36826.339251134756 27020.101439354723 38514.0357921321 93391.85787695606 15588.7618597445 70965.2065792186 34384.92956934681 108929.36928747904 72062.34920084012 128844.17754790248 34312.72129074942 26252.32625111844 25135.76273268548 24895.297663477668 35296.5023078997 20024.64358336758 37918.592905772115 9975.148309334954 34911.03376298835
688.5947358629664 2182.524606282335 563.8952441801416 663.3880851247113 2314.062478844334 3726.809917895409 1972.0598273942796 1635.2762983812809 550.3058969125718 948.9675468964401 3627.641711636599 13316.757498552406 549.0075846530062 778.5231234876046 3626.414607713232 8599.919460232815 3847.8741462527123 1990.1823298195122 1951.1317937975086 4855.973548983552 6977.655797728839 1962.6843612441317 2479.1151694626096 4377.578328002632 1758.2827913570627 1932.1007381279383 594.7625572324969 2447.816035946027 1007.7881806610967 4159.64272367319
232.24617708588403 213.2931575052064 105.98800747643963 56.57488861664842 127.39504723980735 242.50939845665766 163.29426712230133 175.63104275605474 210.00593358812603 286.5235785175382 481.04949443433907 180.45132811326584 225.45272134120455 101.53500911530091 156.50867959713742 175.20865411560953 150.18110538116275 148.9812740246373 142.09633975155066 518.5925751714162 624.5272601879919 130.068931968754 378.11903526786136 180.7844699959487 71.52492875467874 195.26986246382057 118.93383608045815 312.63629608712563 175.05834442633318 338.81937431231654
200000.0 200000.0 200000.0 200000.0 200000.0 200000.0 200000.0 200000.0 200000.0 200000.0 200000.0 200000.0 200000.0 200000.0 200000.0 200000.0 200000.0 200000.0 200000.0 200000.0 200000.0 200000.0 200000.0 200000.0 200000.0 200000.0 200000.0 200000.0 200000.0 200000.0
