2799.988728591161 3458.106400649948 1814.6524394587486 4027.0109623007975 1423.0043504092644 4208.000076038075 4348.78966570088 2039.7579653509742 1005.9417096766715 2117.311283850779 2300.0932362613 4067.6319728763774 3065.9210871957657 588.148005041763 1967.6542455481172 3988.8402302105924 2871.9579246015155 3377.742185411716 1152.5144583479957 2668.9471955311324 3319.59469136593 3995.019358293155 1839.7652785373916 1801.0347470384586 3928.098524457255 3276.0343752280996 7466.554345705547 2086.6768773972526 1946.2038171301092 1905.8784939376897
2799.988728591161 3458.106400649948 1814.6524394587486 4027.0109623007975 1423.0043504092644 4208.000076038075 4348.78966570088 2039.7579653509742 1005.9417096766715 2117.311283850779 2300.0932362613 4067.6319728763774 3065.9210871957657 588.148005041763 1967.6542455481172 3988.8402302105924 2871.9579246015155 3377.742185411716 652.2494212652025 2668.9471955311324 3319.59469136593 3995.019358293155 1839.7652785373916 1801.0347470384586 3928.098524457255 3276.0343752280996 7466.554345705547 2086.6768773972526 1946.2038171301092 1110.301964717907
1399.391612311995 3458.106400649948 1814.6524394587486 3119.2378858923344 1423.0043504092644 4208.000076038075 4348.78966570088 2039.7579653509742 1005.9417096766715 2117.311283850779 2300.0932362613 4067.6319728763774 3065.9210871957657 588.148005041763 1967.6542455481172 797.1781583854704 2310.668412703955 3377.742185411716 652.2494212652025 2668.9471955311324 3319.59469136593 3995.019358293155 1839.7652785373916 1801.0347470384586 2516.543117239912 3276.0343752280996 6349.281353375943 2086.6768773972526 1946.2038171301092 1110.301964717907
1399.391612311995 1216.583371644923 1814.6524394587486 3119.2378858923344 1423.0043504092644 4208.000076038075 4344.597735101589 2039.7579653509742 1005.9417096766715 2117.311283850779 2300.0932362613 4067.6319728763774 2566.960519582505 588.148005041763 1967.6542455481172 797.1781583854704 2310.668412703955 3377.742185411716 652.2494212652025 2668.9471955311324 1237.8046763565555 3995.019358293155 1839.7652785373916 1171.5462269623672 2516.543117239912 2086.647228334922 6349.281353375943 2086.6768773972526 1946.2038171301092 1110.301964717907
1399.391612311995 1072.403389052881 1677.7430832078244 1249.0903537469605 1423.0043504092644 1471.3384836364398 1073.8580527761035 2039.7579653509742 1005.9417096766715 1570.4260210696623 2300.0932362613 3183.786516412216 2566.960519582505 588.148005041763 1967.6542455481172 797.1781583854704 2310.668412703955 2720.1648961466954 652.2494212652025 2668.9471955311324 1237.8046763565555 3995.019358293155 1839.7652785373916 276.0370709177396 2516.543117239912 2086.647228334922 4850.977493199214 2086.6768773972526 966.1892855128797 1035.6013731112685
1399.391612311995 1072.403389052881 1280.5938627294604 1056.8118755368246 1082.682783009172 1471.3384836364398 1073.8580527761035 2039.7579653509742 1005.9417096766715 1570.4260210696623 1046.2307332887256 3183.786516412216 1313.4302288441625 588.148005041763 1864.8077512191421 797.1781583854704 1515.2245745906805 2234.457512683502 652.2494212652025 2040.946450729909 987.4356193968665 2241.5856611107483 1839.7652785373916 276.0370709177396 2043.606094862243 1178.0038785088418 4850.977493199214 1558.845972248657 966.1892855128797 810.4985460536991
611.5062624033459 1072.403389052881 908.4973813198467 651.2050830707522 861.5183411962935 1246.3986507826996 1064.5217864947567 861.1657902930585 325.8534865611589 577.0195726220858 1046.2307332887256 3081.390770971724 1313.4302288441625 588.148005041763 1624.309209280085 797.1781583854704 1515.2245745906805 1374.6268093825493 565.6586971035056 1745.930617416183 526.3979861466107 2241.5856611107483 1115.80935745126 276.0370709177396 2043.606094862243 1134.488197086324 4041.3310163183796 502.23681290261675 664.4488648413017 521.8528539483502
331.3456157097859 882.5633109913242 721.236459195083 406.2765533567599 378.9625176905579 504.69460518673884 232.33211859014637 549.0977402227145 188.60612598317925 577.0195726220858 1028.2333454796199 1097.8968667769122 649.3742752064145 588.148005041763 539.2241202274413 625.2276916560156 591.2750460757247 342.4448716494146 303.3444626042956 1625.3533594921284 503.7525864101515 1049.3198691636192 1001.6614032375167 276.0370709177396 827.0240839884332 690.7990702770521 2023.3443750579754 502.23681290261675 664.4488648413017 474.0520293519198
331.3456157097859 550.7355525919089 332.80537074622373 379.50235592233025 378.9625176905579 450.07199930064803 189.00308344539565 549.0977402227145 188.60612598317925 459.1366585377284 330.7201725331611 389.54062277881314 273.4939599692466 450.0906180436541 260.6113698994063 375.24701675343795 198.5590904637968 342.4448716494146 254.2166125904621 470.484181111364 355.18791547398746 301.7437129931832 584.5064712011684 172.12372816504944 234.1719203078693 308.59080786857294 1545.930832156427 444.9550423358444 429.0784525315976 330.412142757717
176.78799602645051 345.3353183533503 77.02813529640895 187.5202893711231 192.04676492987824 398.15886089851233 153.21287392002046 119.14994755141743 104.17983494098519 305.9430140850145 174.84695497828739 169.6794435399961 270.8415954451269 310.42525157239197 132.641039299922 275.2299091822981 198.5590904637968 342.4448716494146 83.23563041654313 470.484181111364 105.33762047429263 300.8985356453445 311.3831416121923 142.2736193702043 187.5781106049841 244.54811748294833 192.50369982508766 100.49885340400948 264.77227240964316 112.31524881065491
141.49398292245667 158.79895629768987 77.02813529640895 137.55471931382306 83.64676955800644 68.01966287121786 95.73598585253808 119.14994755141743 93.82768123829834 184.24857461868805 84.62609037191112 117.97887850949007 160.8164129596738 135.60458242790503 94.75760468856225 94.68688276119485 135.9526805264975 218.91671566728837 31.852883442404277 134.35525434752856 105.33762047429263 119.98499124744126 134.15377927829422 106.42165627375073 103.56697616806122 157.95223657224892 117.32186022177791 62.20508047762917 154.93371804782726 53.16255073606311
55.573349686173 24.917937879938734 44.98022325230909 62.52602312292157 58.97441317994139 57.36499665506449 64.03449397867007 58.80877961733961 69.99075400019058 80.0875869283193 55.46422419452642 92.29265895621785 69.8756349230739 67.14658406732894 79.31630932992573 46.086416754885704 77.60319965810584 59.487550114627425 31.852883442404277 74.21285993564254 61.45532254394044 75.5558301358119 73.69052856471228 64.74312811553472 67.11879801493649 58.0443693572949 47.549919754399525 26.41525462768533 101.54163759417543 25.116478606019314
15.540902216231075 18.45884598452352 25.249936159455103 15.481159094517466 28.43965333937058 27.29163123647976 17.126712656244308 21.989369133515993 25.74544231841361 26.320837517611494 26.506100810512123 38.6440349495071 18.95296741101737 48.3337022039708 39.978065750759356 29.23035333447217 31.78308013317246 18.99213805967264 24.93977329001399 22.188394044447307 26.14570108650196 42.521607413182835 31.605472394939625 22.30338874186873 27.17362117307306 37.65057062672105 20.450475997767967 26.41525462768533 48.958334326153704 15.246368327045161
12.057591419678715 9.834931024452658 13.754181172098981 10.093863179697166 13.076492323154355 11.72216502789803 12.01525862662777 11.4403907316522 10.576470653146146 12.138751829665637 15.159260813367382 14.131639504026737 11.293472437625667 13.128173041742798 13.366380226766523 12.109792700374555 12.07099518173311 10.911387257950423 12.249752454796749 11.1845398170978 10.66034802552997 15.049473548563356 15.717453004362596 14.646540841162562 11.924615376334145 15.276115332773372 8.71097410735166 21.09486861278873 12.53722393251087 8.722483817576745
7.133483835509139 6.895135298641492 9.231022847938277 7.487010272100406 7.759378472804428 8.961901260404318 8.946989546864017 7.649400122263785 8.944682036878305 9.017285277125382 7.599517368417878 9.002464729333497 9.058493989123917 9.018849604074205 8.947425935518197 7.594917299810447 8.179610675807112 7.279841657926568 7.61185800718323 8.967292970449307 9.007599547630207 7.581092851041433 9.065176018210764 9.099351519680454 8.993085249143803 10.05870631275286 6.317833393818091 9.957513540540504 8.985041242897466 6.80485542842672
5.615437114034023 5.8079672496575085 8.916798001327606 6.022275313912985 5.618314959480642 8.916242297096744 8.91615246577436 7.554689504406099 8.916144586064547 8.916266277742182 5.892934630673835 8.916178408797862 8.91635599162106 8.916155609589055 8.916178554900057 5.944783515289032 6.472079215887845 6.0248749246128455 5.790502824415171 8.916238956676011 8.916251828641919 5.465187285657919 7.800382498302042 8.916321186031894 8.91656430592127 8.917087954159285 5.111071872460855 7.861972666434951 8.916451437737976 5.6062818005282224
200000.0 200000.0 200000.0 200000.0 200000.0 200000.0 200000.0 200000.0 200000.0 200000.0 200000.0 200000.0 200000.0 200000.0 200000.0 200000.0 200000.0 200000.0 200000.0 200000.0 200000.0 200000.0 200000.0 200000.0 200000.0 200000.0 200000.0 200000.0 200000.0 200000.0
