8562.452088899578 9612.530520625087 13040.349852243397 9689.316107152938 16598.963857359107 11838.689449139903 13553.012400465377 11363.313123570646 13326.161346732177 10143.043919286683 10553.153345678733 9620.274626924864 14185.447029995761 13390.127199334494 13060.21043433063 9525.461879542934 13059.958635629475 13233.368104904577 10811.05672102289 10961.073125644289 17212.812323027334 13671.579034482333 8323.137800183076 7292.082492146339 7129.328763077076 10328.693669334374 12492.07820562686 12360.29002685374 13846.319501383987 9954.80931123588
8562.452088899578 9612.530520625087 13040.349852243397 9689.316107152938 16598.963857359107 11838.689449139903 13553.012400465377 11363.313123570646 13326.161346732177 10143.043919286683 10553.153345678733 9620.274626924864 14185.447029995761 13390.127199334494 10905.357005718097 9525.461879542934 13059.958635629475 13233.368104904577 10811.05672102289 10961.073125644289 17212.812323027334 13671.579034482333 8323.137800183076 7292.082492146339 7129.328763077076 10328.693669334374 12492.07820562686 12360.29002685374 13846.319501383987 9954.80931123588
8562.452088899578 9612.530520625087 13040.349852243397 9689.316107152938 16598.963857359107 11838.689449139903 13553.012400465377 11363.313123570646 13326.161346732177 10143.043919286683 10553.153345678733 9620.274626924864 14185.447029995761 13390.127199334494 10905.357005718097 9525.461879542934 13059.958635629475 13233.368104904577 10811.05672102289 10961.073125644289 17212.812323027334 13671.579034482333 8323.137800183076 7292.082492146339 7129.328763077076 10328.693669334374 12492.07820562686 12360.29002685374 8415.03951894483 9954.80931123588
8562.452088899578 9151.656551368967 13040.349852243397 9689.316107152938 16598.963857359107 11838.689449139903 13553.012400465377 11363.313123570646 13326.161346732177 10069.567087000964 10553.153345678733 9620.274626924864 13021.133749332539 13390.127199334494 10905.357005718097 9525.461879542934 12229.823395678359 13233.368104904577 7814.126115814417 10961.073125644289 15306.965969912944 13671.579034482333 8323.137800183076 7292.082492146339 7129.328763077076 10328.693669334374 12492.07820562686 12360.29002685374 8415.03951894483 9954.80931123588
8562.452088899578 5942.93354374083 12913.722330384333 9689.316107152938 16320.214895382116 11838.689449139903 13044.794099139724 11363.313123570646 13326.161346732177 10069.567087000964 10553.153345678733 9620.274626924864 11874.153107053726 11328.890680490189 10905.357005718097 9525.461879542934 9088.581017750454 13199.404318855626 7814.126115814417 10961.073125644289 15306.965969912944 12223.718702609527 8323.137800183076 7292.082492146339 7129.328763077076 10328.693669334374 12492.07820562686 12360.29002685374 8415.03951894483 9954.80931123588
8562.452088899578 5942.93354374083 12913.722330384333 9689.316107152938 13167.650996188862 10815.710559419751 8614.615296889348 11363.313123570646 9570.143638189682 10069.567087000964 10553.153345678733 8581.891062588376 8576.845317442885 11328.890680490189 10159.524447524684 9525.461879542934 9088.581017750454 11527.61160879737 7814.126115814417 8001.01038218497 12713.327595351053 7834.906632123482 8323.137800183076 7292.082492146339 7129.328763077076 8649.852654112054 11924.312708631494 11020.914060006822 8415.03951894483 9686.493640213348
8552.08289386008 5942.93354374083 9369.673134832512 8240.894020738571 11170.260335329098 9873.58301826386 8290.885368318937 11363.313123570646 9570.143638189682 7614.786177010574 7674.884740120851 5805.9767581903325 7217.783073985633 7695.294396063229 9040.581680164247 9525.461879542934 6640.97053903768 6840.419131972296 7814.126115814417 8001.01038218497 8783.902654208696 7834.906632123482 8323.137800183076 7292.082492146339 7129.328763077076 8586.95091151012 7866.867117069243 8699.591685558044 7719.696605898185 8408.12306001523
5921.514061487058 5488.743320055094 7924.719406579643 4892.391638173531 5007.940944800829 6964.496569458979 5155.150679317864 8900.837227301457 8059.1681962978 6283.814971096574 6091.962646516475 5805.9767581903325 7217.783073985633 3242.633114809816 7902.227389211548 7934.236752819095 6363.830657419472 6840.419131972296 5343.539374075848 5737.044766288185 6732.302244324672 6343.321506251696 6161.547576545316 7292.082492146339 6045.225921885789 8122.04651578256 5629.5503958763875 7157.097741197231 5507.126607011136 6309.583976455642
4572.4623175479965 4785.365969751413 5187.27626920361 3650.1603010007893 5007.940944800829 6222.726583553698 4766.255970030746 5130.177340018498 3864.6742558622464 3357.189654161035 4587.159330600102 5425.050879697444 4294.550967096683 3242.633114809816 4460.056780798048 5509.926637313738 4560.564224694958 3384.4903863834907 3583.1740347181185 5674.374067132152 5110.675901622245 4878.794560226571 5073.143229632425 5608.678223949515 4079.3083666585535 5571.5318608793805 4278.5849025065 3964.3586483688005 5456.599792578314 4377.622766515917
2847.064326499154 3274.3751518605613 3022.9066841734802 2373.5115846548015 3371.4730140458305 3511.9888452190244 2654.277404108676 3315.9111280613997 3279.601514111655 2741.079006635123 2961.120521170684 2467.4528762130085 2953.2582724597632 3242.633114809816 3439.2354266463008 3425.438640751134 2621.773957716483 2730.1826083290707 3049.508404034812 3469.7069166615847 3879.888362956881 3542.292243510965 3309.713235237138 3289.963884187173 3117.6574004150425 3235.4077859789304 2780.424569773657 3012.1144063596485 4135.27061342957 3085.5865671278934
1717.89603557161 2123.3074883527624 1975.3999448536688 1647.9871324728647 2313.5009405218525 2500.434780970789 1811.250468148697 1942.0909275081358 1936.0878838830295 1340.3429221807664 1884.8422195771082 1635.4888647051057 2238.892946983902 1455.1039447896592 2258.4733327146023 2443.9478509992196 1755.7624122983689 1768.9839777828383 1995.913420328201 2399.70029928064 2253.788291676612 1869.031766894529 2126.1681202705486 1902.8406989708728 2002.5556270371808 2354.9770318627398 1989.8922272582276 1962.380816558376 2348.2652311829033 2070.393188977265
1110.9558355360937 1211.7448980269032 1067.720408961488 980.1184207604647 1190.2967655060966 1208.222485992725 914.0590446612287 1000.0777878715762 1073.1789990807124 826.8543603994945 1014.2112408735734 894.7280892620711 1093.8159831353883 765.5879398935576 1190.4571837580424 1303.7525631237813 932.0850344863939 1070.6004443019137 1170.9629705367015 1097.4193746098072 1087.3877998951457 1084.998524248033 1153.5047132823138 1030.717855506049 996.7852936773706 1186.7522806303054 793.348243378076 1051.6646302230192 1154.8011082938692 1000.7467807320136
465.70744085543856 504.7210961664541 452.5070296459203 435.4175414751212 486.2065079165177 507.64811975918474 389.5421146782637 457.6557622960536 479.53775988308644 645.4957577901714 452.2772909227692 410.3611991472908 503.6733542508405 697.3099181975799 490.25467013052094 766.0907222285418 404.3201038705506 454.92233107936863 453.95392501030483 484.1235048233607 463.0211625258653 459.12051870755295 429.83209485530006 455.08729059620237 449.89266887819304 722.1849170750056 417.334224413582 712.5137508656549 475.4405941795767 503.95527005469967
306.814831854972 311.5430523989953 309.93204888749733 308.73465083730207 309.66542866785676 309.6257005705138 305.8643669130852 308.8959128538545 308.78034250277733 413.3091278637471 306.9189024759944 303.55819465270315 313.16850167450593 455.0373935252428 310.8834469185481 620.6763549847255 303.52098235900985 305.2764817725133 311.2806372373325 307.789515902683 309.6552453006316 306.3835670978292 309.41588531225534 306.27515617686004 306.6421356330543 516.0875328883685 305.1139697161034 424.780206084411 305.3819859400669 312.04401138470166
300.0222587693693 300.02279910812877 300.01742893715345 300.0106669338138 300.03296934159243 300.01323807468543 300.0196777881797 300.0245220730785 300.01289436973866 400.02274347007733 300.0149155780273 300.0087122633531 300.0191432005058 400.1090452210242 300.0389866520618 400.70066366578203 300.00447709921445 300.0188045179443 300.0190575182078 300.01666326458053 300.0326319862711 300.0129462552436 300.0232329687815 300.01422501822617 300.0153788263515 400.281575589619 300.0125682478897 400.10365769301507 300.01576997042093 300.02759417615835
300.0000004331273 300.00000090142294 300.00000032262005 300.00000032513617 300.0000013247163 300.0000003680316 300.00000054233533 300.000001018343 300.0000002949005 400.0000006132368 300.00000030957153 300.00000027958004 300.00000065720087 400.0000058165642 300.0000008209495 400.00001485578696 300.0000000821756 300.00000034238246 300.0000005621837 300.0000004879703 300.0000006678506 300.0000003143964 300.00000033124206 300.0000003896871 300.00000055016653 400.0000035374992 300.00000042853253 400.00000111154986 300.00000034536833 300.0000005660263
1000000.0 1000000.0 1000000.0 1000000.0 1000000.0 1000000.0 1000000.0 1000000.0 1000000.0 1000000.0 1000000.0 1000000.0 1000000.0 1000000.0 1000000.0 1000000.0 1000000.0 1000000.0 1000000.0 1000000.0 1000000.0 1000000.0 1000000.0 1000000.0 1000000.0 1000000.0 1000000.0 1000000.0 1000000.0 1000000.0
