2148.1850164580264 1172.9996712972916 2425.9369155425884 2123.344846801305 2809.621465863147 1213.0173079569995 1904.1229245250324 1959.8275427118106 2455.7756554539883 1285.3750852415633 1603.851827739627 2548.247798984972 1796.7375314431756 2417.722336909963 1925.8187488687136 2897.611498434726 1463.4822298655245 2924.965221801067 2234.7588611615774 1456.2859297338919 2378.908936454074 3138.9450883863565 1671.76738146158 954.8577475776237 1858.5646975384143 1129.0219981511227 2978.762245005073 2255.9013320538734 2792.586758774274 2336.7974893776864
2148.1850164580264 1172.9996712972916 2425.9369155425884 2123.344846801305 2809.621465863147 1213.0173079569995 1904.1229245250324 1959.8275427118106 2412.2080402441725 1285.3750852415633 1603.851827739627 2548.247798984972 1796.7375314431756 2065.514718557415 1925.8187488687136 2897.611498434726 1463.4822298655245 2924.965221801067 2234.7588611615774 1456.2859297338919 2378.908936454074 3138.9450883863565 1671.76738146158 954.8577475776237 1858.5646975384143 1129.0219981511227 2978.762245005073 2255.9013320538734 2792.586758774274 2336.7974893776864
2148.1850164580264 1172.9996712972916 2425.9369155425884 2123.344846801305 2809.621465863147 1213.0173079569995 1904.1229245250324 1959.8275427118106 2412.2080402441725 1285.3750852415633 1603.851827739627 2548.247798984972 1796.7375314431756 2065.514718557415 1925.8187488687136 2897.611498434726 1463.4822298655245 2924.965221801067 2234.7588611615774 1456.2859297338919 2378.908936454074 3138.9450883863565 1671.76738146158 954.8577475776237 1858.5646975384143 1129.0219981511227 2978.762245005073 1980.1508512346063 2792.586758774274 2336.7974893776864
1921.4878409776447 1172.9996712972916 1154.039452630921 2123.344846801305 2809.621465863147 1213.0173079569995 1904.1229245250324 1959.8275427118106 2412.2080402441725 1285.3750852415633 1603.851827739627 2548.247798984972 1796.7375314431756 2065.514718557415 1925.8187488687136 2897.611498434726 1463.4822298655245 1332.2231134915628 2234.7588611615774 1456.2859297338919 2378.908936454074 1810.7206343894977 885.6862731391702 954.8577475776237 1858.5646975384143 1129.0219981511227 2978.762245005073 1946.5249472843634 2792.586758774274 2336.7974893776864
1921.4878409776447 1172.9996712972916 1154.039452630921 2123.344846801305 2809.621465863147 1213.0173079569995 1868.6025565878099 1959.8275427118106 1675.1307995563748 1285.3750852415633 1603.851827739627 2548.247798984972 1796.7375314431756 2065.514718557415 1925.8187488687136 2035.8673368503032 1049.0203211798844 1332.2231134915628 2234.7588611615774 1456.2859297338919 2378.908936454074 1810.7206343894977 885.6862731391702 954.8577475776237 1017.9960859534963 1129.0219981511227 2978.762245005073 1565.0391632243536 2792.586758774274 2336.7974893776864
1921.4878409776447 1172.9996712972916 1154.039452630921 2123.344846801305 2301.0150595322375 1119.934574611676 1868.6025565878099 1959.8275427118106 1675.1307995563748 1285.3750852415633 1603.851827739627 2292.595050347255 1796.7375314431756 2065.514718557415 1925.8187488687136 1728.5122098506836 1049.0203211798844 1332.2231134915628 2234.7588611615774 1456.2859297338919 1684.7538411442401 1810.7206343894977 885.6862731391702 954.8577475776237 1017.9960859534963 1072.8755612875157 2295.6181931904384 1553.8669688482987 2419.4299349511384 2336.7974893776864
786.1502241735952 1172.9996712972916 701.3258693090652 1328.6245547048084 2301.0150595322375 1119.934574611676 1293.444822310219 1205.336915466597 1348.8010379331827 1285.3750852415633 1603.851827739627 2292.595050347255 1796.7375314431756 355.14121939184906 1925.8187488687136 212.27426669220768 1049.0203211798844 797.5011551474313 1362.2556683263128 1376.1701964096092 879.3541284409193 1810.7206343894977 885.6862731391702 954.8577475776237 947.2609147132785 1072.8755612875157 1358.6856911426808 865.266154457137 1456.1473542739172 2336.7974893776864
550.6923286026249 886.1257247848321 701.3258693090652 1328.6245547048084 1105.8253937317013 712.6446852252816 993.9152538419467 584.1815367976228 1153.5734021768367 667.6138647664275 1603.851827739627 1706.139980130586 1796.7375314431756 355.14121939184906 1643.5656052250997 212.27426669220768 1049.0203211798844 797.5011551474313 1093.2943333980252 1376.1701964096092 879.3541284409193 1810.7206343894977 885.6862731391702 647.1471989350612 334.00421510578053 1072.8755612875157 854.0893110459324 750.143865224582 1456.1473542739172 2237.657897092504
550.6923286026249 347.0359665171254 631.0887831642331 1065.7585094390674 903.4718364045252 712.6446852252816 532.5522836713849 584.1815367976228 906.7214575405351 648.8545398890305 659.2979852492208 1209.871599353678 810.5447939549863 355.14121939184906 958.4638664795216 212.27426669220768 1049.0203211798844 795.9137263279531 1080.5056540276319 836.0621898170057 685.0923801128456 971.1281552100554 466.32315016581106 647.1471989350612 334.00421510578053 440.2867996485884 808.3037067802816 496.2856512074509 803.0168685321505 851.0585584414739
335.4054729354557 347.0359665171254 355.14821029798804 424.2603714488964 373.298789298115 228.187527082187 393.07362206976495 376.24557984434387 344.7017562720953 403.39908622456187 445.7479435852988 702.4419341237472 679.2863450842788 323.5869240815655 435.3108606705664 212.27426669220768 446.257246137337 609.60072471796 777.6050863324544 580.4927120587163 411.0152774710282 299.85155377069714 324.84906168308544 470.0567166575902 334.00421510578053 373.4691215887751 388.54364547196565 306.3727110989789 577.1036180434694 627.4273707305138
261.3246681440178 278.8142908857358 241.31101877529773 335.32503500275834 246.86067963503092 228.187527082187 279.71939123148013 304.0779653076647 289.7331297160317 243.45604075781148 331.364231804223 425.08641912751 232.7159766390173 227.72082837533844 373.35472762356676 212.27426669220768 271.12381826467026 301.46439591347234 480.4184598332263 289.2310250601845 298.6913133846747 277.08469484947227 297.8004659311846 261.86078506886133 268.75347338906613 240.36168383883341 235.86862811031278 207.4865244578059 241.46865200376442 308.2467418746746
177.1700071258092 188.20724085652955 187.4511656127861 235.9650371453099 191.60847180214023 189.04296212437475 193.62677057031033 185.3606235277175 197.40560520304507 182.46639718073766 207.3194212605249 246.8462277560552 197.03395757056796 185.77389410796604 250.28153327552718 210.43521681747143 182.80890038252892 208.75903888248286 336.3663793825144 218.36544301381764 200.69199422206202 183.85706267522892 207.30835093696942 202.58284814948092 191.85689742857312 181.65503020541018 192.12327273351684 187.95932310808166 186.53045888376346 205.206095009793
158.50043834170674 160.0816403847689 159.1923943317247 172.16383228925906 160.95474857807312 154.93287539835728 165.69713636506003 152.97084173735948 166.37042429079884 158.6033308918345 166.32287581287392 171.31731262591347 160.05513601412213 158.72346056252718 173.6489583864618 166.08889184671852 165.74925170641745 162.8500701505518 202.65630166777373 169.1678024624166 162.50004350483005 163.98574835521595 162.6993911032596 164.105188137225 160.99229468092244 157.0145889209448 155.04121988486213 160.22216454947784 163.23700120093645 164.6797804503526
141.58655137815003 126.73742130080336 123.381261373097 149.3035964014084 150.5620401863025 126.70805769083836 140.9468612743899 101.76121033710797 96.89004326543318 124.74667425036796 152.18505667275122 128.98902286716338 117.86729324993439 137.5764030600276 141.14220680374228 142.72078560482805 123.75597262154679 147.19173622352218 154.8801081849606 110.86053138650459 111.55058017157808 118.83889016018065 103.58090478949134 145.35560275581474 138.84935806072053 99.20610759937108 102.74053400358889 92.23556127267284 117.38993221300962 114.60256129203617
25.354726409282648 19.169826681241375 17.160057923672866 39.162907861762505 22.882646420855963 13.87676773963949 26.955407598417878 12.191461160830386 14.289471465958286 20.24795876047483 53.85811250544293 35.32245189877176 14.842913908054015 22.336632366520007 29.7564449857623 29.75510386287351 13.96771264719473 31.841314523781875 52.13431292307723 27.59350658287758 14.927057292313748 15.835001967993321 18.431847824586384 28.424133184882066 19.099405070426656 14.535930075679516 15.430933165357601 13.062484145050803 15.632235484860757 18.87091362546107
1.290212487867393 0.6298580242728349 0.7092881050248252 1.2296375259052184 0.7027967367230303 0.46932679946803546 0.855910420915734 0.45125938870342 0.5745780469933379 0.5165336409463634 1.2427541326869687 1.0344940976665384 0.37943435663328273 1.0719876990988269 1.028647871254634 0.8858122299120623 0.5529645925521436 1.11283155820729 1.801151723178009 0.9695087924783365 0.44538178740640433 0.4530186964316272 0.7143094499933795 0.9235643803604034 0.6169214914434633 0.406025074160425 0.48697466020030333 0.5075522616753005 0.4884050429091076 0.796028667511564
200000.0 200000.0 200000.0 200000.0 200000.0 200000.0 200000.0 200000.0 200000.0 200000.0 200000.0 200000.0 200000.0 200000.0 200000.0 200000.0 200000.0 200000.0 200000.0 200000.0 200000.0 200000.0 200000.0 200000.0 200000.0 200000.0 200000.0 200000.0 200000.0 200000.0
