292.20030307671414 62.703754929077604 279.69387250765203 401.937315049071 229.5009137206498 363.34453867095726 543.683763964711 86.39277910298597 187.69094624105446 350.6037867322384 77.07740537130121 408.35174108817046 384.97739556981014 175.0135382931412 120.24631297380938 535.1602896558757 858.9294570778461 82.58983669988538 525.6591015097379 256.8725065473941 536.8272485560724 202.32072056675997 277.6422847980866 958.5405995735136 62.30680594377054 511.1690720471511 126.8818976869652 250.40347666107618 388.93024105289487 250.6439177950483
231.91116036873154 62.703754929077604 279.69387250765203 401.937315049071 229.5009137206498 363.34453867095726 543.683763964711 86.39277910298597 187.69094624105446 350.6037867322384 77.07740537130121 408.35174108817046 384.97739556981014 175.0135382931412 120.24631297380938 535.1602896558757 858.9294570778461 82.58983669988538 525.6591015097379 256.8725065473941 536.8272485560724 202.32072056675997 277.6422847980866 958.5405995735136 62.30680594377054 297.20842002216114 126.8818976869652 250.40347666107618 388.93024105289487 250.6439177950483
231.91116036873154 62.703754929077604 279.69387250765203 401.937315049071 229.5009137206498 363.34453867095726 364.39412018628946 86.39277910298597 187.69094624105446 261.2712639213919 77.07740537130121 408.35174108817046 370.3377316289425 175.0135382931412 120.24631297380938 535.1602896558757 446.75742058239484 82.58983669988538 160.82204576668437 256.8725065473941 536.8272485560724 202.32072056675997 277.6422847980866 270.04170459623765 62.30680594377054 297.20842002216114 126.8818976869652 250.40347666107618 388.93024105289487 160.45607963412976
231.91116036873154 62.703754929077604 279.69387250765203 365.7951229588589 229.5009137206498 363.34453867095726 364.39412018628946 86.39277910298597 187.69094624105446 261.2712639213919 77.07740537130121 408.35174108817046 370.3377316289425 175.0135382931412 120.24631297380938 289.0719898264647 446.75742058239484 82.58983669988538 160.82204576668437 256.8725065473941 536.8272485560724 106.59772098093208 277.6422847980866 270.04170459623765 62.30680594377054 297.20842002216114 126.8818976869652 250.40347666107618 388.93024105289487 160.45607963412976
231.91116036873154 62.703754929077604 269.13205868448904 365.7951229588589 229.5009137206498 182.22191377667332 138.46542152282836 86.39277910298597 187.69094624105446 77.94876221886898 55.99971978171243 217.64141562746545 370.3377316289425 175.0135382931412 120.24631297380938 52.05478641366017 164.15998560365597 82.58983669988538 160.82204576668437 256.8725065473941 299.6500623522438 106.59772098093208 277.6422847980866 261.04122166535444 62.30680594377054 161.48001094996062 126.8818976869652 250.40347666107618 341.9742651848969 160.45607963412976
231.91116036873154 62.703754929077604 106.66940880856146 252.8744914093495 229.5009137206498 178.53823733535864 138.46542152282836 86.39277910298597 155.3277466925265 77.94876221886898 55.99971978171243 217.64141562746545 127.13523727416941 175.0135382931412 109.80566411789687 52.05478641366017 164.15998560365597 82.58983669988538 160.82204576668437 256.8725065473941 299.6500623522438 106.59772098093208 277.6422847980866 261.04122166535444 62.30680594377054 161.48001094996062 126.8818976869652 250.40347666107618 159.80733013593454 106.19180864615782
198.26881290495703 62.703754929077604 106.66940880856146 176.99723454580771 115.7278603044524 178.53823733535864 113.53787190390676 73.00658897101766 142.33516164827915 77.94876221886898 55.99971978171243 73.18264101006253 127.13523727416941 95.24193193999781 109.80566411789687 52.05478641366017 130.04469939427963 68.44320110152375 160.82204576668437 238.09794416692694 218.9391990416184 106.59772098093208 77.58818628898871 261.04122166535444 62.30680594377054 92.51298095094944 126.8818976869652 63.988828531169474 159.80733013593454 106.19180864615782
125.75328864669973 62.703754929077604 106.66940880856146 168.76616185823696 55.007533238717315 52.39875064117996 62.4774720994842 73.00658897101766 127.82003105548029 77.94876221886898 55.99971978171243 54.136867460592384 52.354514043628114 95.24193193999781 109.80566411789687 52.05478641366017 124.86988500906364 68.44320110152375 69.05476516682029 73.14465969745152 93.75921787596099 66.37715405472636 77.58818628898871 84.32838657678349 62.30680594377054 92.51298095094944 84.38348442780261 63.988828531169474 82.22640681514895 106.19180864615782
53.43148703298857 51.27559336105105 91.3788787168387 57.36967166744262 49.97717201113801 52.39875064117996 43.158869762586164 73.00658897101766 90.79427973581141 52.281858657545854 55.99971978171243 54.136867460592384 52.354514043628114 92.53617816548103 57.57492431708033 44.43066823472782 63.2058060581935 68.44320110152375 69.05476516682029 73.14465969745152 61.099221415288866 66.37715405472636 65.07958271134657 80.22236491918648 62.30680594377054 52.5448278310605 84.38348442780261 42.53671380464266 57.854863488034425 77.08417926960328
40.11999900614546 46.311143614828325 39.54940862422836 50.87094259009746 44.941526546639125 52.39875064117996 43.158869762586164 48.52435256556328 46.70860055531284 52.281858657545854 53.31603553003515 54.136867460592384 52.354514043628114 49.4903082055921 57.57492431708033 33.80656302812986 57.361251298714706 56.22183008060483 53.41042136234773 44.538030425746456 61.099221415288866 55.03455450700176 65.07958271134657 47.20071282263507 41.340454825301094 52.5448278310605 63.69288701819505 42.53671380464266 55.060689522840676 59.90958650456514
33.894421335865445 43.30039218278762 39.056646693220955 36.397447003670095 35.71148513957769 44.697525507586306 43.158869762586164 46.54841909230936 42.586188758863045 40.72029346501586 48.38699578881369 44.0526147132241 43.47113720981497 41.294379922986536 29.188261044937462 33.80656302812986 40.63333227347539 36.5483603950197 53.41042136234773 39.64428569465508 47.320805902166285 39.64731175000588 48.914811528697555 40.89853558129926 35.43858142571253 39.213477859195336 43.76229222315715 42.53671380464266 40.95554534822713 44.223045486074625
33.10217274474144 43.30039218278762 34.964283849579715 36.397447003670095 35.71148513957769 35.55713043034848 40.46941224619968 40.41936553262394 36.649880310682875 39.97883279167672 34.987701379070586 32.05100585212722 29.053987707854503 31.862720348046423 29.188261044937462 33.80656302812986 37.13443894397233 31.492011579037808 42.556087717201535 39.64428569465508 36.6377116101462 34.777173239909644 32.14028948114856 34.27969068469611 31.025653279725248 34.41699865028477 42.86802956318843 35.841923346326894 37.12430336818716 33.075950268028464
31.96526507846147 32.979002893562665 33.134896463199766 36.397447003670095 32.01790877590656 31.379170711029474 35.0360799019345 34.08186971083933 32.783898803728334 28.048254510192237 33.765781948718995 32.05100585212722 29.053987707854503 30.32691156419787 29.188261044937462 32.907416025537714 29.426890463107156 31.492011579037808 39.42077355717083 33.106837068411096 35.80465945076958 31.736150127569545 32.14028948114856 34.27969068469611 28.71603737844589 33.47570173579925 35.98687829808841 34.80436234020135 32.86387471672151 31.258898583187147
27.962375658980818 29.341715361835668 31.52956373187135 28.078995068082804 26.720653937024053 28.74155536289527 29.76566162229983 31.410829789606396 30.729960609060072 28.048254510192237 29.671226489146193 28.103957528499905 29.053987707854503 28.360399918759413 28.396777982458843 27.615525142186925 25.36193573310311 23.636902595616448 30.818428186980327 26.42364481375762 29.331794548981634 25.341465800224796 32.14028948114856 24.63871485200025 27.868119868036956 29.61308239975824 28.54046295860553 30.026833827873816 30.49951317316072 25.288746768824694
18.45106862392595 25.618265967881598 27.73406609679796 27.496525746716998 25.559639445133598 27.946963059791415 28.02025724646319 28.470931998636843 26.913472748606637 26.46492703247577 27.419206749274508 17.83509363280382 27.950568051167465 24.932043299552788 26.591127261875044 24.218276305789004 23.91093441451403 17.84725623092072 26.837469289325327 24.710239672025637 26.448344758449366 25.341465800224796 23.97175401981849 22.556238129690428 24.808052459199644 25.838096464915907 25.411932101716502 25.51498868728686 27.639626408010827 23.583870956891133
11.91126200081817 23.709784155123998 24.350359540593217 25.799380136852506 24.500596138732362 25.436735663014133 22.134953979224974 25.961252710350436 24.448649738257245 13.365730934562635 25.990052346993252 17.550999690921344 17.236405769208886 16.747814403562188 10.017463255981056 15.123754308617663 16.661049795181953 11.42447179608962 25.343601615105854 17.91261662754414 24.55390808241873 23.97298667680161 16.2601123212321 15.248190125910241 20.398260687151833 20.60695343563657 16.755281392917823 21.119249897190002 24.30046706369785 21.43281375908009
200000.0 200000.0 200000.0 200000.0 200000.0 200000.0 200000.0 200000.0 200000.0 200000.0 200000.0 200000.0 200000.0 200000.0 200000.0 200000.0 200000.0 200000.0 200000.0 200000.0 200000.0 200000.0 200000.0 200000.0 200000.0 200000.0 200000.0 200000.0 200000.0 200000.0
