833.3493363381149 617.2381424983237 571.6491299161735 815.1460248283656 764.2535169072717 792.3069117428386 698.3773405110105 474.5737595264518 549.697786669446 1213.7678788079916 753.1285616993064 415.2110455408474 691.8893753145503 555.523406304731 725.9419983633984 562.3052964020872 577.9599521657883 1056.409856995398 730.8658643710519 701.9862950958277 756.5072908759507 542.0853785056024 491.2632060404271 631.6325427108268 654.4369506501289 544.8580165814019 831.2990544914637 770.4109650110868 718.0833721564077 514.5357186816832
825.7332161145696 617.2381424983237 571.6491299161735 815.1460248283656 764.2535169072717 766.6240100690252 698.3773405110105 474.5737595264518 549.697786669446 1213.7678788079916 753.1285616993064 415.2110455408474 691.8893753145503 555.523406304731 725.9419983633984 562.3052964020872 577.9599521657883 1056.409856995398 730.8658643710519 701.9862950958277 639.008131415304 542.0853785056024 491.2632060404271 631.6325427108268 654.4369506501289 544.8580165814019 831.2990544914637 770.4109650110868 718.0833721564077 514.5357186816832
825.7332161145696 617.2381424983237 571.6491299161735 815.1460248283656 764.2535169072717 766.6240100690252 698.3773405110105 474.5737595264518 549.697786669446 965.0458101664781 633.6683692785923 415.2110455408474 691.8893753145503 555.523406304731 725.9419983633984 562.3052964020872 577.9599521657883 526.119890766674 730.8658643710519 701.9862950958277 639.008131415304 542.0853785056024 491.2632060404271 631.6325427108268 654.4369506501289 544.8580165814019 831.2990544914637 770.4109650110868 718.0833721564077 514.5357186816832
544.2437218713162 617.2381424983237 571.6491299161735 815.1460248283656 655.9028937980829 766.6240100690252 698.3773405110105 474.5737595264518 549.697786669446 965.0458101664781 633.6683692785923 415.2110455408474 691.8893753145503 555.523406304731 725.9419983633984 562.3052964020872 577.9599521657883 526.119890766674 730.8658643710519 701.9862950958277 639.008131415304 542.0853785056024 454.46564634513834 610.1971579317246 654.4369506501289 544.8580165814019 831.2990544914637 770.4109650110868 718.0833721564077 514.5357186816832
544.2437218713162 617.2381424983237 571.6491299161735 803.8676385383887 555.875506378186 698.9430253621836 698.3773405110105 474.5737595264518 549.697786669446 654.0930002805189 426.6863811174012 415.2110455408474 691.8893753145503 555.523406304731 725.9419983633984 562.3052964020872 548.1112607155274 526.119890766674 730.8658643710519 701.9862950958277 639.008131415304 542.0853785056024 454.46564634513834 550.5431323048406 543.3571022578276 544.8580165814019 831.2990544914637 770.4109650110868 718.0833721564077 514.5357186816832
520.0898835245671 466.33242657503934 571.6491299161735 770.9708925123982 555.875506378186 698.9430253621836 698.3773405110105 474.5737595264518 549.697786669446 654.0930002805189 426.6863811174012 415.2110455408474 405.1536501921519 555.523406304731 725.9419983633984 562.3052964020872 548.1112607155274 526.119890766674 730.8658643710519 701.9862950958277 468.21307030885055 542.0853785056024 454.46564634513834 550.5431323048406 543.3571022578276 544.8580165814019 761.3386260629395 770.4109650110868 718.0833721564077 514.5357186816832
520.0898835245671 355.6680178444517 549.2521064960683 626.8212229936048 555.875506378186 487.02505904603095 409.6354379753252 474.5737595264518 549.697786669446 654.0930002805189 426.6863811174012 415.2110455408474 405.1536501921519 555.523406304731 538.023727606921 519.6354267084266 497.36134562848383 514.4696470257145 464.66982466445006 640.6724116718983 468.21307030885055 542.0853785056024 434.35187164800027 476.57106464557955 543.3571022578276 544.8580165814019 489.9079579068184 674.4988915579611 484.7243688947883 514.5357186816832
503.3662194949693 355.6680178444517 549.2521064960683 448.8868685552143 425.52350605155607 452.73419613820533 409.6354379753252 474.5737595264518 549.697786669446 459.77752674474596 426.6863811174012 415.2110455408474 405.1536501921519 401.9982075475523 538.023727606921 519.6354267084266 497.36134562848383 364.9110509068764 464.66982466445006 519.5001442285966 468.21307030885055 489.45267738561097 419.8270523916499 476.57106464557955 543.3571022578276 544.8580165814019 489.9079579068184 661.4709931044345 453.19701513135124 463.6685242606036
402.237568586575 344.2500076890133 433.93457336188294 448.8868685552143 425.52350605155607 415.07533627783096 326.42124849136053 468.06959485978905 476.30569426871716 459.77752674474596 331.24523752940195 415.2110455408474 405.1536501921519 353.9037882897478 470.6435261365109 415.194695193662 443.6107223314475 364.9110509068764 418.78756516271187 423.40631278362616 336.2806390638534 489.45267738561097 413.624090290401 476.25707110346593 444.895656605092 482.36710138229137 471.00873930076796 578.5955620536624 421.10209675709393 446.8888822682734
315.70738104560724 344.2500076890133 321.66724125610244 419.0249141711365 403.17924720975816 368.431909634372 277.14990605986804 400.720122476549 381.8799615872276 385.87490963572645 331.24523752940195 386.99798339258814 340.4998940018613 350.72778017238124 364.68285132347637 290.9462969681799 282.9827315872808 364.9110509068764 400.7113061793252 352.7685813252674 317.6512412595898 408.67988636966356 323.5858000254152 356.6543586777061 397.2638862353274 373.0984312060077 398.4472278040921 398.3756931704165 277.5395610947112 280.1723021302064
256.6442628348541 313.82302182584 285.3033260287498 338.78660583929604 257.71852862921514 296.6352872246248 263.84437320337975 355.8825188690789 324.6131389805446 305.15485954095766 299.34746159683846 306.74437873726765 301.37312152550703 294.4668247829386 343.67297327363303 249.2644003333703 269.1630173331928 305.9237800285364 290.3010720272905 303.2529948000856 276.0788275974487 295.51634312135275 287.74001346867044 296.52780609120964 341.04450614776533 350.8162797473833 332.18372981733546 281.78861424300794 256.00383782065546 261.1578601159031
250.26511534199653 242.09718382311985 237.5148483226908 275.291652453393 246.9442732745415 256.3679197641977 240.22466789280497 256.5773219766829 253.39475457406706 263.2540403166563 242.03869205864567 258.16644629653 269.36900478075495 258.28235020312513 276.2844831861403 236.29852925347404 253.63210376909592 249.08919754991848 264.95238972034485 271.1764987962865 242.45424920080586 262.1734244537256 251.26250325770934 244.99952560480097 262.26046893148214 261.98281849103296 252.3951277631004 258.4680284154206 243.3470439115972 235.45269303289206
230.73912474285817 234.04152714042857 232.08472179793034 237.3969674446762 234.16259193881842 235.43199249938561 233.84774120413203 231.34172219788888 235.2185247687421 235.46111192636454 233.35031333642291 236.19462251197956 242.18200465519612 232.36770578300775 236.9348542673083 231.35204124288202 234.09924378336245 234.51531806630464 238.69402195404882 235.37140204375555 231.97340023443576 239.91983334234965 240.06893603030449 235.4691353157923 236.60101405889873 236.3544533112945 233.7834448133508 230.52854477602295 232.50400271149465 231.09434537993684
229.4632541351516 229.6189240382887 229.35663424712584 230.4452491535012 230.12321621075444 229.61199405069783 229.55389238546422 230.41684790043655 229.49522554057694 229.50247613305464 229.403212187166 230.08543655277708 230.42708254667605 229.31865998543662 230.0149082978478 229.34098698692196 229.64733254378461 230.01796299242096 230.25758612895333 229.77294007631735 229.7789797067121 229.5879550383629 229.82563893910128 229.62891640469616 229.55104186058952 230.28533285243202 229.35717065616473 229.37321479802995 229.69346471286053 229.43834280930378
229.28603027914141 229.2871207003086 229.28467487308444 229.2912932127697 229.29383666842614 229.28688953886285 229.28526884558096 229.290725679125 229.28520829782246 229.2854475681279 229.28448419527422 229.29986320477065 229.29202202444776 229.28454004829882 229.28621248723766 229.2845333749883 229.29357257584388 229.28794656904847 229.29143695092262 229.28606020867846 229.28566031737773 229.28709050828866 229.29009804256157 229.28596807691656 229.285689124908 229.2873840067191 229.28537803660583 229.28463509800213 229.2869805336104 229.2847645461734
229.28438301018377 229.2843834778273 229.28438277382247 229.28438413885306 229.28438703515485 229.28438403576 229.28438296108243 229.28438316855045 229.28438274389782 229.28438279615057 229.28438271135428 229.28438678693283 229.28438412319974 229.28438276461475 229.2843831370201 229.28438272074254 229.28438481830744 229.28438644623247 229.28438485843571 229.28438547672977 229.28438335018336 229.2843841593999 229.28438521863836 229.2843827994102 229.28438288211055 229.2843856664017 229.28438302128598 229.28438273860775 229.2843831774403 229.28438295935302
200000.0 200000.0 200000.0 200000.0 200000.0 200000.0 200000.0 200000.0 200000.0 200000.0 200000.0 200000.0 200000.0 200000.0 200000.0 200000.0 200000.0 200000.0 200000.0 200000.0 200000.0 200000.0 200000.0 200000.0 200000.0 200000.0 200000.0 200000.0 200000.0 200000.0
