13169680.736305052 29778644.205866188 649447.4427371951 137403377.44381362 101102646.73540612 94310338.62881356 353126.3975642825 48669398.37145319 1304768.369471751 246675350.19689238 69220.86617861161 168943676.9030781 2338976.0938455407 3203975886.050925 415697.76179916784 109935729.10640861 2543085075.233193 188929.7060382694 4420749.753958929 128543145.4592769 97066.97070681279 8388687514.369155 164907.99100427754 59774654.48591055 94281.02950880973 2632701.9944455763 2304550.8616291448 181328947.0778207 90972685.85386784 252127056.2533573
13169680.736305052 29778644.205866188 649447.4427371951 137403377.44381362 101102646.73540612 94310338.62881356 353126.3975642825 48669398.37145319 1304768.369471751 246675350.19689238 69220.86617861161 178071.37313363742 2338976.0938455407 1359952.053044253 415697.76179916784 109935729.10640861 2543085075.233193 188929.7060382694 4420749.753958929 128543145.4592769 86777.91382970894 1886185115.5430398 164907.99100427754 59774654.48591055 94281.02950880973 2632701.9944455763 2304550.8616291448 181328947.0778207 90972685.85386784 252127056.2533573
124959.91611340146 29778644.205866188 649447.4427371951 137403377.44381362 101102646.73540612 94310338.62881356 155859.2489580383 48669398.37145319 1153275.5534960662 246675350.19689238 69220.86617861161 178071.37313363742 102690.67739223182 1359952.053044253 415697.76179916784 109935729.10640861 12901789.166030366 188929.7060382694 4420749.753958929 2288520.3519025217 86777.91382970894 1886185115.5430398 164907.99100427754 59774654.48591055 94281.02950880973 2632701.9944455763 2304550.8616291448 181328947.0778207 25990031.63079245 252127056.2533573
124959.91611340146 2576665.1127332086 649447.4427371951 25926721.429521292 203244.15087151102 539280.6600947786 155859.2489580383 29003907.136460975 992249.5478875001 246675350.19689238 69220.86617861161 178071.37313363742 102690.67739223182 1359952.053044253 85266.97699271998 109935729.10640861 119835.40548190837 188929.7060382694 4420749.753958929 2288520.3519025217 86777.91382970894 1840054721.8851373 164907.99100427754 59774654.48591055 94281.02950880973 2632701.9944455763 2304550.8616291448 77070021.10844201 25990031.63079245 136631.62799591842
124959.91611340146 2576665.1127332086 649447.4427371951 446080.49277329876 122357.67542706517 539280.6600947786 155859.2489580383 116637.382385875 992249.5478875001 7158315.651742252 69220.86617861161 178071.37313363742 102690.67739223182 1359952.053044253 85266.97699271998 117107.77068826593 119835.40548190837 169214.0032391303 116470.6082409894 89172.6212313976 86777.91382970894 227668.47914609913 164907.99100427754 19876157.136497486 94281.02950880973 125491.4396158617 2304550.8616291448 3987708.8483230877 151918.32165425943 136631.62799591842
124959.91611340146 1650453.758866999 649447.4427371951 104663.99280705446 85615.4954920574 137369.1663670906 155859.2489580383 116637.382385875 68409.0214820198 2859520.509335676 69220.86617861161 141976.5448337757 102690.67739223182 235649.17974818248 85266.97699271998 102673.80508582128 119835.40548190837 151521.06697977608 116470.6082409894 76042.71086247469 86777.91382970894 227668.47914609913 164907.99100427754 2391705.5175928967 94281.02950880973 125491.4396158617 511109.26252921973 3304294.571022367 151918.32165425943 136631.62799591842
96285.63478678749 924785.8017645623 115406.65321498566 104663.99280705446 85615.4954920574 137369.1663670906 155859.2489580383 116637.382385875 68409.0214820198 797053.3393726065 69220.86617861161 126110.3226607188 102690.67739223182 115377.18362603373 85266.97699271998 102673.80508582128 119835.40548190837 151521.06697977608 86283.61621268225 76042.71086247469 86777.91382970894 141605.81792546442 164907.99100427754 207508.12139389693 94281.02950880973 125491.4396158617 276943.86963045003 114216.13729296773 151918.32165425943 136631.62799591842
88274.15681783018 90498.08433791414 115406.65321498566 98112.9653333096 85615.4954920574 69181.10878412006 141047.27732167396 75194.94603437421 68409.0214820198 134073.65284807887 69220.86617861161 126110.3226607188 102690.67739223182 115377.18362603373 85266.97699271998 102673.80508582128 109148.60321149578 72962.94581060523 86283.61621268225 76042.71086247469 86777.91382970894 100624.35053105622 86930.12364866072 58236.91036018529 94281.02950880973 102827.01753796931 146780.42657016948 114216.13729296773 82996.76581418209 125538.50823765254
88274.15681783018 90498.08433791414 115406.65321498566 98112.9653333096 85615.4954920574 69181.10878412006 112489.5915790982 75194.94603437421 68409.0214820198 74788.36987440781 69220.86617861161 114821.61362139213 87639.63836335458 115377.18362603373 85266.97699271998 102673.80508582128 89801.53123604003 72962.94581060523 86283.61621268225 76042.71086247469 84639.88380886377 87796.85285638862 86930.12364866072 58236.91036018529 91874.79008331757 102827.01753796931 141451.76610895395 75235.3051767082 82996.76581418209 98369.07011854576
88274.15681783018 90498.08433791414 76734.81320560728 71171.12427670717 85615.4954920574 69181.10878412006 85409.3084778392 75194.94603437421 58288.07725250802 74788.36987440781 69220.86617861161 71836.71966939968 65988.61311451312 83629.27416934054 85092.31717744173 102673.80508582128 89801.53123604003 72962.94581060523 86283.61621268225 61968.58534891447 76474.51896874259 84508.02359824812 84252.67665042875 58236.91036018529 91874.79008331757 70801.03363334735 102162.79855877908 75235.3051767082 47136.9989916507 98369.07011854576
67947.91591969541 75437.01245044262 76734.81320560728 68138.20867141476 67993.05225490169 69181.10878412006 85409.3084778392 75194.94603437421 50311.79916634325 59392.79680213786 66807.52427539791 71836.71966939968 65988.61311451312 64430.467801714905 67131.14516504672 96396.87980516482 62078.985917666054 33689.91772155872 86283.61621268225 61968.58534891447 43370.32996726276 84508.02359824812 74107.5887330085 58236.91036018529 70950.73444212816 70801.03363334735 102162.79855877908 75235.3051767082 47136.9989916507 86516.15502133018
52995.34659013795 72789.48997129279 67105.13037495868 58716.56562354381 64799.601476817996 69181.10878412006 58994.91732956462 67773.79678794144 44841.866291597 57171.04287997961 66807.52427539791 71836.71966939968 41433.74057429762 64430.467801714905 56911.49379271786 67273.26118022809 62078.985917666054 33689.91772155872 37418.02991180097 61968.58534891447 39259.12894776314 69645.35379907506 59515.76808216023 58236.91036018529 70950.73444212816 45386.50056220024 74468.52353789147 74084.62794009142 47136.9989916507 71122.43145866568
50105.61227575495 51019.532809930424 49654.663870478704 36304.51168017025 51429.42768350741 56517.39641652035 40563.64295257612 52693.02535661529 44841.86629159699 57171.04287997961 57546.93402174051 59987.90102498678 41433.74057429762 52250.310338766765 56911.49379271786 64093.306978866705 42615.502637502526 32322.322040521314 35019.97390194059 48860.20444688846 36795.827559640726 61583.50209192242 38836.7604824663 58236.91036018529 62193.90878784043 44294.090615550725 57519.12659249267 50498.01275659188 47136.9989916507 46250.56947165235
38277.301955984 36899.84925829922 32810.3510218801 33877.4798619904 41331.50026792437 27454.272804467517 28555.17559160435 45810.99193525402 29943.744834649697 42454.6517013271 37218.43006815221 43713.97576200427 32041.423922983402 41182.58051046488 38870.49418448914 41760.373131868815 26632.672321978895 24630.174592348678 27645.83002054153 46795.32491961467 22873.051858175044 25202.241445816595 30839.05205475349 43025.81975460768 33162.355499339166 29307.924984076843 27388.30253878764 37820.16309605295 39315.96982073068 30428.614551737886
20099.73986957685 20388.791443740807 17275.48170244157 15686.267313506463 14364.244177887382 16689.00312700559 17135.94544962191 20174.216609355193 14396.627432205776 22079.62953645423 26454.798239656935 27969.07617682848 11949.127268789987 15504.378648838772 24688.34303957877 20332.524601544763 20346.233805103846 14009.82218928244 9381.526726551845 27510.107294557674 13895.501204140995 20956.611701006124 19050.221158199893 23756.606078120643 27345.488519864262 22497.653024825824 19896.54533755444 25928.967331883803 19883.96487990481 14237.201616252565
4013.328993472025 5572.449487063999 3745.4263747375294 4335.228203887935 5478.992083669202 4606.420545445993 3620.9468212864554 3616.760975318536 4817.569491147487 4584.404753395641 6785.516557622398 3116.4147711479477 3473.4786594815305 4258.031725871128 6514.607942023051 6317.92422129034 3192.300037459896 2720.344902940698 2028.2163294236575 6524.585458565825 2140.838626317281 5156.959670570175 4839.578249373089 4365.17156364841 6085.989704068748 2090.0926346137244 6382.382744177468 3059.6591219519387 4684.621219591095 4288.529359853359
1000000.0 1000000.0 1000000.0 1000000.0 1000000.0 1000000.0 1000000.0 1000000.0 1000000.0 1000000.0 1000000.0 1000000.0 1000000.0 1000000.0 1000000.0 1000000.0 1000000.0 1000000.0 1000000.0 1000000.0 1000000.0 1000000.0 1000000.0 1000000.0 1000000.0 1000000.0 1000000.0 1000000.0 1000000.0 1000000.0
