215.20089350223634 236.81974028272452 136.47060021263815 125.99179321441125 291.24476941173907 198.4427628798153 153.3127196115579 241.00754466632134 187.0740943215569 262.6312729425972 166.22465427043744 211.6495674642665 150.5900522686061 217.71320256842046 310.1034391700923 281.34957677663124 325.1210108952155 325.8045079148478 128.50606964697818 162.13069279685442 241.39938763971622 269.59830262458854 226.19525370881775 258.2734190518254 219.35224211423474 253.7986869036531 306.4714285672858 232.66379254453204 296.4220334268739 283.48472074390565
215.20089350223634 236.81974028272452 136.47060021263815 125.99179321441125 291.24476941173907 198.4427628798153 153.3127196115579 241.00754466632134 187.0740943215569 262.6312729425972 166.22465427043744 211.6495674642665 150.5900522686061 217.71320256842046 310.1034391700923 276.2300173081512 325.1210108952155 257.5901604764563 128.50606964697818 162.13069279685442 241.39938763971622 269.59830262458854 226.19525370881775 258.2734190518254 219.35224211423474 253.7986869036531 306.4714285672858 232.66379254453204 296.4220334268739 283.48472074390565
215.20089350223634 236.81974028272452 136.47060021263815 125.99179321441125 291.24476941173907 198.4427628798153 153.3127196115579 241.00754466632134 187.0740943215569 156.44615357161 166.22465427043744 211.6495674642665 150.5900522686061 194.08178039627046 310.1034391700923 276.2300173081512 307.99376694217335 257.5901604764563 128.50606964697818 162.13069279685442 241.39938763971622 269.59830262458854 226.19525370881775 231.79852032354393 216.65009721212436 253.7986869036531 306.4714285672858 232.66379254453204 296.4220334268739 283.48472074390565
215.20089350223634 236.81974028272452 136.47060021263815 125.99179321441125 291.24476941173907 198.4427628798153 153.3127196115579 241.00754466632134 187.0740943215569 156.44615357161 166.22465427043744 211.6495674642665 150.5900522686061 194.08178039627046 296.1294987397064 276.2300173081512 307.99376694217335 257.5901604764563 128.50606964697818 162.13069279685442 241.39938763971622 224.33244278624852 226.19525370881775 231.79852032354393 216.65009721212436 253.7986869036531 306.4714285672858 232.66379254453204 281.1515193906703 283.48472074390565
215.20089350223634 236.81974028272452 136.47060021263815 125.99179321441125 264.24517276125243 198.4427628798153 153.3127196115579 237.85319955241994 187.0740943215569 156.44615357161 166.22465427043744 211.6495674642665 150.5900522686061 194.08178039627046 205.64445793399045 234.28966597177305 300.9996020309636 222.48864689965194 128.50606964697818 162.13069279685442 241.39938763971622 219.06707235749855 217.32073028859213 208.6702499561734 207.7577923762824 196.62083597984974 306.4714285672858 232.66379254453204 214.93566713282507 283.48472074390565
190.34546618612558 225.94288936325574 136.47060021263815 125.99179321441125 264.24517276125243 198.4427628798153 153.3127196115579 220.97864605693667 173.89700260274049 156.44615357161 166.22465427043744 173.19333877136705 150.5900522686061 194.08178039627046 205.64445793399045 207.034007738554 282.4620761550714 154.60067304687345 128.50606964697818 162.13069279685442 241.39938763971622 218.3986197995382 187.9212999724905 208.6702499561734 131.47857927112318 196.62083597984974 251.95734913797696 198.91035316241914 214.93566713282507 228.90457391591144
190.34546618612558 225.94288936325574 136.47060021263815 125.99179321441125 212.12224977327014 175.3068522232038 153.3127196115579 170.67546801881372 173.89700260274049 138.97976231613166 166.22465427043744 173.19333877136705 150.5900522686061 194.08178039627046 205.64445793399045 148.73051275518674 154.76066267787746 154.60067304687345 128.50606964697818 162.13069279685442 191.54885035331972 218.3986197995382 187.9212999724905 208.6702499561734 131.47857927112318 196.62083597984974 199.15987455009827 131.88339216755867 214.93566713282507 173.82610809777316
190.34546618612558 225.94288936325574 136.47060021263815 125.99179321441125 212.12224977327014 143.55812292407427 153.3127196115579 116.4994541328715 121.69272946852288 93.69419723209148 134.36430647770294 173.19333877136705 146.78335553183751 162.57834414794252 177.70428055204093 139.98960463183857 154.76066267787746 154.60067304687345 81.67970593117798 162.13069279685442 164.50027413171665 156.87300417334836 121.24081352321036 169.71704317693047 131.47857927112318 196.62083597984974 189.80630396518836 117.0445800575394 131.78289486777476 136.33602554679192
96.42876305342179 135.11549762092864 135.86667349345407 109.23241060218788 171.5302589365774 143.55812292407427 111.23158817179547 109.18104925844727 121.69272946852288 93.69419723209148 134.36430647770294 109.88468786835892 129.69847815896537 99.13738217533819 161.86824052660904 139.98960463183857 139.80305697891117 154.60067304687345 81.67970593117798 162.13069279685442 164.50027413171665 156.87300417334836 121.24081352321036 169.71704317693047 113.65911434810914 157.4959132858853 162.7716883479843 117.0445800575394 131.78289486777476 98.62254037687535
96.42876305342179 135.11549762092864 96.01774636836944 104.64491082712902 98.63502368380023 119.3571501504639 94.48218769755158 106.03257787637676 92.86559289459137 93.69419723209148 108.40125398645341 101.79022202276383 85.01048181302895 62.49946718855017 114.60856908896267 121.00126777077094 113.71313629785982 107.43855308512275 81.67970593117798 115.6271065744877 121.63397902145516 119.60832564699649 121.24081352321036 122.79540064372304 105.50590994979075 155.9944574695237 143.21272590571243 87.44368440927155 94.74022401992397 98.62254037687535
80.12529838731189 103.0020491663081 83.91284541944378 72.58010695146095 98.63502368380023 97.17072760594874 53.05593082199721 72.18270034730267 71.60533526789823 44.64959056132852 50.942614906191466 86.52674628244722 50.427233292560686 62.49946718855017 94.93925311638623 87.23198533997083 87.45304454313828 79.05899063359675 69.57805799744665 109.64602775874528 87.36943137282469 119.60832564699649 94.39952444800656 98.03832797527139 93.8086632793561 102.48799114336953 109.83732999037011 71.61231154740562 84.82028889519825 72.85422426255036
69.47405917004244 57.919994987649716 66.9231835729056 59.221539960617974 56.440317345789026 75.69402131943889 40.183362098873204 51.09875306883578 44.10857189644594 44.64959056132852 50.942614906191466 66.07600528933926 50.427233292560686 54.9075957164232 75.219428785952 56.55041225664945 72.22733823512272 53.812035296040904 55.7728265147266 69.25851154105976 86.33317229603335 62.86661245306641 72.80785934336245 56.712346574096955 55.25972811062866 65.45513727040543 52.872024741083806 54.049082071940575 68.46183298101414 39.71047417937211
48.60587650589787 56.50063620769424 48.262436813211025 40.38087111189566 45.82906495028669 47.31711257147845 32.950317884479546 39.57884416197908 41.90795590104722 33.59538154866982 31.580266366348724 41.030463946678765 48.902498250356075 30.023221031119647 42.522041013712396 43.9798042291327 49.71626827382579 44.34498943595918 41.940211148141316 47.78656219990171 55.19094371361189 46.04322167539476 58.18741200273462 38.826715428126136 55.25972811062866 44.27472162033018 34.453972311020834 44.20589913601657 51.270194537893076 38.67454534517219
34.31942993002053 30.95557117637304 29.698360163594316 34.05048239811185 33.211181696413405 30.230649257485084 32.950317884479546 30.358742539949844 34.55976083898031 20.401522352205347 31.580266366348724 30.929343867946045 30.780088176391928 29.988720890165496 32.77573079654121 32.28253742807192 38.273126524149575 29.017346620378248 38.1084215166436 35.321033280724805 38.99179003385507 31.13062574345986 45.54799890036816 35.170222422720826 39.475517537256565 33.070706838912656 31.48628319131376 32.377023351086336 29.528948771995374 30.89547794812006
28.190419500376947 23.003161488430123 25.38756544876378 25.851188492854362 27.347896982186512 24.887474345739065 25.01159380264221 26.244420031804793 29.859318244722772 15.730100068044749 25.46598286223775 25.771520788819316 26.065730659716564 25.50957015715835 27.15227876371091 23.952890301665548 26.793102650677156 26.084718885993425 28.869233163117542 26.645416523757376 26.36721698789688 25.047891221576492 25.982785042773912 25.907003232647185 26.135577443063994 26.4299748148469 23.357012724813558 30.021682204276658 24.131476839119614 26.262882557565945
23.330776712375837 20.784749782158315 22.903646839755766 21.6953282470638 17.56172985969056 20.627293648745763 23.148347339360726 21.90878459916894 24.46250316907458 14.082701512100357 13.575930001137749 19.312207741933662 13.307889967938081 22.210073189665536 18.314438877152497 15.8368398903051 22.462584012463594 22.199991242642227 19.301506166914578 21.93109742594379 22.144905472391883 21.83315977747702 21.87879578733714 20.547086152166003 20.216563012539154 22.358152641512106 19.805009339391745 24.095415909797794 21.92925329684499 14.878222595253646
200000.0 200000.0 200000.0 200000.0 200000.0 200000.0 200000.0 200000.0 200000.0 200000.0 200000.0 200000.0 200000.0 200000.0 200000.0 200000.0 200000.0 200000.0 200000.0 200000.0 200000.0 200000.0 200000.0 200000.0 200000.0 200000.0 200000.0 200000.0 200000.0 200000.0
