4280.661793678937 4166.089858579167 2465.656661313955 2735.8726313475886 2756.581356000438 3254.9483429880493 3929.8914795587643 3678.244283056916 4111.673232970407 3791.509653624582 2888.5329135203424 2397.6647291412346 3103.271479930078 4041.8747083895487 2905.8849524401776 2198.2982778406213 3751.2376591241937 4344.197995854017 2964.9187838196467 3649.3074884148755 2056.655245057359 1760.280744468022 2807.2403272034985 5007.540840723901 2835.87753471949 2340.5735774277628 4575.711025725009 4233.283392552247 1880.6693073936344 2592.1019840803447
4280.661793678937 4166.089858579167 2465.656661313955 2735.8726313475886 2756.581356000438 3254.9483429880493 3929.8914795587643 3678.244283056916 4111.673232970407 3509.310891880321 2888.5329135203424 2397.6647291412346 3103.271479930078 4041.8747083895487 2905.8849524401776 2198.2982778406213 3751.2376591241937 4344.197995854017 2964.9187838196467 3649.3074884148755 2056.655245057359 1760.280744468022 2807.2403272034985 5007.540840723901 2835.87753471949 2340.5735774277628 4575.711025725009 4233.283392552247 1880.6693073936344 2592.1019840803447
4280.661793678937 3295.6608173201694 2465.656661313955 2735.8726313475886 2756.581356000438 3254.9483429880493 3929.8914795587643 3678.244283056916 4111.673232970407 3509.310891880321 2888.5329135203424 2397.6647291412346 3103.271479930078 4041.8747083895487 2905.8849524401776 2198.2982778406213 3751.2376591241937 4344.197995854017 2964.9187838196467 3649.3074884148755 2056.655245057359 1760.280744468022 2807.2403272034985 5007.540840723901 2835.87753471949 2340.5735774277628 4151.712544375081 4233.283392552247 1880.6693073936344 2592.1019840803447
4280.661793678937 3295.6608173201694 2465.656661313955 2735.8726313475886 2756.581356000438 3254.9483429880493 3929.8914795587643 2984.7366497188946 4111.673232970407 3509.310891880321 2888.5329135203424 2397.6647291412346 3103.271479930078 3565.51594443005 2905.8849524401776 2023.5693557307181 3751.2376591241937 4344.197995854017 2964.9187838196467 3649.3074884148755 2056.655245057359 1760.280744468022 2807.2403272034985 5007.540840723901 2835.87753471949 2204.859035992273 4151.712544375081 4233.283392552247 1880.6693073936344 2592.1019840803447
4055.0021810941034 3295.6608173201694 2465.656661313955 2735.8726313475886 1907.649495421559 2502.080423229042 3929.8914795587643 2984.7366497188946 4111.673232970407 3422.8544502713157 2888.5329135203424 2397.6647291412346 2658.2047654272424 3264.0405921630254 2905.8849524401776 2023.5693557307181 3751.2376591241937 4344.197995854017 2964.9187838196467 3649.3074884148755 2056.655245057359 1760.280744468022 2807.2403272034985 4241.286056481108 2835.87753471949 2204.859035992273 4151.712544375081 4233.283392552247 1880.6693073936344 2592.1019840803447
4055.0021810941034 3295.6608173201694 2465.656661313955 2735.8726313475886 1907.649495421559 2502.080423229042 3829.8450404851274 2984.7366497188946 3903.8613260394213 3422.8544502713157 2888.5329135203424 2397.6647291412346 2405.046992346 3264.0405921630254 2905.8849524401776 2023.5693557307181 3751.2376591241937 3111.6780930220552 2964.9187838196467 3649.3074884148755 2056.655245057359 1760.280744468022 2807.2403272034985 4066.310476917768 2835.87753471949 2204.859035992273 4151.712544375081 2689.801229776025 1880.6693073936344 2592.1019840803447
4055.0021810941034 3295.6608173201694 2465.656661313955 2735.8726313475886 1907.649495421559 2502.080423229042 498.04765238377104 2984.7366497188946 2914.345674094344 2509.1607390043896 2888.5329135203424 2397.6647291412346 2405.046992346 2569.556070850389 1820.7188947394989 2023.5693557307181 3243.7435221667047 2389.0555295343493 2964.9187838196467 3649.3074884148755 2056.655245057359 1760.280744468022 2807.2403272034985 3129.2589787476377 2835.87753471949 2204.859035992273 3366.7195445474636 2689.801229776025 1880.6693073936344 2592.1019840803447
3237.1580857267654 1631.5765329730125 1932.1127930609182 2445.501524296427 1877.0887702076634 2502.080423229042 498.04765238377104 2090.718525847707 2914.345674094344 2068.6299325344667 1795.545324597002 2397.6647291412346 2405.046992346 2569.556070850389 1820.7188947394989 1769.7804423985353 3243.7435221667047 2389.0555295343493 2808.306147677954 3023.299584339118 2056.655245057359 1760.280744468022 2798.706069855713 3129.2589787476377 2835.87753471949 1602.2585383805863 1766.7020913017986 2339.212900516046 1880.6693073936344 2412.7151389024816
1914.1152836637957 1631.5765329730125 1170.9255714742167 2445.501524296427 1877.0887702076634 1947.0846714909148 498.04765238377104 2090.718525847707 1647.5607632561832 2068.6299325344667 1274.6152511777573 1771.9979651153208 1841.0104443564724 1296.1222586581925 637.7673283439401 1769.7804423985353 1503.1175440084057 2389.0555295343493 2394.83466538434 2324.5047128919055 1562.944738070817 1469.0900809547138 2267.9347166720213 981.0485174815958 1680.2969271587208 1602.2585383805863 1627.3657089856688 2150.6244781013474 1880.6693073936344 1440.1555203040289
1604.4903481554034 861.6917584545599 1170.9255714742167 1086.4599037058397 1877.0887702076634 1947.0846714909148 498.04765238377104 2090.718525847707 1081.7876146791116 898.5612760767908 1274.6152511777573 1006.049808077224 1841.0104443564724 584.8570167141297 637.7673283439401 1769.7804423985353 1503.1175440084057 2019.0523240646553 1465.9875727316567 1820.0952313990242 1453.354564775737 1439.8354303119677 1940.0510287402894 981.0485174815958 1680.2969271587208 1602.2585383805863 1627.3657089856688 1707.9436721556267 1321.8228119612058 563.241538248003
929.9797776171295 861.6917584545599 1106.8460539531443 928.5897120489237 750.8605340566137 799.4296619424108 498.04765238377104 727.8858886091662 663.9710049070259 898.5612760767908 1174.7611357761425 638.4203213633373 1247.6796314545372 584.8570167141297 637.7673283439401 316.90983320455666 1111.479886876943 816.521713725708 928.0120871856632 1545.5023318159665 1384.3518589756186 1119.4380679318897 933.8107543494875 929.4585530530212 820.6335272692941 865.8097960638379 1539.9396494368439 1427.858170934166 698.3812799975708 563.241538248003
929.9797776171295 552.8705735579488 625.5196427489377 725.2191374585805 336.25791897046156 783.3728505825334 255.38782601985145 592.7760162212526 441.1717544059218 637.2351900008566 418.51291239760894 447.23452926652794 753.271885605981 295.999324846302 290.1095518266261 316.90983320455666 516.3178838535855 735.5631763945503 523.6693373780606 845.3808505069283 319.4803694816651 790.0780797153193 729.6810208644006 561.877309597623 820.6335272692941 333.0051553479998 683.0601139270311 274.0751418849061 698.3812799975708 367.70233547322687
426.9187848855486 238.25656616561582 228.37548913931596 307.2632277439425 234.83848054375358 174.74485943160016 130.71596837547077 398.28613607476154 176.90733585140538 211.11337180552482 223.1106760289158 155.71029407104857 300.10433522135645 110.24947857685663 188.33250127348083 121.80596165154589 240.7051088432172 304.4030434300098 230.85286479843558 520.3486549736681 137.92124743981526 384.813757837112 110.12402510763775 126.53675827654229 463.19788268095135 299.13179363960853 276.17288528692666 215.55355237811364 123.02633564349685 123.35860359740298
57.11728281493856 55.531743066924605 147.31228715754742 79.04592539962175 64.92567119510841 81.90731394344493 40.03339662071937 107.38865243687292 63.47098741347429 70.06195023253292 67.26768198730633 59.84493933294732 64.66448616060961 59.4698227557418 48.75331306651208 99.34482230543188 61.31584933544582 69.42193977092415 59.92025933901357 105.41025421835377 45.3526074956867 130.2522816993494 101.8052715993756 37.065607067261226 127.97929963194065 71.74885935643579 84.40980796966323 51.30583947826301 103.99787173058007 40.22443532911586
6.049054643929594 12.981629627623192 12.259954735441625 23.632949610611035 2.452076331067019 3.409021854594357 4.048062291856127 9.943626817398354 10.111784052793155 4.74598390390031 8.294991117838322 8.803107668415464 11.69556976340698 3.0359802174191373 4.333208346852757 16.47242928843366 12.460099208890142 4.936112776612504 6.573830388237525 21.97065431460669 9.938359809161739 19.03471506741596 11.411693295117516 3.6504642129464173 9.463270166079155 7.977266701294525 7.119666839485717 3.166416415168328 4.3799645730362045 2.6635373927939554
0.25045013047883913 0.4479302633255884 0.4635419898550026 0.2906214621983736 0.18629360482850643 0.06452336557083527 0.19370312016326352 0.22331794085880574 0.25311476672493427 0.2463295494637805 0.26911807333749493 0.3748569202853105 0.3281729877755879 0.14236374756535497 0.12364205889082314 0.42320689537234557 0.5038442341528935 0.1625903836576299 0.25725919566048105 0.5893227873417572 0.35154283806878084 0.5407662592479028 0.2893347354302023 0.1513838736091202 0.4395544908007878 0.3833234178096063 0.35112775430036436 0.1547391659319146 0.27501799210153877 0.17708651738962544
200000.0 200000.0 200000.0 200000.0 200000.0 200000.0 200000.0 200000.0 200000.0 200000.0 200000.0 200000.0 200000.0 200000.0 200000.0 200000.0 200000.0 200000.0 200000.0 200000.0 200000.0 200000.0 200000.0 200000.0 200000.0 200000.0 200000.0 200000.0 200000.0 200000.0
