87.9741477410987 81.5025662357856 109.29201355804526 85.7487875388623 109.00570519767837 91.63313374541622 112.55851620791509 75.11868753163105 55.05304735180766 94.23304220179023 87.19403777445245 126.4489451756184 63.63780788731367 87.32425310562223 101.51320807971683 90.86386196951162 110.9363181041897 87.97952915005305 106.59620441074571 116.48834113025259 85.893429008559 119.5108929981401 84.44183622509024 107.02280229013002 87.83751606693295 96.09485187581424 96.11584851074315 95.22032983703014 99.5779251834673 96.07972638096214
87.9741477410987 81.5025662357856 109.29201355804526 85.7487875388623 109.00570519767837 91.63313374541622 112.55851620791509 75.11868753163105 55.05304735180766 94.23304220179023 87.19403777445245 126.4489451756184 63.63780788731367 87.32425310562223 101.51320807971683 90.86386196951162 110.9363181041897 87.97952915005305 106.59620441074571 116.48834113025259 85.893429008559 119.5108929981401 84.44183622509024 107.02280229013002 87.83751606693295 96.09485187581424 96.11584851074315 95.22032983703014 99.5779251834673 96.07972638096214
87.9741477410987 81.5025662357856 109.29201355804526 85.7487875388623 107.76051735563351 91.63313374541622 112.55851620791509 75.11868753163105 55.05304735180766 94.23304220179023 87.19403777445245 126.4489451756184 63.63780788731367 87.32425310562223 101.51320807971683 90.86386196951162 99.03975020831581 87.97952915005305 106.59620441074571 116.48834113025259 85.893429008559 111.74430137473973 84.44183622509024 107.02280229013002 87.83751606693295 96.09485187581424 96.11584851074315 95.22032983703014 99.5779251834673 96.07972638096214
87.9741477410987 66.01449174013578 109.29201355804526 85.7487875388623 103.39849439603154 91.63313374541622 112.55851620791509 75.11868753163105 55.05304735180766 94.23304220179023 87.19403777445245 126.4489451756184 63.63780788731367 87.32425310562223 101.51320807971683 90.86386196951162 99.03975020831581 87.97952915005305 99.44181729564127 116.48834113025259 85.893429008559 111.74430137473973 84.44183622509024 91.55144597026663 87.83751606693295 96.09485187581424 96.11584851074315 95.22032983703014 99.5779251834673 96.07972638096214
78.93913243892416 66.01449174013578 75.9524764277661 85.7487875388623 101.01479841916284 91.63313374541622 112.55851620791509 75.11868753163105 55.05304735180766 94.23304220179023 87.19403777445245 82.1158963283134 63.63780788731367 87.32425310562223 98.08928509845157 90.86386196951162 99.03975020831581 87.97952915005305 95.5254338193331 98.06283588059853 85.893429008559 100.93177439241367 65.41232633076231 91.55144597026663 87.83751606693295 96.09485187581424 74.77743209691187 95.22032983703014 99.5779251834673 96.07972638096214
73.93138341281451 66.01449174013578 75.9524764277661 85.7487875388623 101.01479841916284 85.73872802988637 112.55851620791509 75.11868753163105 55.05304735180766 54.573376075583155 87.19403777445245 82.1158963283134 63.63780788731367 87.32425310562223 90.3016430560723 90.86386196951162 99.03975020831581 87.97952915005305 86.95166397408889 95.26613883688697 85.893429008559 95.19950365296461 65.41232633076231 91.55144597026663 70.50885167119941 76.17135938956972 74.77743209691187 95.22032983703014 99.5779251834673 83.19970321802907
73.93138341281451 66.01449174013578 61.534903559633676 80.47848572411704 92.22189068414912 53.23046296432085 98.01025478301028 75.11868753163105 55.05304735180766 54.573376075583155 87.19403777445245 82.1158963283134 63.63780788731367 85.41756526358233 64.2811725616001 51.21652541385731 99.03975020831581 70.0050853003554 76.80444325879023 84.5616961119041 85.893429008559 95.19950365296461 59.872571664834254 86.24099647922276 70.50885167119941 76.17135938956972 74.77743209691187 95.22032983703014 99.5779251834673 80.3158267407589
60.342295345934645 57.32970314686554 61.534903559633676 78.33282919908379 79.0644446362511 53.23046296432085 79.85807893364154 71.85729015228617 55.05304735180766 54.573376075583155 48.6713761053561 82.1158963283134 63.63780788731367 64.28093186304454 64.2811725616001 51.21652541385731 79.6871311466449 70.0050853003554 61.099009416894546 70.79671161772251 57.867293162267856 73.98641929574251 52.41090489398084 65.2461803392913 70.50885167119941 76.17135938956972 74.77743209691187 88.5081942902716 68.82446096085937 64.64443354507966
53.758919692124664 50.06648631397377 43.38598393338236 64.82588023796734 50.360597513020366 53.23046296432085 64.0160751346574 66.84267187612193 49.23222088583782 53.92225394755906 48.6713761053561 59.3883078163916 54.82942599685475 62.61053518694109 58.627099125289874 51.21652541385731 58.36749362742944 70.0050853003554 48.24462357785717 43.56130426813627 57.867293162267856 63.97187470903907 52.41090489398084 65.2461803392913 56.91265579746096 63.18042645473304 58.7736695101587 52.036451736490335 68.82446096085937 60.678350431732156
53.758919692124664 50.06648631397377 43.38598393338236 56.43414875786016 47.119369621822216 52.373150305769855 41.04618670746879 57.942468571477434 35.63497707252736 42.54579298210706 48.51566005930954 55.79178816483807 54.08891920431233 45.616665024940175 42.2918189770553 51.21652541385731 58.14252343557155 35.14735727038328 29.99789212903943 43.56130426813627 40.41096929799039 59.96693840855278 51.42024407761323 52.88880690456074 41.02396081218001 53.74907397909499 58.7736695101587 52.036451736490335 35.6331449087736 43.61118979153514
40.98513168479644 37.8554074253766 32.70719169596066 28.236015532558667 39.761007885556296 38.77220802852207 41.04618670746879 35.84949507027238 31.494455959185643 29.465574808859856 28.84947022615404 40.799873625638156 42.96208620705488 40.319099658172945 40.44699576975745 31.44221755351714 30.392734252048513 28.089837873314195 29.99789212903943 43.56130426813627 37.52521524412441 44.11112221095641 29.89570619521885 44.85136118170999 36.49821659259885 34.21527256112893 37.38365972019335 41.586699039970654 32.64572571410952 34.49545804619845
29.111331907262866 31.82645475059394 27.834554061600443 22.87871323326408 22.771551529451358 29.694074905907428 15.612299240358766 30.04539978465118 20.348411290187187 17.668685536308317 23.960335498942754 24.445413973877407 22.176501244243127 26.91933249177839 33.61377274677557 22.346922425619937 26.827931104781896 21.39245010553907 22.077416991649443 15.627805857108228 11.881771063356837 24.13566963926951 26.450892343483247 22.70539356887798 16.247314466303465 19.26552013733931 28.24779180785015 24.717587748105984 10.166608507068418 31.107031570326058
12.272284313219757 15.961886670386775 14.009304034613365 14.583462194543813 18.498153442610715 16.848008940587647 10.995641254511952 12.139010417903933 8.213946569466998 9.24596320454998 11.014332496763132 12.955437290957661 9.913494958287174 11.836361100881618 14.838618229253825 12.542371070013587 13.113470346916188 8.692460055481547 7.62308482546166 13.187710543658 6.15699506189344 14.061495974217905 14.000083379343323 14.540273500295484 11.541070629880664 13.423037452714311 14.089499095736187 13.664172111201424 7.615816947626627 14.031018808316844
7.535019814168777 6.474435553832791 6.052245621655061 4.781391252043363 7.188222900204892 7.1774136893715195 3.912810605707932 6.040311528161851 3.2851769425665225 2.515340892973427 5.166256369050188 4.811942287953002 5.057129886305688 4.983990588359234 7.306112332724297 6.054960393569786 4.541440768097004 3.4085674966387387 6.258679107612579 5.459459030129324 2.8939280316620852 6.373304999366496 3.843980014038266 7.726197903438219 5.0459396122128055 6.324087687311589 4.572200992217859 3.0494940099927135 2.2704118113545064 3.4022295823127706
1.2201153218932177 1.753166813001826 1.5434801096289448 1.0274639037210136 1.6448267072917133 1.4220086937090173 1.0623082057829834 1.7632106536736956 0.6806027137990895 0.45421457060820103 1.3528699027368702 1.179165529755096 1.2462405105203516 1.0863170960061552 2.9511968923067116 0.9339481223918256 0.9817590239880474 1.0440181219105398 1.5568962847135026 1.0764368861166531 0.8976467687443801 1.0195758513251576 0.9447958495287594 1.756263675437026 0.5298798541848555 1.5968151900009389 0.890297564581374 1.3513919492712603 0.4709768633497333 0.9278734530425936
0.15004191565105884 0.10974079540903858 0.11278201207687744 0.1195247374430437 0.16807909382646358 0.1067568445712368 0.11193094661973646 0.14046529952986475 0.04624672382351491 0.10072904510695935 0.1260341530377218 0.08845364381602394 0.0810518965255369 0.0729232285626722 0.22280067251540459 0.09450439778458986 0.06449707895410484 0.08998913285984145 0.09597655693437446 0.1754239580494641 0.1121279232274901 0.1040995381264338 0.10719982710156728 0.11462040762933157 0.07577440640693567 0.10607208822477787 0.06806082994773988 0.10349482556534895 0.06047710899656522 0.1518382759677479
200000.0 200000.0 200000.0 200000.0 200000.0 200000.0 200000.0 200000.0 200000.0 200000.0 200000.0 200000.0 200000.0 200000.0 200000.0 200000.0 200000.0 200000.0 200000.0 200000.0 200000.0 200000.0 200000.0 200000.0 200000.0 200000.0 200000.0 200000.0 200000.0 200000.0
