384.6006723844148 260.41384956895126 363.9723025207513 698.9065270964488 350.52040306413255 323.0194576500144 358.9649190754167 253.90107583228064 376.1581451351508 543.6111400468094 477.0999451697289 555.4738782181439 269.5619428999594 637.9741278084357 602.2251607850894 379.3150669565389 462.46105567025006 255.11411259985243 520.4395574602372 338.34288411364923 553.0339790498983 445.85302311393207 387.5489757713185 402.7025384150861 566.8993944423037 451.8368209465898 415.04388820083386 353.54989894227174 378.4903858268144 568.8265229870249
384.6006723844148 260.41384956895126 363.9723025207513 698.9065270964488 350.52040306413255 323.0194576500144 358.9649190754167 253.90107583228064 376.1581451351508 543.6111400468094 372.0156160710294 529.5363651620605 269.5619428999594 637.9741278084357 602.2251607850894 379.3150669565389 462.46105567025006 255.11411259985243 520.4395574602372 338.34288411364923 553.0339790498983 445.85302311393207 387.5489757713185 402.7025384150861 566.8993944423037 451.8368209465898 324.46151382412336 353.54989894227174 378.4903858268144 377.7186996667483
384.6006723844148 260.41384956895126 363.9723025207513 413.8937278611638 350.52040306413255 323.0194576500144 358.9649190754167 253.90107583228064 376.1581451351508 543.6111400468094 372.0156160710294 529.5363651620605 269.5619428999594 637.9741278084357 602.2251607850894 379.3150669565389 462.46105567025006 255.11411259985243 520.4395574602372 338.34288411364923 553.0339790498983 445.85302311393207 387.5489757713185 293.6141992966386 494.84302725157795 451.8368209465898 324.46151382412336 353.54989894227174 378.4903858268144 377.7186996667483
308.2881493088589 260.41384956895126 363.9723025207513 413.8937278611638 350.52040306413255 323.0194576500144 358.9649190754167 253.90107583228064 376.1581451351508 392.2889265509293 372.0156160710294 262.458042551375 269.5619428999594 637.9741278084357 602.2251607850894 379.3150669565389 462.46105567025006 255.11411259985243 520.4395574602372 287.10266779919584 486.76694153506514 320.01371741683033 387.5489757713185 293.6141992966386 494.84302725157795 451.8368209465898 324.46151382412336 353.54989894227174 378.4903858268144 377.7186996667483
308.2881493088589 260.41384956895126 363.9723025207513 371.69112985378706 322.3903385969643 279.30238460781493 222.31625605552972 253.90107583228064 348.8402505647441 368.5022500504383 372.0156160710294 262.458042551375 269.5619428999594 492.47225939947975 524.0150868016067 379.3150669565389 333.22153316866024 255.11411259985243 445.5608430634593 287.10266779919584 425.94692810340075 320.01371741683033 330.0188434986435 293.6141992966386 454.098921291471 451.8368209465898 240.22841779427335 303.2439178459458 358.3502692132952 302.9230885983834
308.2881493088589 257.52335162241707 271.888531401632 322.77416819157315 322.3903385969643 279.30238460781493 222.31625605552972 225.96241148157014 348.8402505647441 368.5022500504383 250.579506293775 262.458042551375 269.5619428999594 359.26659671953803 293.4737908742304 352.1592120917926 333.22153316866024 255.11411259985243 346.40825300122106 287.10266779919584 425.94692810340075 273.53405990453894 330.0188434986435 261.0857062206942 283.78472871831445 258.52156767392853 240.22841779427335 303.2439178459458 358.3502692132952 302.9230885983834
240.1991720843439 214.00965723971922 271.888531401632 247.3279757135042 322.3903385969643 204.08144568057014 222.31625605552972 225.96241148157014 246.68314461329692 309.3549481018372 250.579506293775 255.71943387069769 264.1487967602393 323.09061774187694 290.35090863815367 210.574772377498 333.22153316866024 235.9895275828212 317.63653510944005 201.52747195185975 306.11908952281465 268.845990013107 243.01341702754007 230.57574552364485 213.04781177717769 209.55411698251328 232.90713303677967 242.11996911112146 266.63070641046625 244.73390447651582
198.5361831564187 189.86254870855237 202.52436588938144 206.22915974405396 234.9599395715636 185.0222255228009 222.31625605552972 195.60602322372688 187.77648949621016 180.65668806936947 185.88664235495025 193.69092038912686 237.4996761041748 284.950397224618 213.22912701378937 210.574772377498 171.39787987069076 203.26060599382754 317.63653510944005 195.00216485207693 242.49923047997345 233.8045791881109 221.45278963980263 204.92450702591077 192.40772397034016 203.8722324592154 222.976445398333 191.9021362403546 211.88191633990937 234.94792324308492
182.92517396281892 175.79831116036257 202.52436588938144 187.28256526167797 185.475730226623 180.46759379411742 222.31625605552972 190.08493073730142 187.77648949621016 180.65668806936947 185.88664235495025 176.4524296943955 205.23040295858073 203.17335799613556 198.39733686022237 185.18761066599654 171.39787987069076 199.0426806479154 205.37719534146254 181.6188055769394 209.1188561306799 216.57731211302507 177.24818107887222 190.33240955859355 173.69849995819186 188.889194813406 196.65807906093096 191.9021362403546 199.44575007221556 174.19860138375543
174.65244295317098 170.7185026676002 187.4353361237986 177.71552855293794 173.44473893795703 173.03308456124887 217.08290065529127 172.1539941381052 177.20474678780784 177.83594403901316 168.20226091011182 171.8448146238893 193.17041231401754 175.58069129637033 180.08101699432655 185.18761066599654 171.39787987069076 180.69773513247537 179.70664269587178 173.9287747443136 182.2098430138194 190.22978087626325 175.66733613837232 182.59044381322292 173.69849995819186 177.20934328429485 173.48626852294592 179.96094182723982 174.1428793482255 174.19860138375543
170.40978149487864 167.90365537245907 173.97907183087136 170.20533169113514 168.61419048975768 171.20861164392136 181.74098619830283 170.54966989056174 169.87766562690467 171.5239662422582 168.20226091011182 169.6866904535259 173.31869095320644 172.57610303614229 173.5345980232164 176.33268782066762 167.210841002513 174.5423099511686 172.3123873505674 171.78020508078407 170.26264798147213 173.44728163788386 170.59884001478167 171.4176755458643 171.29439112809405 170.15540748407784 171.33675167181673 169.09715077584406 171.48535751279496 166.84220041005938
165.20604280654607 165.48671706136292 170.2573599146749 167.25587620946544 166.44190280674866 168.00567929498993 170.1932096258115 165.19497027428088 166.3690038849959 169.57027754584578 164.29436132595856 166.81477649736917 167.50743007228084 168.3681714905356 166.69197677969896 166.78090645964312 166.649818849668 168.0359340057189 167.36848269403663 167.36880452653577 167.812307959789 167.90883764902446 167.68096729151466 166.38232459938808 168.07022709965713 166.74859372952233 166.03228757135776 167.37626108330142 168.45715379365265 166.84220041005938
164.35585170212744 163.21548162730915 165.52295639841395 164.99994853533008 163.87928037258553 164.99916947711245 167.00949142213585 164.32491597388344 164.6855155081953 166.29350915401255 162.47015741086216 165.40551418023733 164.14973699976053 166.06703465124428 163.67435666154051 164.75587489461623 165.11606532876613 165.3700901491202 165.86706725689874 165.76887261569527 165.2845756098527 166.20050958307002 166.25555316223245 163.8912834414259 166.20311443022183 164.51513011448014 164.56005927593787 166.10272549018464 164.728345808599 163.27875856752735
163.57738113000596 162.41090787893472 163.82899794680134 164.01711940336327 163.68212223717728 164.071925945992 164.04828235005743 162.45128276713695 163.46802890068693 165.72235529932186 161.74333455627266 162.92387595691616 163.55148357822782 164.23503642224205 162.86226421148694 163.26062949268953 163.66976890780006 162.17881393773314 162.9962476888777 163.7296300476578 163.83965980469156 163.87069348626437 164.33710122193634 162.72008168769162 163.3028664441522 161.82784287125287 162.6650357563194 163.34276340404176 164.728345808599 162.30141499580895
161.11119468972947 160.1208068830715 161.8772639875151 163.500336101647 163.27784741462528 163.58609440835653 162.03381658693024 161.73000835981566 160.45291392015406 162.35921704956445 161.40577549827685 161.45403684941584 161.55995015994267 163.78860642592736 162.56944339081383 161.44121613952302 162.8798900631259 160.14904511326358 161.47889945750467 159.96387298876652 162.70634605315854 161.69512314629947 163.5901897035651 161.30278571202143 160.71914606905557 161.45369261715496 161.43788560638404 161.62585301179115 163.0004314167486 161.4135151559758
159.41508445455838 158.65417111002353 161.40490452365475 163.49483520700005 163.18980999825044 163.49483573197222 161.43236422272912 158.63749372770644 159.54960982047578 160.6095651141286 161.4048808082216 161.4048814741077 161.40491563451224 163.49630388833702 162.56737649280922 161.4048822763025 162.84585329949596 159.5465644033634 161.40488708657722 158.6280559077345 162.56738359240535 161.40495217172975 162.84594631516666 158.90201543860758 159.52415098166648 161.43535409046808 161.4048838562935 161.40522205065372 162.700504119347 161.40488341418768
200000.0 200000.0 200000.0 200000.0 200000.0 200000.0 200000.0 200000.0 200000.0 200000.0 200000.0 200000.0 200000.0 200000.0 200000.0 200000.0 200000.0 200000.0 200000.0 200000.0 200000.0 200000.0 200000.0 200000.0 200000.0 200000.0 200000.0 200000.0 200000.0 200000.0
