6834.361601779408 1749.0517880649559 2852.02933534158 4461.543457706947 1332.9969101646802 285378.7254287313 338.25000051595543 959.8359586659462 2363.153342973944 4521.421520790942 55620.06969312089 46669.21546623456 905.085484858575 1924.8569990232918 623.7722092580475 12791.480067456212 1034.720725107482 1003.5617728010052 800.2753668438704 1411.804493601141 9055.831890410234 1005.984892325007 1679.7131335257527 8834.946395439056 672.983187774727 1557.4295085295953 1979.2124813451364 60445.8591337909 640.7185380126452 2567.849591347851
6834.361601779408 1749.0517880649559 2852.02933534158 4461.543457706947 1332.9969101646802 285378.7254287313 338.25000051595543 492.4277171892909 2363.153342973944 4521.421520790942 55620.06969312089 1500.136818271113 905.085484858575 1924.8569990232918 623.7722092580475 12791.480067456212 1034.720725107482 1003.5617728010052 800.2753668438704 1411.804493601141 1313.4296715457476 1005.984892325007 1679.7131335257527 8834.946395439056 672.983187774727 1557.4295085295953 1979.2124813451364 60445.8591337909 640.7185380126452 2567.849591347851
6834.361601779408 1749.0517880649559 2852.02933534158 4461.543457706947 1332.9969101646802 128677.05715781322 338.25000051595543 492.4277171892909 2363.153342973944 4521.421520790942 55620.06969312089 1500.136818271113 905.085484858575 1924.8569990232918 422.96391762611574 12791.480067456212 1034.720725107482 1003.5617728010052 800.2753668438704 1411.804493601141 1313.4296715457476 1005.984892325007 1679.7131335257527 8834.946395439056 672.983187774727 812.9197130178245 1979.2124813451364 60445.8591337909 640.7185380126452 2567.849591347851
6834.361601779408 1749.0517880649559 2852.02933534158 3618.1259455368818 1332.9969101646802 1149.7905960991388 338.25000051595543 492.4277171892909 1589.3742662161308 4521.421520790942 55620.06969312089 1500.136818271113 905.085484858575 1924.8569990232918 422.96391762611574 1099.8518844772889 1034.720725107482 1003.5617728010052 800.2753668438704 1411.804493601141 1313.4296715457476 1005.984892325007 1679.7131335257527 8834.946395439056 672.983187774727 812.9197130178245 1979.2124813451364 1008.8292725792985 640.7185380126452 2567.849591347851
6834.361601779408 1050.3544120627603 2852.02933534158 781.3240068195246 923.6276497867175 1149.7905960991388 338.25000051595543 492.4277171892909 1589.3742662161308 1204.3796935114792 2680.1251970638823 1500.136818271113 905.085484858575 1924.8569990232918 422.96391762611574 1099.8518844772889 1034.720725107482 1003.5617728010052 800.2753668438704 1239.0484115346308 1313.4296715457476 1005.984892325007 1294.3814364587115 1056.9556044230294 672.983187774727 812.9197130178245 1979.2124813451364 1008.8292725792985 640.7185380126452 2567.849591347851
6567.471886205671 516.5909440562732 999.2436157901284 781.3240068195246 923.6276497867175 1149.7905960991388 338.25000051595543 492.4277171892909 1213.4316379341517 1204.3796935114792 1224.1025914931492 964.4799742955174 905.085484858575 1924.8569990232918 422.96391762611574 1099.8518844772889 358.7314027873276 1003.5617728010052 523.8323807965776 1239.0484115346308 1131.733862347779 1005.984892325007 1294.3814364587115 1056.9556044230294 672.983187774727 812.9197130178245 436.50857298567917 1008.8292725792985 640.7185380126452 1206.2139438042568
781.8365620509599 516.5909440562732 781.3887064995993 764.8592526944112 814.3059860998314 1149.7905960991388 338.25000051595543 439.39864795855374 422.739707167525 540.9535001682443 669.0710415160738 964.4799742955174 905.085484858575 877.9769784547916 422.96391762611574 1099.8518844772889 358.7314027873276 1003.5617728010052 523.8323807965776 749.1056275064966 1131.733862347779 868.7422494679668 642.4099533012277 897.7679518644763 557.1129457126349 602.9485020974789 436.50857298567917 854.1713587850882 640.7185380126452 890.4221349128593
452.6229098987669 206.89297896125663 423.14051444657616 385.02638415162164 814.3059860998314 529.6887520601485 338.25000051595543 439.39864795855374 422.739707167525 540.9535001682443 598.5638957501283 848.2272868863038 152.44201011054747 509.9697276223519 422.96391762611574 599.7848581132293 358.7314027873276 540.0506924416022 267.4887269381775 416.65466967111433 445.65459334712796 206.6798734481149 131.6638547968505 582.1203351525969 431.3763630135072 587.8136390899258 433.46944186077826 278.70992554602344 519.109846354846 360.3813941719595
182.68931431781675 206.89297896125663 293.65445714862653 214.3931351468068 353.44453454681343 143.81474727129807 336.7730682042484 178.4954802538282 138.15447906230565 290.75449831041624 118.92060803133973 387.57729055565096 129.02931240622138 235.01998796274938 198.89796050967107 129.16182387863 326.9876320173198 266.8185117159801 248.45597183836526 333.0071247066908 91.39766218030445 123.84191933340526 131.6638547968505 242.5897431230983 137.7624088633852 350.3399699738279 80.93740858760748 278.70992554602344 203.34177580379583 183.12353709858326
95.70632991093407 91.86093313830315 101.54486579679087 85.95373541549725 107.9126875928605 143.81474727129807 61.4987621762275 150.94027590579753 49.338149394364336 136.2493525938312 74.6677358624961 69.24569866745287 129.02931240622138 105.7574527599536 130.86813127646246 129.16182387863 183.66505581074625 97.16037943282254 96.2135523376055 146.85361863524304 91.39766218030445 123.84191933340526 122.33502003597414 79.35014689617947 137.7624088633852 84.37347578940171 80.93740858760748 111.18544400879773 113.09024209471863 157.22553608553972
88.11667616981367 88.57974245018477 99.00614701888162 71.37875652181856 78.154986286042 112.90603096504992 61.4987621762275 95.1335666369705 48.97884908254764 92.32704911308474 62.75996127963754 66.8813607262 57.98971929902973 77.43840062788695 54.579106267303814 76.80977126368316 139.56530708160426 97.16037943282254 65.47612371453351 66.63160652825809 59.518006435931056 109.21360126739273 62.22293760175171 78.47276507259721 100.07347027735523 78.77864401936677 67.58039073191776 69.23412837288288 75.67774461528643 56.108779801055334
47.6516210985219 52.92194575755684 79.56951743156787 60.707987143433456 48.88246617005461 71.80566969475922 57.0713612857503 72.81419013667073 46.07206307446904 57.88485937656969 53.85865269313081 52.97855437360158 49.30530390098829 71.14211214936131 54.032801131640554 47.1778932828297 71.85371714151688 72.06627569584998 61.848401195038605 54.699522482293105 59.518006435931056 65.06423426133915 51.98561372692302 67.93328730626308 48.80404041841712 59.91301221210051 52.81497290976995 67.68383262919588 75.67774461528643 52.004929152733894
36.712077839547874 31.86114403872898 53.55343115010328 37.657412353550626 39.89899580367819 37.34442536345796 40.03329763800912 50.29512206087429 36.47142530009614 48.15697273002888 41.896339405561775 43.940602501764715 46.35790299111932 34.650019538958986 38.32246574222199 37.89030924698227 42.64833079544178 42.59471831185738 34.95194730931962 40.215015726761976 41.02483571256198 40.22507280656373 37.57813730590033 51.56575833179886 40.764830148494184 38.89725824539437 39.18885748157845 46.79505522772388 42.49877628621107 51.973311150879454
33.06788885332526 30.17292721146714 34.38368406625659 30.591787875568116 32.966250910913914 31.89530795127166 31.643241112634314 31.57742530606538 28.806982680924648 32.197334731882165 32.161847879579 32.78877535922811 33.60989109377488 30.89669215711001 32.06166974572625 31.423732584661593 32.15346769048119 33.3095859808509 30.30550141751064 27.73444526825142 33.7620890321914 31.715845133002404 31.970705338523203 34.06797619824374 30.562402072059285 32.596941893843905 31.04254136609825 31.342327488414412 34.661353006700665 33.150160383459934
26.74123947234466 25.083980764672106 24.847580328096228 26.496965980160894 25.24027387626893 27.39995520035518 26.764433472560086 27.831140602999312 25.899612007701307 28.607046046022333 27.350347112021154 24.25729934184983 27.52062567234816 26.879926544256705 24.903333223028312 24.554352295512672 27.843795226445764 23.71746484405503 25.413244635655246 26.346284450802614 27.459417623020272 25.210714082660616 26.083393032329695 27.88738915086651 27.46736522891115 25.393380074941888 27.82509750809004 27.317685628325307 27.629742408832954 26.911961017143312
23.243626749830582 23.56520043710998 22.617323172718443 22.444458840925563 23.10712419655374 24.761793159468652 20.258733601825497 22.10141348184743 22.89618766307467 23.020782590617728 22.32270893912346 21.96506062348635 22.578839399078788 24.756560581392023 21.296229693860823 22.219635018860117 21.898270600045635 3.766312514891979 23.27467621461801 24.11991076953791 23.45970729935334 24.47210023909929 21.92222235309555 22.821377329022653 23.440856486717166 21.19185940801981 23.475725900017096 24.217474739335103 23.770652448958117 23.463678662280927
1000000.0 1000000.0 1000000.0 1000000.0 1000000.0 1000000.0 1000000.0 1000000.0 1000000.0 1000000.0 1000000.0 1000000.0 1000000.0 1000000.0 1000000.0 1000000.0 1000000.0 1000000.0 1000000.0 1000000.0 1000000.0 1000000.0 1000000.0 1000000.0 1000000.0 1000000.0 1000000.0 1000000.0 1000000.0 1000000.0
