1670.0663178771256 1910.2607641046652 1631.1074634462148 2409.7063544319644 1205.1602935092815 1737.3790279803015 2045.9435031925732 2265.5813119468667 1197.1533203464987 1597.423942617981 2669.5883513629988 1392.3788553955983 2306.598653001849 2332.604925021892 2163.7524933769973 951.1259445008004 1640.153586077704 2580.969896912771 1258.8655909720892 1069.640126429651 2268.5461953836984 1478.3100761384444 1280.10482471654 1666.4311645347912 1706.5623902514226 1819.8298641369574 2403.877011562684 1712.2079258516642 1449.5652670717009 1557.089433724458
1670.0663178771256 1508.489000267346 1082.3487294776874 2409.7063544319644 1205.1602935092815 1737.3790279803015 2045.9435031925732 2265.5813119468667 1197.1533203464987 1597.423942617981 2669.5883513629988 1392.3788553955983 2306.598653001849 2332.604925021892 2163.7524933769973 951.1259445008004 1640.153586077704 1670.346032332036 1258.8655909720892 1069.640126429651 1463.1244586701705 1478.3100761384444 1280.10482471654 1666.4311645347912 1706.5623902514226 1819.8298641369574 2403.877011562684 1712.2079258516642 1449.5652670717009 1557.089433724458
1670.0663178771256 1508.489000267346 1082.3487294776874 1953.0234554207273 1205.1602935092815 1737.3790279803015 2045.9435031925732 2265.5813119468667 1197.1533203464987 1597.423942617981 1178.6234690469591 1392.3788553955983 2306.598653001849 1560.2413244078211 2163.7524933769973 951.1259445008004 1640.153586077704 1670.346032332036 809.8510635932412 1069.640126429651 1463.1244586701705 1478.3100761384444 1280.10482471654 1666.4311645347912 1706.5623902514226 1706.8733779549775 2403.877011562684 1712.2079258516642 1449.5652670717009 1557.089433724458
1413.8283036780217 1193.5495582565982 1082.3487294776874 1953.0234554207273 1205.1602935092815 1737.3790279803015 2045.9435031925732 2265.5813119468667 1197.1533203464987 1117.3655952645258 1178.6234690469591 1392.3788553955983 2306.598653001849 1560.2413244078211 2163.7524933769973 951.1259445008004 1640.153586077704 1670.346032332036 809.8510635932412 1069.640126429651 1463.1244586701705 1478.3100761384444 1280.10482471654 1494.9016016286778 1706.5623902514226 888.1634135708987 2403.877011562684 1712.2079258516642 1449.5652670717009 1557.089433724458
1363.2505371817406 713.0861810482256 1082.3487294776874 1216.4291349403616 617.3957075832786 1208.337355622929 1405.270125129955 2265.5813119468667 1197.1533203464987 1117.3655952645258 1178.6234690469591 1115.0001114539364 1577.5272486910621 1560.2413244078211 850.5553289473405 951.1259445008004 1575.5105455167704 1408.2729549446262 809.8510635932412 1069.640126429651 1463.1244586701705 1478.3100761384444 1280.10482471654 812.8296301007981 1706.5623902514226 888.1634135708987 1899.8626446182534 1712.2079258516642 1449.5652670717009 1557.089433724458
1363.2505371817406 713.0861810482256 914.7749302821703 1216.4291349403616 617.3957075832786 1208.337355622929 838.7685345510386 1768.8290198826899 1197.1533203464987 1117.3655952645258 951.3772022183966 823.9519227484489 1199.5124432929388 1224.7447714865261 850.5553289473405 951.1259445008004 1536.5709206964798 1408.2729549446262 735.4160746153357 1069.640126429651 1115.6463993367506 1478.3100761384444 974.688009439335 812.8296301007981 1141.0272785048282 888.1634135708987 1500.185492617854 1173.1611745804316 1449.5652670717009 1380.8727325654281
1212.7798230787503 713.0861810482256 914.7749302821703 902.576146462156 617.3957075832786 907.5234801368183 838.7685345510386 1107.5671339517348 1197.1533203464987 1117.3655952645258 951.3772022183966 806.6070963941693 1199.5124432929388 1224.7447714865261 850.5553289473405 946.7271819452772 988.140185568614 1147.730762841421 689.4512478508614 672.7985762192684 582.2447023226496 723.3445137724848 805.3456076317657 812.8296301007981 1109.7213336883951 780.1107205966373 1489.207477528536 1070.8426019334884 1409.7278080488331 1380.8727325654281
749.9050945006802 713.0861810482256 597.2472237191196 776.8449440796712 554.5495292883297 569.2911620230816 722.1816124716288 516.2856220590684 791.9717513741884 750.1520335270352 725.7143242927255 806.6070963941693 671.6782702692558 571.0469216842525 840.5875050012492 915.14412684938 870.5706639111377 854.2658589364082 689.4512478508614 524.390722968622 514.4854562779565 589.0477708222625 805.3456076317657 773.7675801429896 691.5550530545052 714.3843873389565 994.4454345774338 905.076473454882 609.7440783915285 721.0119697649411
431.8877861080673 557.0463251970868 446.66943461367464 523.0824802258326 382.1717812662655 451.79918561663226 446.8463999323603 393.6869203148667 430.5274350258169 537.8368584795835 650.1427152673505 474.6725556064439 577.0795606346123 474.69490315048733 521.1288285743858 383.7122409349631 520.4721411876881 401.313751495275 567.1540430271461 416.2309428450935 406.8016193315698 377.0424632720642 525.4166849500257 544.3421822926789 318.061644655048 489.1012387023925 563.3933793308015 618.937488043789 558.2025565247909 533.8863075292124
256.27016706991935 336.08962090710475 339.44140755001445 374.1299782104602 265.4788601247301 243.00331483786522 374.3107144219939 303.81758100515526 317.00302012263865 326.2570681897423 409.4966833888993 238.9481967923757 377.65793942253686 266.85876620355657 369.17002909607345 289.77250565056056 281.50880616626955 294.0410082078056 344.9046024974691 270.3820041216891 294.9998075769063 297.1518462964741 400.51088182631565 275.0939138673907 317.1438264407857 282.4998200872601 313.0602009638342 307.0860606562237 324.98318082829064 277.71992168116276
226.67157848225952 212.36364865395353 223.166774641531 223.2193343311551 209.42997369146678 234.28624691817276 242.26959118598188 227.16360631718544 219.7983354955586 253.9015239148257 212.5101827698404 223.90727257660092 254.46164651045683 214.20620920542615 221.65583206930523 222.55035823835533 221.37543648620112 244.97735924657127 221.40192050905853 196.84813624186108 215.29694994526199 238.53200376645373 229.30718035087966 193.36549096950375 218.04063744541554 230.20587053446434 217.08996168718613 220.70488716116915 224.73114366073332 227.16609294697673
190.0385070537909 187.86662520537766 190.8601531239451 188.35161763111455 187.5443158674384 190.7448680639195 193.85827243594622 194.05102914534382 191.00546678876935 192.6378077462059 187.45723829425015 189.9494804255828 196.09730185861235 186.07656169888787 190.99155739956086 194.93828261180215 191.7570815646095 191.55962878115497 187.17645520782025 184.42212254704555 189.25411715679047 195.1909034589653 194.1839017186876 188.22954636940722 195.37655212680693 189.71122562182381 190.47060597734344 187.94982408596434 189.21098449953888 188.8973270876918
181.73216312746626 181.45969551374765 182.07765624403737 181.43016116642502 181.99850344424658 182.45291547345505 181.88497166089746 181.5858809088245 181.86474863562125 181.58940355865798 181.50689253298106 181.84177519057948 182.26910441042082 181.46621946696087 181.2828653429583 181.72982774932598 182.3982328789848 181.88412835664394 181.33948159171132 181.50210396114653 181.151674362839 181.64482327797077 182.6911141158489 181.66216132888076 181.89096447338625 181.72721046072957 181.81243325975993 181.31893624393524 181.81527392375847 181.7253790258942
180.79556542139653 180.7883217244821 180.80456813917135 180.78383744491475 180.8059049332337 180.80653151002844 180.8028588761913 180.78984943667183 180.7872720096002 180.80300065985648 180.78717240544893 180.79433629631467 180.80437457585458 180.78526217841136 180.7886771642311 180.7958084457273 180.81183317646992 180.79013719415252 180.7864955887494 180.79768271765215 180.78825080434035 180.7952007420472 180.80486336169315 180.79602848327067 180.79583235008022 180.79655334954896 180.78978683725154 180.79140413153618 180.79284212800076 180.79687561539413
180.78127697829996 180.78127594639682 180.78127652961393 180.78127356444475 180.78127802067274 180.78128317268283 180.78128217309086 180.7812748157121 180.78127505027624 180.78127859048482 180.78127799364256 180.7812813854348 180.78130053934 180.78127489961298 180.7812757226252 180.78128179155374 180.78128012988145 180.78127308293142 180.78127454133482 180.78128473866445 180.78127640372395 180.7812792581526 180.7812806690763 180.78127866914656 180.78128179341002 180.78127805187341 180.78127514988955 180.781275146202 180.7812767632181 180.7812788690021
180.78127167774846 180.78127167774892 180.7812716777562 180.78127167774755 180.78127167775438 180.78127167776256 180.78127167775165 180.78127167774937 180.78127167774937 180.78127167774983 180.78127167774846 180.78127167775438 180.78127167776165 180.78127167775165 180.78127167774983 180.78127167775074 180.78127167775347 180.78127167774755 180.78127167775665 180.78127167776802 180.78127167774892 180.78127167774983 180.78127167775347 180.78127167775028 180.78127167775165 180.78127167774892 180.78127167774846 180.78127167774755 180.78127167774937 180.78127167775529
1000000.0 1000000.0 1000000.0 1000000.0 1000000.0 1000000.0 1000000.0 1000000.0 1000000.0 1000000.0 1000000.0 1000000.0 1000000.0 1000000.0 1000000.0 1000000.0 1000000.0 1000000.0 1000000.0 1000000.0 1000000.0 1000000.0 1000000.0 1000000.0 1000000.0 1000000.0 1000000.0 1000000.0 1000000.0 1000000.0
