149.87583038151922 120.22608158907747 119.07654755227702 148.07332051423316 110.78811016459451 119.4196760824791 120.53832619826312 143.40834970514982 135.44294387307366 118.23062457453739 132.4380066463815 103.36632222760795 122.07850597817276 141.9743400551297 129.5873345011613 121.2782162228765 130.20799182183282 154.71586766427708 107.25279163850576 142.37829741111773 128.61470614445852 131.8976947864063 129.02357532153462 127.44378865645751 142.71994079309457 145.68604504931045 126.86989013070831 118.62059839958101 128.09666558106483 138.55724025213965
149.87583038151922 120.22608158907747 119.07654755227702 148.07332051423316 110.78811016459451 119.4196760824791 120.53832619826312 143.40834970514982 135.44294387307366 118.23062457453739 132.4380066463815 103.36632222760795 92.32338432869744 141.9743400551297 129.5873345011613 121.2782162228765 130.20799182183282 154.71586766427708 97.36642042574135 142.37829741111773 128.61470614445852 131.8976947864063 129.02357532153462 127.44378865645751 127.11192936075497 120.18190627961917 126.86989013070831 118.62059839958101 128.09666558106483 138.55724025213965
149.87583038151922 120.22608158907747 119.07654755227702 148.07332051423316 110.78811016459451 119.4196760824791 120.53832619826312 143.40834970514982 135.44294387307366 118.23062457453739 132.4380066463815 103.36632222760795 92.32338432869744 141.9743400551297 129.5873345011613 121.2782162228765 130.20799182183282 119.65275501022484 97.36642042574135 142.37829741111773 128.61470614445852 131.8976947864063 129.02357532153462 127.44378865645751 127.11192936075497 120.18190627961917 126.86989013070831 118.62059839958101 128.09666558106483 132.55515466459894
149.87583038151922 120.22608158907747 119.07654755227702 148.07332051423316 110.78811016459451 119.4196760824791 120.53832619826312 143.40834970514982 127.95970968176516 118.23062457453739 132.4380066463815 103.36632222760795 92.32338432869744 141.9743400551297 118.17215827443863 121.2782162228765 130.20799182183282 119.65275501022484 97.36642042574135 142.37829741111773 128.61470614445852 131.8976947864063 129.02357532153462 127.44378865645751 127.11192936075497 120.18190627961917 116.95557739854553 118.62059839958101 124.21440219081558 111.6602370237996
130.39267039649053 111.80436550911395 119.07654755227702 143.595849950436 110.78811016459451 119.4196760824791 120.53832619826312 114.34800559506255 127.95970968176516 118.23062457453739 125.2485223012809 103.36632222760795 92.32338432869744 100.61146506811974 118.17215827443863 121.2782162228765 128.11580940620388 119.65275501022484 97.36642042574135 132.10443316148417 128.61470614445852 123.2377123662618 129.02357532153462 126.11443300428141 120.04240770169929 120.18190627961917 116.95557739854553 102.5475775794198 124.21440219081558 111.6602370237996
121.88595824437209 111.80436550911395 108.28944672841226 113.80739409840976 110.78811016459451 119.4196760824791 111.48356696464282 114.34800559506255 127.95970968176516 118.23062457453739 125.2485223012809 103.36632222760795 92.32338432869744 100.61146506811974 118.17215827443863 115.44486100122356 120.85048087461041 119.15600972644984 97.36642042574135 115.93628050720702 128.61470614445852 123.2377123662618 127.03411458545918 124.69300432862485 104.76922134093832 98.09675094190197 107.67524490732194 102.5475775794198 119.44518784689637 110.2479750973655
102.60270550937742 111.80436550911395 108.28944672841226 113.80739409840976 103.91575385800968 115.4620280218337 111.48356696464282 112.18114484012494 117.23329277626874 110.73540274410209 95.3215621815948 91.97632314823 92.32338432869744 100.61146506811974 118.17215827443863 101.29037757507535 96.9577402516968 119.15600972644984 97.36642042574135 96.4325095994194 103.1159923828875 116.25997693588124 97.6591350716003 124.69300432862485 104.76922134093832 90.08758256780277 82.83280255796444 102.5475775794198 87.79348705295797 98.41391275319143
84.25890412977753 109.00284274361445 94.13865491458853 85.48163645747081 92.46487899913143 89.22644443108425 95.74844337506033 102.34057248740703 111.4351285796281 78.05954550173396 80.07358848534454 81.36065880464423 91.59012029082135 82.83447123689484 97.10847978618767 86.4453377003922 82.29095256387791 98.68748774537266 85.02212470508357 66.5964114090159 81.76330652336651 96.15593379928532 87.84548967622038 112.91827174846026 103.66508409968537 87.36000941911163 82.83280255796444 75.32312863867969 75.45813692364197 83.72935176786882
81.99200728674441 71.93154732810865 79.2909735240255 77.7252261681665 72.90124854128032 57.61392553868632 77.38038694982697 94.5802759396123 88.91662389920123 72.17378832702377 70.78044214112731 73.36493753340596 61.73623402008616 82.82619969009647 76.98665002910184 78.6331596235334 64.60436547689733 85.42074992868777 73.31025777778882 49.30523168303387 62.02589367869234 84.23202353485271 85.38184087970978 86.2230625673443 84.53858210637179 71.15840225439865 67.28333074972215 61.84405168978162 75.45813692364197 71.73718063030401
59.683910943471346 65.91022134202103 57.60964688380932 60.8430142512874 57.16727077903079 56.96222324917471 58.220584066117 67.7937720983341 63.87101022305319 65.54107378901608 61.28765834504952 51.36184643402282 47.29161966341303 61.825951239316055 53.18818116530019 56.025000684425436 54.92615569154998 61.96953890176428 55.00163240179347 42.777264231313325 52.945422266668174 61.99031755138117 61.65987344216683 60.35452374432157 62.803166877742 62.335370403997786 45.431035808199454 45.1152414126135 60.57495354211335 53.45941596969874
31.539799405794383 32.76700471540403 38.163691950653515 39.34536233274582 33.19571617536542 34.783897265480846 39.111878716008164 35.31789498955686 31.787342144724903 35.12249456028803 32.4550156282163 37.412212742877614 36.1914445226156 40.35721119710979 31.832280828772355 28.160783748870585 33.110057063466 39.8659648581247 28.4937881016549 29.049546819442185 42.3057928673461 31.226352624287074 29.677153166714675 36.2424464924452 31.48056651594618 35.37569317207999 28.34253969348856 33.608948271238546 33.90131259649877 34.85186653519827
15.77784068614244 22.273626497420082 19.89522515950273 23.363133323392503 17.201321465637648 17.592075040287114 16.153254095675834 17.078785278824284 17.393022448483407 17.22345546488657 14.359109303807031 21.933016015280373 12.492637106969028 16.09647790043323 16.502782675422054 14.84735203949083 14.26580005439098 17.486655025532286 14.530563018304065 14.352667657751113 21.040444742911063 16.018498980355844 21.46000983121621 18.916630708936964 17.725937302017883 14.04384685573018 15.415914315922919 16.094396425605282 15.023203051572068 17.757975888124065
4.592386744796499 8.001750366695319 6.224449271246613 6.312151176153748 5.4197677840707 5.102550390995134 4.75702543598868 3.668667360549648 5.439269982528913 6.222055887420197 5.69360838070304 6.2669658090791245 5.092667166644787 3.4971940404077486 3.35550177518121 4.815971480214785 3.896236159914224 4.693165135399909 3.560436232395091 3.9142123398000876 6.1051736294188 4.490375357765174 5.764077507462957 4.944084634431647 4.604908682365476 4.797849538033688 4.323293868752216 4.419770593883527 5.958990579991223 5.209249330901002
0.6109705266710534 1.252672003629641 0.6751260653040845 0.8192492754453724 0.46034392385774936 0.29892286333472384 0.7155964652721423 0.2925694589755494 0.46661871207675176 0.5523962043622532 0.5887522592389587 0.9282158967566829 0.5115469118078408 0.44522492624639654 0.5075535184133741 0.37575703578863795 0.38388193920059166 0.44792378851298054 0.4994740986854822 0.45915268132830533 0.8438166171839612 0.4324688772740046 0.6220125726418928 0.5381456582309738 0.5884745825380833 0.4270988716290276 0.7302769348476659 0.5382076094924741 0.5492919654548132 0.49355702962645864
0.021343709305369885 0.028080267582936358 0.013260967509722832 0.01728723294388601 0.007878508754288305 0.009264964487215366 0.009042756583539813 0.0067871174298943515 0.009784979836467755 0.01203107778053436 0.007002617528200972 0.022270485017429564 0.013563649686489043 0.008061400764404425 0.009527035794690164 0.006798188335778832 0.006895526882885861 0.010079203409418369 0.009156188714428026 0.007329088363462688 0.02102718058449682 0.009758351383311492 0.012412653574983779 0.016505486893265697 0.008876707756485303 0.008264158245538056 0.010208386776184852 0.01201613202374574 0.011501017322757434 0.006227006813787739
2.0892397060379153e-05 4.682407643485931e-05 1.8411858718536678e-05 2.160964629638329e-05 1.890055784770084e-05 1.1810029150183254e-05 2.107077261825907e-05 1.6162408542186313e-05 1.820014381337387e-05 1.6102094264169864e-05 1.207423440519051e-05 2.790859105061827e-05 1.7701912270240427e-05 1.9082932908531802e-05 1.1070778896282718e-05 1.1255080721639388e-05 1.0269163908560586e-05 1.6910616068344098e-05 1.92604970834509e-05 1.5484382629438187e-05 2.3945256430124573e-05 1.673721828865382e-05 2.3014753082861716e-05 2.755035268364736e-05 1.1811220815616252e-05 1.3384672342908743e-05 1.761545638601092e-05 1.6708327052583627e-05 1.3668887845597055e-05 1.8711540747062827e-05
1000000.0 1000000.0 1000000.0 1000000.0 1000000.0 1000000.0 1000000.0 1000000.0 1000000.0 1000000.0 1000000.0 1000000.0 1000000.0 1000000.0 1000000.0 1000000.0 1000000.0 1000000.0 1000000.0 1000000.0 1000000.0 1000000.0 1000000.0 1000000.0 1000000.0 1000000.0 1000000.0 1000000.0 1000000.0 1000000.0
