125.6571683697083 136.8570889947406 117.71857462021967 125.12951604517275 115.01373238593567 97.61495256524006 122.352551887696 122.9394643597484 131.01127734238946 103.57856045147071 106.58953002307817 128.59904065986564 136.51281672944003 119.64733311607222 128.3380459549512 132.71523800290106 128.0496291272816 116.26005037417053 132.31394924327185 124.00240005714409 149.4213560140613 116.78324522081243 130.14117401000908 134.75081215484124 134.781445063481 120.03893093111685 108.22907821382864 123.9567408560714 85.2705777511436 112.25437599772408
125.6571683697083 136.8570889947406 117.71857462021967 125.12951604517275 115.01373238593567 97.61495256524006 122.352551887696 122.9394643597484 131.01127734238946 103.57856045147071 106.58953002307817 128.59904065986564 136.51281672944003 119.64733311607222 114.46673902986504 132.71523800290106 128.0496291272816 95.53197874040154 132.31394924327185 124.00240005714409 149.4213560140613 116.78324522081243 130.14117401000908 134.75081215484124 116.00287688481433 120.03893093111685 108.22907821382864 122.95309879098909 85.2705777511436 112.25437599772408
125.6571683697083 136.8570889947406 117.71857462021967 125.12951604517275 115.01373238593567 97.61495256524006 122.352551887696 122.9394643597484 131.01127734238946 103.57856045147071 106.58953002307817 128.59904065986564 136.51281672944003 119.64733311607222 114.46673902986504 125.96190041026591 128.0496291272816 95.53197874040154 132.31394924327185 124.00240005714409 114.97757701096941 116.78324522081243 130.14117401000908 134.75081215484124 116.00287688481433 120.03893093111685 108.22907821382864 122.95309879098909 85.2705777511436 104.23905547818765
124.74871195970991 136.8570889947406 117.71857462021967 125.12951604517275 115.01373238593567 97.61495256524006 122.352551887696 122.9394643597484 131.01127734238946 103.57856045147071 106.58953002307817 128.59904065986564 136.51281672944003 119.64733311607222 114.46673902986504 125.96190041026591 128.0496291272816 95.53197874040154 132.31394924327185 106.12300906349185 114.97757701096941 78.53502579559904 130.14117401000908 134.75081215484124 116.00287688481433 105.10552857654807 108.22907821382864 122.95309879098909 85.2705777511436 104.23905547818765
121.96288855401303 118.28642429639592 95.4378502668336 125.12951604517275 115.01373238593567 97.61495256524006 100.26743673704186 122.6058780446075 131.01127734238946 103.57856045147071 106.58953002307817 108.47549596297654 136.51281672944003 119.64733311607222 114.46673902986504 125.96190041026591 115.74199064699053 95.53197874040154 132.31394924327185 106.12300906349185 114.97757701096941 78.53502579559904 130.14117401000908 97.11637743665221 114.10594989027538 105.10552857654807 97.62416532929888 122.95309879098909 85.2705777511436 104.23905547818765
117.49647486056779 118.28642429639592 95.4378502668336 125.12951604517275 94.2344579954256 97.61495256524006 100.26743673704186 105.80184838589616 123.79192520659319 103.57856045147071 106.58953002307817 108.47549596297654 136.51281672944003 119.64733311607222 98.01277017867858 125.96190041026591 115.74199064699053 95.53197874040154 132.31394924327185 106.12300906349185 114.97757701096941 78.53502579559904 117.84474225206327 97.11637743665221 104.0238515173686 105.10552857654807 97.62416532929888 109.12849596106025 85.2705777511436 104.23905547818765
114.95716965106521 118.28642429639592 95.4378502668336 125.12951604517275 94.2344579954256 97.61495256524006 100.26743673704186 105.80184838589616 120.0407661637712 103.57856045147071 106.58953002307817 108.47549596297654 136.51281672944003 108.90526796263441 98.01277017867858 122.28705106912366 110.78323754690257 95.53197874040154 101.00938353467552 83.30795363906964 93.52041422810237 78.53502579559904 96.14548931188381 97.11637743665221 104.0238515173686 103.1990628845864 97.62416532929888 99.20954691332054 85.2705777511436 62.874697603597724
108.1703109197316 108.4654156990897 95.4378502668336 124.01081190319451 94.2344579954256 97.61495256524006 91.39926477332722 93.09060189665286 102.22135802918547 95.5802539889844 106.58953002307817 79.01791616556511 87.26830869996104 104.60006812556753 94.5756348801292 105.35234437275096 80.39277193206203 95.53197874040154 98.88866169794653 83.30795363906964 93.52041422810237 78.53502579559904 96.14548931188381 97.11637743665221 98.77529944282696 103.1990628845864 97.62416532929888 99.20954691332054 85.2705777511436 62.874697603597724
87.33726424630117 83.50475708803776 95.4378502668336 97.05356845359915 81.17307986552271 94.51924105898422 91.39926477332722 93.09060189665286 97.45485803234806 85.83368161097587 88.86874847343154 79.01791616556511 66.84379634666016 88.54021645447699 94.5756348801292 105.35234437275096 80.39277193206203 69.29999755368681 98.88866169794653 83.30795363906964 68.597685559242 78.53502579559904 96.14548931188381 97.11637743665221 86.10668768793653 92.22445178988289 97.62416532929888 99.20954691332054 85.2705777511436 62.874697603597724
57.595427690009956 80.53625490403181 82.22438882187078 97.05356845359915 80.1583740365154 87.5580837337784 85.05283780680043 68.8713472928149 86.8101861733328 85.83368161097587 82.79795022420262 79.01791616556511 66.84379634666016 83.61716870120767 93.87748388430089 89.69899907838544 80.39277193206203 69.29999755368681 86.56851831655081 83.30795363906964 68.597685559242 78.53502579559904 83.33616845981328 77.54541165956118 80.80630343797179 92.22445178988289 87.51898286580126 60.46019148347614 79.62302530328157 62.874697603597724
57.595427690009956 77.03902310247133 67.33129908330818 92.337272517109 80.1583740365154 87.12456926877485 65.96694143842717 68.8713472928149 77.31339918657989 53.53458783427379 82.78844174369704 50.98605211218705 66.84379634666016 67.881698118033 65.13044182619092 74.393093216887 68.14125173228058 69.29999755368681 85.57166310871594 80.14867252994839 64.73580094053273 67.17391441915481 55.61793491240155 77.54541165956118 59.47574597419498 81.43943304624895 83.26150848995258 60.46019148347614 70.2187293063239 62.874697603597724
57.595427690009956 50.164200656521416 60.87758266765866 80.41988429835203 62.13101512651008 63.977042423910234 62.15654497326727 68.8713472928149 55.23957510715593 53.53458783427379 70.85047472412134 50.98605211218705 57.2165034754488 67.881698118033 65.13044182619092 74.393093216887 68.14125173228058 57.88852461397494 60.11980224429203 66.4852837965177 64.73580094053273 67.17391441915481 55.61793491240155 74.50881310644559 53.237554002782986 77.36494526455522 75.04587104612699 60.46019148347614 70.2187293063239 59.35236870776089
56.678424196950004 50.164200656521416 36.09973101667322 64.62819103329082 62.13101512651008 59.8325583932467 62.15654497326727 50.3190155330534 55.23957510715593 48.59909677516055 56.12733863985045 50.98605211218705 57.2165034754488 59.258188640688786 58.27584218503296 64.50901518459716 62.08031468913953 57.88852461397494 60.11980224429203 59.972939866629645 44.13896911781899 60.0637203926417 55.08547015960744 54.92987413779906 53.237554002782986 33.72188093221962 71.60471515125448 60.46019148347614 70.2187293063239 59.35236870776089
48.67760040066287 50.164200656521416 36.09973101667322 56.591751419568254 39.836218473610415 54.90415161601004 50.895630547105725 50.3190155330534 55.167986362845 48.59909677516055 56.12733863985045 45.32895541642665 44.48587905528814 50.206164423147015 58.27584218503296 47.9899472273496 48.05534651928053 49.20713819017351 59.06178748822401 59.42510952178054 40.690543335958296 34.37475179032049 53.471425404119486 54.20617545310779 36.165609114274616 33.72188093221962 61.22318282779213 50.6693944056334 61.10229700708135 50.63110148881344
45.33465040612657 50.164200656521416 36.09973101667322 51.17464984376693 39.836218473610415 54.06591808892517 50.895630547105725 34.57516688125122 40.189427878394554 46.5832855504982 44.62983333195655 45.32895541642665 44.48587905528814 50.206164423147015 55.71501784016243 47.9899472273496 45.00106355200455 47.54550423894591 36.34619501732209 42.47539825363003 40.690543335958296 34.37475179032049 49.22084759552217 33.35417348726935 36.165609114274616 33.72188093221962 46.82402344101831 43.35710578798148 44.15657876760963 39.93780870587693
45.33465040612657 46.49236564454657 32.414386877782476 38.863650125189906 39.836218473610415 40.63584527550006 46.1243292238737 34.57516688125122 40.189427878394554 40.943973686288814 31.294884640858527 39.860200278640946 40.04096671793798 44.317114760215645 45.81186547161633 47.9899472273496 36.12051685883682 35.91686454058208 36.34619501732209 24.017798323901275 38.509528595761026 34.37475179032049 43.732443227444264 33.35417348726935 36.165609114274616 33.562869567240114 37.51447555957134 41.14740662480256 44.15657876760963 36.57479655474515
200000.0 200000.0 200000.0 200000.0 200000.0 200000.0 200000.0 200000.0 200000.0 200000.0 200000.0 200000.0 200000.0 200000.0 200000.0 200000.0 200000.0 200000.0 200000.0 200000.0 200000.0 200000.0 200000.0 200000.0 200000.0 200000.0 200000.0 200000.0 200000.0 200000.0
