356.5464673336119 452.5588098520343 500.49138622482224 485.0495322580832 466.0209909154314 391.8170054683187 487.0374779151098 526.4737014733846 621.9008920907413 363.29214806734353 336.37353922222655 474.76492431105 447.77565554803004 227.92211867424794 452.7465823012567 603.6372788775047 434.35273357465303 641.8831091779748 258.1339268197148 582.4984142342464 611.3549430423209 411.355458792581 680.3586093783315 522.5000340143602 638.4780990168183 670.2820774394554 573.9515652185373 504.1277731672458 437.4393574509804 626.6296721535841
356.5464673336119 452.5588098520343 500.49138622482224 485.0495322580832 466.0209909154314 391.8170054683187 487.0374779151098 526.4737014733846 621.9008920907413 363.29214806734353 336.37353922222655 474.76492431105 447.77565554803004 227.92211867424794 452.7465823012567 603.6372788775047 434.35273357465303 446.1240409098182 258.1339268197148 582.4984142342464 611.3549430423209 411.355458792581 680.3586093783315 522.5000340143602 638.4780990168183 670.2820774394554 573.9515652185373 504.1277731672458 437.4393574509804 626.6296721535841
356.5464673336119 452.5588098520343 500.49138622482224 485.0495322580832 466.0209909154314 391.8170054683187 487.0374779151098 526.4737014733846 621.9008920907413 363.29214806734353 336.37353922222655 474.76492431105 447.77565554803004 227.92211867424794 452.7465823012567 603.6372788775047 434.35273357465303 446.1240409098182 256.73271029772377 582.4984142342464 611.3549430423209 411.355458792581 680.3586093783315 522.5000340143602 638.4780990168183 670.2820774394554 573.9515652185373 504.1277731672458 437.4393574509804 553.7214240881594
356.5464673336119 452.5588098520343 500.49138622482224 485.0495322580832 466.0209909154314 391.8170054683187 487.0374779151098 526.4737014733846 424.5889631553596 363.29214806734353 336.37353922222655 474.76492431105 447.77565554803004 227.92211867424794 452.7465823012567 603.6372788775047 420.23458182256445 446.1240409098182 256.73271029772377 582.4984142342464 611.3549430423209 411.355458792581 665.6081664761705 522.5000340143602 547.0540183533603 670.2820774394554 573.9515652185373 504.1277731672458 437.4393574509804 553.7214240881594
356.5464673336119 452.5588098520343 500.49138622482224 447.5328265142871 466.0209909154314 391.8170054683187 487.0374779151098 526.4737014733846 424.5889631553596 363.29214806734353 336.37353922222655 474.76492431105 447.77565554803004 227.92211867424794 452.7465823012567 603.6372788775047 420.23458182256445 446.1240409098182 256.73271029772377 582.4984142342464 578.1013781885295 411.355458792581 665.6081664761705 522.5000340143602 547.0540183533603 449.63082311510107 568.3436470075367 504.1277731672458 437.4393574509804 553.7214240881594
356.5464673336119 260.66630595003653 453.1976028020299 447.5328265142871 466.0209909154314 391.8170054683187 334.3401811560725 526.4737014733846 308.51705528721277 363.29214806734353 336.37353922222655 314.43475386180717 316.5969976295937 227.92211867424794 399.5587048682228 603.6372788775047 420.23458182256445 415.6403377670731 250.27395577847847 582.4984142342464 498.23696590127884 341.72011389452064 642.6469039835697 481.98128121113314 520.9720000899988 418.16625891469084 568.3436470075367 441.5521302334414 437.4393574509804 553.7214240881594
356.5464673336119 260.66630595003653 453.1976028020299 447.5328265142871 466.0209909154314 391.8170054683187 334.3401811560725 502.0311289432384 308.51705528721277 257.0742153920414 336.37353922222655 314.43475386180717 316.5969976295937 227.92211867424794 399.5587048682228 315.3563250957277 420.23458182256445 231.27983882863873 250.27395577847847 481.06026502357327 488.45962953883827 256.64459685148495 297.7810734148984 423.38906428076643 484.75510387297663 418.16625891469084 568.3436470075367 441.5521302334414 437.4393574509804 349.904779112489
356.5464673336119 260.66630595003653 385.0987852954495 326.0847276534332 466.0209909154314 391.8170054683187 334.3401811560725 502.0311289432384 308.51705528721277 257.0742153920414 273.8494575588602 314.43475386180717 316.5969976295937 227.92211867424794 350.52654591288547 315.3563250957277 420.23458182256445 231.27983882863873 250.27395577847847 396.01531997523716 407.59449745748407 256.64459685148495 180.1305041411515 393.23039280929015 414.7608478386178 351.0090060238026 329.3663801453472 441.5521302334414 316.84187144649877 303.78342329559473
321.40810079898256 260.66630595003653 323.10199436982657 238.8878747789522 251.89264405739823 153.76432080504128 320.5667274627049 395.70686324846156 283.6806559821157 257.0742153920414 259.8868443532001 205.51187568201613 311.9330840044481 227.92211867424794 350.52654591288547 271.3878476403811 420.23458182256445 231.27983882863873 201.8943692914536 310.5153816822435 380.7518347284713 256.64459685148495 180.1305041411515 258.8336335391259 267.22511123406093 264.6804686880123 329.3663801453472 356.68558485950507 316.84187144649877 266.40513181984807
182.97129030291353 243.1291940871547 320.9526849975059 204.10063376237667 226.30029859097021 153.76432080504128 233.17211639076504 247.40307251023478 266.6611301487196 257.0742153920414 228.8932003189957 205.51187568201613 194.75675375413948 189.21242316294502 279.02166712739836 254.4808296515812 311.2817183315592 207.46382248371265 201.8943692914536 292.930023698721 287.5526594875978 256.0671810555382 180.1305041411515 241.8828615680345 188.1321221021417 264.6804686880123 222.66251700733847 250.1705996871965 169.40520628295872 262.77485459550235
182.0476189720912 188.25348757520715 169.58375759302726 170.69819775631458 171.920006458407 153.76432080504128 195.7967099182233 167.6838345506244 206.18341047914464 174.68808384739395 193.2745241317889 205.51187568201613 136.47646484555253 145.4911250992841 204.37698161135722 209.1076208993254 250.70212357589207 120.00427185658373 177.75132115427232 192.47904751284204 240.30808071964339 226.5912940255962 169.2953547617235 233.25438804723626 188.1321221021417 235.23821362894887 222.66251700733847 210.65203740128618 169.40520628295872 203.3595898399476
127.15971808485847 115.33966819569741 101.66132879288853 140.1801179601057 127.61571290821394 146.52376394829525 150.04860706204 122.7166018087155 146.73751489909637 126.33224595823413 125.16458505439505 128.9538173527094 116.0439572622472 97.61025407850684 146.07037686456533 156.0294581429066 153.1127897764236 92.2518749126084 110.63831703175629 157.46234840002262 137.83970912005998 155.90606110537328 128.25229669969394 164.9309548186652 128.58549543311483 136.88484016322036 133.47123064545167 150.86869167476652 155.5633110217882 122.71785656540305
83.60646971372807 75.13139922983191 54.7713834233964 101.0918249146207 84.32978906757899 110.99609590456339 79.3697032775658 84.99448948253576 89.64013083904047 71.70171331675874 67.60991849481934 90.70517280264812 64.8538048002456 61.71281362512809 86.63865809664821 117.18814537029357 127.67447571522098 66.86455547526884 90.40790333303494 90.55544876402746 62.625192466305634 93.73131457119098 91.99947520173646 112.45615444404575 71.0643076377819 73.10681380819415 94.52846270603595 96.02508973681961 100.8359248954971 116.45320943381785
45.32858031305432 48.46675083527634 38.330954330877375 60.80547671785325 50.51463516174272 71.23264630944641 42.08608620190034 52.29725703331178 46.621210052972856 52.641431067065696 50.67961559530704 45.291494749059666 50.9015771739023 49.27666675883302 48.48030773895107 54.15035169042767 55.10446699887325 41.57728486440601 34.722558659722154 50.613394289211556 37.75737780890813 59.15757617308054 56.933408822863385 80.22593144140183 51.780379082824766 49.67683038498262 57.40335716922527 74.8108459228556 51.73760613978175 54.28757049029582
26.65460404741725 27.16649408904641 26.110894503250847 30.615038464833333 29.607437314498384 33.68111570052815 26.06344749931145 29.221242721089993 31.805451417131508 29.425104853617086 34.678478882478885 31.950830485226334 36.059228043302255 33.77868390819731 25.49876186684628 26.706684496355365 31.507891244152688 24.87492444306349 26.1058426107802 31.918570006035907 25.857680215702885 28.24069635449382 36.664827197264 51.85171070215938 33.559171161315135 32.088252631004934 44.303260545821104 33.30753228361118 30.03414634665478 31.5611586359164
21.897058372534275 21.04283262650688 21.918935278026083 22.41637690969128 23.17938065606836 26.614583825394448 21.767018684840195 22.24698091929281 22.561550099337637 22.660961740670473 28.729114477403527 21.911489718082066 24.3803168248769 17.549976332235246 22.80310709933974 22.488609984031655 22.385015653993605 22.186823035236785 21.187308809725437 21.691601354290697 22.257219883241078 23.74891133302208 22.763945036383802 40.85454751842667 23.152004485984435 22.53107576488651 37.620394870825294 22.14113723633409 22.44110071494083 24.592890832740522
1000000.0 1000000.0 1000000.0 1000000.0 1000000.0 1000000.0 1000000.0 1000000.0 1000000.0 1000000.0 1000000.0 1000000.0 1000000.0 1000000.0 1000000.0 1000000.0 1000000.0 1000000.0 1000000.0 1000000.0 1000000.0 1000000.0 1000000.0 1000000.0 1000000.0 1000000.0 1000000.0 1000000.0 1000000.0 1000000.0
