339.1380919074695 267.17388599045444 289.5359415595692 318.44938623623716 301.19112390863984 286.64148401867624 328.84077912123485 192.20908199319615 313.00415529842894 338.96096632411445 325.0139794048887 323.89780758020515 307.53874731926203 330.0273294420117 323.1630788114055 277.1482528548247 334.21772160448336 340.8437137083977 279.9597620606921 280.2887529419795 309.3657754803951 279.71082342226305 284.47831127003974 295.93271841597357 301.2011309151019 335.5110940721029 269.3749582283979 327.45278156721315 299.32801875353107 336.6053446267897
247.55300913261 267.17388599045444 289.5359415595692 318.44938623623716 301.19112390863984 286.64148401867624 328.84077912123485 192.20908199319615 313.00415529842894 338.96096632411445 325.0139794048887 323.89780758020515 307.53874731926203 330.0273294420117 323.1630788114055 277.1482528548247 334.21772160448336 340.8437137083977 279.9597620606921 280.2887529419795 309.3657754803951 279.71082342226305 284.47831127003974 295.93271841597357 301.2011309151019 335.5110940721029 269.3749582283979 327.45278156721315 299.32801875353107 336.6053446267897
247.55300913261 267.17388599045444 289.5359415595692 318.44938623623716 301.19112390863984 286.64148401867624 328.84077912123485 192.20908199319615 313.00415529842894 336.3478189002026 325.0139794048887 323.89780758020515 307.53874731926203 330.0273294420117 323.1630788114055 277.1482528548247 334.21772160448336 340.8437137083977 278.4971517833926 261.0413958643903 309.3657754803951 279.71082342226305 284.47831127003974 295.93271841597357 301.2011309151019 335.5110940721029 269.3749582283979 327.45278156721315 299.32801875353107 336.6053446267897
247.55300913261 267.17388599045444 289.5359415595692 318.44938623623716 301.19112390863984 286.64148401867624 328.84077912123485 192.20908199319615 310.16410574857673 276.46632099956173 319.63591145928876 321.58056047169566 241.85632304389947 330.0273294420117 323.1630788114055 277.1482528548247 334.21772160448336 340.8437137083977 278.4971517833926 261.0413958643903 309.3657754803951 279.71082342226305 284.47831127003974 295.93271841597357 264.6873040170922 335.5110940721029 269.3749582283979 327.45278156721315 299.1123913961019 336.6053446267897
247.55300913261 267.17388599045444 289.5359415595692 318.44938623623716 301.19112390863984 286.64148401867624 328.84077912123485 192.20908199319615 310.16410574857673 275.8928131917128 319.63591145928876 321.58056047169566 241.85632304389947 330.0273294420117 323.1630788114055 266.58064033339974 334.21772160448336 340.8437137083977 278.4971517833926 261.0413958643903 303.607864158324 279.71082342226305 284.47831127003974 295.93271841597357 264.6873040170922 335.5110940721029 269.3749582283979 327.45278156721315 299.1123913961019 325.0934650983909
247.55300913261 267.17388599045444 289.5359415595692 318.44938623623716 301.19112390863984 286.64148401867624 328.84077912123485 192.20908199319615 303.64638010053227 275.8928131917128 319.63591145928876 321.58056047169566 230.9667633066599 299.23560112813584 323.1630788114055 266.58064033339974 334.21772160448336 336.7547351873054 278.4971517833926 261.0413958643903 303.607864158324 279.71082342226305 284.47831127003974 295.93271841597357 264.6873040170922 260.6855788581354 257.53650340091644 295.026327964405 299.1123913961019 325.0934650983909
247.55300913261 253.5011300232759 261.86362063639353 271.9232234141391 258.1676988353647 286.64148401867624 292.17231175476786 192.20908199319615 215.1099392802182 275.8928131917128 282.38759614228866 252.77126117053422 230.9667633066599 263.72780681413974 304.2168876270737 266.58064033339974 334.21772160448336 276.04324168254016 259.0167829263996 247.6585761154106 294.80764105722983 262.5331794740041 270.9297493285003 277.2699303507393 264.6873040170922 259.8102540279533 257.53650340091644 240.29110129284277 281.6922325118403 291.35356718438334
247.55300913261 246.7354245245624 261.86362063639353 236.99343192153037 258.1676988353647 284.1000737215463 272.0620450605229 192.20908199319615 215.1099392802182 275.8928131917128 229.54194950043643 242.22258330023215 224.80994717658496 263.72780681413974 280.54221242858307 247.30308133707945 252.22855970028058 221.49119361765747 244.19447480408303 247.6585761154106 268.96615029161876 255.859258634875 227.9034127220782 262.28081994364766 217.35580694769726 226.36103308719157 247.50073268094502 240.29110129284277 245.6768683768987 287.2052627920143
214.73810342901004 217.82312298871898 237.65490110004544 235.4752415453279 241.5676986474973 230.62131764625656 220.8386626090836 182.831182831874 211.90153213684675 215.21430524520474 222.99166371849583 190.21767308823758 203.35219711878528 216.64494630063973 226.53131131013743 219.5226092622969 250.7088035306997 221.49119361765747 238.29536733040527 222.40556353019656 259.06435282210714 232.71849318552404 227.9034127220782 215.32440810309186 217.35580694769726 226.36103308719157 173.21343997676445 230.1029067987722 237.21767982752976 239.74004142618742
203.46138009787558 199.76181646596115 172.88813561660538 205.12873902489082 203.97088077917067 204.57472676383054 173.67115161607398 159.6280001880806 170.20910087566222 194.38581770230667 193.65641112001254 190.21767308823758 188.43917210655695 185.93172135160273 195.34656937385012 199.73294088976434 199.14076594950734 178.7591652457013 187.25496471754616 202.65918514578948 208.05231268459852 187.77525983918247 192.2440017475501 173.09530906962527 204.4328033900174 212.13052810226043 161.30140957470417 180.48369834717403 184.5142981187821 208.1154593241622
151.52069083435833 178.0573223612755 150.22162324040664 161.81385659359535 151.91520411590363 168.1419028808441 173.67115161607398 159.6280001880806 169.28345700958062 167.51737658467516 167.13839528765186 142.89384298528137 160.20834240591023 178.8447127478189 177.89050150822436 173.48784349162236 142.3859907619235 146.66862453516194 182.31581388679717 185.8766407244882 177.8063629289095 186.57449161062425 172.6439887412139 171.61365026228395 164.37851510732457 170.871077246592 161.30140957470417 149.66889570844364 182.3653107368857 183.89795836536211
151.52069083435833 153.81027563627538 150.22162324040664 159.20114337036523 151.91520411590363 151.83409138791808 145.61585503918013 129.9121900195969 135.77380820589838 161.20827814232848 149.97300087049416 139.7506675766757 154.640160697993 144.86678626901528 145.6051835198041 171.04318989639512 142.3859907619235 145.79724912134395 153.88177766794956 142.88285852837384 156.33521857738378 169.3392714086982 150.84917992787962 156.34058428122728 153.0888490210981 135.58591655067914 149.13656306868927 142.18264108945334 142.1716538775746 165.32208172172136
136.3920513677042 135.67038618803815 137.23100213788746 126.55649715615561 137.89715335640437 141.31934446268383 135.31671740711954 129.9121900195969 128.12975730715118 131.5455254456299 136.4672506386595 137.2721964556804 148.5618018513493 124.46409157071344 120.3931644070525 141.86031359403103 128.18517555276662 136.93587245939932 130.34724592308362 125.67644511375545 120.96214339736377 139.12661719820642 122.23838479463848 141.61482416262618 141.07505754825502 133.17047692622316 127.43274288017767 135.61560742609447 112.27047473166374 140.41212218622888
106.25383319802052 125.07882834571024 98.71621133900896 109.9237948160636 128.21882744823642 121.39763185555069 120.39689724860614 117.91046731474307 102.98337678884855 112.86892820476601 111.52179028431203 113.15609242095036 114.9032515523171 124.46409157071344 118.7581879465589 117.71320164075996 128.18517555276662 118.07637527725979 110.70729933740517 109.6927014485558 118.21729232269297 127.44213826650912 116.0119949712788 125.0400222316357 118.41353147769405 104.99578715518248 110.5367524087601 119.65121065062999 107.75774699026249 126.85180982850943
98.88267728512938 118.87070775100278 79.28761389105387 100.23215458624713 109.21328421868793 106.41278573520049 79.28618364619297 26.38678547892232 70.70875212527176 38.1294204969422 23.151229175826188 26.615494302844468 89.45644397481942 106.34331800775988 39.087745320189015 60.24106649652447 96.10828471489765 75.82283034129114 46.57435655111192 72.76264053171599 79.52721858442533 80.59051165146707 36.355326674166236 100.22011081136634 98.53141860618052 68.66402549514737 94.6029814790686 43.93831525431165 86.81248874756784 92.98369396263354
26.40555920377915 37.57776198969941 36.447697587411994 22.88414428890735 17.929203248508998 54.1388269146986 33.50634471301771 26.321470392646347 23.517305553563688 36.718138341653685 22.06497065436963 10.9445496384418 15.86898422525394 37.49709166837886 18.86714567297929 23.87899733764766 31.173092301470888 41.142082075447206 45.92575571696318 11.939509260895079 43.69336260583316 18.272025685390986 24.87395628445745 31.85157101860807 17.379432819862245 31.022960934505704 9.949592626916683 40.02372358197965 14.39944740109263 50.148090963854315
1000000.0 1000000.0 1000000.0 1000000.0 1000000.0 1000000.0 1000000.0 1000000.0 1000000.0 1000000.0 1000000.0 1000000.0 1000000.0 1000000.0 1000000.0 1000000.0 1000000.0 1000000.0 1000000.0 1000000.0 1000000.0 1000000.0 1000000.0 1000000.0 1000000.0 1000000.0 1000000.0 1000000.0 1000000.0 1000000.0
