14035.409618613889 13879.518123652522 16527.55986088449 10347.25091077745 17029.0154868322 12274.276217933528 15834.848834996934 10789.608742450966 10782.628976951808 10316.979337992252 14217.303799545643 13757.145109888694 12869.703385776524 12957.980795518031 17358.21885486069 13324.009274242508 12119.564454458607 14452.791376969675 10587.689515076894 7457.19487818346 17189.82801200485 12291.179902396332 14644.97667029037 13289.652174855666 15095.96478406799 7727.206847677484 7235.219267248494 11880.73326288728 15119.340715337223 9422.303950844778
14035.409618613889 13879.518123652522 15668.919671421801 10347.25091077745 17029.0154868322 12274.276217933528 15834.848834996934 10789.608742450966 10782.628976951808 10316.979337992252 14217.303799545643 13757.145109888694 12869.703385776524 12957.980795518031 17358.21885486069 13324.009274242508 12119.564454458607 14452.791376969675 10587.689515076894 7457.19487818346 17189.82801200485 12291.179902396332 14644.97667029037 13289.652174855666 15095.96478406799 7727.206847677484 7235.219267248494 11880.73326288728 15119.340715337223 9422.303950844778
14035.409618613889 13879.518123652522 15668.919671421801 10347.25091077745 14857.090604459827 12274.276217933528 12262.384764372882 10789.608742450966 10782.628976951808 10316.979337992252 9433.761146590634 13757.145109888694 12869.703385776524 12957.980795518031 17358.21885486069 13324.009274242508 12119.564454458607 14452.791376969675 10587.689515076894 7457.19487818346 11880.29279971503 12291.179902396332 13991.91698063044 13289.652174855666 12770.554732733888 7727.206847677484 7235.219267248494 11010.028296812117 15119.340715337223 9422.303950844778
14035.409618613889 13879.518123652522 15668.919671421801 10347.25091077745 14857.090604459827 12274.276217933528 12262.384764372882 10789.608742450966 10782.628976951808 10316.979337992252 9433.761146590634 13757.145109888694 12869.703385776524 12957.980795518031 10257.709216140365 13324.009274242508 7218.218044205507 13874.95016873224 10587.689515076894 7457.19487818346 11880.29279971503 12291.179902396332 13991.91698063044 13289.652174855666 12770.554732733888 7727.206847677484 7235.219267248494 11010.028296812117 15119.340715337223 9422.303950844778
12610.674418060917 12954.855917661333 15668.919671421801 10347.25091077745 14417.46168191855 12274.276217933528 12262.384764372882 10305.485924227483 10782.628976951808 10316.979337992252 9433.761146590634 10992.68934697267 12869.703385776524 12957.980795518031 10257.709216140365 11409.279429500175 7218.218044205507 13874.95016873224 10587.689515076894 7457.19487818346 10519.4693780428 12291.179902396332 13991.91698063044 13289.652174855666 12770.554732733888 7727.206847677484 7235.219267248494 11010.028296812117 14380.661652322226 9422.303950844778
12610.674418060917 12954.855917661333 13894.964755229534 10347.25091077745 10463.49461995091 12274.276217933528 12262.384764372882 10305.485924227483 9203.30962072705 6956.491700090467 9433.761146590634 10992.68934697267 12869.703385776524 10589.840956620827 10257.709216140365 11409.279429500175 7218.218044205507 9222.704732979333 10587.689515076894 7457.19487818346 9479.349332686954 8316.436328949654 13991.91698063044 8128.528992344338 9468.373139549461 7727.206847677484 7235.219267248494 11010.028296812117 13258.3051893271 9422.303950844778
12610.674418060917 10833.907510148438 12704.490623746286 6929.719689079423 9000.476728148524 9297.88529849826 10075.081068405421 10305.485924227483 9203.30962072705 6956.491700090467 9005.43244065602 10361.725929205419 12869.703385776524 10589.840956620827 10257.709216140365 9056.040989552721 7218.218044205507 9222.704732979333 10587.689515076894 7457.19487818346 9479.349332686954 8316.436328949654 13813.467327149649 8128.528992344338 8662.523006572694 7727.206847677484 7235.219267248494 9370.03908029764 11745.289515671635 9422.303950844778
6889.325396249829 8738.836580265435 8714.542072510454 6929.719689079423 9000.476728148524 9297.88529849826 3856.232722159675 9865.200052531298 9203.30962072705 4752.5338405307975 9005.43244065602 8230.95510832032 12099.57124389712 8600.568715124185 10252.691271524329 9056.040989552721 7218.218044205507 9222.704732979333 10587.689515076894 7457.19487818346 9479.349332686954 8316.436328949654 10237.187906563026 8014.485976757111 8662.523006572694 7727.206847677484 7235.219267248494 9370.03908029764 11745.289515671635 9422.303950844778
6889.325396249829 6327.211498052537 5221.414494953353 6929.719689079423 6245.788492155321 8682.54811313523 3856.232722159675 3762.8095091309697 6433.6499060557 4752.5338405307975 4064.5954884093 6320.510720980372 7432.5106005052985 8452.855496039594 8327.581276766688 7231.606931006928 5714.292538003809 7473.677037002399 3642.353658731583 7061.103058909966 8197.982408095922 5772.2112186213735 8667.608119685909 8014.485976757111 3446.044395225874 5485.7633467762535 7235.219267248494 7626.102300094888 10530.242654302978 7624.771987553864
5607.284651278819 2253.8013145332307 4857.514804954852 5864.909767157162 5264.0492471687985 4063.935531914589 3672.2716233168776 3762.8095091309697 4857.29907108282 3247.390693312256 4064.5954884093 4141.300927899846 4304.540932105195 3543.7518937255472 3407.687392609647 3011.607440856709 3966.1793362842764 4524.025964942914 3642.353658731583 7061.103058909966 3992.34993882072 4519.404570760609 6399.602180840795 3223.4313524580903 3299.8290358961995 3299.942560563428 4053.6548075045794 5539.068517782276 3830.9286819691733 4254.159938449697
2387.539463166149 1584.1409219136458 1943.496663071263 2623.1475590458153 4530.551994415733 2107.6589456185416 2237.667475601683 2017.2311794389607 2703.4654182388663 1682.28475064756 3426.4898823107305 1355.9904543741823 1917.803884469396 2880.6507567685867 2183.234825078732 2214.663057772959 2330.679344389242 1366.3287725790506 1834.7753959709062 2450.6011251284995 2188.5459697365454 2374.8656928062696 3381.4850537671136 2508.6579079634603 1749.936656113498 1795.515503150039 3036.6632881619926 1268.2279411415047 2547.889607498646 2149.312661896267
718.5213235891074 729.9504828783913 590.224898284961 993.0379832233943 832.7031998690354 627.733854080419 543.5689392828344 416.4001195282144 896.1712172623752 747.6568501209817 1040.1319320692598 563.9025163682963 501.1340962782658 719.2159704472961 738.7867063748236 503.6198855039288 690.0386173679772 265.26427393117365 703.3880489450137 471.2690174324016 534.7986943029655 1338.6248872097594 1766.5675696402868 680.1826890884531 582.070405023454 1039.637346626304 698.5187141870999 919.0783641244473 698.9810080078723 792.4054540933134
205.68539259593172 109.46360439878572 89.99158273416754 167.50830646982536 326.79668383678427 98.20030973753705 74.11459840723887 184.32329832060714 208.08182566522714 80.57653665340695 137.83104158209812 87.21526878165548 66.5994665069635 110.99466885913716 134.8569603821868 153.27767288529003 78.56554064491979 60.38778090797746 95.61494509736258 60.257000943790786 191.37519489957958 175.68142347225262 189.54547148725464 113.12062122417638 94.03275827098764 137.30406735443216 105.5878044859329 97.62109705608373 87.32449520914543 93.23931374652818
4.393325674807215 1.4470388755851218 4.584523562918321 2.355207773652296 6.305697652696267 5.887494160622737 2.608705655548306 3.043729143382734 4.548702337735563 2.52291159531876 6.319057133019328 2.688953728010347 2.816748069529808 2.923478886731914 2.41865546211568 3.055679443705685 3.8528765068205075 0.8832559386165713 1.18983913255272 2.795052275392436 4.750675829618899 4.935043415596056 7.039944478160123 5.145905047057909 3.8696894092280445 4.373028428604016 4.2000810316724255 2.2799044410026 3.6840737856382475 2.219347910927354
0.005523294208842344 0.00038995550903564435 0.001336926185899756 0.000582281763172432 0.006734337176681038 0.0022616372621087066 0.0009549811735496405 0.0009632282715301699 0.0036327128258335506 0.0009054460255129015 0.0031735293281371924 0.0005934887097964747 0.0002254214711001623 0.001269451088205642 0.0008480092373019943 0.0027985387104081383 0.0010374960430681313 8.383393935673666e-05 9.446880881114339e-05 0.0001714059288815406 0.0017938101791514782 0.0013414277656238482 0.002743725083064419 0.0005632707758422839 0.003315686398195794 0.0006818432343607128 0.0038527359043882825 0.0004169380811163137 0.002565852472798724 0.0009052574777115296
1e-08 1e-08 1e-08 1e-08 1e-08 1e-08 1e-08 1e-08 1e-08 1e-08 1e-08 1e-08 1e-08 1e-08 1e-08 1e-08 1e-08 1e-08 1e-08 1e-08 1e-08 1e-08 1e-08 1e-08 1e-08 1e-08 1e-08 1e-08 1e-08 1e-08
939350.0 855350.0 862350.0 827850.0 942700.0 899950.0 905450.0 918600.0 860700.0 867600.0 848250.0 833700.0 813950.0 871200.0 860650.0 846700.0 902600.0 774500.0 770200.0 797150.0 918950.0 898050.0 874100.0 814200.0 886050.0 840100.0 857950.0 827800.0 909100.0 816750.0
