1507.8324425808278 367.0950129588855 296.9692933254405 2594.2852052667804 685.741054362742 362.1855124729195 1602.7179903713159 2602.9239129869784 1087.9319866090177 689.8757803150434 589.9244109451693 399.51803619755265 2700.487449955558 219.50488291381316 412.42498284296244 730.7699722120651 2235.5250156648617 323.35796088322786 1293.8866950148167 286.85546719549166 2525.72498324137 313.5655482609641 1039.8221544122866 423.47856608136317 1528.60532849823 261.5223726646568 182.8419000171998 1249.9540760246578 2675.5313884355483 1373.4196626092935
1507.8324425808278 367.0950129588855 296.9692933254405 2594.2852052667804 685.741054362742 362.1855124729195 1602.7179903713159 552.0167455572546 1087.9319866090177 689.8757803150434 589.9244109451693 399.51803619755265 2700.487449955558 219.50488291381316 412.42498284296244 730.7699722120651 2235.5250156648617 323.35796088322786 1293.8866950148167 286.85546719549166 2525.72498324137 313.5655482609641 1039.8221544122866 423.47856608136317 1528.60532849823 261.5223726646568 182.8419000171998 1249.9540760246578 2237.214173228158 1373.4196626092935
1507.8324425808278 367.0950129588855 296.9692933254405 2594.2852052667804 685.741054362742 362.1855124729195 1602.7179903713159 552.0167455572546 1087.9319866090177 689.8757803150434 589.9244109451693 399.51803619755265 719.3770676948452 219.50488291381316 412.42498284296244 566.1839667231293 2235.5250156648617 323.35796088322786 663.6760842887506 286.85546719549166 2525.72498324137 313.5655482609641 1039.8221544122866 423.47856608136317 1528.60532849823 261.5223726646568 182.8419000171998 1249.9540760246578 2237.214173228158 1373.4196626092935
1507.8324425808278 300.9407684165094 259.2606452987311 2594.2852052667804 233.77743504547107 362.1855124729195 1602.7179903713159 552.0167455572546 1087.9319866090177 689.8757803150434 589.9244109451693 399.51803619755265 719.3770676948452 219.50488291381316 412.42498284296244 566.1839667231293 1235.8011676596607 323.35796088322786 663.6760842887506 286.85546719549166 2525.72498324137 313.5655482609641 1039.8221544122866 356.47888721340087 1528.60532849823 261.5223726646568 182.8419000171998 1249.9540760246578 2237.214173228158 1373.4196626092935
1507.8324425808278 300.9407684165094 259.2606452987311 2085.2080103961052 233.77743504547107 362.1855124729195 1602.7179903713159 552.0167455572546 598.9167778724204 689.8757803150434 589.9244109451693 399.51803619755265 719.3770676948452 219.50488291381316 412.42498284296244 566.1839667231293 1235.8011676596607 323.35796088322786 663.6760842887506 286.85546719549166 2525.72498324137 313.5655482609641 1039.8221544122866 356.47888721340087 1528.60532849823 261.5223726646568 182.8419000171998 1249.9540760246578 2237.214173228158 911.6205115686712
1507.8324425808278 300.9407684165094 259.2606452987311 792.9113998549069 233.77743504547107 362.1855124729195 1602.7179903713159 220.01815784044993 598.9167778724204 289.5630997943854 589.9244109451693 399.51803619755265 719.3770676948452 219.50488291381316 412.42498284296244 566.1839667231293 1235.8011676596607 323.35796088322786 663.6760842887506 286.85546719549166 2348.685242857304 313.5655482609641 375.13979083380536 356.47888721340087 1528.60532849823 261.5223726646568 182.8419000171998 1249.9540760246578 1958.083395469348 911.6205115686712
1443.9735605924188 255.08265148866985 161.3131783334643 792.9113998549069 233.77743504547107 362.1855124729195 566.1976258081695 220.01815784044993 598.9167778724204 289.5630997943854 538.8799733407614 399.51803619755265 719.3770676948452 157.3264210260445 359.5480575029851 410.9402969717412 126.73857506816421 323.35796088322786 152.72893770949895 286.85546719549166 476.9917097029893 313.5655482609641 375.13979083380536 356.47888721340087 1528.60532849823 261.5223726646568 178.5512591399238 501.8439342329375 1542.4743938520842 911.6205115686712
468.1236177527285 255.08265148866985 161.3131783334643 574.6890146339692 170.05220786921518 362.1855124729195 566.1976258081695 220.01815784044993 493.6683244235869 289.5630997943854 205.56198857265326 399.51803619755265 295.01000506304536 157.3264210260445 359.5480575029851 410.9402969717412 126.73857506816421 323.35796088322786 152.72893770949895 236.51509854966253 476.9917097029893 313.5655482609641 173.5017039006325 356.47888721340087 679.7484130025778 261.5223726646568 153.39313951879922 284.9125121681964 451.2332428096206 911.6205115686712
174.78776898710885 154.9100512316395 146.3671382044572 230.57457439214113 170.05220786921518 362.1855124729195 445.4089688430249 195.5964902894857 201.0406598485165 241.84506692751893 157.73153433897005 261.1934958615102 157.5684802722144 122.29321884725732 359.5480575029851 410.9402969717412 126.73857506816421 238.79933291086627 152.72893770949895 196.5190845016441 278.2461674663982 240.91483905372206 173.5017039006325 273.47795860000497 162.20733582730782 234.78699678533394 153.39313951879922 206.5794225515947 165.20879845178524 846.6110020528904
161.7624449299774 123.62190557096392 132.93662669694186 183.19997635448044 134.4872991316147 328.9451558145638 224.88849468947456 127.22537263545837 143.6732970759931 174.8450484869063 134.30083057767115 163.39369462010563 155.66905553093238 122.29321884725732 359.5480575029851 196.71112126296384 124.4938353489606 132.92479321357087 134.9502291426461 196.5190845016441 180.91042395376735 172.38493942204423 139.05233527647715 148.06996122668306 143.5627237601302 234.78699678533394 153.39313951879922 156.6156825155058 165.20879845178524 846.6110020528904
122.5787970386159 117.9115107865623 121.54891591396836 121.3640550651171 126.98274009895931 130.4494549615979 178.71336379612467 110.47802704415881 114.64092337517422 174.8450484869063 112.26523389297017 152.59106287799477 123.14149595452409 119.04438027086871 286.1343776678559 135.2340311829812 120.70793260099572 132.92479321357087 112.39437078990113 123.28374908088654 128.75031604689457 120.16552532856531 123.67843209049852 148.06996122668306 118.96128524865617 234.78699678533394 115.29212385015762 122.77422825473559 132.57556700494206 128.53481741823816
106.8090058792177 106.81670780379318 105.20680312522427 106.67174037488121 108.27856863372199 115.95323219090506 111.01477922186905 104.37315811855888 105.57833548778262 142.13253320892863 104.10218286842928 112.8534928940453 107.00582766812022 105.5420682320846 152.56265918024565 110.38515833972542 113.42711548691295 117.6153038707298 107.1504439579412 110.9795779754918 115.75642324740375 107.91997286433116 104.32984371659086 122.48270041863952 103.05907039118483 143.07393963944287 109.81550999841875 108.13252525078678 111.94078734048117 128.53481741823816
101.52521019402002 101.22246845321843 101.79700510719977 101.39036258242368 102.58643267249454 102.1274307659678 101.7312132173115 100.9400898299873 101.5754583647431 123.69440074597651 101.52816599099424 101.52681821474744 101.62444702790435 101.25916195594391 110.2559536584804 101.39631174690521 101.03110901178798 102.29626111307698 100.84901057271509 101.59718066923142 101.64411848284863 102.77987321680212 101.11739305430456 101.08221420255768 101.24912069128277 113.05919271126277 101.84859993705186 101.20825642148156 101.30762407849761 119.09349879288266
101.03225852878404 100.77918929607586 100.85811377447862 100.8045320366964 100.84856601945967 101.16895916517069 100.85168575758144 100.83333517762003 100.67954213751091 101.50276417490568 100.87586283914516 100.88108031238198 100.7951786538074 100.73861470273596 100.76945028747741 100.7165304041223 100.69497202109096 100.59473916928619 100.84901057271509 100.80978027857691 100.98009449281835 100.98999444163792 101.11739305430456 100.76575143059472 100.91619219149379 101.10177052559948 100.54876501047693 100.79289430492327 101.07491996595809 101.05665513754593
100.66525540357952 100.6625473197455 100.6837846045164 100.7624506101024 100.64391185872864 100.59092020394155 100.77600285514836 100.5051178662793 100.59138471882761 100.71046681452026 100.7199743598594 100.88108031238198 100.69319419308158 100.66910992263547 100.67728983257666 100.50844165453464 100.52220917927934 100.59473916928619 100.75803746535439 100.7030485041787 100.62834848067541 100.63524241193 100.77447176883697 100.7296446090254 100.5413927562754 100.88467847989659 100.54876501047693 100.72280705310095 100.63264272775041 100.8796381882571
100.38536445204363 100.64991111684367 100.54583199863009 100.69451318002075 100.44829540199862 100.59092020394155 100.60162883126895 100.5051178662793 100.52692563061646 100.66195534089184 100.46430898736253 100.66360049040304 100.53546383252251 100.66910992263547 100.42553716964176 100.50844165453464 100.52220917927934 100.59473916928619 100.45776454647103 100.61663079493883 100.45425254852171 100.46246539258891 100.51580504130152 100.7296446090254 100.5413927562754 100.49095082820168 100.47788153167267 100.57723250473919 100.63264272775041 100.68188615471809
200000.0 200000.0 200000.0 200000.0 200000.0 200000.0 200000.0 200000.0 200000.0 200000.0 200000.0 200000.0 200000.0 200000.0 200000.0 200000.0 200000.0 200000.0 200000.0 200000.0 200000.0 200000.0 200000.0 200000.0 200000.0 200000.0 200000.0 200000.0 200000.0 200000.0
