339.9563034882649 315.580697900155 522.4368743456339 364.0429110079258 350.52040306413255 463.89963388105843 478.05107548169235 299.12086220314086 372.6375713131065 417.25954333147956 355.0899933349374 431.88882168796135 269.5619428999594 271.0206675490326 393.8137728664292 379.3150669565389 356.33604914701664 291.73453763161024 387.4439687126278 366.41844639827013 321.60753339378743 366.185088166319 387.5489757713185 483.09255846939413 314.4288467391816 284.2614869622266 346.199083741275 479.83073835155756 281.81326531346303 379.53497501931224
261.01248949544106 265.7791375212837 381.99271679747517 318.010759446272 350.52040306413255 301.4616207368181 454.7656874490899 299.12086220314086 237.8564612736959 348.6919434822521 285.89562962078026 342.91049045335285 269.5619428999594 271.0206675490326 393.8137728664292 379.3150669565389 268.6734718228604 291.73453763161024 275.5016902557045 237.40549872308065 321.60753339378743 207.2092654721132 387.5489757713185 428.7963671102457 314.4288467391816 284.2614869622266 346.199083741275 410.3409947836435 281.81326531346303 292.9144356454244
261.01248949544106 265.7791375212837 299.7768420594384 221.4856489814565 293.19266911994146 301.4616207368181 282.9675000111024 299.12086220314086 215.94609406950576 348.6919434822521 285.89562962078026 243.78667195229536 234.79321478601105 271.0206675490326 324.18101180525355 273.83200098362795 267.51002033652367 291.73453763161024 266.5195143861083 237.40549872308065 296.8641575940005 207.2092654721132 334.89361332615 187.07990202650672 314.4288467391816 284.2614869622266 346.199083741275 348.00383054748 281.81326531346303 278.3823900913844
261.01248949544106 262.8580399921757 270.6160137220272 221.4856489814565 224.67483421859242 213.70052160732712 233.95137190369314 263.0036062179638 201.89504819203694 303.8087586648712 235.87979239996275 241.3680109353354 234.79321478601105 271.0206675490326 286.57663886402315 246.3013388236177 267.51002033652367 243.784384160836 266.5195143861083 237.40549872308065 243.44169829426846 207.2092654721132 285.38973477803756 187.07990202650672 314.4288467391816 284.2614869622266 251.1828142502727 224.45749883646977 276.018251084844 237.42333838138802
213.02880863457221 224.5272921478827 214.62813577042425 211.71846682276646 181.20810601559424 195.45364299237372 182.7608033700235 202.80690817317645 184.77776409949865 220.13276718820453 182.2362481074556 204.34364226637626 228.01211622232404 209.84244462172182 182.20630216770496 196.42597053267718 225.71667202412482 228.90463584072404 216.76929073755673 208.58680578899066 186.6051432936465 173.12386895047712 223.98154211501833 187.07990202650672 187.849298336645 220.8704139042875 221.56711337907154 198.91976702289912 197.2199273966312 218.02069861669997
182.1242913608835 175.3287504803102 186.20244796239058 179.8451235261473 177.4880004737338 179.3767246574057 172.14767355008325 176.45485760860447 178.29920479677548 180.00183140219315 172.3051991992843 171.86854092839667 184.29036474313398 171.90244188157658 173.01705601725916 176.53168516260484 185.1455424820333 173.75588764034728 185.5326024441224 174.08077563292454 171.7591915491853 172.02171079424625 185.55110989032664 173.77114922850342 174.640253789054 190.60999380932026 174.59353601975954 173.15249472422556 179.17822319054176 187.80751604515626
166.55514302347092 168.20957411466497 170.5559700489648 170.70616659099642 170.48896716953004 170.13040888049863 170.21425813411042 169.3346589588009 168.2219749610108 170.97957038636696 168.2093733640395 170.15899651108748 172.44773436214155 169.98353514367318 171.75786438659588 171.49217610938285 174.36177861212036 167.50208498636493 174.92172861065364 168.71333254964475 168.231583086721 168.29910448032615 170.85251443084508 170.964550177182 173.27455650627144 170.71931684632364 172.22456742535178 170.08584353180686 171.06692892789442 169.48664020054775
166.55514302347092 167.00587208936486 168.69817220268578 168.06012780236279 167.0006144595054 165.89521773860997 167.33649430742753 166.65210708894392 164.65967231431523 168.80575751325568 167.1051407191094 167.0752780225689 166.83933517947253 164.71735773026649 164.91644845807605 167.81011974319517 169.12430350620662 166.0403380727139 166.4955785001007 167.50348654010395 167.03007715560534 166.0028726921646 168.0836670635399 166.999480776145 167.37895625550436 166.8407324471127 166.10667994957385 167.59423340277726 166.72937072585592 167.23650800890027
164.75860499790633 164.58952582888332 165.2450604558744 163.6939776296722 164.64699717886924 164.4382715742786 163.82709287481566 165.5872216714697 164.50118667146535 165.47388563498953 164.80366892371603 163.7484372469139 164.05925463719495 163.75633664463794 164.86558192100438 166.03013282971733 166.55609584778767 164.52532398513722 164.43948364401558 165.38493442862227 164.75517797471457 165.59551026988265 165.122375721975 165.17699148182282 164.5030051720737 165.80413423013488 164.65655132083384 165.0679423275683 164.70342005209022 164.50952905542454
163.21062759037977 163.34228874235305 162.71774773873403 162.46568269044565 163.89950510608105 163.42396313402196 163.28894303881816 164.62033524985372 163.9035004993748 164.03729538208927 163.2215969836143 163.42115574323998 163.52085933960734 162.03891471042243 162.10701439737477 163.21068791603466 163.8923818182684 163.1335082779724 163.02567717133797 164.59974026155396 163.71653475216726 163.17167536897068 164.1935100192377 163.82533847811146 163.195713854916 163.2120067187966 162.72550446770902 163.47832221149838 164.1486847309784 163.04317632617904
161.92754713204386 161.70598583691208 162.2433100179228 161.72458072203153 162.23017189657412 161.93941272257507 162.1416841325081 163.4146939463949 162.98892422506196 162.14476663733876 161.69602057152042 162.46962349513706 161.77853688292635 161.60089068835714 161.61971389145356 162.91497868384158 163.3789735810733 161.7507720798144 161.84372849597776 162.72744552187305 162.19738811204252 162.02188538348946 162.94009612876198 162.23136778849175 162.57742104055114 161.72280040980468 162.4424840759134 162.84594983605075 162.19816743564616 162.05388586912295
161.49385138153684 161.47206736315184 161.47049015485527 161.40893067182242 161.55147563492892 161.46921408340495 161.45076654905233 162.73696434618887 161.44315205808425 161.56402611591602 161.44061867937125 159.61958586664696 161.47677141609392 161.42074649041706 161.42821919234802 161.6704793283766 162.64454719506148 161.4254720886106 161.43671779665465 161.60098718750578 161.48763574897293 161.52516790254185 161.59834064161623 161.10477092501333 161.58094401578546 161.4487069136153 161.54965325174362 161.52946434329124 161.51972683234908 161.6064733341159
161.40488282157276 161.40489188623587 161.40489763120286 161.40488101321625 161.4049002885231 161.40488213200433 161.40492367366005 159.82211978908617 161.4048867393558 161.40546356414052 159.54563489743714 158.86973808854464 161.40488138531464 161.4048809433516 161.40488084828212 161.41173760022048 161.44349965181163 161.40488548525855 161.40488177222414 160.48406266507936 161.4082977332787 161.4054747534933 161.40503597101224 159.4921878635755 161.40610180267413 161.40488144725532 161.43542129663138 159.91062768958636 159.98992498755024 160.00544058060223
161.4048807587492 161.4048807587492 161.4048807587492 161.4048807587492 161.4048807587492 161.4048807587492 161.4048807587492 159.36874829270573 161.4048807587492 161.4048807587492 159.54377628681686 158.61863819244627 161.4048807587492 161.4048807587492 161.4048807587492 161.40488075971552 161.43526773752274 161.4048807587492 161.4048807587492 159.36927005855523 161.40488075912936 161.4048807587492 161.4048807587492 159.36873712061788 161.40488075905978 161.4048807587492 161.43526768857828 159.54377628777002 159.54377631252146 159.54377629325745
161.4048807587492 161.4048807587492 161.4048807587492 161.4048807587492 161.4048807587492 161.4048807587492 161.4048807587492 159.36873363703762 161.4048807587492 161.4048807587492 159.54377628679686 158.61835455924756 161.4048807587492 161.4048807587492 161.4048807587492 161.4048807587492 161.43526767741105 161.4048807587492 161.4048807587492 159.36873363703762 161.4048807587492 161.4048807587492 161.4048807587492 159.36873363703762 161.4048807587492 161.4048807587492 161.4352676774106 159.54377628679686 159.54377628679686 159.54377628679686
161.4048807587492 161.4048807587492 161.4048807587492 161.4048807587492 161.4048807587492 161.4048807587492 161.4048807587492 159.36873363703762 161.4048807587492 161.4048807587492 159.54377628679686 158.61835455766823 161.4048807587492 161.4048807587492 161.4048807587492 161.4048807587492 161.4352676774106 161.4048807587492 161.4048807587492 159.36873363703762 161.4048807587492 161.4048807587492 161.4048807587492 159.36873363703762 161.4048807587492 161.4048807587492 161.4352676774106 159.54377628679686 159.54377628679686 159.54377628679686
199997.0 199997.0 199997.0 199997.0 199997.0 199997.0 199997.0 199997.0 199997.0 199997.0 199997.0 199997.0 199997.0 199997.0 199997.0 199997.0 199997.0 199997.0 199997.0 199997.0 199997.0 199997.0 199997.0 199997.0 199997.0 199997.0 199997.0 199997.0 199997.0 199997.0
