1246.7654673878442 894.7050696743026 1146.7396434991529 1412.4609787514464 807.9488799977794 1463.7953332616548 338.25000051595543 1943.787619117833 806.0976555469997 806.7415918686611 1129.499747205282 573.2317659898872 5691.189318514312 614.0065510305685 623.7722092580475 590.6950808543411 689.7941278584335 1003.5617728010052 800.2753668438704 847.3033999797531 561.324046441724 939.5167593057122 240.72174292286718 2150.1864971600426 672.983187774727 1346.93669492068 1031.9762133231484 1485.6853778020804 1133.3280268064782 790.6827390881717
1165.1431228171145 661.9282951384748 583.0715211530987 454.55309923330924 807.9488799977794 964.1202383563491 338.25000051595543 1031.5337282658475 806.0976555469997 806.7415918686611 594.9041039024669 573.2317659898872 936.1571646133057 483.33906133310893 623.7722092580475 590.6950808543411 369.8766193078777 330.06904522481136 800.2753668438704 847.3033999797531 561.324046441724 939.5167593057122 240.72174292286718 779.6322185534232 672.983187774727 834.1330819017776 813.8941079911938 782.1063115038819 391.78848209354146 790.6827390881717
524.3431547196355 557.0119375867121 445.1586764333206 454.55309923330924 807.9488799977794 964.1202383563491 269.58099119328244 841.8782686247037 806.0976555469997 385.1949174905303 594.9041039024669 573.2317659898872 464.5281191749077 483.33906133310893 623.7722092580475 241.24388879660364 314.7096424881365 330.06904522481136 800.2753668438704 824.03572007804 458.71957190704234 603.2786220430071 240.72174292286718 653.215736676716 672.983187774727 668.2403394981429 175.9117453841327 642.3106747807515 304.63138901510047 554.1078783846801
379.90064028569896 496.5776731310557 445.1586764333206 454.55309923330924 729.9528516399605 724.8615450386992 269.58099119328244 563.893738647088 564.7638316926391 385.1949174905303 594.9041039024669 573.2317659898872 464.5281191749077 299.3897512821127 623.7722092580475 241.24388879660364 314.7096424881365 119.19516803078568 432.92979099275544 578.0527338172378 458.71957190704234 603.2786220430071 240.72174292286718 653.215736676716 507.416005728252 567.8240019231503 175.9117453841327 584.3955287820258 304.63138901510047 554.1078783846801
379.90064028569896 496.5776731310557 445.1586764333206 454.55309923330924 723.720851133367 395.2355351443084 269.58099119328244 512.7542799653884 503.5283542016141 385.1949174905303 519.3290217566291 573.2317659898872 464.5281191749077 299.3897512821127 623.7722092580475 241.24388879660364 314.7096424881365 119.19516803078568 432.92979099275544 578.0527338172378 252.49150471920893 542.2866570470137 240.72174292286718 364.61939685087054 285.19464626902936 567.8240019231503 175.9117453841327 584.3955287820258 304.63138901510047 398.27514683976415
379.90064028569896 496.5776731310557 445.1586764333206 454.55309923330924 581.9828803650025 395.2355351443084 269.58099119328244 512.7542799653884 503.5283542016141 385.1949174905303 417.0231328707141 573.2317659898872 298.23758820347575 299.3897512821127 623.7722092580475 241.24388879660364 197.40464004338946 119.19516803078568 141.43221560865368 578.0527338172378 252.49150471920893 396.33919266554994 240.72174292286718 364.61939685087054 285.19464626902936 449.6368709714534 175.9117453841327 155.24700822592695 304.63138901510047 398.27514683976415
151.2734991038992 111.49492044051249 118.60495481685075 277.1875914738298 215.64812289110023 97.0150028031585 153.76898759313144 161.25271619161504 222.685828367883 280.55327809938717 208.85790131123576 135.32509714558773 156.38513934215734 242.44716489126085 169.1940840645857 241.24388879660364 170.47848558189435 117.66980563834886 113.0896040363009 183.4503028104191 134.15681269412926 183.18043895978235 232.9355792847805 353.19294093306416 221.99325660586692 256.9193036416523 65.82492169613306 150.04571798833103 163.919071051203 203.98357732257273
117.47263912203653 94.95784404435699 118.60495481685075 75.02182312052673 41.565068695477294 56.034474609572044 54.128264644900355 96.82935958343705 122.51377128852982 70.72789969866199 90.80065802530498 80.61382609864904 89.7604709365919 120.73601426308369 74.45666507799979 52.01341914663499 80.17477852052889 70.20118548151822 100.77388133908516 53.560615934678935 57.02875911529236 50.45281721010542 135.8213356109204 93.53822022107943 57.84874635236383 81.90118258412122 65.82492169613306 78.79116975907073 69.757994226557 199.38126550216612
59.07753248785002 38.00547994375438 51.44860370673314 44.76500971789574 41.565068695477294 49.11409730142395 43.742126037271646 47.812225228581156 48.606278344067505 66.68423662827672 42.7611654473867 42.49272990566351 42.8133708499081 68.72543333984959 62.555460828303694 52.01341914663499 65.14134269311808 58.44397185152866 61.827536952645005 49.0447739888823 47.81835565289475 50.45281721010542 63.502244349620014 50.27080354640975 57.84874635236383 49.80141944816114 59.75198633431819 60.951821446952636 38.83675351347256 67.45066995418983
44.435070691484725 38.00547994375438 36.499394861553355 44.48066911589149 40.178862069356 41.828860620064006 39.63610619430483 40.74181988599503 39.857363815364806 41.092070496002634 38.489466085420645 37.9659383077842 38.35542159319266 39.96624236238176 42.46335998105042 39.2823526756365 47.98739868039229 42.280032655449304 38.68200441474619 39.249848477724754 47.37668666156014 44.91761712408152 44.808511942915175 43.160570839017055 48.93711265395632 42.936581821082655 41.65436021200139 35.797674829439075 38.314450201072304 38.390825356346795
36.66008102106207 35.16307592056637 31.65417376779351 34.081694482837975 38.16037184954712 33.5516593681009 33.149128237497735 31.0587648857977 34.34462234629109 38.07093739776792 34.14569282489492 37.94183856367863 36.3308033104845 35.85791982715227 33.43816727866215 36.79159508766543 34.18675443892607 33.92311273330097 35.81561665810386 35.73491775055527 35.97412685922154 37.64565697149146 35.23364761910079 37.787756452719805 40.47033107914194 33.39927564705522 36.075239415307806 34.23107480038925 34.60186054595579 32.337216954403175
30.264878558177315 30.735462872489734 29.463125096313888 31.924063472434682 31.435193060741312 29.435477497865122 31.093513197208722 29.083817635892956 32.4520850427125 30.954611621324148 31.268448234944117 30.8271730397164 33.369751842385995 31.336936630848868 30.42415127968161 30.60773493980423 32.39733569538794 28.891209274913763 30.269618395183898 30.73914783454711 32.77093472853085 32.22642074786336 29.71090215884078 28.42678403658101 32.293797865432225 30.659318912135404 31.892704763379697 31.50428360872229 32.21366217699733 30.412758216857583
27.804910000111704 28.392388556268543 27.57845529085489 27.810680648033212 27.166327761209686 28.663044795368478 29.03688293234427 28.595545849224436 27.303282073284663 26.359461473965894 28.614800492324775 27.614157777649325 28.416530308845722 29.963117644725116 28.485951195723374 27.058838157169703 26.68416724598228 27.082111498137692 27.450955998885092 28.463937414526754 27.522144693558403 28.08217704136723 27.466957898542205 27.444634203916394 27.461270562133905 28.89132438124807 26.42079838629661 28.06105866335247 27.76382500104819 27.179245086159426
25.86052731255495 24.967619392848974 26.185129483543733 25.7987048316827 24.579216241793347 24.611539425706724 24.65057447345862 25.75293465078039 25.101150848515772 25.575585666534153 25.268214511851056 24.38365933852083 26.56603288971519 26.72601821609851 25.232511379823336 26.261912334571207 26.056764689238207 24.705798506234714 26.264413530549973 25.518212810728528 25.629968926170932 25.413216504940465 25.580423580867773 24.258305097680932 25.129362467091596 25.10201462861687 25.556129033871002 25.639094885651502 25.298386066734565 24.983495783495073
24.15033457838308 23.70620213404709 23.823652788568324 23.377334646123018 23.54471405164213 24.057856915500906 23.63409626304201 23.526869132407683 23.97380612077177 23.684017965533712 23.75689918944272 23.95472172189102 23.508817609703783 23.417125872660563 23.730425764367283 23.269604520992743 24.024200520942486 22.996861076475852 23.989939786393734 23.846429664247353 23.378704323576585 22.990751064941378 23.50329698761334 23.771733845938797 23.756149912260753 21.907470925578764 23.284197232389488 23.653000638223602 22.107355245236704 23.392195380940393
20.076966464866473 20.21393988586715 20.589603027493013 16.362090802563216 20.291473480948753 20.60007452982063 20.84224596685999 20.417232291590153 20.662552280211912 20.52727759746449 20.37118284881535 20.369081390912015 20.34095084047385 18.752739424351148 13.87340094864021 20.762555322743992 20.640803547023097 20.620558416361746 20.00352942050722 20.298917199419975 20.58100734798927 20.34234806233644 20.329757688386508 20.22218253864048 20.066843974838775 7.256139189194073 20.24237043642279 20.55288457797633 12.901216397398912 20.818772053979046
1000000.0 1000000.0 1000000.0 1000000.0 1000000.0 1000000.0 1000000.0 1000000.0 1000000.0 1000000.0 1000000.0 1000000.0 1000000.0 1000000.0 1000000.0 1000000.0 1000000.0 1000000.0 1000000.0 1000000.0 1000000.0 1000000.0 1000000.0 1000000.0 1000000.0 1000000.0 1000000.0 1000000.0 1000000.0 1000000.0
