870.0236880588218 813.9645786081987 1320.156025367085 987.5407228012245 1205.1602935092815 913.8315526324609 1651.4897884572188 887.5083001637017 1159.9982580284013 1427.4637800465616 1381.5212671316785 1078.5217956499628 1041.7913604936102 727.1090146687575 967.3530281334952 802.4201647981336 1640.153586077704 1155.4092440935692 848.8112565006359 1387.2311670448116 1467.0833600590267 1142.7327345546155 918.6658474314427 1084.0730637243892 1311.4883952432333 1139.8675191920956 1221.8541561854613 1185.7574770930032 1070.6185855636395 731.869142047377
870.0236880588218 813.9645786081987 983.5271964575177 987.5407228012245 1039.3648654619537 913.8315526324609 1571.6359383562735 887.5083001637017 991.3179712423998 1427.4637800465616 1209.098524014691 1078.5217956499628 772.7387206959211 727.1090146687575 924.5795440705378 802.4201647981336 1373.2723736077678 974.2655572583508 848.8112565006359 1366.80312545772 952.9931927691114 1084.2178072473266 862.6611438073896 1084.0730637243892 1156.6978025329881 718.1047943325252 1057.4200762304972 892.0699335102986 893.7777895035683 731.869142047377
870.0236880588218 813.9645786081987 983.5271964575177 935.8925346796241 533.1047471725419 913.8315526324609 1411.224006553035 887.5083001637017 980.7814689975953 772.0876317027119 909.1688005791425 893.3310334183825 772.7387206959211 727.1090146687575 553.1662851537512 790.3350674300482 998.7050201474631 973.2656132803513 848.8112565006359 856.448985864497 911.0871353818106 1032.0192003698821 853.8692226948419 1020.5360102275822 1156.6978025329881 620.8478297782644 869.7723133078634 892.0699335102986 841.2957122177568 731.869142047377
811.8411255287588 813.9645786081987 942.2096251881821 935.8925346796241 533.1047471725419 772.8275365197051 785.6907650829507 682.8378097047544 698.9457357286092 666.5006540373188 909.1688005791425 893.3310334183825 582.7869596504624 686.0672213298085 553.1662851537512 738.834463036851 998.7050201474631 973.2656132803513 791.3628627841708 768.898368311914 803.3756022670937 671.8185648705385 778.8333391604451 937.3430886601313 1031.9608828903592 620.8478297782644 869.7723133078634 807.9117515847383 741.6282876133296 731.869142047377
712.8676014658704 709.5335719203977 666.9147163390435 935.8925346796241 533.1047471725419 718.2233116298685 628.6064419835316 682.8378097047544 698.9457357286092 666.5006540373188 859.1132603284873 811.4655546902791 582.7869596504624 686.0672213298085 522.5831550226485 738.834463036851 709.0446504715246 943.0751986707669 791.3628627841708 735.2276067497241 794.8635665282854 665.0535224106316 592.6105336324763 786.3839177746086 811.5238722650593 620.8478297782644 846.1132626518056 807.9117515847383 663.3413004821664 731.869142047377
664.0483964557511 708.2111506499432 666.9147163390435 839.9306050016708 533.1047471725419 713.3273778175608 548.9742276891657 562.0300242706398 662.5170396595472 666.5006540373188 801.1759897209686 811.4655546902791 582.7869596504624 568.0106695374416 522.5831550226485 694.6213292461698 676.2801446453814 796.0433790178745 791.3628627841708 690.1560245582223 775.3856186559715 665.0535224106316 592.6105336324763 722.7930570273925 793.1657455690893 620.8478297782644 644.8723694069531 762.1617133794989 572.2995838969009 646.069469285349
424.39717699747644 528.4205484254958 404.26847161429623 578.5329200630554 533.1047471725419 450.9853603560059 531.9596667719538 547.0420952726636 496.7682804458309 507.3992332790249 518.6261592073715 532.2358179800244 419.4693469244917 442.75289532672195 408.4940206595611 460.4332858339626 507.3944759884798 538.0494675816535 420.3245679187048 482.8501808477754 478.8983569995403 454.25782841309865 410.28819696834034 492.3748453965841 464.3452693471195 519.2539725812226 538.9921105938793 533.7375663282623 464.0972683807131 458.9174962428233
326.8604184890305 297.29154932251686 242.6974257422844 307.3483031359733 300.43200608132656 286.785054808985 292.18665705249987 317.3434365904959 317.25362495965146 305.0559115164092 323.27470096824254 305.02324010081065 264.58162765723137 300.64456659912594 282.295899402553 272.6582766068782 275.5197228068255 291.32013199120865 258.82385925610106 294.9606555580622 299.3758970381268 300.3759055129244 265.44357146526454 298.7509328754031 274.5643312399693 270.9587004523132 290.78307112568973 316.4593595410779 255.95617329441575 281.0708092104355
205.9563925456996 210.0063198828966 200.65126892886565 210.26828784598592 203.2194933372357 207.35939037358548 198.8407906616635 206.21141685813382 213.0126682777559 206.7365785189504 202.85549733701873 212.17072534726503 202.98320789849413 209.69232573743557 202.30293254754997 214.83039726922107 206.6906087011489 214.38632640032438 208.7284723744374 205.33354123814706 195.41153755388132 206.68385764040704 195.88032839309062 210.57624190109664 208.0395280070734 199.33479464147285 205.0744548239686 202.99308738946092 205.52310632977333 207.88850807560902
185.21482948370885 184.04900034537968 184.94428546972722 183.31449379264677 184.35320069229783 185.27947791496217 183.69844110090207 184.5142579413582 185.0863224906875 183.95616656430866 185.0429560352418 184.9143873833441 183.211433326288 185.14116440189036 183.72811964156836 184.4266868992845 184.0412678182056 184.70762192644543 184.39996317768237 184.32851572310665 184.5265759559893 183.99975911700585 184.7418998284943 184.4228731514513 184.9306226270951 183.22850312041737 184.8569278169889 183.66610760815502 184.30721253247975 184.10736659516124
180.86805771632544 180.92518497001356 180.9232806267146 180.91318323372116 180.943293336627 180.89266620514036 180.95013031568442 180.90914940625044 180.92389802781872 180.90947399374681 180.91564542721835 180.91038585584147 180.92340946369677 180.96097628897996 180.91813561387335 180.94813917893816 180.9143400647281 180.9174909498779 180.87403675446376 180.855568391431 180.87657924326368 180.95399025370034 180.8688578094143 180.8935452600549 180.93717229319282 180.89613732725593 180.93679963833847 180.88137081503783 180.9179192791621 180.89153975721
180.7815497318552 180.78154899460424 180.78165172180024 180.78150615588447 180.78155157968968 180.78152104655828 180.78158266162563 180.7816483111569 180.78151782845407 180.7814483993534 180.78162254559447 180.78162009092375 180.78154964066152 180.78165845318927 180.78147491971458 180.78167681453488 180.7815510528444 180.78160259978267 180.78150619514145 180.78143340193037 180.7813951681651 180.78145176186808 180.78147165758037 180.78148088126 180.78154315104803 180.78156338144936 180.78151226431646 180.78154788576694 180.78149337905325 180.78150123293108
180.78127167975572 180.78127167953926 180.78127167928187 180.7812716805015 180.7812716802964 180.78127167931598 180.78127167945377 180.78127167930415 180.7812716795779 180.78127167864568 180.78127167957427 180.7812716806484 180.78127167915318 180.78127168023138 180.78127167923776 180.7812716798603 180.78127167897992 180.78127167915818 180.7812716793569 180.7812716792223 180.7812716785911 180.78127167940738 180.78127167923913 180.7812716790304 180.78127167957928 180.78127167935008 180.7812716798253 180.78127167922867 180.78127167952152 180.78127167877074
180.78127167774664 180.78127167774664 180.78127167774664 180.78127167774664 180.78127167774664 180.78127167774664 180.78127167774664 180.78127167774664 180.78127167774664 180.78127167774664 180.78127167774664 180.78127167774664 180.78127167774664 180.78127167774664 180.78127167774664 180.78127167774664 180.78127167774664 180.78127167774664 180.78127167774664 180.78127167774664 180.78127167774664 180.78127167774664 180.78127167774664 180.78127167774664 180.78127167774664 180.78127167774664 180.78127167774664 180.78127167774664 180.78127167774664 180.78127167774664
180.78127167774664 180.78127167774664 180.78127167774664 180.78127167774664 180.78127167774664 180.78127167774664 180.78127167774664 180.78127167774664 180.78127167774664 180.78127167774664 180.78127167774664 180.78127167774664 180.78127167774664 180.78127167774664 180.78127167774664 180.78127167774664 180.78127167774664 180.78127167774664 180.78127167774664 180.78127167774664 180.78127167774664 180.78127167774664 180.78127167774664 180.78127167774664 180.78127167774664 180.78127167774664 180.78127167774664 180.78127167774664 180.78127167774664 180.78127167774664
180.78127167774664 180.78127167774664 180.78127167774664 180.78127167774664 180.78127167774664 180.78127167774664 180.78127167774664 180.78127167774664 180.78127167774664 180.78127167774664 180.78127167774664 180.78127167774664 180.78127167774664 180.78127167774664 180.78127167774664 180.78127167774664 180.78127167774664 180.78127167774664 180.78127167774664 180.78127167774664 180.78127167774664 180.78127167774664 180.78127167774664 180.78127167774664 180.78127167774664 180.78127167774664 180.78127167774664 180.78127167774664 180.78127167774664 180.78127167774664
1000000.0 1000000.0 1000000.0 1000000.0 1000000.0 1000000.0 1000000.0 1000000.0 1000000.0 1000000.0 1000000.0 1000000.0 1000000.0 1000000.0 1000000.0 1000000.0 1000000.0 1000000.0 1000000.0 1000000.0 1000000.0 1000000.0 1000000.0 1000000.0 1000000.0 1000000.0 1000000.0 1000000.0 1000000.0 1000000.0
