2148.1850164580264 1172.9996712972916 2047.2254835452604 2123.344846801305 965.7357364432141 1213.0173079569995 1141.4336926486876 1383.173780409721 2232.331198631129 1085.125951265656 1593.0614428461895 1481.434631054528 702.4801866109347 1089.23386852676 1458.025422945252 1753.6437395299718 1097.8619586692557 1567.4182570828998 2320.4431860267377 1456.2859297338919 1436.9916528342706 862.4973681341908 863.3369633951424 817.3202382622108 1671.4726877271169 1129.0219981511227 2076.689610315985 2255.9013320538734 1240.7342149492988 1424.2227099864276
2148.1850164580264 1172.9996712972916 578.680895058621 1854.5242974240537 894.7171384926583 1213.0173079569995 1141.4336926486876 1383.173780409721 1663.4186421224185 1085.125951265656 1293.4191917085227 1373.1871962330474 695.2690605174539 937.2487893728012 1227.8858185300196 1428.7272469641484 1097.8619586692557 1567.4182570828998 931.1442480739042 1456.2859297338919 868.3791313347933 862.4973681341908 863.3369633951424 817.3202382622108 1671.4726877271169 1129.0219981511227 1362.3399977512058 1843.272635268495 642.2987585108285 1424.2227099864276
1618.1807679240192 1172.9996712972916 569.985577430496 1854.5242974240537 668.713279403396 615.5784365132631 1141.4336926486876 1019.1343874126155 1663.4186421224185 712.5264267360176 1282.1930717763735 1373.1871962330474 695.2690605174539 672.2020353611006 1060.965297842526 1428.7272469641484 1043.3684733869895 822.8682850845444 783.7148816377539 1422.4285489384297 868.3791313347933 862.4973681341908 581.9823623776442 817.3202382622108 765.8654140280246 1129.0219981511227 1362.3399977512058 981.3199789549221 642.2987585108285 829.5226234884071
1488.8382439601774 651.0281045840693 569.985577430496 1854.5242974240537 593.0752195527998 597.0521214110913 861.2979829896408 924.2569989328149 1162.1640890409371 712.5264267360176 678.3561449069357 1019.4517092421106 695.2690605174539 654.1276483683228 879.2586888962842 1428.7272469641484 753.7868825106998 605.6481965738949 783.7148816377539 667.3561076556198 812.2379808978649 781.106161234783 495.103337525632 817.3202382622108 765.8654140280246 994.4589682227152 1214.0444631421606 703.1755390659 642.2987585108285 829.5226234884071
637.3782743976963 477.46879139871044 409.59506259563614 909.6430061025403 287.91973435733917 597.0521214110913 410.231002512307 602.6415478482613 591.9439784365545 274.41920643482763 487.01451442593043 796.6581738211084 545.0019423651061 462.9533102253022 558.7352977412761 394.1704387675609 679.2520185720891 497.45753066867746 775.9502914350087 426.386887635304 393.20261755499996 543.2749509953628 483.738378159831 448.20036821000986 448.86066898640775 531.6977729585146 290.7394410270763 605.8689151889962 525.6910803429173 829.5226234884071
310.5606477776082 314.99193850325446 254.02182680320402 643.4779458412268 228.78800424946758 227.19238515334973 308.29032959719734 285.5545973013727 284.9330325974556 274.41920643482763 304.7369766138736 320.55136607303757 418.3781658636535 259.56901129924927 318.92577451100124 323.40422697670556 330.9569018840957 270.3411612679661 351.996987892378 411.2951809592014 289.4423055344487 249.6360142040612 408.40834478279794 338.4347838040421 419.93515587162346 300.08031082990783 234.61980550986164 508.566605374715 258.93991738997283 596.0203368583625
227.50620222733642 220.73387663113635 208.81239019713803 291.807390981367 215.62344835312433 223.41814230562977 213.08736628433417 207.05022844100267 238.19374036317322 208.64546337772254 246.23023792540516 247.34030917802193 240.10584946985728 212.90565011813078 294.4301927238607 274.78675870565166 221.43726674522895 222.76221470721657 241.84948934678687 207.05158876966698 207.89786745240554 236.24946659891611 224.44746943192558 203.47615662533508 240.81831427292536 238.24129126778507 211.8977059308636 261.11299777676504 244.70274631259235 250.24018948062985
194.38601977089365 170.24863915462493 172.45365468910632 188.4879959366658 181.31450759524841 196.85795307323087 178.96752609138503 187.27213260422423 186.0326662730563 173.1815892460054 191.57106151311154 183.03719097365638 172.81332643962742 176.54351551356103 177.971986878807 172.2920217419737 179.18638787189138 187.27102804052174 164.43227271593696 193.60773731648806 170.4739477777448 181.60284567738836 185.27536365479182 186.14101130834297 186.0288161013591 184.51658515803956 186.9799072962005 188.4371380839616 175.91018770601158 199.4641151498722
164.02174438328393 156.02398844705522 148.9528401397829 159.02383055669543 159.22932453688418 160.6724564832989 161.5578111158511 156.3053532030567 158.10783721396365 156.26093490263065 157.84556779346167 162.6732376814639 155.0566836665089 157.64284028950442 161.20362626660153 155.21549256873504 157.78388994257966 161.74485009799264 161.38282553965973 163.59065691896376 155.8606830223025 158.72895244221309 162.22802512580074 161.0514250585452 158.61632646707358 161.6139005206678 156.8882103400133 160.41306751627872 158.14891371999238 164.68326003102175
150.22228474770236 138.86238875942172 89.0950688377502 145.5173072809921 130.32866967364498 116.63494447976336 138.92071654162964 123.13055808622903 131.79090612610662 118.75030934555252 140.58533579620826 111.39435087286665 73.48716848028562 111.72111390874034 130.281933186262 121.33550351577696 136.81050080737532 141.37227633827115 130.65060089444432 140.66782737322183 100.8821552649515 129.40638752587665 143.97366221633274 125.75102821124983 119.5217949951766 130.81981457243455 140.33813815048734 117.29764113629517 143.26882111501072 136.3920981927272
24.953106870848842 15.507037979371034 11.275406511187157 21.305844633571724 15.240013513081522 15.052921857187357 12.710925884578046 14.86983623246897 22.227328079060044 13.062608308079234 21.14948548385337 13.876847504430316 10.158225911222416 15.897427293428336 15.878317325863463 12.90977623453 16.14221595900699 14.889504215374473 15.073960443502983 12.727604493636136 12.964366336858802 12.348039446000712 19.955542151220925 12.915253042707718 13.119063358242329 14.45716717214691 12.082008829613642 13.576080408006874 18.155595047057886 17.5482913428923
0.7335637184269217 0.5008003075704437 0.3114747609283768 0.7035383052630095 0.39240030769860823 0.334251138462605 0.31103197338507016 0.3241039388012723 0.4027570107482461 0.41847579535078694 0.5172833658884883 0.42940680778292517 0.3172229404231075 0.24379523684183368 0.35780368942596397 0.28160593643815446 0.4241101962070388 0.3931864900896471 0.42657111987136886 0.4364929691323596 0.2885480868212653 0.36477109046199985 0.6839821122534886 0.3247477466093187 0.4834337290944859 0.4321211395122191 0.4126569082382048 0.4543648068024595 0.46301781722604574 0.3907381107933361
0.0014424213372876693 0.0006750268439645879 0.0005232074568084499 0.0012899731918878388 0.0007671144785490469 0.0006193226672621677 0.0006628827845815977 0.0006949317944417999 0.0009615198086976307 0.0005884846646040387 0.000996260319425346 0.0009362730988868861 0.0005301325163600268 0.0005806810390822648 0.0008191071447072318 0.0007594735361635685 0.000942850236697268 0.0009386615661242104 0.0009285237129006418 0.0008228316032727889 0.0004917132532682444 0.0004999906605007709 0.0007687524698667403 0.0006368885606207186 0.0007082872389219119 0.0008496935415678308 0.0009196522046295286 0.0007256243861775147 0.0008680937989993254 0.0007197602340056619
1e-08 1e-08 1e-08 1.0232270142296329e-08 1e-08 1e-08 1e-08 1e-08 1e-08 1e-08 1e-08 1e-08 1e-08 1e-08 1e-08 1e-08 1e-08 1e-08 1e-08 1e-08 1e-08 1e-08 1e-08 1e-08 1e-08 1e-08 1e-08 1e-08 1e-08 1e-08
1e-08 1e-08 1e-08 1e-08 1e-08 1e-08 1e-08 1e-08 1e-08 1e-08 1e-08 1e-08 1e-08 1e-08 1e-08 1e-08 1e-08 1e-08 1e-08 1e-08 1e-08 1e-08 1e-08 1e-08 1e-08 1e-08 1e-08 1e-08 1e-08 1e-08
1e-08 1e-08 1e-08 1e-08 1e-08 1e-08 1e-08 1e-08 1e-08 1e-08 1e-08 1e-08 1e-08 1e-08 1e-08 1e-08 1e-08 1e-08 1e-08 1e-08 1e-08 1e-08 1e-08 1e-08 1e-08 1e-08 1e-08 1e-08 1e-08 1e-08
79501.0 78728.0 77615.0 79831.0 78950.0 77279.0 78506.0 78062.0 78950.0 77951.0 78506.0 78839.0 78617.0 77951.0 78950.0 79061.0 79171.0 79611.0 78950.0 78617.0 78062.0 77839.0 78839.0 78506.0 78950.0 79061.0 78728.0 79061.0 79501.0 78617.0
