86.46408168194239 79.47011250435844 74.11111881923603 85.7487875388623 94.14006086905067 91.63313374541622 111.58172855431053 75.11868753163105 69.07247089215775 99.42720660154885 84.42208468493811 92.34103923152247 70.7967230466453 88.8156790194073 93.87545486309546 73.99315401993329 107.95679416037012 79.0406630300082 106.05992333646714 69.36116150531961 63.18176770761568 62.84046944683246 57.36417161770805 87.83770443527351 78.32035396202036 100.56148171990151 82.44484697523876 88.04421824564054 82.0596714734537 74.00138382322268
78.37910357665294 67.32134075556075 74.11111881923603 64.3639181181461 63.12574998289085 87.22971935535008 93.59976249502324 65.45530922557464 69.07247089215775 66.1981644500537 65.72322338003494 80.9777344831466 65.43849029257615 75.46184826991168 84.71442782928068 73.99315401993329 76.16099746750251 71.73991791387982 98.4507421319147 69.36116150531961 63.18176770761568 62.84046944683246 57.36417161770805 78.46110550708329 72.7411468837355 88.13021620751442 65.117287166388 88.04421824564054 82.0596714734537 74.00138382322268
70.79276234125223 67.32134075556075 58.13634533696086 64.3639181181461 54.99797025318787 80.17911514406194 60.95156338189918 64.68116791895329 69.07247089215775 47.99389081904906 64.58421865614048 68.91928616191365 65.43849029257615 75.46184826991168 61.05188545385295 72.06312103079176 76.16099746750251 71.73991791387982 76.48852098102145 64.7147513297814 63.18176770761568 62.49777515042251 57.36417161770805 78.46110550708329 67.25140579649451 84.0432482339429 65.117287166388 65.49336430928452 82.0596714734537 66.80005984388401
65.19026462289503 67.32134075556075 58.13634533696086 64.3639181181461 54.99797025318787 59.716781848258506 57.49345074035932 64.68116791895329 69.07247089215775 47.99389081904906 63.38667406543186 64.21838482600697 65.10175169846536 61.69699124193551 61.05188545385295 66.62599150507776 76.16099746750251 71.73991791387982 76.48852098102145 48.54746093935182 63.18176770761568 62.49777515042251 57.36417161770805 69.5123464013601 58.72885589237774 68.93394465911013 65.117287166388 59.495140323954956 64.83220697112677 66.80005984388401
62.544907334548725 65.74996730530097 46.75752676635602 62.663779552198775 54.99797025318787 52.34875834130867 47.997107386088715 42.37823872535455 55.98245997467063 44.16353686072114 52.164064837310434 48.195483785525994 40.29412220631184 45.37486828681074 43.88658103202067 49.54969713181197 66.86375676903458 44.30095274101029 64.46494047833494 44.046267506712866 56.4536640487579 43.305299576959555 53.01060273257781 62.488210018962036 52.352751435070786 45.334905744032994 53.47447821409594 45.795672185657395 60.77918132218019 48.19002933279478
37.50471350381099 34.80419425197226 46.75752676635602 46.715212577103784 36.41763935618053 48.52342435106789 44.439942921845386 37.43131291928114 44.50809654826992 41.92400163219554 36.322453863508485 42.05838237782052 40.29412220631184 45.37486828681074 43.132961883075154 49.54969713181197 41.005625220872616 43.283175623978536 24.396664016221848 30.803878012154087 45.35770869529301 24.15813398354328 40.06075399327631 40.432698309378566 40.49399129553126 45.334905744032994 29.72034672031066 34.246055270530064 38.350570904558936 44.1834230865054
32.343651509302845 29.586356857927512 31.426605074880626 31.130449902215787 29.928113343346922 29.064625115067543 31.362687397589184 30.044190883596457 33.86719445506321 35.477959764245156 19.19402817374828 35.907915454954264 26.705950858016195 36.434683052999844 22.90397032727094 41.06343840248314 35.36228263882833 31.095016336842605 24.396664016221848 30.803878012154087 41.929273331007835 24.15813398354328 36.418423696934724 37.2225585694805 33.75422073326172 38.35921192249896 28.17344886635192 34.246055270530064 28.70256994088254 27.16129583641134
16.574661169712726 18.615275718455337 25.018732795385745 20.34548600486255 24.371224576471036 16.440359491776803 26.061998457331242 27.398305990553126 20.884864009643707 27.139142786006232 16.71307791946913 26.87268466679666 16.94675297135541 23.9212700362674 13.496462873493329 26.328842393509262 19.618389966063887 15.64825373230542 24.396664016221848 22.20094901628397 18.461277955925993 24.15813398354328 18.54589730415978 22.368616124332107 16.884928516604077 24.93948081048063 24.47978915702356 26.220019224173484 23.416892334262457 16.34359244780103
14.945663167561634 12.51894883472744 10.630768562045887 15.174724340046737 9.657770872884498 13.38233059521042 10.572674281779541 14.612037961048031 12.362071538743749 11.242305768683764 6.687538239576497 15.678826510355066 11.205486694240108 10.791544187158024 11.865761639569428 14.708929342811189 14.141470481476745 13.854545310704793 13.216545127656445 10.84243047225425 15.275600074738804 14.26925861920563 15.162235057717567 12.933556490765909 9.14832327146803 15.115941162819013 12.665650077497048 15.56697443543817 15.968854816037606 10.027163164274498
7.823647236896591 8.502859815730972 6.604115128491458 6.095640259145739 5.361508539404895 7.644878753475837 6.392166366049423 9.066831315782792 7.744483462274388 6.30662872338587 6.687538239576497 5.712557183237436 5.36909732954723 6.565724753352242 3.9908573802756564 6.848200406896922 8.082619589758224 7.345610469314124 6.436601570228618 5.5668230136026295 7.0908835878585705 6.771663114619173 7.146441650808583 8.042166167696223 5.139308808896544 7.277598668831274 7.661940886700563 7.727697613741839 4.513584049734618 7.997331151572553
2.3946338768820397 2.91485628021087 2.3974727529839583 2.271864171216521 1.6848909645574395 1.4241482652307695 2.085287187365111 2.0343476209842493 2.2275490083882232 2.3673057981092143 1.306358438978691 2.155391782696597 2.749212266856489 2.2597871146671196 2.0383335271966416 2.499030602100561 2.2667084475505135 1.7052518205510978 1.2612760752271015 2.203628622223164 1.5576260312049044 2.7099323532522703 2.7094468896578974 3.1964589357003206 2.4055034773043644 2.5717350711641984 2.5539134663795267 2.3407648791833253 2.4657479997551945 1.8227202086522993
0.3145655093109099 0.459384071866225 0.4353999791893557 0.48346982873169964 0.40030568765678254 0.31822935770128424 0.46167042533784297 0.3669960868126054 0.39616405027879864 0.5462344803723909 0.37219192215013663 0.3372338086220452 0.45825424245992963 0.45511397820564525 0.38939331389326526 0.39756306581182344 0.3912921771825495 0.4706128587541798 0.5348812970485142 0.4920869456506125 0.39312234597480256 0.49018041639851617 0.5514757060160491 0.42730231070163427 0.2614021690375239 0.42379805732650766 0.37090587241812045 0.43712189685311387 0.49257102847434453 0.3207534438416815
0.016063259108022976 0.03349392494340009 0.018545854300782594 0.016189399014024275 0.02225987095164328 0.017179243975647296 0.0177253083903679 0.020570414508938484 0.019189261262908985 0.023832303370681984 0.020612393565329512 0.022806423814586196 0.021304153644223334 0.02118412308675488 0.01911669138939942 0.020323744955817347 0.02151740881720343 0.032103806243299005 0.022494428980621706 0.017228525414452633 0.02043962154800738 0.020186632344803 0.03550696812442311 0.028092943973547335 0.02502142692333109 0.019110676578065977 0.020885931123757473 0.030264734347383637 0.02031931726833136 0.01806448099921454
6.139347635780723e-05 0.00015341522293965681 8.782393410911027e-05 7.105816041530488e-05 7.778734413932398e-05 7.046580094538513e-05 5.641349366669601e-05 0.0001029909100225268 5.797808114493819e-05 7.874727521084424e-05 9.871671829841944e-05 6.0300161294435384e-05 5.9117452565260464e-05 0.00012485640399972908 9.659077261403581e-05 9.168776898604847e-05 0.00012560569587094506 0.00013211230918841466 0.0001362438854357606 6.75372825753584e-05 0.00010237600940854463 9.854270820142119e-05 0.00018677420007406909 0.0001325168886978645 9.04018744449786e-05 5.169758696865756e-05 9.501427427949238e-05 0.0001150149573732051 0.00011259333859925391 8.24977275897254e-05
1e-08 1e-08 1e-08 1e-08 1e-08 1e-08 1e-08 1e-08 1e-08 1e-08 1e-08 1e-08 1e-08 1e-08 1e-08 1e-08 1e-08 1e-08 1e-08 1e-08 1e-08 1e-08 1e-08 1e-08 1e-08 1e-08 1e-08 1e-08 1e-08 1e-08
1e-08 1e-08 1e-08 1e-08 1e-08 1e-08 1e-08 1e-08 1e-08 1e-08 1e-08 1e-08 1e-08 1e-08 1e-08 1e-08 1e-08 1e-08 1e-08 1e-08 1e-08 1e-08 1e-08 1e-08 1e-08 1e-08 1e-08 1e-08 1e-08 1e-08
110034.0 110615.0 109868.0 109198.0 109030.0 109951.0 107761.0 109366.0 108778.0 109030.0 110532.0 107931.0 110532.0 110781.0 109534.0 110698.0 110117.0 111930.0 110946.0 109366.0 110034.0 109282.0 111602.0 112093.0 110615.0 107761.0 109450.0 109618.0 110532.0 110532.0
