627.5225529937279 560.4189077057426 571.6491299161735 687.9711501031375 583.3192729341931 617.6503188013876 629.9444284786127 474.5737595264518 538.5049619652991 472.44742870744903 476.4404576680363 415.2110455408474 691.8893753145503 555.523406304731 446.7851400512045 558.4882254353429 353.2127134572188 749.2405455285225 512.4721152819357 541.9214929754603 596.2460506206685 542.0853785056024 604.2358063398992 640.1053978010332 409.78663002382746 544.8580165814019 491.25001676531156 756.1388510039133 705.3210155246197 398.18976272772034
456.37298443627515 560.4189077057426 571.6491299161735 462.8297302480587 583.3192729341931 581.562587324147 629.9444284786127 466.017600249138 538.5049619652991 472.44742870744903 476.4404576680363 415.2110455408474 655.5073690755971 468.5158402866318 446.7851400512045 558.4882254353429 353.2127134572188 588.9930339101816 495.7330433493971 541.9214929754603 572.710105938274 537.3105039600441 592.7838089834481 640.1053978010332 409.78663002382746 544.8580165814019 491.25001676531156 528.5462969676428 705.3210155246197 398.18976272772034
456.37298443627515 400.664120773823 571.6491299161735 462.8297302480587 545.1025174548022 561.5504486481595 505.77169214284686 466.017600249138 463.94096574379955 472.44742870744903 476.4404576680363 415.2110455408474 503.6717640705674 432.6200637402021 410.50978109229527 504.65298254348136 353.2127134572188 540.9069397089547 495.7330433493971 524.2612145214398 572.5776315542071 440.54881908563675 569.4325710876496 521.4729738681517 409.78663002382746 544.8580165814019 491.25001676531156 528.5462969676428 640.3748351481363 398.18976272772034
449.3683073521602 400.664120773823 518.9448964658677 462.8297302480587 545.1025174548022 452.1395210960518 500.6859686130779 466.017600249138 463.94096574379955 470.99784744997623 397.1399131321823 415.2110455408474 503.6717640705674 401.6579653672352 410.50978109229527 462.86361114842157 353.2127134572188 500.90932736335844 446.63084056766183 520.3109440552767 519.4389651725223 440.54881908563675 516.171714600514 521.4729738681517 409.78663002382746 544.8580165814019 478.70135702504604 491.6177873978595 640.3748351481363 398.18976272772034
449.3683073521602 377.9731903223674 424.00556525762704 462.8297302480587 440.6923163439019 417.47749844852797 451.4698805685557 443.06370743943853 442.60336046053544 470.99784744997623 397.1399131321823 415.2110455408474 406.6929330864755 397.96398066892425 342.8186534005986 386.61573634403567 348.0337273413852 470.2535735187698 374.7718240732738 428.8065143958688 468.2928277911683 375.8159814249025 415.012954769069 444.74005459321234 360.38666533326295 457.4531227514667 378.8150189518815 491.6177873978595 401.00255845223046 319.2083021119124
370.8913791075329 377.9731903223674 368.39826668050273 434.1130182035531 362.36381078797194 352.7588729015911 386.3816856352646 365.6536218950214 368.26403504956534 369.91568832966414 356.8049219198806 364.23873064676627 388.85245243621785 397.96398066892425 342.8186534005986 340.17722488567824 335.8159147772567 414.66951853672526 354.05632761564584 386.1027181263289 444.0335920212665 375.8159814249025 367.0548614054792 405.8875413393703 359.1279561565684 400.2201342330209 361.6172878726302 418.57950126485684 389.35810558899584 311.3966741311169
345.928818345094 364.92713106791007 337.0898744698361 387.5977114132411 325.4303996238232 301.02185721082924 357.59586279460564 343.60354454999197 288.2095977506724 352.23541853474944 350.6865047503584 364.23873064676627 293.50299765749924 355.8382885279475 315.2487457642628 258.44199738417547 282.9542333159138 320.4239237675829 307.23830744654924 381.4334362669874 390.76645740818367 328.4484071840466 357.967886290774 303.0930106091323 292.5537435303504 324.0370582020737 341.1749409388008 324.18204787898185 331.3681925851979 303.4610471891883
258.78161787418503 291.08863889971417 255.3000421139427 332.440699166732 283.5604607989385 254.99256677935273 300.0878966546725 257.32199475364314 255.98275826717054 290.7980436185876 257.0947340655457 302.2573157812076 236.31664184343026 288.5262563209435 250.42607091256605 251.96294615420584 265.4151793940946 274.7513270554027 254.32466806632146 282.39934173994516 300.6006025362449 254.52017557543059 265.3768489898016 260.5706944622034 268.6252451806172 246.73003285490722 271.6218831350511 267.0615087606475 275.28121971241353 256.1986511030964
239.58122562050812 244.102483013015 235.2694044351224 236.10087715974123 235.15932398882933 237.02761288924466 237.4152271941216 234.01345198454464 235.71924307839208 236.5566380446312 234.64852564356806 238.27883088637282 231.74335698543928 239.48313362380395 234.18328958761822 230.60296895278634 237.0686765810292 236.19414698996115 232.20760136751505 236.36785196650817 244.19451459118636 234.93272173502282 234.11221362877677 232.671863229295 235.89578061797965 234.80583785316685 239.3123861907934 231.98015880953471 234.9816343815196 232.65364726110056
230.02104680418324 229.91282381164774 230.2495550763806 230.166714322208 229.84563472409445 230.34333827501587 230.39374941248752 230.08528652508676 230.22281379720516 229.6237859519756 230.4124180316826 230.08064125170222 229.8282772898806 231.11829598834083 230.22052368410095 230.05712451789486 229.73092208628532 229.9687632065702 230.07672447702407 230.43751515048325 229.71959125674903 230.5091661915576 230.1611456246601 229.54457780992243 229.9325607616429 229.69745323127154 230.21401919668006 230.09333781914484 229.88664628472225 230.08634234112742
229.29497432022254 229.34343321413417 229.29896451469813 229.3043834951318 229.29608528990502 229.29754334092286 229.30582825368947 229.3189326935003 229.29913860685065 229.28799292560825 229.30932498430911 229.2964830050446 229.29502482696944 229.3109274153062 229.30901379925353 229.30082162365989 229.29484716943944 229.30050246808742 229.29918694784146 229.3074482294346 229.32270988715663 229.30686654333476 229.29848396033685 229.31045551304715 229.2982086389793 229.29867963347988 229.30753711101852 229.3073871720935 229.29725766513275 229.29957349083452
229.28438690595794 229.2844195560033 229.28440242792658 229.28440093164954 229.28439288739764 229.28438666638203 229.28439670797434 229.28441473902012 229.2843894034172 229.2843995979033 229.28439935244887 229.2843923665555 229.28439233217978 229.28439414191325 229.28439799665875 229.28439031422977 229.28439396967133 229.28439656890077 229.28439399505305 229.28440645869432 229.28440508249514 229.28439509136751 229.2843959792167 229.28439742555383 229.28438808827832 229.2843899280606 229.28439116703203 229.2843897903217 229.28439232427445 229.28439102040693
229.2843827085194 229.28438270858533 229.28438270853985 229.2843827085212 229.28438270852303 229.28438270853394 229.2843827085635 229.28438270849892 229.28438270851711 229.28438270853803 229.28438270853576 229.2843827085112 229.28438270854485 229.2843827085403 229.28438270851257 229.28438270853212 229.28438270851439 229.28438270853576 229.28438270851711 229.28438270857623 229.28438270864535 229.28438270852166 229.2843827085103 229.28438270851848 229.28438270853985 229.2843827085112 229.2843827085353 229.28438270851802 229.2843827085262 229.28438270858487
229.2843827084871 229.2843827084871 229.2843827084871 229.2843827084871 229.2843827084871 229.2843827084871 229.2843827084871 229.2843827084871 229.2843827084871 229.2843827084871 229.2843827084871 229.2843827084871 229.2843827084871 229.2843827084871 229.2843827084871 229.2843827084871 229.2843827084871 229.2843827084871 229.2843827084871 229.2843827084871 229.2843827084871 229.2843827084871 229.2843827084871 229.2843827084871 229.2843827084871 229.2843827084871 229.2843827084871 229.2843827084871 229.2843827084871 229.2843827084871
229.2843827084871 229.2843827084871 229.2843827084871 229.2843827084871 229.2843827084871 229.2843827084871 229.2843827084871 229.2843827084871 229.2843827084871 229.2843827084871 229.2843827084871 229.2843827084871 229.2843827084871 229.2843827084871 229.2843827084871 229.2843827084871 229.2843827084871 229.2843827084871 229.2843827084871 229.2843827084871 229.2843827084871 229.2843827084871 229.2843827084871 229.2843827084871 229.2843827084871 229.2843827084871 229.2843827084871 229.2843827084871 229.2843827084871 229.2843827084871
229.2843827084871 229.2843827084871 229.2843827084871 229.2843827084871 229.2843827084871 229.2843827084871 229.2843827084871 229.2843827084871 229.2843827084871 229.2843827084871 229.2843827084871 229.2843827084871 229.2843827084871 229.2843827084871 229.2843827084871 229.2843827084871 229.2843827084871 229.2843827084871 229.2843827084871 229.2843827084871 229.2843827084871 229.2843827084871 229.2843827084871 229.2843827084871 229.2843827084871 229.2843827084871 229.2843827084871 229.2843827084871 229.2843827084871 229.2843827084871
199997.0 199997.0 199997.0 199997.0 199997.0 199997.0 199997.0 199997.0 199997.0 199997.0 199997.0 199997.0 199997.0 199997.0 199997.0 199997.0 199997.0 199997.0 199997.0 199997.0 199997.0 199997.0 199997.0 199997.0 199997.0 199997.0 199997.0 199997.0 199997.0 199997.0
