7989.935594021714 9612.530520625087 10182.808175052898 2892.140276682492 10453.4955517081 6379.064065211845 10324.582769034585 9790.1516199364 7435.061365523368 6418.465680322874 9119.19471707114 7799.973564739834 10412.68206396178 11340.487097311167 8513.182036950779 9525.461879542934 6304.119147946778 9392.54584630475 7952.545811245891 9556.752268137745 7749.475346014342 5108.6887296208 6242.47201792747 7292.082492146339 7129.328763077076 8911.233575640836 10450.654689304167 6448.48131382728 10248.935804791481 8665.120867274141
6177.52168330448 9476.725617878492 9852.526175444822 2892.140276682492 7971.362247116662 6198.385253937089 9633.036281655268 7329.057946092691 7435.061365523368 6418.465680322874 6877.034212705217 7799.973564739834 7303.036302256918 11125.462655744364 6714.126114674429 9525.461879542934 6140.401370454107 9377.299177306842 6345.656330627986 9502.64410070587 7749.475346014342 5108.6887296208 6242.47201792747 6887.0614860083515 7129.328763077076 8911.233575640836 9370.451376102144 6448.48131382728 8329.177285906491 8269.30819282801
6089.3906759584825 7935.831846483154 5722.170583498424 2892.140276682492 7790.42513659659 6198.385253937089 6348.288878522908 7329.057946092691 6177.81617211935 6418.465680322874 6877.034212705217 6771.299061318023 7303.036302256918 10687.899402747551 6470.538681916216 8374.264238847918 3417.9006943773147 8230.32338695032 5524.564508047408 7932.047051570322 6525.5552342512565 5108.6887296208 5561.606881890366 6845.853220476318 6353.1484413779 8055.233957752225 7716.568121656204 6448.48131382728 8329.177285906491 8031.161982128291
6089.3906759584825 6685.867784738821 5722.170583498424 2892.140276682492 7259.084401459906 6198.385253937089 5278.748739365955 7329.057946092691 6177.81617211935 6229.681708579512 6877.034212705217 6739.531152411217 7303.036302256918 8890.66180759469 6470.538681916216 7202.40112828398 3417.9006943773147 6575.875343043073 5524.564508047408 6652.243279792059 6525.5552342512565 5108.6887296208 5561.606881890366 6724.587409148515 6353.1484413779 7053.0824422902915 7716.568121656204 5307.178109692247 5668.54699913639 3436.519945004453
5934.416424906902 5769.509401780975 5722.170583498424 2892.140276682492 6630.349944874568 6198.385253937089 5278.748739365955 4959.426930867134 5612.730501429534 6229.681708579512 5593.720525419845 6250.046515012236 7303.036302256918 7886.547206949477 6340.416067916252 7050.173707940741 3417.9006943773147 6575.875343043073 5502.761690533855 5054.29181669353 6525.5552342512565 5108.6887296208 5110.541671678083 6394.846132534451 5064.759720306098 5385.02024569768 6996.670058892065 5307.178109692247 5668.54699913639 3357.81293370839
5273.896323626381 5769.509401780975 5707.924675300681 2892.140276682492 6630.349944874568 6052.317144106888 5278.748739365955 4959.426930867134 5612.730501429534 6229.681708579512 5593.720525419845 6250.046515012236 6451.591401226389 6106.857323992284 5567.442030583971 5784.689877963796 3417.9006943773147 6401.613532204705 3999.284219632682 5054.29181669353 6494.900354085063 5108.6887296208 5110.541671678083 5371.38372997131 5064.759720306098 5385.02024569768 6266.180079235071 5307.178109692247 5439.434527951443 3357.81293370839
3723.347651174163 3078.5866069828353 3428.081311920094 2892.140276682492 3967.4640081618018 4033.1002972189963 3644.489052967446 3304.185043952368 3440.460888506843 4569.842684937859 3776.202419087571 3441.6561757187646 4220.816570563799 4282.021592156391 4134.208946969036 4176.373273729708 3412.7462228159675 3739.0340417952093 3411.1137751172882 3364.635473960183 3375.951362536458 3996.839211780005 4320.8577368159185 4076.325800507997 3986.382669220655 3647.1721242327094 2926.9986594613056 3828.9890604255643 4194.9668833893265 3035.2336353058636
2349.9726418176133 2030.8219245774153 2081.8237128714136 2594.791439641893 2353.8208422588386 2009.6719860184594 2286.7080804796233 2244.5486398413577 2224.691388126528 2272.397562352806 2196.043376330834 1682.962518408849 1922.862994651221 2348.26872329493 2385.824412051348 2496.5586548962965 1960.2973832166963 2148.171686108626 2316.4452545663407 2097.414212124707 2196.448503169422 2415.746349742949 2630.286898710332 2142.382634744061 2084.9619305407086 2442.5580100941997 2382.028190212165 2358.6527750540317 2457.8370084643193 2450.4055884614554
1247.9365640127558 1343.358378965153 1219.9828339165715 1532.6811370473588 1242.0091859051417 1139.4482243268785 1444.4523103988186 1343.8551012060707 1246.5360750909208 1007.8425900800517 1377.5619557164132 1296.5887652313813 1347.037204989831 1224.3551515829986 1439.7525783273713 1386.2232978131897 1028.291781291996 1339.1179845388533 1214.5416792649885 1160.1669472343838 1322.4978313129113 1274.5239865897665 1541.8759606826561 1503.6949180304182 1405.8749388612778 1391.831923274607 1502.8686738661472 1378.2460195884787 1304.9326197100772 1364.5195953524008
601.3777151898785 622.4900279264866 538.2274934082202 721.578003416405 566.7431557958757 806.0631955644717 597.9235505447837 579.4412351658334 558.8713155207083 781.4249771768527 620.9479526371906 631.5129336934078 649.6192962780742 620.8526112396471 658.3398596013244 607.1036265069793 751.1993955893831 586.7670999367419 611.9967789589373 603.509598302237 595.5591035659249 621.1831354013593 586.6589733349729 623.0065463637002 679.7541808786691 623.7353139248653 643.0027288227539 564.6637047268409 595.0180495881878 572.4028094680043
333.79879996935824 335.18586776097436 331.94274243178415 341.01818021344343 333.2645227358066 580.626006587021 336.4909404772334 332.8075161154129 332.3497014486352 700.9976656101553 331.34444980917124 335.07971976379304 333.81219328413863 332.87231754416644 337.1858986069228 331.30861387135474 576.391844219233 335.44015462214975 328.5635912258417 332.2564474321007 326.3801160734379 334.47951589478134 333.53353731594643 332.0876552497293 344.8939619699354 325.4837104754779 336.73980008443414 333.6365646339491 332.9543363882517 331.3023504293251
300.2438613742547 300.25855491263474 300.17171973527866 300.3444740172854 300.2523710746541 401.50849998500826 300.2183187759056 300.2467566236055 300.2133475704636 414.8366707900427 300.1882059199952 300.23882454290333 300.23769604070503 300.2098511513641 300.3063118036762 300.22380661983334 401.00761771004954 300.2620548912769 300.22071592231623 300.2267130058526 300.1886431981152 300.26208796694164 300.2514721216867 300.23911451938875 300.31708241041497 300.2162950744996 300.2648021420214 300.2482973456463 300.2899238557711 300.2265407003829
300.0000281572966 300.00003075636096 300.0000235138041 300.00003647296944 300.0000266507054 400.0001661100009 300.0000266409411 300.0000313832902 300.000025439776 400.00132323548905 300.00002629234314 300.0000281108987 300.00002898580215 300.000027443783 300.0000360725644 300.0000260931747 400.00014351611935 300.0000281161015 300.00002567058027 300.00002922230715 300.0000239853525 300.00002828614424 300.0000326536601 300.0000290177568 300.00003786890466 300.00003017486233 300.00003375161486 300.00002170699054 300.0000314324193 300.00002663240593
300.0000000000009 300.0000000000009 300.0000000000009 300.0000000000009 300.0000000000009 400.0000000000018 300.0000000000009 300.0000000000009 300.0000000000009 400.0000000000091 300.0000000000009 300.0000000000009 300.0000000000009 300.0000000000009 300.0000000000009 300.0000000000009 400.0000000000018 300.0000000000009 300.0000000000009 300.0000000000009 300.0000000000009 300.0000000000009 300.0000000000009 300.0000000000009 300.0000000000009 300.0000000000009 300.0000000000009 300.0000000000009 300.0000000000009 300.0000000000009
300.00000000000045 300.00000000000045 300.00000000000045 300.0 300.00000000000045 400.00000000000045 300.00000000000045 300.00000000000045 300.00000000000045 400.00000000000045 300.00000000000045 300.0 300.00000000000045 300.00000000000045 300.00000000000045 300.0 400.00000000000045 300.00000000000045 300.00000000000045 300.00000000000045 300.00000000000045 300.00000000000045 300.00000000000045 300.00000000000045 300.00000000000045 300.00000000000045 300.00000000000045 300.00000000000045 300.00000000000045 300.00000000000045
300.00000000000045 300.0 300.0 300.0 300.0 400.00000000000045 300.0 300.0 300.00000000000045 400.00000000000045 300.00000000000045 300.0 300.0 300.0 300.0 300.0 400.00000000000045 300.0 300.0 300.0 300.0 300.0 300.00000000000045 300.0 300.0 300.0 300.00000000000045 300.00000000000045 300.0 300.0
1000000.0 1000000.0 1000000.0 1000000.0 1000000.0 1000000.0 1000000.0 1000000.0 1000000.0 1000000.0 1000000.0 1000000.0 1000000.0 1000000.0 1000000.0 1000000.0 1000000.0 1000000.0 1000000.0 1000000.0 1000000.0 1000000.0 1000000.0 1000000.0 1000000.0 1000000.0 1000000.0 1000000.0 1000000.0 1000000.0
