217.0543873800002 198.01861331833197 136.47060021263815 125.99179321441125 208.64254668501144 154.5137525801165 165.57097765913932 187.55872917257693 173.95632320076083 131.80326117471122 166.22465427043744 204.91876664337587 150.5900522686061 192.4979508663837 214.60141646246439 154.85500230506977 199.67715251840082 157.80505845712696 165.27314500533794 106.34632405185494 173.22928306473568 155.85522631716503 198.41979138736133 176.23432690465006 188.83922033206773 190.89576759618785 254.1278110110611 151.95637317917272 241.4098782046185 196.65171852638787
112.8435856504002 157.88848893250542 136.47060021263815 125.99179321441125 83.08737790195664 154.5137525801165 133.2969365819681 171.52612624547692 173.95632320076083 131.80326117471122 166.22465427043744 167.55078859675905 150.5900522686061 183.5296661958473 214.60141646246439 117.56216517419443 153.44250771980887 157.80505845712696 162.1315432436877 106.34632405185494 173.22928306473568 155.85522631716503 198.41979138736133 176.23432690465006 152.57165120996478 115.67729390109707 203.9798010694003 151.95637317917272 212.65368913798193 196.65171852638787
112.8435856504002 157.88848893250542 136.47060021263815 125.99179321441125 83.08737790195664 154.5137525801165 133.2969365819681 171.52612624547692 150.3066978579568 131.80326117471122 166.22465427043744 147.15144241522057 150.5900522686061 124.61667245995159 214.60141646246439 103.90160768875558 149.31078677644018 124.54334094160777 162.1315432436877 106.34632405185494 173.22928306473568 155.85522631716503 127.50060430946223 176.23432690465006 107.34089859218784 115.67729390109707 147.82497589683499 151.95637317917272 157.4324166283277 105.47669370977337
104.4551752796865 157.88848893250542 136.47060021263815 125.99179321441125 83.08737790195664 99.42686785010892 133.2969365819681 171.3324464148509 150.3066978579568 131.80326117471122 166.22465427043744 147.15144241522057 149.95310325362743 124.61667245995159 183.5698372375141 67.4360128702574 138.30861141390278 111.43393842322848 159.56667900189996 106.34632405185494 173.22928306473568 147.32358277758476 127.50060430946223 153.2455347414666 107.34089859218784 115.67729390109707 130.2237610146326 146.60955388686307 100.92264339236226 105.47669370977337
104.4551752796865 139.33501631440186 115.48709906279146 125.99179321441125 83.08737790195664 99.42686785010892 95.52249920744998 142.01526836380162 150.3066978579568 117.36797782170788 149.11465098835106 115.22066656207653 149.95310325362743 96.59274603272706 129.73339208818243 67.4360128702574 109.83308410588143 108.02019484730818 159.56667900189996 104.36056989188819 115.0912266118894 106.56789376368624 127.50060430946223 138.063861383323 107.34089859218784 107.24023976528133 130.2237610146326 146.15827405143546 73.16087369566594 84.33978066709415
104.28194402349891 122.11754267415154 99.46620052046455 101.00672172941404 74.46112777705775 88.19239947276674 95.52249920744998 107.1584347179928 109.749441959867 88.85496548959281 96.09861260332355 101.19362860062893 140.69225211958428 96.59274603272706 106.70341220225146 50.51365294044081 86.04900692736192 96.9214627501351 66.06279814258141 104.36056989188819 110.46622936933818 83.72501957331224 127.50060430946223 137.8397050317235 86.78070906547873 107.24023976528133 99.36214797359526 58.1675744986228 73.16087369566594 84.33978066709415
66.9570182000798 106.87630013835724 71.12711351837606 101.00672172941404 74.46112777705775 71.76119578595399 76.60201991995518 101.64855364950881 107.90774782131712 88.85496548959281 88.871513474121 98.7756136750927 100.48142117386851 96.59274603272706 72.08886623498847 50.51365294044081 77.99491108664097 93.34779167862143 66.06279814258141 83.19700858949773 90.47807304799608 83.72501957331224 90.72581544615332 85.18703202768666 52.63644338427275 86.02050003757677 82.97258851765218 58.1675744986228 60.09697682398155 84.33978066709415
56.73440349533985 70.12573015897351 71.12711351837606 45.80069322905297 74.46112777705775 71.76119578595399 71.22776244106126 70.27708085848735 50.44241304054549 71.68452096327883 79.29254789408378 89.93557056799864 78.37604451735388 67.36361524236918 61.41239168465836 50.51365294044081 77.99491108664097 67.45808957441841 65.08397508381677 75.808807607787 72.19527860586777 61.60032150457755 63.85614773172438 68.76366938156389 52.63644338427275 72.31766395679824 59.902937422347804 56.25165955712964 60.09697682398155 76.05110651249697
50.66884334736369 62.3151886129458 61.03847601102234 45.80069322905297 50.30340121808513 43.85831366124103 44.660378252357305 55.574976159549806 38.49699554668746 56.899695550271645 59.20865654572299 54.61079508434295 59.58654803213949 51.73641474271608 40.02355602043235 43.792881869288294 47.096235436313464 55.53819134631385 59.71462505965337 52.30791909747995 54.64841246470951 42.47766762530546 48.14175135075493 55.04092821306767 51.58084094133574 45.121341169424795 45.17596286819753 53.01009497748464 56.08053376193948 53.10546997556958
36.893849878235415 38.58966026221924 34.75642357226843 39.20387329607911 42.1340270184437 41.46350808311399 36.093010687515516 42.3961980955562 38.49699554668746 34.79709936562722 39.442722429104606 33.80375816922742 37.2137459580872 40.129254184056435 39.38347275287106 38.999984110249216 40.91597554440568 38.784419717324 39.25701524532565 39.953912788283105 43.96382880152714 42.43552151533436 35.812081581217626 40.805966653333826 40.08739742030002 36.51611130484048 38.22804017853014 41.11346524488886 38.28268558143054 40.82194653871443
33.94137586845659 30.580938811888245 27.41199905194162 22.496519458112516 29.56323943400139 30.56703923118971 26.238150376079375 26.907896784279274 34.57467460941575 30.29981441607174 23.705679747024078 31.905899228457884 31.006052584269355 36.255021895706705 26.529104184437983 27.860177186266355 28.637696810840907 29.68159347139658 27.325316832187582 32.931506055680074 29.482734674491667 27.937651379318595 30.83069119547008 32.52293544082613 30.864662255941084 29.12396821182415 31.09710166097284 31.265023249642127 29.39142771621937 25.683264348732337
20.33827719585679 25.14205990405344 25.597699360190973 22.496519458112516 25.94862303313971 20.72760472768732 25.96773540899585 22.541329413608537 21.278542118486257 23.47545482955934 21.498550698275494 26.089282681988607 23.631989625089545 26.75116908409359 24.14864555235954 24.281875130383696 25.41332981215487 25.588739754639164 25.341537441981927 25.709906356073134 23.990425214318066 24.741745529735 24.814209134920702 27.36813840632658 20.936156165361353 19.77124821432176 27.023298646615103 19.489628120969655 25.931290311253633 14.487595792262937
10.61883146305604 11.190081959792906 13.584383076565246 12.590056934759104 19.092730513350944 16.798939211695824 23.841391919223724 15.433329733956953 12.218654826845977 14.584711535817405 16.709101407689786 8.172254997199843 16.804435451654626 11.75707000069633 10.356255898721201 11.766572218637975 7.514094278443736 13.818623018936705 8.167572631693247 18.032839920756942 21.73892555480279 22.816036722554372 20.620827064044306 20.63143722092036 15.40313950955101 10.628866480574743 13.745892804685354 15.705381045251215 12.678776000878997 13.826959711625022
6.97319327427067 4.520500773675849 6.2161129773944594 5.689033246375402 7.9007860539582 9.563121698546183 8.172615800383483 10.515342009195138 7.22627693886534 7.857776894677272 5.843872564093317 4.415166382518237 7.253361936042893 5.162569780578224 6.450332686920774 6.01425146781753 6.419397751781844 4.725999408203279 5.432628082063275 6.236620166161629 6.293536892402017 10.767440849311697 9.804255780829862 7.719612842822244 3.017600651638304 6.4119244308496945 7.125525585194055 6.518069290358653 9.12456743614257 7.179345972285319
0.6430095250482282 0.04646590342849777 0.26731801352548246 0.18877026784048212 0.15286343461730212 0.5208190161931725 0.20636379592770027 0.4536570536547515 0.21678169809138126 0.16456563772339905 0.1846492805575508 0.1083972119158716 0.8424984506693818 0.1307571369309244 0.10238856691262299 0.3964244455601147 0.34672705894172395 0.17958276047102117 0.2341674387562307 1.802958927368536 1.1328992625115006 1.225486899939824 0.5187944751166924 0.5785347282035218 0.05490220656429301 0.35308598627329957 0.43138454075710797 0.35398503270585024 0.6627829981712239 0.0991479873798653
1e-08 1e-08 1e-08 1e-08 1e-08 1e-08 1e-08 1e-08 1e-08 1e-08 1e-08 1e-08 1e-08 1e-08 1e-08 1e-08 1e-08 1e-08 1e-08 1e-08 1e-08 1e-08 1e-08 1e-08 1e-08 1e-08 1e-08 1e-08 1e-08 1e-08
184724.0 180037.0 175186.0 179399.0 186516.0 180251.0 176001.0 187307.0 176894.0 178107.0 182239.0 182589.0 188674.0 180440.0 184295.0 181112.0 180713.0 181759.0 183178.0 178130.0 188240.0 189830.0 183349.0 177686.0 182760.0 177278.0 180293.0 185988.0 179905.0 174351.0
