292.20030307671414 247.7232662033125 328.0247778253315 466.5491492761121 229.5009137206498 121.99632662099248 301.64841074529977 86.39277910298597 152.95910832323807 313.2798035414444 77.07740537130121 79.88722660904978 384.97739556981014 96.66963117278556 120.24631297380938 211.03697939092035 417.00227881803175 73.45873117342353 70.21992603684885 256.8725065473941 271.90176275032263 214.90134095024587 151.3299097557856 590.9955020579755 62.30680594377054 200.91983793859208 126.8818976869652 426.39299705732947 135.7194073778237 250.6439177950483
292.20030307671414 205.1888717029642 321.1191182066218 350.78042827377976 151.6266088836819 118.39901140101256 54.55347378749366 86.39277910298597 61.53288266563277 40.90701230270088 69.27243890791124 79.88722660904978 160.44660813813925 96.66963117278556 120.24631297380938 211.03697939092035 406.1065826047843 73.45873117342353 70.21992603684885 73.92247348966839 165.90132424419699 181.01602958585 151.3299097557856 212.737875321111 62.30680594377054 154.59503462346493 80.320365072404 221.431197846322 135.7194073778237 136.44448715142698
180.16383554265394 43.74006122724859 141.55671101200187 279.5675799441001 151.6266088836819 71.48823452263514 54.55347378749366 86.39277910298597 61.53288266563277 40.90701230270088 69.27243890791124 79.88722660904978 109.39941214008059 96.66963117278556 120.24631297380938 211.03697939092035 227.46205531856185 73.45873117342353 70.21992603684885 73.92247348966839 148.0178773173493 181.01602958585 151.3299097557856 94.17630138832828 62.30680594377054 143.93787671769496 46.457429377302105 221.431197846322 135.7194073778237 136.44448715142698
86.89042128595565 43.74006122724859 140.20918406748433 120.52885738686791 91.01531499709563 71.48823452263514 54.55347378749366 86.39277910298597 61.53288266563277 40.90701230270088 56.154538296524606 79.88722660904978 73.1598196416544 96.66963117278556 120.24631297380938 72.92951526852676 182.56922028308009 73.45873117342353 52.30506103535117 73.92247348966839 44.00565078644149 67.06564161799815 111.7562630146017 94.17630138832828 62.30680594377054 85.45969809373491 43.22323332077167 221.431197846322 83.59426739151377 136.44448715142698
66.98209501574593 43.74006122724859 66.43228924982122 105.16443159957862 65.74684932878381 57.26254141094705 54.55347378749366 67.5353285855299 40.89400165820007 40.90701230270088 56.154538296524606 79.88722660904978 50.85983013404302 76.80478315450728 65.55967451730066 65.75219770965987 83.23312877244234 47.573119620292346 52.30506103535117 58.033048590554245 44.00565078644149 47.09884317850856 111.7562630146017 42.110810045445305 44.798997315012 75.69696381149606 43.22323332077167 89.6186212221669 79.1678101679936 69.87946752902371
53.97185281657039 43.74006122724859 52.768700725763665 62.58611859529174 40.25372073376593 50.052219328033516 49.156928787851484 46.774669818499206 40.89400165820007 40.855810152297636 55.82770044481185 64.79413861258081 50.85983013404302 48.61649796048914 54.05596723243161 60.11169900876985 61.84047040979158 47.573119620292346 48.76129453419571 58.033048590554245 34.52538909737132 46.43288988918812 44.25848649779027 31.847950858287277 44.798997315012 40.68636378659039 43.22323332077167 64.7120667514937 72.08390801749283 36.46880900796805
41.44790833634124 43.74006122724859 41.536711478754114 37.81217283600563 38.74999365598114 38.91483990281449 39.888634161958635 36.93148605323768 39.10103839855856 40.855810152297636 55.82770044481185 43.50115201062272 38.91100500199582 42.60342879838436 40.926265892098854 37.984879747544255 50.628051891943414 47.573119620292346 46.846657362244514 44.53461433473467 30.558930797844823 38.460529972135646 44.25848649779027 31.847950858287277 40.69551925259748 37.083515191811784 43.22323332077167 52.09648382366868 35.37529212207437 36.46880900796805
41.44790833634124 40.76615747129472 37.85786771624089 31.821175458947437 37.038613273429746 36.80020466898577 28.002622856880862 31.731298431792766 33.849881738589374 38.98716330377738 31.04376782009558 39.26915045244732 33.978239372378084 38.57306423421778 35.22192101210294 30.79883226629363 46.17436658866927 35.46296690607278 31.927471607816187 31.99376412166339 30.558930797844823 38.460529972135646 35.61830273729993 31.847950858287277 40.69551925259748 37.083515191811784 34.12395756102751 34.30070757045769 30.14157222645781 36.46880900796805
32.5828703237994 32.151494497587464 34.07527065194154 28.277433851711066 27.574431166656723 31.049450785995305 28.002622856880862 31.731298431792766 27.243159747451045 28.815491888484303 31.04376782009558 32.337807860107205 30.03567212281314 36.457761020581984 32.80900160857345 26.909631366846497 32.464860934912394 30.32870828526393 28.975925292717875 31.99376412166339 29.8100848664767 33.41401613225253 30.57522015216955 31.11036742479064 29.990600698311937 30.249522066406826 32.850233155452315 32.177073981971716 30.14157222645781 34.782171934820326
31.02833300421571 28.18335375677725 29.917639486576263 25.64060269521906 27.058833684980527 27.277010881802653 27.709433269621968 26.206302455959758 27.243159747451045 26.991386967698872 30.018078961159972 27.157176622435145 27.168462635989727 29.635344868725497 28.447369146955225 25.594027344241113 27.675703452134712 27.76187535387635 27.576285847947474 28.262439901453945 27.84748164241364 28.367002609128576 27.978883858896552 27.092822560353397 19.754767251250087 26.775202102001913 29.717255167265193 17.0649952386284 25.930116370963788 30.02127517277995
27.305828918547377 27.65411402037853 27.921756437958265 25.26789472223254 25.007335144308854 25.658724016032465 22.82123427155966 26.206302455959758 25.974396028216233 24.570080311219954 25.284398790835894 27.041712598573213 22.238875104351337 23.928098675931324 24.579109816460914 25.594027344241113 24.912789671252995 25.78352152448224 26.282791464449474 25.796831509532694 20.552555384109837 26.988965937469402 24.194040241786297 26.128567004992874 17.790085533344154 17.65638101960576 26.61280969723748 15.677392254052847 21.22607636294788 26.787565536201782
24.51245688725521 24.10056287311272 26.32902848534468 19.109838768110876 22.302385917826086 24.649275719234993 19.596027576027154 24.79333648746706 22.28633265829376 15.939145996625939 18.766998011691612 17.965169746044467 16.41482153030438 18.497597901797235 13.111963549333268 24.80193804075907 24.127468141562986 25.501567691972014 25.270236619394836 22.349142156110247 14.736008147454413 21.92706595939626 22.940489406895267 23.6515654202085 13.248089559442178 10.76914263020717 21.441148413060546 15.677392254052847 13.61190385529926 24.234172254142777
10.697044366482714 12.99771300197608 23.654386715910732 11.650735200737017 13.424599501218836 14.834368502750749 17.03424124180492 18.55039494548282 19.06259276148012 12.887094790045921 13.360406261263506 12.783305723224203 12.58216305616952 18.497597901797235 10.943182308617452 22.648314554118315 12.869111789865656 17.99960308228674 20.483299022584106 14.83284041391289 11.453417893720598 11.618149594088209 20.70280420788231 22.224096181773348 13.233487281465386 10.745986203616667 13.0275680846662 15.366463135682807 11.536633078224895 15.954983350958628
8.845523523550582 8.763885990291783 21.349093221123894 7.520726570182887 11.510068864679397 13.569170419821148 8.357254289348475 8.366112507002526 9.325163773746226 8.004334942105743 10.308550024351462 9.11303265129527 9.720814996624995 10.130152998342055 9.343803309332543 22.417677816604282 10.089481690316916 13.282986119768339 9.658659288224044 14.151989267970293 6.782363670162795 10.772888189796504 11.06823451766968 17.60715949441783 10.684664470952612 4.906495725302648 10.720494119940668 15.366463135682807 8.536085759119942 9.558496453755197
4.654685417862311 5.4830149906765655 12.319051936476626 5.395988616631257 3.473240328563861 4.775463691787991 4.2979387888367455 4.9530871193233 2.7152820376009004 3.939366218171017 4.146066068539312 2.5322586172314914 4.856735691392714 4.948706337873773 4.697092484795121 7.395100465614178 6.211267217917339 4.46725915733532 4.2330447550975805 4.59255232799751 2.8681171435350734 4.04783032947762 3.314779467749304 6.731872125189511 1.4173344473597353 3.8791248425236518 2.9663098865207758 6.0378833707409285 2.8161146052102595 5.575271839788002
0.07947332260482654 0.639001136517436 0.08644105961411697 0.02128931269498935 0.6619939216361672 0.061480018750899035 0.0006783928142795048 0.026956469538617966 0.0001926529143929656 0.03523238960269737 0.007110685825864493 0.002174518430365424 0.03805502494606117 0.07768971511814016 0.022665233397674456 0.6252292597760061 0.08222436785263199 0.1106723803090972 0.05569325736269093 0.055482031326391734 0.041574253209091694 0.03831079258088721 0.02376275339111089 0.04661526670497551 0.03064562396502879 0.6646271348431583 4.5469088945537806e-05 0.17503790636737904 0.0021546388443312026 0.001573612874835817
199997.0 199997.0 199997.0 199997.0 199997.0 199997.0 199997.0 199997.0 199997.0 199997.0 199997.0 199997.0 199997.0 199997.0 199997.0 199997.0 199997.0 199997.0 199997.0 199997.0 199997.0 199997.0 199997.0 199997.0 199997.0 199997.0 199997.0 199997.0 199997.0 199997.0
