4916920674.657659 3260628563.0255594 4789704478.639201 5731881169.512944 2833669285.4264226 6060565254.398043 1733816288.3209794 4425939942.512176 6632532660.1689 4356932650.582402 1829233589.5798194 2187616348.5977497 2614663208.185338 1973187759.1291509 4829082366.840838 2061318162.147236 3231869306.5013013 3518064814.857577 5173589594.296579 3446868276.4033737 4189524033.7596903 4985784972.427727 7197351650.82967 5922459337.818788 4179445764.747035 3576863972.168384 4187544930.1844378 6160768224.428263 3763990896.8090835 3568408191.501656
4062856544.691406 3191862137.8613873 2388728961.5468364 3341020030.4158683 2833669285.4264226 2779342675.6747074 1733816288.3209794 4425939942.512176 1566073688.602218 4356932628.777966 1803758599.548052 2187616348.5977497 1221190754.3862493 1754525575.1691906 2363655882.2739043 1132834390.937244 3231869306.5013013 2067923555.9284203 5173589594.296579 3345579494.356023 4189524033.7596903 4985784968.206944 6079551435.820637 2613026993.2425914 4179445764.747035 3576863972.168384 4187544930.1844378 4250811680.4274397 1502634097.1805637 2143179348.4083562
3193920534.6726823 3191862137.8613873 2388728961.5468364 3341019988.779771 2727369473.713346 2351623951.0858054 1733816288.3209794 2337579494.273453 1566073688.602218 1664936842.891928 868805270.6749974 2187616348.5977497 1221190754.3862493 1656029668.1401148 2142505774.812455 1132834390.937244 3231869306.5013013 2067923555.9284203 1256487263.541413 2117059386.5411515 3434842964.191108 3219220222.43338 3866870534.4979935 2613026993.2425914 3197910522.7318535 2901534226.313218 4187544930.1844378 2995658921.4597225 1502634097.1805637 2143179348.4083562
3123146273.8643513 2278520643.561144 2388728961.5468364 2846639186.0395317 2727369473.713346 2351623951.0858054 1733816288.3209794 1851415499.293344 1566073688.602218 1664936842.891928 868805270.6749974 2030963915.0454843 1221190754.3862493 1656029668.1401148 2142505774.812455 1132834390.937244 1996418800.1856523 2067923555.9284203 1256487263.541413 2117059386.5411515 2721444705.4931483 3219220222.43338 3374886291.857193 2613026993.2425914 3197910522.7318535 2211762233.9361773 4187544930.1844378 2447759074.1007047 1502634097.1805637 2143179348.4083562
2473737410.8991275 1668673081.0683477 1295207897.9723468 1799420037.6571577 974504755.5026871 1898209999.4749775 1733816288.3209794 1851415499.293344 1286889873.6736693 1091254501.916151 868805270.6749974 1197900285.8436835 1221190754.3862493 1656029668.1401148 2142505774.812455 1132834390.937244 1850340689.4723616 2067923555.9284203 1256487263.541413 2117059386.5411515 2324420959.9752526 2893913313.3451085 1649848865.2452445 2613026993.2425914 1692815605.9796681 1526908549.9278412 1285490210.9578075 1523540470.3016217 1502634097.1805637 2143179348.4083562
1593642235.1293974 1668673081.0683477 1273663014.3970232 1799420037.6571577 974504755.5026871 1898209999.4749775 1127787890.095015 1851415499.293344 792591823.0694153 1060305122.7571559 868805270.6749974 1000995863.6768116 1221190754.3862493 1656029668.1401148 1981369167.1888666 1132834390.937244 1004880139.0003164 935305691.1422067 1254242010.4062765 1707758881.867799 2279785344.770698 2417413499.833501 1224485026.7466729 1829064456.7694862 1650174523.9089088 1526908549.9278412 1285490210.9578075 1523540470.3016217 1502634097.1805637 2143179348.4083562
729671824.3256856 497465189.5241645 310682022.3009292 720254409.856552 592669863.9750496 872719439.838327 363902949.5584454 737466719.9591496 564778500.9698294 820043458.0863674 634434141.6921654 528499393.96065277 693774795.1759043 367692660.6961496 625992877.4850485 465809703.93073237 658712550.7673342 480319283.3847689 631193791.4699837 974339591.9367449 839390418.9245338 604527103.114618 210487976.73984933 1272179275.4687352 434964558.0926907 702504332.2175274 155023452.71695778 898060959.598938 597052127.758533 700664151.7694631
205666528.56134903 149301964.97376302 121499134.22308876 123363199.37288369 284626053.267171 185135288.98703152 229166174.7457874 106909533.18396923 182522467.18414864 141950130.90211222 280515906.5784318 263071721.25476766 136404983.70492643 169826175.95707822 210416808.2619556 154203471.18368578 243892480.0724564 116981127.45581459 233825809.53716156 79266134.20294611 140860065.69040346 64137279.71962297 143566486.48018423 167378180.4057388 230684783.29832098 119530463.07619761 130886970.78360981 113967078.89338256 12566707.33467746 164287748.5616962
52602777.50613495 35861850.95642293 32752843.167948633 54817757.23986483 35208018.05424904 42671424.41673348 15185605.790264191 17146829.259998973 35575757.56707559 44394119.3965759 52415168.92948594 10404378.656221416 31837481.894182988 25996127.96136055 30072515.43612858 28937302.92021565 52400832.63077036 36781950.996354274 53481395.30543974 44426564.45864867 31482193.6661725 16951151.10578385 32901329.422422674 84897260.86466709 25092214.494334586 31717082.011990506 41580130.39747166 59978428.65260259 12566707.33467746 44314838.29894509
10076483.51235881 5725925.934963213 7052904.07691253 7089730.422757438 2807600.5057401047 3957696.788965466 2899410.909658509 7279588.289758752 5264434.875134878 4722735.232251281 9066158.851789081 3696716.826881151 3307730.7545339335 5361487.351786717 2143418.0615184996 5232853.800429264 8021172.291504239 5374352.351631259 9200945.281216124 8315698.090618 5976235.933282305 2884722.8366283714 5460523.311232176 7115373.568813719 7219580.79154981 3436321.1885752752 9125762.793136828 4790647.008207007 4851038.6619853955 7134932.534414894
612874.1803363231 530852.7930130085 583418.7459858665 575204.7717249983 423135.53263714374 1070866.2720871011 745860.3162585823 600739.0852523813 232824.84414511293 637023.0705350336 573017.9495372941 673203.2909828498 603240.4564742467 404152.5620432649 281203.36087291327 591031.2512951517 861273.0968476633 269222.8981346314 787051.060777191 279256.2884007038 528932.6111383777 410206.9519401223 796503.3822806296 1171946.7290792163 542118.8004933227 654529.1420445543 585572.9929146323 421321.4323665762 399493.8779355346 536066.5560179643
47079.70041524704 47549.88110634297 43455.14008413053 38626.346534674216 40648.45766431201 62744.93225927921 36153.13029028954 101905.22968577062 52374.66499578173 69689.89557021603 47782.70385796775 79998.32410646697 67469.16423238777 68816.11194251211 31159.329491524928 47185.44895717426 38043.18902314552 38657.04381716874 81598.49905439213 66079.37205161348 56297.698200608815 47252.12416534977 21204.103994734036 28787.038478943345 51675.85793772886 42879.10167258424 43291.313653356236 45751.502353779586 34269.93298601142 69434.06201054601
2239.0982280992353 2366.3404099699546 4460.24844736963 2248.229608436619 4579.518795772493 3563.3215990312783 3962.083564529854 1031.9597357511848 1292.3372892621423 2999.4244211971427 1765.8041335619232 3606.1238986028366 7241.5089577635335 2006.1216254667133 2360.164589699094 4147.7292190457065 2679.1244496093605 2435.1819815371655 3005.141319459116 1461.448709334512 2065.146388305115 2970.8628935450306 1455.6678305999112 3207.417981067326 2259.434221283708 3261.752887445259 2831.1567778924273 1012.6322678119568 2388.5394660401653 3080.6778635602714
91.01854208084274 94.27770023538164 92.10241258642941 107.11274882603766 104.1615049443692 79.53965117583448 69.74505354028474 89.88155268428568 116.90080735524634 145.99921273161863 71.43033981027679 95.79655228789943 133.71117446802896 76.36089379895384 78.56030204782223 72.8919583593322 71.85838765358812 107.10445000941854 73.93264685237455 89.6149311619888 83.7323572569112 83.62169533140172 89.52823437740085 89.950323909894 89.24230645338434 88.12879374024124 87.46700852448248 70.83494383418542 94.6799437291802 83.51140051598827
10.4541101828313 21.983591025413943 19.689029817965093 28.379181213901802 19.564512097800844 11.33760350331545 20.537645557537644 16.08654265377777 47.56422649445312 19.94390847771797 19.30818152681195 23.244653915993695 12.99793003212244 8.302904753095163 11.613939437447243 18.58813491004139 22.497530724520857 18.00985008454495 10.068075666087452 19.597095179777853 11.323404537200986 9.479961992310791 14.595824167908859 21.304280521174633 19.52100004403951 15.147658151123323 22.503414951972445 16.4504780429736 13.108308760685532 23.40528293018224
0.18778191663523103 0.4130109381192142 1.2781718219882805 1.0133574524422784 0.2953484954441592 0.4153087918791698 1.3288886203838501 0.36446518914635817 4.477957113077082 9.487150538227752 0.18142416951536688 0.42076392821491027 1.3483736108207722 0.1943974095934209 0.3041887727129051 0.4540036169605628 1.3995530442928157 0.19251213731763528 2.274737808704458 0.30582176032044117 0.7141124635934375 1.3238928589012176 0.17253209121781765 8.024815033627874 1.818632135707503 0.35237774535744393 4.449223714218533 0.5093323522642095 0.2995963894677516 0.14621957145163833
1000000.0 1000000.0 1000000.0 1000000.0 1000000.0 1000000.0 1000000.0 1000000.0 1000000.0 1000000.0 1000000.0 1000000.0 1000000.0 1000000.0 1000000.0 1000000.0 1000000.0 1000000.0 1000000.0 1000000.0 1000000.0 1000000.0 1000000.0 1000000.0 1000000.0 1000000.0 1000000.0 1000000.0 1000000.0 1000000.0
