356.5464673336119 452.5588098520343 500.49138622482224 452.6042613179302 338.91097022144595 287.36332756923593 452.89837260949616 453.26519167668357 352.8366686936042 363.29214806734353 310.0105377875616 345.4541422534253 398.8030957330275 227.92211867424794 336.04643164953814 478.5139704039316 342.86968896646067 440.2766742842532 258.1339268197148 407.65338257566145 365.09189316073116 411.355458792581 455.6282973862458 352.30035872640246 488.68526326980873 571.7707306680722 432.5769947797853 187.9139811062446 304.0724292327436 354.8829741014997
356.5464673336119 359.19970518368336 235.30868056521422 431.9493931181237 338.91097022144595 244.17642553046153 326.68557741352606 389.40351992276055 352.8366686936042 363.29214806734353 310.0105377875616 345.4541422534253 359.36622996789265 227.92211867424794 326.17023859794153 367.09891185438346 335.589917085204 440.2766742842532 258.1339268197148 338.5700385428913 365.09189316073116 411.355458792581 443.98188392293287 292.11124738369017 252.73207085062768 354.04047221302335 432.5769947797853 187.9139811062446 304.0724292327436 232.1727892785575
356.5464673336119 359.19970518368336 235.30868056521422 431.9493931181237 338.91097022144595 244.17642553046153 326.68557741352606 317.05415815776587 352.8366686936042 318.5681571441901 310.0105377875616 260.5367127612367 359.36622996789265 227.92211867424794 290.69274179585454 341.18247129020665 276.75082788339705 335.62500452369113 258.1339268197148 298.0854811540207 283.63236449930173 411.355458792581 343.7946873736255 292.11124738369017 252.73207085062768 354.04047221302335 372.37891476325785 187.9139811062446 223.05073856181752 232.1727892785575
257.5523774330686 333.7813652223181 229.91405037096638 431.9493931181237 333.44598946685846 244.17642553046153 288.11487077211314 317.05415815776587 352.8366686936042 318.5681571441901 310.0105377875616 260.5367127612367 330.0979466349745 227.92211867424794 282.4317536432418 321.8677035010678 276.75082788339705 281.03664221264125 258.1339268197148 298.0854811540207 259.2350602335896 411.355458792581 273.19206620351633 292.11124738369017 252.73207085062768 354.04047221302335 341.978354912691 187.9139811062446 223.05073856181752 232.1727892785575
257.5523774330686 312.08936443534094 229.91405037096638 321.6237092744409 333.44598946685846 244.17642553046153 288.11487077211314 307.1536240534265 311.0570098919952 303.4278962713988 310.0105377875616 260.5367127612367 330.0979466349745 227.92211867424794 222.40642188539186 321.8677035010678 254.1626983215324 259.7636856242916 227.9218064960487 243.75125875324147 238.5872482974114 349.598722260881 255.12466966915417 292.11124738369017 252.73207085062768 354.04047221302335 341.978354912691 187.9139811062446 223.05073856181752 232.1727892785575
257.5523774330686 279.58924073024855 202.67993467937094 315.97130568797047 257.53682805632843 244.17642553046153 288.11487077211314 307.1536240534265 311.0570098919952 303.4278962713988 310.0105377875616 260.5367127612367 330.0979466349745 227.92211867424794 222.40642188539186 316.5798454196188 254.1626983215324 259.7636856242916 227.9218064960487 236.92576583239133 229.1699169799881 242.96116807944327 191.42531320717853 281.3203292286353 252.73207085062768 260.3618757665158 341.978354912691 161.34239813039903 216.41598866037157 227.57102766346543
257.5523774330686 217.10544882108434 202.67993467937094 304.8984716297605 257.53682805632843 244.17642553046153 209.9607310556039 257.905585690758 236.0254350360956 288.58517300597805 215.59040248983 243.91135614318227 245.84794261585512 227.92211867424794 215.22160144471127 160.19453777156377 237.15748637786965 254.19187797576387 213.54962733209686 151.10983047847185 168.89237334383733 205.31689975435484 191.42531320717853 245.7815249059504 235.89726768714263 232.48467876289715 255.4111844860654 161.34239813039903 216.41598866037157 194.95195618035905
155.4516001986717 205.16541953310116 197.73214320250418 186.866933308836 166.21398510721065 214.53236388531923 209.9607310556039 209.75803624029413 184.16142952835526 220.07742537029753 183.2560980200924 144.92189262493002 194.36302151800965 168.03078605079963 147.37809917702089 160.19453777156377 178.48168517083104 181.21356005183134 211.2247429349868 151.10983047847185 168.89237334383733 193.9138351588408 148.6899597369861 185.78510799832475 192.92250758989485 190.86630215990817 203.25105853108516 161.34239813039903 208.74506948838643 189.5538519517636
149.25973497948553 118.19838269973525 143.6527352014873 139.76934444721974 134.66350451752396 149.48081883826308 178.2346338272714 171.59244432908918 184.16142952835526 144.153799098096 103.26073509014213 144.92189262493002 142.842583964019 148.5718407735012 147.37809917702089 149.33704260742797 138.78651141881346 139.6414367118814 151.9689738409561 132.17967067518794 144.6960617894747 150.64282519042354 140.84291534871818 137.44926598025404 162.0230236393263 134.99232979600902 171.47170617069378 136.60177464502613 153.15828211797498 174.57488273277113
127.43862076996174 109.87616545099718 141.65555664600288 116.79250620711673 117.38730754692688 115.89404516650302 131.28258422177987 126.82634972524465 108.68418556108372 111.79146349927714 74.017030191103 127.78475286337925 121.74333162388211 117.10708394523726 114.92635093496483 132.0913991948114 105.47673032103921 123.77644723296771 128.17129517756757 126.29102819479476 121.2542347326521 108.6512495403008 114.12386232107565 118.61297838642031 129.3015574664164 116.49635524576615 100.65340072307481 120.44374809455712 132.46068718888 125.26589832120771
92.74224878378845 85.28666676361445 74.47779187271908 101.92404993872333 91.41525552223675 83.94222197356112 85.64520073419908 99.66543949963125 77.39925492263592 78.8076657812494 70.6124083642203 103.58563325323712 77.09717895818858 85.3195303668058 92.57711729487983 106.83856363257837 82.24256705951893 102.4403054688596 90.80717308605972 90.33895311806918 76.56592346767457 73.00485702077549 67.36512881267527 86.53665092742085 96.24459599670945 105.34480621342436 87.30293286881624 88.45963951250087 83.65373836671824 94.05283609405569
69.74925780078001 61.33768265859635 66.64792100846807 64.57770655332888 63.48024446865702 65.22137733830596 59.13232924971226 54.34536053999955 67.30815236978242 70.0481066743946 61.76139740647477 68.86197610553745 68.87268512892751 60.86907162735588 51.877646410558555 76.3821776165164 51.37817743927053 74.96829043127264 56.67736833271465 68.95945078090563 48.224345958573394 64.54498412010025 65.41706291353921 62.88772238056799 59.96640300643821 71.68028273328264 66.57443110034046 60.9977431074326 65.48559905909951 63.66550664636361
39.27915146146256 49.732190873271065 51.00368939411828 49.93770663097075 44.817558376369334 41.522056012581515 40.361597051147555 43.839098702989304 52.88348178527394 55.021318555409835 48.26446418658952 54.09877031106316 38.31581154567698 49.754708531896085 47.064461726116406 47.56841780910736 44.6003108760342 46.053786368339615 47.78867061973938 47.24881717455969 42.68354805227614 42.67920183494971 52.76456452508501 46.99006369928384 45.24309188960342 47.33297064384374 50.9522125443209 47.36239377728498 47.51004085330578 46.94843302569552
33.09056109793073 35.5896424851951 38.5812471085203 33.99971058599294 35.550937904081366 32.68092773144531 33.587574069998254 37.07671793876261 33.08831691212458 33.68535456648874 36.59290346607395 40.64099003691831 30.479032513020456 36.63024587317159 35.23481194983992 35.77627607754948 36.069130675381075 36.01443697947025 36.24735937978721 36.53336008957285 32.790743895646756 36.615219368444286 36.88366739251137 37.117915621704924 36.423752823897075 36.581386098305984 35.09758281138397 31.800733385656258 34.872929555936025 37.844834227006686
26.984235020870756 25.40399054189652 28.407024848797846 26.83311043131721 21.071228390808983 27.8415994399561 26.52835055636092 25.440338068467327 25.65172722653847 27.696122429760862 25.85334776770833 28.94550461994504 25.4372351377408 24.89565151026204 25.835180128080538 26.01181885433948 27.528679521680942 27.039491245994668 27.05137629059209 27.083741704077738 25.34080571569757 25.152927767738902 25.737463135000326 27.720760392466445 26.964780315204735 24.777139186955537 23.865803042614743 28.35142147954366 26.527466695134763 25.19267617006767
19.99987155624558 1.9899181166344988 19.998505121743847 19.999999703327603 8.271835637821596 1.6193055705573443 0.3121889179878963 3.0179886239577627 2.4000899688996924 17.93610396663371 2.3020913702121106 5.2869770595527825 5.286963504009236 5.599136759649582 19.998506896862864 4.604177702637344 20.312170086254582 19.999983825467552 20.312045573889918 1.3071323149431464 1.9899181143991882 20.312210995590476 7.589054873985333 1.9899316698656548 4.974790247945066 5.889194637574292 10.134112259967878 1.3071323133228816 1.6193056507622714 1.3071323139354263
1000000.0 1000000.0 1000000.0 1000000.0 1000000.0 1000000.0 1000000.0 1000000.0 1000000.0 1000000.0 1000000.0 1000000.0 1000000.0 1000000.0 1000000.0 1000000.0 1000000.0 1000000.0 1000000.0 1000000.0 1000000.0 1000000.0 1000000.0 1000000.0 1000000.0 1000000.0 1000000.0 1000000.0 1000000.0 1000000.0
