7174.632735068644 10457.527968873175 10667.785954650231 10347.25091077745 7825.107105698713 11602.3227916383 8126.149238325634 10354.219767158122 10782.628976951808 10316.979337992252 10854.654956820003 11665.538930751913 8764.458559780564 7948.03444804537 8205.94833173445 11130.006350674837 6169.237381726312 12839.180396854794 8607.100137036958 7108.082609597425 9838.067294593355 12157.313656674789 10757.72843666905 10307.447437465704 11012.166957016965 6735.238426854323 7235.219267248494 10798.68544589857 8490.04869821218 9855.088483370511
6411.783260473238 10457.527968873175 8739.166986472437 8463.943369756358 7825.107105698713 7648.495843176552 8126.149238325634 9821.2258539376 8518.362756427468 10316.979337992252 8404.914982615204 6694.624688390574 8764.458559780564 5840.032601295878 8205.94833173445 9567.213544429054 6169.237381726312 10860.423270006791 8355.842266795547 7108.082609597425 7169.9058593193 10785.443893820804 9417.59780809213 8355.004717890695 9894.021725618166 6735.238426854323 7178.218037128174 9171.715565297907 8490.04869821218 7161.477168385601
6310.2581147849105 10032.243740745893 8739.166986472437 7310.346948144197 6829.019384722916 7648.495843176552 8126.149238325634 9026.680927676696 7538.467983373381 7976.342852598409 8404.914982615204 6694.624688390574 7883.389919901198 5840.032601295878 8205.94833173445 9567.213544429054 5016.581636462217 9516.598076812736 7258.279342797076 6943.744628416589 7169.9058593193 8732.996746363066 9050.105601408919 8355.004717890695 7383.482486647297 6735.238426854323 7178.218037128174 8509.670371141394 8490.04869821218 4084.5229112518455
6310.2581147849105 7538.0503557204065 5809.253774693717 7310.346948144197 6006.0254864011185 7648.495843176552 5543.6623282338805 8176.774015464383 6292.122900202333 6056.743728242985 6548.836735456717 6694.624688390574 7883.389919901198 5840.032601295878 8020.497473419513 6934.562702823282 5016.581636462217 7167.346034874631 7258.279342797076 6943.744628416589 7169.9058593193 8732.996746363066 5440.650792317711 8355.004717890695 5303.672314120136 5944.063542609509 6400.927352643766 8281.302363547173 5776.257577862248 4084.5229112518455
6116.320401258276 7538.0503557204065 5700.345072165226 6420.00867319865 6006.0254864011185 5494.291281516638 5543.6623282338805 5314.833029026888 6292.122900202333 5096.546786447751 6548.836735456717 6694.624688390574 5778.607166842247 5840.032601295878 8020.497473419513 6097.600948350969 4004.2481270466233 7167.346034874631 7258.279342797076 6520.98440602193 6940.856359342788 4342.953789172066 5440.650792317711 7422.3636409322535 5303.672314120136 5684.1954086930455 6154.1274932749875 5391.846936635839 5561.378718096371 4084.5229112518455
6116.320401258276 6150.9092889544845 5700.345072165226 6420.00867319865 4301.901618133312 5494.291281516638 4901.674903933974 5314.833029026888 6292.122900202333 5096.546786447751 6298.365485010195 5826.273884712442 5219.209881804032 4798.358432568097 7129.638538315583 6097.600948350969 4004.2481270466233 6208.6672873984535 6765.1554734499205 6520.98440602193 6940.856359342788 4342.953789172066 5440.650792317711 7422.3636409322535 5303.672314120136 5684.1954086930455 6154.1274932749875 4340.309986919205 4804.486663335102 4084.5229112518455
2713.4142080218894 3328.537002424767 3574.815360926178 2363.200549574325 1968.9866953894884 4938.2964498202155 4458.768961403571 4003.4722088198623 4627.764146041279 3722.362570229404 4317.342830309891 3764.084850704394 4547.595466600184 2617.165872940131 3292.044590906533 3481.7975424468505 3769.856029140874 4741.261713581434 4041.374250640507 3042.9695247913696 3623.851623389797 4229.903520065951 3846.790347289266 3075.779982102331 4152.590371972967 1905.3632637321844 3313.0895806246663 2273.5730841552245 4287.581323654249 3185.458597578358
1795.5492870123344 1911.7739594203622 2661.8931500351023 1569.0640843892052 1653.7498836197215 2210.034502355657 1435.4120505948513 2082.3985737289236 2001.155351061373 2921.0639004133336 1679.2874638643798 1903.7170461203295 2571.044164220509 2289.3279389775516 1586.238832716831 2401.8660439500063 1592.3570930869437 2215.386634009792 2029.228205074532 1818.2891281425877 2213.235633092273 2375.9369194341443 2232.834876458203 1990.0796639799555 1310.6802149256637 1905.3632637321844 2300.861654434537 2273.5730841552245 1879.3155909105553 2207.7675315558067
955.0575953076327 979.9394667549843 1119.6079709695218 915.8224737171172 1085.045113128474 1178.972478614356 955.1445099421933 1128.0585504168878 1338.1405935657626 574.0392215964587 666.651399881348 1279.6751311839275 1019.0075442234713 827.3651378255659 777.7574007151752 998.2524083229891 961.5168866390677 497.4841067327966 846.9547035085502 1114.2792290728903 798.0065180876588 1010.0604649991405 744.5524237183854 755.0908859143483 1065.682169054071 774.9534791228198 910.6609690745604 1164.978757833945 1032.695311932432 481.1735789216548
243.87641759029748 393.63618702193753 443.4542977087003 249.10517447046823 359.7629437254186 331.25945018636435 309.20191791198977 291.81441195608227 274.4562118488793 296.54842015579743 321.9661978754566 361.4747696729937 360.7511823643042 258.2052619427575 313.51075656041303 385.51641700358437 364.4787001345221 390.8105755149836 361.4309885136811 265.6019049075512 371.03051201655285 269.80512514876773 372.5754870903627 301.0440984462398 362.2396840338922 311.09165194177376 359.74434051480785 368.7214512906771 329.70299781506014 254.42370159185157
42.42462969654582 46.8181224582836 56.83439651088031 53.95169429686405 51.6981161760408 63.558055895800294 43.30213926441456 42.22720581133649 36.29549295733125 32.18454097619656 39.457857299387456 51.4348362751889 55.437132321876334 51.708115032932824 32.29306708256013 51.14725269584483 60.48198799280624 35.90543830281615 44.734210245094914 41.08610139909399 39.263662968962876 65.46233555118692 47.30809009678444 52.34098020766885 52.45880494410426 53.81358743743931 68.49510694465312 52.83966357524855 46.920831934872126 51.70498506031379
0.8234218665564867 0.876739636014122 1.140192533488289 1.1130156241080158 0.7293605703367803 1.394102587995235 0.6724743983404551 0.7006506226472311 0.8415037662010718 0.6510921816040991 1.2800946851957633 0.5480275903896654 0.8938219975600532 0.7837331880655256 0.6967802169693869 0.6304396818142095 0.8550366876679618 0.7570436081477965 0.6795908222372873 0.6479980812106305 0.7169260880489219 1.2417663333801556 1.097997933274769 0.6862516947742279 1.0100934722775037 0.6555119585405009 1.1890487269448613 1.2062401755790688 0.754550710329454 0.7294188388258362
1.4398005987459328e-07 1.7776869754015934e-07 1.8041066596197197e-07 2.9151385660952656e-07 1.769832351783407e-07 2.93029188469518e-07 1.6411865999543807e-07 1.7958598164113937e-07 2.0595700789272087e-07 2.4016958377615083e-07 4.679635594584397e-07 1.6341323316737544e-07 2.742868900895701e-07 1.6254591628239723e-07 1.3080057215120178e-07 6.568018307007151e-08 2.098354343615938e-07 1.9374658677406842e-07 8.350673397217179e-08 1.128825033447356e-07 2.0000334188807756e-07 3.861144932670868e-07 3.986608589912066e-07 8.797803729976295e-08 2.6551197152002715e-07 1.8129037471226184e-07 4.795184622707893e-07 3.0766227610001806e-07 1.8420212199998787e-07 2.3969687390490435e-07
1e-08 1e-08 1e-08 1e-08 1e-08 1e-08 1e-08 1e-08 1e-08 1e-08 1e-08 1e-08 1e-08 1e-08 1e-08 1e-08 1e-08 1e-08 1e-08 1e-08 1e-08 1e-08 1e-08 1e-08 1e-08 1e-08 1e-08 1e-08 1e-08 1e-08
1e-08 1e-08 1e-08 1e-08 1e-08 1e-08 1e-08 1e-08 1e-08 1e-08 1e-08 1e-08 1e-08 1e-08 1e-08 1e-08 1e-08 1e-08 1e-08 1e-08 1e-08 1e-08 1e-08 1e-08 1e-08 1e-08 1e-08 1e-08 1e-08 1e-08
1e-08 1e-08 1e-08 1e-08 1e-08 1e-08 1e-08 1e-08 1e-08 1e-08 1e-08 1e-08 1e-08 1e-08 1e-08 1e-08 1e-08 1e-08 1e-08 1e-08 1e-08 1e-08 1e-08 1e-08 1e-08 1e-08 1e-08 1e-08 1e-08 1e-08
176886.0 177777.0 178667.0 180147.0 175995.0 181035.0 176886.0 177777.0 178371.0 177777.0 180739.0 179555.0 178371.0 176886.0 176292.0 174506.0 177777.0 179259.0 174804.0 173314.0 176886.0 180443.0 181626.0 174804.0 179555.0 176886.0 180739.0 181331.0 179555.0 178371.0
