847.8634666068922 259.81506374900914 834.406824778488 2737.1304014870357 1135.711944533011 1270.152901617034 2085.613799954207 2031.2868936793375 1005.9417096766715 1727.8690244714671 2300.0932362613 1416.4925701089273 1245.0421601490173 588.148005041763 1724.1330176133579 1501.3807345247913 1528.0529193649431 811.4162197314456 1933.5981717474065 2266.8261287853743 1793.745410654894 1465.7751624472853 1117.668647886645 1191.475050938819 2485.684239470337 1286.7146636258296 2263.7584893731096 2086.6768773972526 1604.095517637406 2418.7949274781936
847.8634666068922 259.81506374900914 654.1590509418988 919.2329566983908 1135.711944533011 1207.161277339722 1188.935212664097 2031.2868936793375 1005.9417096766715 1363.85166207154 2289.308808805607 982.5691655752616 640.9635226584551 588.148005041763 922.5648980545759 1501.3807345247913 1510.5087671895114 811.4162197314456 1300.4389113177529 1056.5608366992744 1615.5367417488483 1465.7751624472853 1117.668647886645 987.215386437319 2485.684239470337 1286.7146636258296 2041.8278270343958 1794.483755426285 740.3448161948816 1907.9026709115096
609.3646537645586 259.81506374900914 362.59777493201193 919.2329566983908 1135.711944533011 863.121023618608 1188.935212664097 586.2071497699704 794.8718882964124 1363.85166207154 1604.0747616702756 664.7227074358675 603.6173392951835 588.148005041763 922.5648980545759 943.7499648521759 1510.5087671895114 502.52098303413663 549.9141841319556 1056.5608366992744 830.9149051545871 1232.2696150057543 834.1415684140431 719.7539241218781 817.705839739748 1182.8025505015555 1158.508010797045 555.7542801243337 508.3110799369465 800.1095734085109
502.4934338872656 259.81506374900914 362.59777493201193 411.14977803466013 1135.711944533011 489.4389723051254 369.64867010139415 586.2071497699704 734.6948804337953 356.2379907872281 632.4739751924462 664.7227074358675 603.6173392951835 496.4377844803422 563.0719893176973 615.8395836590983 631.3727251574771 502.52098303413663 549.9141841319556 950.2861424291909 774.7358184093946 733.7941831222029 834.1415684140431 413.11093565067245 735.9030096652118 575.7861584442355 705.1221272871178 555.7542801243337 508.3110799369465 800.1095734085109
170.02292938815663 249.19224962537203 320.6553978748269 291.1275819523945 402.57767452323174 443.1304860816572 369.64867010139415 302.568429974679 218.9981410197447 149.15247974840577 304.05038060658694 374.05367773488547 412.22562051245495 256.9838336310197 324.9198864609425 264.1158833054436 159.1294141244001 449.99612780526104 522.0595831126469 436.14521183442434 244.43589656276345 256.8243357777519 347.5077313622635 235.65844892924542 362.96629685347557 370.90272834599887 268.9574427157554 278.1084933324114 165.4169539815971 156.20191104388698
87.64663072185022 114.4690618085275 191.78083916062087 131.13651511625744 183.15915047202634 119.42030726778603 254.37583281511297 138.19116239636026 157.39064003389308 143.81683615472105 190.47828997827526 217.86059486165254 146.79560166638453 100.82008765926838 181.42237785570273 157.3164640260511 119.67783821345108 200.0583674820873 237.80573597038415 150.4407621712703 132.01754476078315 192.3972529426576 171.65981222554888 176.56072036404544 158.0017135349026 141.94353252985388 148.1443093025672 198.05934029833406 127.28387680009746 156.20191104388698
71.87176441656834 81.55857533243687 94.3158267334909 83.2004261524757 99.8595643583958 95.53134405743253 89.98066235176714 99.05341619139665 71.37435436845317 114.92003979306162 43.602188842057274 89.7179450828798 113.30037717775076 94.0672273356721 81.68511328237605 98.83267067738484 70.45055958701545 103.61851331660301 65.41511726607041 65.56726823818997 61.938265561540334 43.28551961730511 112.91120302324828 56.63269187347612 113.81307436535803 99.72206479300627 83.42805916365256 98.89063014102254 91.9216709471109 137.07202774429345
43.73729018597027 38.07680866793811 37.54359495637539 44.895433869738554 37.705047233410994 54.93124216556146 31.947530683104333 23.803268066317173 53.180138635313085 71.75838776082992 42.90833885064353 42.16493493439191 40.61473062520082 61.41505620175769 53.7134540173538 45.13985542587318 49.367546559222376 64.96581202250889 50.10516102368217 39.25663180663139 35.23090115089025 43.28551961730511 54.957516964042554 27.23020600185231 51.008270329678965 35.43601115895342 58.79817548372142 56.53178910593101 47.15061018420414 60.28263214892337
17.169773826050516 16.391407406874066 24.59948384132241 26.841529786529577 16.204694632264193 25.71149578184145 22.8909848737336 19.418412888456828 21.361894364264685 29.008873301602137 19.901432425525854 21.2002984311286 20.09515523217226 22.5470604170319 24.911327163984026 24.5575045883254 17.708882072700476 22.58224948346691 16.930668173159745 22.580723017118544 18.429027435281 19.36968642479127 27.450734751989614 18.134264684938444 27.143311841088234 17.834996828569558 20.301337992561912 20.71064137519943 25.27837072204585 27.901375523397746
8.945075672088024 10.902245782303169 11.025837823294637 12.19634350888407 12.794779759800178 9.831194888974835 12.699837363565962 9.643497706816106 11.334160855686264 11.800307529395809 9.267164678581935 11.225550316462375 12.36062934757581 11.29352839960319 9.055299295668306 8.71465619624621 8.55388690420233 15.100658433554543 9.013276430221538 9.8318523484254 8.883636005119797 8.994328413331289 11.66350951788263 10.531552747637363 11.230945735486216 9.464862975193 9.252364876281774 9.417808834592279 11.779192911525115 11.078076464968035
7.0023645356073985 8.978911723272859 7.74895592541975 9.351724601763522 8.964438785100867 7.359180684671003 9.05575120126798 7.458844004913317 9.067731004717075 9.01102925521326 7.2672404448300085 8.928769538729057 9.0299458079013 9.013942675456292 7.286510896745369 7.1894985477941304 6.97679580768164 9.480418257575138 7.285103996301018 8.953884499606602 6.768366965391749 6.943971262053765 9.125172092257117 7.881989573768692 9.026007887038872 7.595592221965774 7.065960486114989 7.249189628137515 8.969221190727012 9.004242168032192
5.663183877087192 8.916182302904872 6.3855890017313754 7.580842904184522 8.916133226952184 6.235495951475855 8.916439749101642 6.065706203586615 8.916398464284384 8.91619952288113 5.99701132024893 8.916140502810151 8.916189326403526 8.916208877979557 6.018854773254475 5.8960418478012 5.631754319518791 7.49515734926689 5.998033836015338 8.916114910854617 5.665835898606076 5.789214305067844 8.916311639046512 6.456401341061962 8.91646342220912 6.158137155430609 5.802621011231622 5.894997195368546 8.916187142657236 8.916170052132145
4.5208812827573865 8.916101928225999 4.919748762824611 7.253233818582714 8.916101929102012 4.838644107369589 8.916101928955015 4.726117383075291 8.91610193076258 8.916101929697902 4.612267914430674 8.916101928196952 8.916101929124068 8.916101928200874 4.602014176800537 4.5664286169505885 4.468404942972768 6.4094798771564 4.63076869598126 8.916101928179614 4.576083315087999 4.505977962430336 8.916101930535547 5.095895050641559 8.916101930734271 4.714892582181221 4.5752737794319955 4.520411072160869 8.9161019282231 8.916101928170406
4.017176304099905 8.916101927781312 4.064824352533435 5.468860392511715 8.916101927781312 4.0707453896786205 8.916101927781312 4.054575015436569 8.916101927781312 8.916101927781312 4.047505378412609 8.916101927781312 8.916101927781312 8.916101927781312 4.039080006199356 4.051658808297759 4.033008565075136 4.7686106886779385 4.025894592596501 8.916101927781312 4.0150514675911495 4.040114547346718 8.916101927781312 4.084068739875136 8.916101927781312 4.032493019635467 4.0404161195504 4.036431132718576 8.916101927781312 8.916101927781312
3.9866235229419544 8.916101927781312 3.986704954424056 3.9939558693050117 8.916101927781312 3.9866864757363487 8.916101927781312 3.9867129592713013 8.916101927781312 8.916101927781312 3.9867065271520232 8.916101927781312 8.916101927781312 8.916101927781312 3.9867511515356 3.9867092038098235 3.986683309660009 3.991114003850157 3.9866464741861023 8.916101927781312 3.9866208890201733 3.9866439918049537 8.916101927781312 3.986751770238186 8.916101927781312 3.9867158618890244 3.9867538185233684 3.9866460602715392 8.916101927781312 8.916101927781312
3.986579112347158 8.916101927781312 3.986579112347158 3.986579112347158 8.916101927781312 3.986579112347158 8.916101927781312 3.986579112347158 8.916101927781312 8.916101927781312 3.986579112347158 8.916101927781312 8.916101927781312 8.916101927781312 3.986579112347158 3.986579112347158 3.986579112347158 3.986579112347215 3.986579112347158 8.916101927781312 3.986579112347158 3.986579112347158 8.916101927781312 3.986579112347158 8.916101927781312 3.986579112347158 3.986579112347158 3.986579112347158 8.916101927781312 8.916101927781312
199997.0 199997.0 199997.0 199997.0 199997.0 199997.0 199997.0 199997.0 199997.0 199997.0 199997.0 199997.0 199997.0 199997.0 199997.0 199997.0 199997.0 199997.0 199997.0 199997.0 199997.0 199997.0 199997.0 199997.0 199997.0 199997.0 199997.0 199997.0 199997.0 199997.0
