5982.051238754818 4728.747936351614 5914.2622924515435 6394.004779299307 6288.777378828261 2823.825120125772 5235.9407111602995 4000.985252858589 4714.551691343499 6554.596846453121 3559.0973148154685 4996.6272222973075 4965.279417541785 3085.1473997008984 3541.1656049396615 5930.1899549219725 3460.425842119921 5868.811988106391 5258.649554591904 4203.715305728464 6192.306856587052 5638.604095193061 5592.7689174484785 5244.009491751072 5831.465198573587 4546.792119898426 3757.957264568804 3243.229501559982 1538.4869362334364 3751.7775312815384
2897.448785786175 4728.747936351614 4909.355251270855 2164.98834611077 3928.518231528121 2823.825120125772 5235.9407111602995 2596.5904867300064 2633.6179341622387 6554.596846453121 3098.2280152244866 4996.6272222973075 2384.5003110011394 2621.83136351241 3541.1656049396615 5846.626269794591 3163.9637566504766 5530.613220712802 4515.290650533733 4203.715305728464 3626.12216776967 5638.604095193061 3803.1585598320335 3259.6079094421657 4820.575385681353 4546.792119898426 3757.957264568804 3243.229501559982 1538.4869362334364 3388.7980224801418
2827.182162772281 2832.537558587878 4838.197624446216 2164.98834611077 3928.518231528121 2657.979765003943 3785.1447746390386 2596.5904867300064 2633.6179341622387 4542.03231450323 2774.268414899111 4274.830497600366 2384.5003110011394 2621.83136351241 3541.1656049396615 2897.2646382273465 3163.9637566504766 2981.532865118805 3422.9363594164647 1928.2675203517729 3041.5680579074774 3161.73191480819 3004.379816442191 2769.1873081017056 4355.978080082079 2560.140158990992 2017.5655482153416 3243.229501559982 1538.4869362334364 3388.7980224801418
2827.182162772281 2284.351860162593 4348.980104295616 2139.700399055259 3245.09042533211 1982.0662397136666 2889.293193848981 2596.5904867300064 1766.83139354804 4325.933215593274 2774.268414899111 2689.6898756083706 2325.2965275809515 1776.0059477899927 3135.331231809447 2897.2646382273465 2248.0992324066174 2981.532865118805 3366.7788235485655 1928.2675203517729 3041.5680579074774 3055.9458925201584 1865.1037600787195 2275.7601222278336 3004.8554217193873 2560.140158990992 2017.5655482153416 2987.6191461949625 1538.4869362334364 2216.4049267540177
2494.0145064832445 1039.1967512099218 3353.7164752538597 2139.700399055259 2441.6810583965685 1484.1163788642482 1888.6461101093164 2166.1710214908135 1163.3153926199027 3329.1040418010098 2039.7300892956955 2253.7975467486435 1587.7073871709392 1776.0059477899927 2138.8113298622097 2462.6756840179496 2135.9674263668776 2534.7545037723025 2137.2796364421597 1928.2675203517729 2139.658127263578 2848.1700958165825 1545.4284284142436 2275.7601222278336 995.7957807530559 2444.2466236176424 1914.8509742876668 2913.2760873569728 1521.316404247266 1733.5386755205768
2342.314172687411 1039.1967512099218 1599.927622136425 2086.4476818331796 2441.6810583965685 1484.1163788642482 1430.6565434068605 2131.219280172166 1163.3153926199027 2212.6761920839576 1741.9954216919014 2253.7975467486435 1381.490164588313 1468.5664071120098 2138.8113298622097 2462.6756840179496 1897.7705458252067 2371.9877257999524 2137.2796364421597 1724.3307109890502 2139.658127263578 2848.1700958165825 1239.7848970319394 1786.568984286168 926.8846521027199 1823.8790662678412 1036.264124125869 2402.5287992869144 1298.3232488170868 1077.8035988488343
1003.2296263747082 754.9709435158213 741.3561513320233 702.0227793110876 1006.1058045511941 629.813230634624 786.2909813663341 682.3698731684713 770.2906599658463 1068.5736624178678 672.5536709670446 505.8091297789057 712.8016388467456 925.1988144707977 906.335125064056 490.2899182751918 611.0353799769364 670.5583816089206 1068.2491936810789 453.3482025408131 774.5795668987519 773.9875376306586 836.0698557385185 1017.4663073908528 798.3497176626529 563.4106836242227 831.7796884519325 928.3305603236649 690.0734926271946 698.0428882648896
412.5756105405512 388.98113920221897 196.62941659502098 324.4377578779013 237.20754401001227 319.1182237218836 281.9051029762145 255.08964437601105 239.03523846471717 352.08698927545606 379.8648065524774 225.0914595073384 294.55700729842226 358.86078840676237 268.0005950933929 347.95722098682654 355.50162767560187 266.314516287297 251.88056047161183 305.20639894255487 381.0535835103026 348.85951342376643 363.82452151542793 275.97053771890705 325.8367043242881 242.18715884690823 290.11837001249864 332.4665536245577 205.2440272957033 301.2419712526191
125.60849238451624 127.79835295125088 114.43361646572157 125.35454031196548 128.7197656323135 105.16147610589667 121.24563934028265 140.3826023343197 103.70323440302593 120.20128790535432 150.950647420598 109.26200038816 123.50301883516988 123.16715130834609 127.09318347946078 127.67437780702005 130.204574177484 113.39278435235906 123.87680291385561 109.71228500492919 113.4477682685831 128.64320410238633 142.75333897433632 130.56065183016744 153.73806874375168 119.74641046062425 122.81438370964304 175.3160738584529 127.88833286439558 108.53494895574488
62.33770352778424 59.944499568211995 56.91040169205394 58.41382027935782 59.68060078165729 58.70501634644211 59.99555306772976 59.200255920306404 58.92100800427835 59.07622645077538 63.348247300734045 57.80226984205427 60.724633302333075 57.38293385613105 56.998529543853635 58.089507605006986 60.869201390076 58.4854306294435 58.499975149664635 60.42867002079794 59.972595820124184 58.394090103701046 61.57862637292749 62.07602713895892 60.47141115416821 55.35786347878815 58.95565213615919 63.87656004542089 57.161226044855596 58.04398845796709
49.26354063885424 49.293156946726356 49.182561348637364 49.171380440221014 49.26619062051748 49.29240800506943 49.191305175442494 49.17693285174573 49.17894599525761 49.23734282336943 49.34656419911988 49.23374165902794 49.19247106100585 49.14308905237493 49.20403413863261 49.20486360328488 49.29053583785452 49.20923894538777 49.228926541088754 49.19329730685598 49.233372760634836 49.2094000721134 49.19459827242008 49.27694608788937 49.27490549899835 49.15618314197809 49.18147003589257 49.29360291563847 49.20913828959294 49.21222724635868
49.084584567848765 49.08459943236409 49.084539455070114 49.084518781349345 49.08455356444716 49.08459090985457 49.08453726332334 49.08454928200928 49.08452810854817 49.0845838164019 49.084608986035676 49.084555042608486 49.08459273207882 49.084527896472366 49.08453312450763 49.08453101124377 49.084553099228174 49.08453210417923 49.08454510990134 49.08451906502728 49.08456306744756 49.08455043454967 49.08452835445115 49.08456218356082 49.08456685472538 49.08453183890765 49.08453346433333 49.08460844363003 49.08452439203978 49.084627409740676
49.08447897956444 49.08447897954903 49.0844789795205 49.084478979513506 49.084478979512596 49.08447897958172 49.08447897951686 49.084478979502705 49.08447897951413 49.08447897951709 49.084478979592916 49.08447897951663 49.084478979569724 49.08447897950725 49.08447897950248 49.084478979511914 49.08447897951601 49.08447897952385 49.08447897950305 49.08447897951601 49.08447897954272 49.084478979533515 49.084478979497476 49.08447897952885 49.08447897952772 49.08447897950862 49.084478979509186 49.08447897953829 49.084478979495316 49.08447897952988
49.08447897948122 49.08447897948122 49.08447897948122 49.08447897948122 49.08447897948122 49.08447897948122 49.08447897948122 49.08447897948122 49.08447897948122 49.08447897948122 49.08447897948122 49.08447897948122 49.08447897948122 49.08447897948122 49.08447897948122 49.08447897948122 49.08447897948122 49.08447897948122 49.08447897948122 49.08447897948122 49.08447897948122 49.08447897948122 49.08447897948122 49.08447897948122 49.08447897948122 49.08447897948122 49.08447897948122 49.08447897948122 49.08447897948122 49.08447897948122
49.08447897948122 49.08447897948122 49.08447897948122 49.08447897948122 49.08447897948122 49.08447897948122 49.08447897948122 49.08447897948122 49.08447897948122 49.08447897948122 49.08447897948122 49.08447897948122 49.08447897948122 49.08447897948122 49.08447897948122 49.08447897948122 49.08447897948122 49.08447897948122 49.08447897948122 49.08447897948122 49.08447897948122 49.08447897948122 49.08447897948122 49.08447897948122 49.08447897948122 49.08447897948122 49.08447897948122 49.08447897948122 49.08447897948122 49.08447897948122
49.08447897948122 49.08447897948122 49.08447897948122 49.08447897948122 49.08447897948122 49.08447897948122 49.08447897948122 49.08447897948122 49.08447897948122 49.08447897948122 49.08447897948122 49.08447897948122 49.08447897948122 49.08447897948122 49.08447897948122 49.08447897948122 49.08447897948122 49.08447897948122 49.08447897948122 49.08447897948122 49.08447897948122 49.08447897948122 49.08447897948122 49.08447897948122 49.08447897948122 49.08447897948122 49.08447897948122 49.08447897948122 49.08447897948122 49.08447897948122
1000000.0 1000000.0 1000000.0 1000000.0 1000000.0 1000000.0 1000000.0 1000000.0 1000000.0 1000000.0 1000000.0 1000000.0 1000000.0 1000000.0 1000000.0 1000000.0 1000000.0 1000000.0 1000000.0 1000000.0 1000000.0 1000000.0 1000000.0 1000000.0 1000000.0 1000000.0 1000000.0 1000000.0 1000000.0 1000000.0
