390692419.80799776 1088103898.0997145 311073966.8045301 581893378.0378721 311109768.79251987 476267669.25261855 502458769.18122715 850688298.2961705 770312035.7772887 591764410.5637043 728896155.171 412745872.4436802 995348014.1123718 111820163.25368662 497669679.1438956 76640724.77236347 24077101.67367987 945426841.6382726 336788473.6961318 531480260.0046079 176901234.55814087 505701925.98433083 202906020.38651237 982980478.6936172 593578999.8942937 368984992.7937047 1003565603.7447003 90131514.06775579 257174519.97862914 204213752.38900882
249541862.68839967 361841127.8391051 311073966.8045301 508465045.2275639 202579783.3325167 129278615.24753003 373398030.6271405 138743977.90960464 765563375.734085 265522200.88314047 540617570.6763235 412745872.4436802 937508310.4550294 111820163.25368662 324839624.97304165 76640724.77236347 24077101.67367987 878357895.397639 336788473.6961318 420961678.44134253 176901234.55814087 337545424.4763212 202906020.38651237 545470956.3887975 448033435.0380385 368984992.7937047 203633978.95111534 86448026.2999004 163873730.245529 204213752.38900882
249541862.68839967 361841127.8391051 43863831.5011971 311400814.8292874 86090078.6060811 20089375.101859838 339710312.41902924 138743977.90960464 161009216.93025446 62088854.20656083 326355975.2729136 402934604.73314965 148724542.21575826 111820163.25368662 284945157.56947607 76640724.77236347 24077094.19385053 51449008.49277132 221725233.33125573 196425682.60840163 157506568.5043709 132637273.95096827 202906020.38651237 371481472.4354427 448033435.0380385 368984992.7937047 203633978.95111534 86448026.2999004 163873730.245529 204213752.38900882
249541862.68839967 288666744.1385005 43863831.5011971 35185139.09784258 79506285.23193586 20089375.101859838 255973478.51004654 138743977.90960464 161009216.93025446 55614285.990880474 294797013.9580856 193582883.02417025 77306237.10979864 111820163.25368662 76058762.08928457 76640724.77236347 24077094.19385053 51448997.00502948 221725233.33125573 196425682.60840163 76439908.81030694 132637273.95096827 5591255.35389652 371481472.4354427 216915854.63713685 185155688.1120362 203633978.95111534 86448026.2999004 163873730.245529 101994883.02145495
61367956.4562401 61082028.77442368 43863831.5011971 35185127.3958108 70410593.93537909 7712347.56262517 170753654.6645173 96601036.42724606 92191199.82998751 43766424.42163754 73013698.97267127 143237002.4907159 14431643.965321295 111820163.25368662 76058762.08928457 39384128.63795 24077094.19385053 51448997.00502948 76629116.48215647 36150112.276637495 39153382.23224523 25830313.682504565 5591255.35389652 71126052.80812374 38050572.92257261 39707944.724028975 24003163.381674923 32534059.77182311 28451726.52707376 101994883.02145495
7898134.591495322 46935828.78741425 37984354.89516122 35185127.3958108 29782898.696721647 7712347.56262517 28386583.141387373 44701478.06612013 44981454.51508466 40901741.98358301 21647343.22963916 81033062.36363557 14431643.965321295 24742222.631040934 30326760.586125325 19198050.014117725 24077094.19385053 30402512.700933065 50453692.46870498 7548349.825297648 39153382.23224523 25830313.682504565 5591255.35389652 35508244.68457413 30466502.885733817 39707944.724028975 19812677.918477125 17978006.660021897 28451726.52707376 38316392.22913794
552004.1941486021 3418427.7144275797 4026789.2074388573 30523676.869373664 1763289.8144597644 416820.876854431 19487148.419240426 10892826.98152994 31377644.765272867 7334901.689500131 16148652.580466261 8241237.492636429 6046759.518027327 1785760.8460895484 16055656.749378875 1233343.688556247 2821879.5376980724 2272763.730380998 6258010.023593473 7548339.819317896 2132663.605768684 3871056.8855181537 5591173.253737629 13928062.748678548 24801509.25158507 11521665.96232698 11803377.763328262 3906196.0644556605 13120739.1900738 4055995.8608105774
552004.1941486021 520057.7687450062 1110383.00635981 2874578.5334384646 419266.9151646095 416820.876854431 2609177.1915183086 3433885.6683777184 1202618.4749162362 2286539.58083966 3369945.98570118 780466.6629881206 3072521.3858669423 1247837.2545137326 1604167.1038052817 188237.05487269093 2821879.5376980724 1280462.8094112007 1728230.9999190676 2269220.8273877786 197389.4843193944 577358.1428170084 490642.6579501297 951552.4695251967 1237563.999830954 820125.173285791 4629400.251131431 1556733.5540674748 5094470.989214892 3289119.264153015
245043.52167353788 50351.8452926159 208982.1979479988 1016563.0952647795 362428.46870411746 70679.64677797719 173134.50327890294 735386.7802769252 32223.87537577552 137581.50200644284 282647.34275460447 434694.28678055096 122343.58266670456 403662.448794598 184921.59998818353 82391.655463138 697465.0593044459 161490.83534388652 121957.97878097811 434322.2123555611 162166.383743633 344003.30263742665 424465.162326129 512189.5207380554 692334.1607655186 90916.94135279815 140496.00664782344 346464.82538023713 970311.7618032068 262309.9802011861
25002.879693521067 50299.67305160328 43701.26570835422 82688.47472281005 12379.324263914976 53493.974522887176 4274.310816418143 126554.13915082105 17204.894404249215 72542.14130605385 20390.703722654453 69527.89511329622 9293.665308706182 2852.2689592681472 12282.75285699024 40079.50210680068 25793.494082191915 32219.317488053945 47572.28121673268 59732.65737073496 3889.255152566444 59265.56663946794 24945.886746303782 16237.969115454805 58898.83127752964 47672.06192206194 10644.70845770867 107218.66426603738 38125.71858028165 95060.89383670661
4048.242486525647 2647.3924768123034 6349.462662065433 6214.304476425549 2429.4484245062813 9467.49199850557 2695.3788820353057 4237.585144493788 4547.807590076704 11755.910231269061 2712.9879499508243 2471.880566931958 3337.881311411904 1118.61001970727 6842.328694483738 6131.309008719173 11980.894390226902 1884.1306767358315 1331.4448752975886 3437.657296097397 3858.230904551142 1536.1043349066294 2332.537883797222 2736.4232880119052 4435.183246738119 2612.420603586769 1457.8079629216563 6805.844179171843 5213.569910539426 2441.855398984467
92.02223610334477 489.90668602606684 1537.3104880356523 427.0026448997196 211.54733042073167 1100.6687657879943 1054.3841778155393 409.37872507590873 884.6553940270396 754.6097340816186 276.6311354232971 528.7291208023457 778.7354270254018 555.6028832686247 226.47967154549792 1086.1911525401447 402.96285700898716 177.35505905747027 391.34902675737385 130.05667993619159 468.7032500964201 621.2181429680459 454.25202970393957 366.19742293809395 1071.73009230545 268.42188164640993 752.8873340081918 927.4121494169403 499.388731640684 220.80769896658376
42.68085697689139 42.69206780621994 57.80700078802556 31.0939454306083 36.78290307014959 98.86755754848195 60.03879548498276 59.53169431445258 50.508024074132436 63.294660516285376 29.793903623027518 45.365334714522305 58.32211336029968 30.438920860465032 41.99639952077246 64.25536853117273 43.03996944495657 54.461982880112146 64.25101102586746 60.37434013891834 73.0356498683609 73.70842987718629 85.60133617444944 35.67599944779181 54.632066628905704 64.8081168512631 58.89046509034256 72.4829828083648 32.58035963221437 55.159373890699726
3.9281895638132482 3.5196787570866945 6.197199514648446 5.420674147061845 4.112415218258775 8.43102373787724 7.146400931108246 3.4125436494193764 5.241746207566393 5.285292349458359 5.04311769979563 5.797636467745633 1.7230190082275385 6.627157798936651 2.551972797831013 3.7339903195156694 4.229445469210987 5.635627343791157 3.2523951821845003 5.685598574038522 5.16159879407769 4.285407995135529 8.017884923377778 3.0429174970092845 4.833230067680006 5.459242730347569 4.1459846125783315 5.248017047999383 3.5907924588743754 4.875261133028744
1.132406330167214 1.365507350325288 1.1310989103837983 1.4078222348505278 0.9653757335763657 1.6710178400753648 1.1001916329964843 0.9293240875590527 1.5226721412377628 1.197604546690627 1.1274593005532552 0.8077696939733414 0.8962674236888688 1.3429100807222767 0.797189906683343 1.1590314257291539 0.7905732304716366 0.9897286783113941 1.4730302847553958 1.6167257940701347 0.9880584279817413 1.3730919151503258 1.5703785749055896 1.747759007667355 0.9875746682366753 1.415506893607926 1.0723776388822444 1.200856557657744 1.5181363486531154 1.1484238689436097
0.16012862413140283 0.39644432134036833 0.4689130950416711 0.20016134332581714 0.1646013159472659 0.24943293220098894 0.27146538803822295 0.17141447131348286 0.15052688281821247 0.2855952860920752 0.12297866052995232 0.1274012524347654 0.23469265072822054 0.17977478718262319 0.1050787842916634 0.4739457627756565 0.13591841749166633 0.40850874023635697 0.4034254282994425 0.3492349389271112 0.33543637374236823 0.18117377317344108 0.348922107419412 0.37095520692741957 0.3173221372360331 0.23215279161968283 0.34496204404081254 0.06502143196576071 0.3844161424049162 0.28140499937194363
199997.0 199997.0 199997.0 199997.0 199997.0 199997.0 199997.0 199997.0 199997.0 199997.0 199997.0 199997.0 199997.0 199997.0 199997.0 199997.0 199997.0 199997.0 199997.0 199997.0 199997.0 199997.0 199997.0 199997.0 199997.0 199997.0 199997.0 199997.0 199997.0 199997.0
