2381.967158270864 2359.0612291998505 2465.656661313955 2360.5350452099774 2467.671002476864 2747.264062422226 2007.5611101539607 1798.963181291897 3792.9807148218297 3206.675387232336 2888.5329135203424 2294.0968239315816 3103.271479930078 1441.2458468421482 2905.8849524401776 2198.2982778406213 1673.9547652115066 1871.6321312071232 2964.9187838196467 2262.4512326592485 2825.0380019364115 2209.9560546164803 2807.2403272034985 3270.626997497442 3393.972694578655 2340.5735774277628 3341.219707239952 3255.142390276782 1880.6693073936344 3260.0321647322025
2381.967158270864 2359.0612291998505 2465.656661313955 1838.9239808194789 2272.1616883054653 1913.0578573267626 2007.5611101539607 1798.963181291897 3131.9606117732856 2396.99773438646 2888.5329135203424 2294.0968239315816 2314.1624566341784 1441.2458468421482 2905.8849524401776 1911.6475072098146 1673.9547652115066 950.5487903335211 2569.7331567753054 2262.4512326592485 2146.6744056763487 2209.9560546164803 2489.14083310117 2228.422387835922 3342.6505738441 1570.060380352059 2128.041617473333 2462.7420248722137 1880.6693073936344 2843.7097954978726
1887.760065555858 2359.0612291998505 2378.286096500973 1838.9239808194789 2272.1616883054653 1913.0578573267626 2007.5611101539607 1798.963181291897 2141.2656941717155 2396.99773438646 2192.420235199343 2175.055733815455 2065.59787993468 1307.052680824117 2905.8849524401776 1911.6475072098146 1673.9547652115066 950.5487903335211 1444.0298970246067 1556.8090932858245 2146.6744056763487 1850.9887213384145 2156.1965291773904 2228.422387835922 1926.6214274698796 1570.060380352059 2128.041617473333 2462.7420248722137 1880.6693073936344 1109.42319161311
1444.7643157563953 2359.0612291998505 2378.286096500973 1838.9239808194789 1469.8896343676197 1913.0578573267626 2007.5611101539607 1591.4293993626088 2141.2656941717155 2274.425708703399 1666.0386996705574 2175.055733815455 1896.1311753082882 1307.052680824117 2643.7752679216296 1608.5552763454853 1673.9547652115066 950.5487903335211 1444.0298970246067 1556.8090932858245 1779.2511914222823 1548.8910642895744 1555.7978999351699 2221.2467579872064 1705.7140688508007 1570.060380352059 2128.041617473333 2462.7420248722137 1866.8799212283143 1109.42319161311
1079.8841392327236 1796.0272273697938 1454.3996854478546 997.8003736244575 848.5322056505379 1890.0392056520868 571.6556616142789 734.9037419002443 1320.5611103236924 1028.5077581822732 1522.9162296102832 1672.7811191580226 1209.1906750753797 500.62300517850053 912.6445119675047 1228.5762244232087 1591.4767399167654 808.1990764268144 1046.934789763793 1556.8090932858245 1779.2511914222823 1107.349901680907 1555.7978999351699 1976.9922819291887 1358.2638807502904 1059.0549872101576 1259.513804410166 1680.619924727228 1024.657105494102 1109.42319161311
1065.8781970940468 1186.8687218484101 1015.9305328321793 937.54614181856 848.5322056505379 1084.6595823387129 571.6556616142789 734.9037419002443 644.2349737527786 1028.5077581822732 1060.3093291990517 1131.7926778654253 1107.339590286371 487.6833114653152 912.6445119675047 1228.5762244232087 1005.5238126135332 808.1990764268144 999.185836717591 963.7085632323349 575.8303731669291 1107.349901680907 1101.7036323110037 1291.7092572215415 1153.6854083577496 638.6524787738324 635.6341697849757 1074.487311267135 930.4442709943864 864.9032520707849
809.8897165345438 751.9880956095578 618.2236223878133 676.1455358679514 540.3006662589539 485.8269497750339 473.5506635313593 260.8465544544192 644.2349737527786 541.3202133143027 593.5524033706024 477.5297490087951 273.9655876395623 487.6833114653152 709.3283583342891 323.37993388089217 755.0677666582478 290.8991343383027 441.4415389576129 535.7887228895302 489.7075459179955 646.5242847052464 602.8194375028522 554.2923920904959 590.0627075233047 638.6524787738324 635.6341697849757 869.2771752247049 839.1535556096997 679.5836566260368
440.430101788166 282.14572115281817 296.7493141613536 207.9104344733612 302.6389191278349 438.7864961528953 454.49715375803225 260.8465544544192 91.11764010116383 363.79112199961855 304.2950072601259 350.35458021215413 273.9655876395623 292.18947542937394 399.8706959798535 323.37993388089217 370.8265709467364 290.8991343383027 325.1536070394732 331.57768002240573 218.88208406322565 330.64782393543055 327.63964839734103 511.09305651855607 362.10594243127866 269.88871052893523 221.9587845760518 488.4618550240434 520.4343507777871 272.08541838269343
211.87704215972076 206.31614023477186 98.05740540151498 165.10534997532864 189.52517191090533 199.3302659793021 168.5205813374564 194.2441279299112 70.36985368605463 163.77339255003972 163.0121804686405 75.54820942795254 137.3420635441355 152.43961437041094 172.4277396702305 124.30271011014452 104.27372362975541 172.95423559491974 157.59724672047082 103.43742886694372 168.29531360427222 152.71283983097192 161.4104476666048 242.596712223856 176.07459715359732 134.98970054711185 126.01306193934033 166.2443108102898 235.4735768781802 123.55594387772351
58.64840457782236 82.60206271513346 60.9506685085388 99.17370381578462 69.53225810351364 57.41048343875843 61.993998997360904 66.15664477510586 69.21374024427178 58.265823804127876 31.393419857605977 37.10193552162798 74.14539054249451 59.5026520533379 32.93428038012132 42.29322321870643 47.99648957709826 46.44504155497464 107.03120992527829 52.7829567238889 40.42184947360704 66.78393249827104 71.10243702800187 38.95877348776821 75.22967785812523 13.095839971473083 46.286979116905854 61.268652077274055 44.21587093418714 47.44524099498949
15.182430608870504 19.768169279283825 16.20246186009149 9.75143268562681 15.085076652470889 16.8254106641906 10.903290176558926 13.891536183097855 8.87006335646754 12.28125554625592 13.289110015997608 14.613541230570036 7.548137722637875 5.5950227003899045 5.3350968836716675 10.79119278029384 4.562020657201288 8.158015860213027 7.983488547741558 6.78829762804844 10.60898516620989 10.54956977623965 15.088619410029992 13.491967434212597 5.58457972907479 7.04157426635993 11.521175015138624 7.328491512552091 6.572039996976855 9.69879810661348
0.9301424961399789 1.0881253628983814 1.3456497746427658 0.7892700799566228 1.262748357564874 0.6762662437575955 0.575201590302072 1.5021265164170927 0.4937609961397129 0.4597543915422193 0.6986471712365301 0.5959001880053165 0.4425721204174806 1.1360740519895671 0.5201872176954794 0.746878994630265 1.1002794960676283 1.0801132615064262 0.4917857428424668 0.44882060919633204 0.9372894487970598 0.495645932200091 0.6970109772557862 0.3451455397552081 1.2157824814015612 1.0221389742250722 0.4558093244779684 0.7673502524513651 0.3220913681742559 0.5400282793910947
0.00013618622301692085 0.0005026074925353896 0.0005082534942175698 9.74158926965174e-05 0.0002729865016135591 0.00020297687569836853 0.000532311068582203 0.0007451549341794816 1.631133227419923e-05 4.569704879031633e-05 0.0004982406977660503 0.00016830297033720854 4.2938668343595054e-05 0.0023580333058816905 0.00012370647914394794 0.0006005519419431948 0.00040157014939268265 0.0005300290947616304 0.00018430870068186778 8.555546912702994e-05 0.00021566486793744843 0.00011954571573369321 0.0005150137221789919 7.030295364529593e-05 0.00041924390177427995 0.0001505360968394598 0.00016076863778380357 0.0003388572339417806 0.00014582410585717298 0.00011044153598049888
1e-08 1e-08 1e-08 1e-08 1e-08 1e-08 1e-08 1e-08 1e-08 1e-08 1e-08 1e-08 1e-08 1e-08 1e-08 1e-08 1e-08 1e-08 1e-08 1e-08 1e-08 1e-08 1e-08 1e-08 1e-08 1e-08 1e-08 1e-08 1e-08 1e-08
1e-08 1e-08 1e-08 1e-08 1e-08 1e-08 1e-08 1e-08 1e-08 1e-08 1e-08 1e-08 1e-08 1e-08 1e-08 1e-08 1e-08 1e-08 1e-08 1e-08 1e-08 1e-08 1e-08 1e-08 1e-08 1e-08 1e-08 1e-08 1e-08 1e-08
1e-08 1e-08 1e-08 1e-08 1e-08 1e-08 1e-08 1e-08 1e-08 1e-08 1e-08 1e-08 1e-08 1e-08 1e-08 1e-08 1e-08 1e-08 1e-08 1e-08 1e-08 1e-08 1e-08 1e-08 1e-08 1e-08 1e-08 1e-08 1e-08 1e-08
65691.0 66301.0 67392.0 65447.0 65813.0 66423.0 67029.0 68594.0 62351.0 64832.0 67029.0 65813.0 63101.0 68834.0 64709.0 67150.0 66666.0 66545.0 65324.0 64955.0 65691.0 65569.0 66666.0 64217.0 67150.0 65078.0 65201.0 64340.0 65201.0 65324.0
