1044.2440151999044 1149.5737850602645 1181.600944658694 1122.1686722822988 1231.1679162166274 1370.7199512062289 1077.0780512190831 1205.8349530351707 1229.3629179823083 1096.081345267115 1195.3696478346778 1038.9501020170856 1247.0861359744667 1222.3195514893614 1462.7315904330244 1453.0471582088958 1125.4047679464566 1266.6307417487938 998.5635750336655 953.4061271191531 1202.3885934915625 1419.7341579341337 1343.9326490546737 1122.0639911125168 1208.6935494019808 1250.0550660027147 1237.720204102765 1269.4365432654636 1374.3259697053932 1119.2723619211356
707.5237713229967 1095.6692726208425 1181.600944658694 902.8092330362897 1133.993538803475 1147.3064790113494 747.4843198087442 1140.827401399918 1177.8325220684992 1096.081345267115 815.3041435392033 1038.9501020170856 1146.281554755189 1222.3195514893614 888.8359572327431 909.3362724588724 1106.427539734128 1144.9585593271431 998.5635750336655 824.3824061403316 926.1318893450939 774.7450257218188 859.2064992064402 1063.7367101373911 905.1164571437207 905.841382072681 942.450126217369 1151.929344341489 732.0538662973458 1119.2723619211356
707.5237713229967 912.0773794371921 886.6875991706984 833.8030923068436 957.3639651661124 1101.9430129900038 747.4843198087442 1108.1487954881022 830.8808211160735 987.7274987662377 815.3041435392033 578.3695534685107 504.824686488324 912.0727363497381 888.8359572327431 903.3112609582231 1106.427539734128 841.2783738906619 917.2366352043637 683.1970463148241 831.2400792941189 715.6019214941412 833.0589012312694 381.5084047715686 905.1164571437207 684.3188880241742 831.2738898163898 806.8365516325484 732.0538662973458 1036.5237451350308
707.5237713229967 518.7239369352415 886.6875991706984 831.1741475668223 590.3775572664063 716.8455759459252 731.3543987539097 720.7862352027255 650.4564171938409 755.0248471343125 616.7791742580675 578.3695534685107 504.824686488324 652.1685454465592 812.5323315333449 646.7422782760955 677.4346968474547 796.9161598482724 879.2322273895425 683.1970463148241 723.5614934531905 715.6019214941412 767.9548174685833 381.5084047715686 789.7128659320056 684.3188880241742 792.5365561257177 655.6079725248806 724.1111659255312 920.7318724244333
701.2024932166823 518.7239369352415 735.2388165928323 831.1741475668223 590.3775572664063 511.60005017991534 644.0721077771927 686.6683005706068 636.0839386003281 735.0860759695456 569.6266141587635 536.7040942123813 478.6973914731602 618.4423069019931 701.4410232438881 602.911477713405 677.4346968474547 712.5202007834268 847.1845361721057 625.4039376727287 592.2213687715516 695.1260399615553 729.8276469167354 381.5084047715686 715.3812741754446 684.3188880241742 650.8663768323431 545.4923669758577 715.3180804170061 869.4480942210312
559.6592016645309 518.7239369352415 524.0848882851596 556.0128515590764 459.44977948373753 511.60005017991534 460.14426667153793 641.4552322256495 636.0839386003281 655.9934927865461 519.8976502728601 536.7040942123813 478.6973914731602 618.4423069019931 485.71961545021713 470.97344288079603 592.1372141235365 608.6965063604403 645.4836089731325 601.3442391741655 576.97885201805 571.8068926857813 537.923650004248 381.5084047715686 715.3812741754446 625.358072511558 650.8663768323431 545.4923669758577 715.3180804170061 667.042437126765
335.30836441784595 393.57269601589906 416.9376800789696 389.2101445797839 378.91177041842 374.41745066641624 322.6869791589738 352.0455776009735 388.2573391786523 420.73883951648713 366.19589347832334 356.0990174570579 351.0899345376474 361.7557334828757 354.60355742744787 366.17183818585454 369.2503639615052 392.52401315723773 375.5156502600348 359.5313093826521 339.9974875968155 378.6305973486901 365.2571257954737 326.8580743786197 355.65860901111773 407.6249691855369 409.86992461403406 395.3662021337868 420.7540857558556 416.8299800941518
292.4644283726211 318.16817721919233 312.2980482025532 306.70654310677946 282.2471835091483 308.5093608392135 293.5707616103796 321.0450437583818 301.9398059753312 305.61343597536234 286.55540803491795 299.7685552141884 304.0941789956364 280.2285067925159 306.04721951332976 301.41641678664564 277.2336777566634 311.0524734964447 280.8988764920541 322.6830473697105 300.72314830374034 312.9223933794233 307.49462598495666 298.45969876294475 325.48570892440557 313.1025543541873 319.69675540137405 302.6198507945601 316.1301656397063 324.34617804369464
264.2501400331562 270.3891762610501 277.50714883121054 287.9304590726283 265.3029046924671 271.1825903016297 264.51411550786224 284.6821716271684 270.81273559683086 265.4628755625363 261.85217303008994 266.0056842418053 276.1057921219658 267.4939422859761 268.2609756078191 266.2346086557254 261.978436385823 276.3837501508524 266.46779205026314 274.45728268263974 268.0107881747381 278.4626703220865 267.07542959033435 263.5855437537002 277.1466439282449 268.2035611166116 278.8324051939685 268.0616836149361 269.06805238871584 273.54485073466094
251.35334172137755 255.54018621608975 255.00199503229896 259.0291061167136 249.30953381154814 254.45565374063062 251.70356300759022 252.41415458828806 252.14724483123382 249.98277569595984 248.37898707916793 251.27575334463563 249.44206691609043 251.5734827186625 254.8032135900553 250.18036256008008 254.40205656462058 255.98648672332502 249.51414946877412 254.93842597938783 250.7405705059141 251.5378633291648 250.09031919420613 250.9898862115574 252.8844810909677 252.27749494669615 250.74186557226403 252.9958958792172 250.68234322713306 253.24092708689113
242.74789440721042 245.99961508302567 247.60821886645772 244.20157830953713 242.9245262735849 248.22597719468376 243.9809439259643 244.50273622365012 242.57237890745228 240.74852438260132 240.17062503788748 242.47774966642373 243.68057060909905 243.01815886187433 247.62911862279725 241.04818194647487 244.92248726447724 244.74914722453013 241.05028269816694 241.14815107686945 245.2442477618979 240.61327017664598 245.3467780079145 243.91738633708792 242.83814568713933 243.59283910732347 242.9987057984904 243.89110862157077 241.1907411323541 244.65691289507686
238.00131744442024 237.1026387584584 240.67867668954932 239.44691066776386 236.52879968210345 243.17328717655164 238.20515626892393 236.51535207310235 235.3656701339737 237.12221741072926 234.80271960138225 236.9431735559765 234.52573473930806 236.97487820751894 242.72996609155325 238.10740332594014 239.92083815968545 239.48034091620912 237.2671806610897 236.48196183910932 238.01358146304074 237.31953673948465 239.40541971807943 238.06022145416637 236.14932903607996 238.48733272373374 237.54988196909926 236.04710962681202 235.86389263805813 236.13492119227203
237.11700990614236 233.9866288802832 235.4264305172269 234.55460837089504 233.9877160625697 240.45553012778737 237.1170107152052 233.98409836044493 233.97430219711669 237.11700980529895 233.97431447676672 233.97433283348255 233.9743009820486 235.2043345322736 240.53183234908784 236.48864224369572 235.72887392652683 234.19691951077857 235.65492091911347 233.97431113981838 235.65492234122985 237.1170098171301 234.47113731188892 235.65492860895347 233.9746330049661 237.11701144149947 237.1170098975058 233.98396440558008 235.65492042130836 233.97430263672004
237.11700980483556 233.97430094618903 235.24435497244804 233.9743013585853 233.97430094618903 240.34954087056258 237.11700980483556 233.9839607382737 233.97430094618903 237.11700980483556 233.97430094618903 233.97430094618903 233.97430094618903 234.541736886536 240.12225590524213 236.48862573278666 235.65492041127527 231.86851375503102 235.65492041127527 233.97430094618903 235.65492041127527 237.11700980483556 233.97430094642777 235.65492041127527 233.97430094618903 237.11700980483556 237.11700980483556 233.9839607382737 235.65492041127527 233.97430094618903
237.11700980483556 233.97430094618903 235.24435497244804 233.97430094618903 233.97430094618903 240.34953639553896 237.11700980483556 233.9839607382737 233.97430094618903 237.11700980483556 233.97430094618903 233.97430094618903 233.97430094618903 234.541732332867 240.12225590524167 236.48862573278666 235.65492041127527 231.857809657301 235.65492041127527 233.97430094618903 235.65492041127527 237.11700980483556 233.97430094618903 235.65492041127527 233.97430094618903 237.11700980483556 237.11700980483556 233.9839607382737 235.65492041127527 233.97430094618903
237.11700980483556 233.97430094618903 235.24435497244804 233.97430094618903 233.97430094618903 240.34953639553896 237.11700980483556 233.9839607382737 233.97430094618903 237.11700980483556 233.97430094618903 233.97430094618903 233.97430094618903 234.541732332867 240.12225590524167 236.48862573278666 235.65492041127527 231.85780965729782 235.65492041127527 233.97430094618903 235.65492041127527 237.11700980483556 233.97430094618903 235.65492041127527 233.97430094618903 237.11700980483556 237.11700980483556 233.9839607382737 235.65492041127527 233.97430094618903
1000000.0 1000000.0 1000000.0 1000000.0 1000000.0 1000000.0 1000000.0 1000000.0 1000000.0 1000000.0 1000000.0 1000000.0 1000000.0 1000000.0 1000000.0 1000000.0 1000000.0 1000000.0 1000000.0 1000000.0 1000000.0 1000000.0 1000000.0 1000000.0 1000000.0 1000000.0 1000000.0 1000000.0 1000000.0 1000000.0
