111.60114256626309 120.22608158907747 119.07654755227702 105.82399555590553 110.78811016459451 110.26741926467935 87.816277523483 115.06223862502145 105.78199113401092 112.75715205689039 103.43503875921601 103.36632222760795 83.13459954301106 118.80337354184678 123.4122720472094 111.73458377895781 116.25530498006299 114.94225269053038 107.25279163850576 105.72769991880318 111.55573376172902 117.62722622982938 123.85962794799798 119.32243469586331 118.55105158399317 119.36747399589933 108.93019055234731 103.62644042242528 110.31842696329 91.23076981581653
101.87664197073241 101.8756906379092 101.87003003055565 78.50062315972582 91.29454076172647 101.134746925081 87.816277523483 109.06366121845804 105.78199113401092 110.57770291424106 103.43503875921601 98.90591694697412 83.13459954301106 118.80337354184678 102.145569931316 108.59782060379735 101.92166736267188 111.40333905370233 93.73140928067028 105.72769991880318 107.5007655521199 109.5058904278485 109.77034580258646 113.20192434739658 118.55105158399317 118.455340209989 108.93019055234731 91.06403641442637 108.02707603572185 91.23076981581653
96.67310543354495 98.99851683753309 84.9441761862912 78.50062315972582 90.63251042423326 81.6892778387521 87.816277523483 98.53833969651964 97.23351605927462 100.1437986775494 97.68601206633355 98.90591694697412 83.13459954301106 107.67729671542725 90.13247377188577 96.54679364070205 101.92166736267188 111.40333905370233 69.95486448559586 105.72769991880318 107.5007655521199 108.62560153961954 95.59249711203529 94.56197255530196 105.6129778904018 92.93713988354853 100.75794491516547 91.06403641442637 108.02707603572185 91.23076981581653
76.67532792222994 97.62372443358072 82.35560618033094 78.50062315972582 87.53651312757177 81.6892778387521 87.816277523483 97.98123702784801 89.22083542908047 99.77598430949138 95.32126645643166 98.90591694697412 76.27336800105036 101.37344058091105 86.59699876366187 90.97159010190228 69.59044810009141 99.77709362440692 69.95486448559586 105.72769991880318 84.5192700923584 100.19806728392427 84.8944308890068 92.24248018928631 102.50441323421205 92.93713988354853 100.62313868304955 85.0595166849879 90.6018882533499 91.23076981581653
76.67532792222994 95.88795394731915 72.58527523000862 64.71625567665433 72.38030756857393 72.30711592404373 85.96601340612096 87.77195215004087 89.22083542908047 79.64625662602691 85.204250177115 67.2075118852714 76.27336800105036 98.46012475046098 82.34290112497649 90.58222430262083 69.59044810009141 93.66199338236731 69.95486448559586 103.64676168509095 83.08994979238457 80.00129366345186 82.91704207481655 90.43473815837251 90.1714848478822 92.93713988354853 100.47229975114931 85.00924413393352 72.9638468594751 91.23076981581653
76.67532792222994 93.05893532946334 72.58527523000862 64.71625567665433 72.38030756857393 72.30711592404373 85.96601340612096 87.77195215004087 84.37708140461064 74.2638743797105 84.85129907110763 67.2075118852714 76.27336800105036 94.70579608120522 75.73213375296427 81.01230862814214 69.59044810009141 89.37366558212273 69.95486448559586 98.48383890847299 83.08994979238457 80.00129366345186 77.07345547170758 87.494642357928 79.1980676317894 92.93713988354853 91.23632482818914 74.33133616650798 70.02109751470164 91.23076981581653
57.09598416283404 61.68747716692815 64.43158137032867 61.00750138245871 50.2309320659449 58.09245744020586 57.71542620120681 71.99574131632767 70.40595389868963 65.45056666958362 53.57699548228436 64.27252541356779 54.85807254068709 58.79413117309173 59.499030103229416 68.97133506087323 42.89379163566946 68.83525710048787 67.9959547161177 61.50310675870492 66.4941137161436 60.120815693740724 62.93694589979157 73.00910102537296 63.47794043092949 64.89643888962053 59.69463071437781 62.08977103881375 66.64124582452985 59.38471286307629
33.164460855455786 34.161543638679404 38.85717082280735 34.05770856006336 38.38654657239613 36.5802384942391 37.55902210125521 41.87341159662594 39.8777323965453 31.862872977314737 41.56892237191039 34.92388162378893 43.87475515396909 35.88245283102003 38.60254088369459 39.89244022711455 40.1047271465402 37.85924705107129 33.54595803270172 40.94153422315094 29.411795749191583 44.39993088027734 44.07513706936368 36.7908197352084 38.89864090283936 42.31331785501334 46.51120027272907 38.44522684753497 43.407969658974935 41.494597718926
20.337395104784832 20.05991265221826 25.010407423690822 21.794682695110737 25.77413185040166 24.691554161986687 24.54398517712582 20.982404807776106 28.575892912618997 29.422607900971684 26.292800924180824 25.426690888229587 25.50124147937322 26.225193979757478 20.010392337621624 26.115358796325268 24.959019556558246 26.38788931078068 24.113706539732107 24.896089007236128 22.523894798854485 25.70369942489947 25.41088581625752 25.79162176845989 23.089681637462377 25.730100425588603 21.87018656791122 26.465649441912433 25.08822878592639 24.883407731435
13.540447592242458 10.1778071474954 9.824487426476367 12.761781305185991 14.117627812192381 11.450601567940225 11.664014194807919 13.121754729424197 11.72357745913348 13.585268656874746 12.70184462273403 12.403755243176875 12.217167106856778 12.23304627644984 13.255566791118667 12.369415538977364 13.198993198318476 9.832742860168992 12.560009540218516 11.347601949495811 9.935995518212394 11.526799531536994 14.668441880000614 12.247729725777958 12.07853626617441 10.934992862551326 13.365358749759935 13.16882184622068 13.060565845052565 12.978033193724627
3.954173219259019 4.730806648731914 3.1170623406126197 4.397519300074691 3.651206402375692 4.458181836844233 4.39688849895947 4.589957138251634 4.248929714528799 4.245700042217322 3.659306207875602 3.141810008983043 4.300508408293126 4.1246818422545175 3.7187208084660597 4.516568990948031 4.1964919738544495 4.486631690476884 4.776833204295372 4.5322125209887645 4.021560785861425 3.7290265349612355 4.5554022789019655 3.2414529800843184 4.052475809092471 4.215622472213113 4.1612199288568945 3.685648200791661 4.623454408661473 3.7182232910423636
0.5939310410730059 0.599939381044237 0.36877793122175717 0.47513231744460427 0.49550798814334485 0.5776360009673454 0.6036538814142887 0.3954364577000433 0.557882851775048 0.5551820270444523 0.5904372248468235 0.5274530361624556 0.4314029081501758 0.5039800011010129 0.5928929439329522 0.6119458235984894 0.5476133037003592 0.5264247774028945 0.5020078388010916 0.4401274126429371 0.5656586138314879 0.48822091885404006 0.6431838769894966 0.42106220221808144 0.6400366747369617 0.5718092453473673 0.5860446755629027 0.6175189562171681 0.5460149047248706 0.566763240872433
0.012102929876505186 0.014221414643998287 0.007562859566746738 0.01010394508682566 0.011451527074655132 0.010675818180629904 0.015169463995789556 0.010584035629563004 0.011296609894202447 0.0111406411255075 0.013631333912144328 0.013499192372250945 0.010300089436327653 0.01218608596411741 0.01117254984774263 0.016528683480260042 0.013330717949884274 0.015216576183775032 0.012520137562205491 0.010163400351189011 0.013388445631903778 0.010940690826146238 0.01245645191602307 0.011155027518157112 0.017499069010114 0.011307703803709046 0.01493968427848813 0.014070026057879659 0.012651188386030299 0.01355144918136375
6.344628559418197e-06 8.842016654853069e-06 5.604679813586699e-06 4.895439815300051e-06 5.1115281394231715e-06 3.202854145456513e-06 8.400006777264934e-06 6.734782459716371e-06 7.014587367848435e-06 7.764892757222697e-06 6.789506755922048e-06 8.75555383572646e-06 4.399739168547967e-06 8.070102580859384e-06 5.771617793470796e-06 6.319759904727107e-06 7.431844665006793e-06 8.883220289135352e-06 6.4524999743298395e-06 6.117963494034484e-06 5.421992909759865e-06 5.879346190340584e-06 6.099861025177233e-06 7.526681429226301e-06 6.542988558067009e-06 8.02656427367765e-06 4.641690338758053e-06 8.17814100173564e-06 5.683588597094058e-06 6.619026180487708e-06
1e-08 1e-08 1e-08 1e-08 1e-08 1e-08 1e-08 1e-08 1e-08 1e-08 1e-08 1e-08 1e-08 1e-08 1e-08 1e-08 1e-08 1e-08 1e-08 1e-08 1e-08 1e-08 1e-08 1e-08 1e-08 1e-08 1e-08 1e-08 1e-08 1e-08
1e-08 1e-08 1e-08 1e-08 1e-08 1e-08 1e-08 1e-08 1e-08 1e-08 1e-08 1e-08 1e-08 1e-08 1e-08 1e-08 1e-08 1e-08 1e-08 1e-08 1e-08 1e-08 1e-08 1e-08 1e-08 1e-08 1e-08 1e-08 1e-08 1e-08
366256.0 366026.0 362570.0 356770.0 360720.0 354436.0 366945.0 366256.0 366026.0 362801.0 363263.0 366716.0 359096.0 363032.0 362339.0 363725.0 364416.0 369692.0 366026.0 362339.0 359792.0 361184.0 363725.0 361877.0 367174.0 365566.0 361646.0 366026.0 362570.0 365566.0
