2348.977879222648 5138.598895829807 5848.94609009003 5548.964340171283 2465.5012870274513 5575.545019245688 5622.778038515939 1752.635513467977 3980.9428856039867 4348.074399936059 5375.547631842879 2055.9771220149614 5382.23222883475 4222.666921475939 5464.7328050422975 5800.812566498062 1009.675934833966 4239.1123110723165 728.4313074801516 5323.0458647320265 996.3671861586072 5268.512961405141 4432.948296258762 5131.06000898783 5517.411884620229 3415.030198671626 1344.4928963734774 5532.596089888064 5496.32317300215 1543.3971667103178
2348.977879222648 5138.598895829807 2815.468213907324 5462.463903235945 2465.5012870274513 5365.955901291681 5622.778038515939 1261.9413918704113 3980.9428856039867 4348.074399936059 5103.166730849086 2055.9771220149614 3386.0281183388615 4222.666921475939 4607.786131810731 4201.197756595113 1009.675934833966 4239.1123110723165 728.4313074801516 3966.22608522457 996.3671861586072 5268.512961405141 4432.948296258762 5131.06000898783 5517.411884620229 3415.030198671626 1344.4928963734774 3583.994772282982 4854.904521479886 1543.3971667103178
2348.977879222648 5088.613328368856 2815.468213907324 2294.4600945185557 1926.9580239788738 5184.790150039843 5484.199924055408 1261.9413918704113 3980.9428856039867 4348.074399936059 5068.352136811395 2055.9771220149614 3386.0281183388615 3102.3493812038314 4607.786131810731 4133.83169207378 1009.675934833966 4239.1123110723165 728.4313074801516 3966.22608522457 961.0989551278185 5180.464546045971 4432.948296258762 5131.06000898783 4996.055135491613 3415.030198671626 1344.4928963734774 3583.994772282982 4854.904521479886 600.6356502860172
2348.977879222648 5088.613328368856 2815.468213907324 1636.2748236902553 1926.9580239788738 4455.946784973198 5337.750975011464 1144.397236451904 3980.9428856039867 4097.57535704356 4643.682750787957 2055.9771220149614 2885.2738332619047 2376.5633391827632 4218.628640209183 4133.83169207378 1009.675934833966 4239.1123110723165 728.4313074801516 3966.22608522457 961.0989551278185 4779.928997837662 4432.948296258762 2786.679779407612 4950.946801298221 3415.030198671626 1344.4928963734774 3583.994772282982 4854.904521479886 600.6356502860172
2052.4883161371527 4865.447435292346 2192.6848140722395 868.7998879310644 1926.9580239788738 4455.946784973198 4776.880065680165 620.3101461328488 3980.9428856039867 4097.57535704356 3860.1596529617036 2055.9771220149614 2885.2738332619047 2376.5633391827632 4218.628640209183 2765.6310665367264 1009.675934833966 4239.1123110723165 728.4313074801516 3966.22608522457 961.0989551278185 4041.9587903841166 4432.948296258762 1463.67695511183 4822.535272967729 3415.030198671626 1344.4928963734774 3489.5391771657796 4854.904521479886 600.6356502860172
1153.4348316905339 4865.447435292346 2192.6848140722395 868.7998879310644 1926.9580239788738 4455.946784973198 1691.0231351742423 620.3101461328488 3980.9428856039867 4097.57535704356 3860.1596529617036 2055.9771220149614 2885.2738332619047 1978.686414514199 4218.628640209183 2765.6310665367264 1009.675934833966 4239.1123110723165 415.79831145362823 3441.92472510854 961.0989551278185 4041.9587903841166 1490.6959813190915 1234.0292028404147 4707.61228924243 3415.030198671626 794.1285567816294 1479.0165669197495 2214.378536080967 600.6356502860172
203.6622596795196 1946.6823470072686 1057.7154112112758 857.944562591028 527.2966172151978 4234.101620141128 368.219248265797 234.419040353725 333.16276075528594 797.9915861334644 1803.731329920005 949.7512006291468 327.0111665107752 443.69360001157565 433.5054116878682 977.0693468133127 1009.675934833966 1096.5959365401163 177.17793511518812 3441.92472510854 961.0989551278185 543.8598591067807 1490.6959813190915 400.3739351844406 322.0004031118701 2642.189497410004 717.5766975421284 857.1436490330616 1105.3100367160896 306.50967166402006
144.98095883266478 237.06974867169174 452.8068113834347 155.60222355286987 165.68344210572695 487.4065791974135 199.34328313904552 152.96703276736162 213.29069281119746 192.86303586657232 166.39673679804446 241.09724423200805 167.47423456606293 209.8979967892219 174.2338565308287 201.4712115135144 551.4168042621222 301.58767224232724 159.9446778980855 1017.4646045817949 262.6688679377676 181.0459446770642 835.5410527083122 195.38686356266817 245.0849390129597 331.5137100030274 445.1121562703015 301.2548528936509 214.6035238228137 176.2557600282762
116.3742525876064 144.3453903087825 154.95639410750982 131.72487573546005 128.4450108445344 201.87153268381962 125.21759679559091 115.31567796849322 133.75779157230863 143.3068278883179 131.99068835168873 139.31875317037475 123.21748238799273 137.94835858377564 142.1563881516472 142.68432636182888 155.48687296542357 132.53633351221106 113.8612893199579 153.04237566596112 140.2200725867542 143.5854237946096 172.78728928919054 125.02914050862364 163.8702005183568 149.785490985038 232.1179300472636 195.51576369982467 158.12879419863657 126.85177467006088
101.03322628569458 101.62502171501137 107.9360477412456 101.1852244994966 100.75853230185203 106.13159534100396 101.37682757482298 101.07287088101066 101.40454498637973 103.44269532539738 101.68326674469972 101.7524043838057 101.74130267231976 101.5616239794449 101.60775763705442 103.73846868422697 107.95755218949444 103.32287510204469 101.31936775018494 112.15689673599445 104.57570403068712 102.71533266191773 119.17573854814464 101.49756614446596 119.6258302205747 101.69920907416508 126.46698510630313 113.12469562700608 101.83875454065219 101.06577010974661
100.54739872628261 100.58110269225244 100.89979646485472 100.87445873028219 100.52840534047073 100.7237141034816 100.60929831177964 100.66225613506003 100.82179071757537 100.7920059672324 100.60738572379796 100.59509932342826 100.78561942564784 100.71003869031529 100.63643478885842 100.72097834879696 100.88787450774817 100.74785151771539 100.58038870373184 100.83202538615296 100.69765589504641 100.872055196779 100.63611069422132 100.6416716663116 100.92295106800793 100.64355517711465 100.85966605482236 100.45377528344761 100.69633695228958 100.63574558863093
100.54739872628261 100.53721894772798 100.65368161634933 100.65716247205228 100.45300488807788 100.50672023660354 100.47361349482344 100.52463696056884 100.53731050151646 100.59317932988552 100.60738572379796 100.59509932342826 100.43493042681757 100.63363998934165 100.60111163098281 100.50354824405986 100.61082128356747 100.57608403666791 100.56590715295488 100.35937124679049 100.56327326019755 100.6141207525834 100.53736902989067 100.6101495841931 100.65545600444602 100.54464613860728 100.5262354549941 100.45377528344761 100.54766831528104 100.5752939127774
100.49819546891831 100.47127284950875 100.45141682170788 100.56366905557388 100.45300488807788 100.50672023660354 100.4337115760527 100.41102442611282 100.53731050151646 100.55529067054613 100.42192987785393 100.42141342777995 100.43493042681757 100.44888974298965 100.56270643801918 100.50354824405986 100.41767184841592 100.46536892935501 100.50855110374732 100.35937124679049 100.43534388073704 100.54422865546803 100.46428826631836 100.4596860262036 100.57889582790222 100.47187721628916 100.50773043632125 100.44005511749401 100.53362823534098 100.54783163975071
100.47966696052708 100.47127284950875 100.41269286459601 100.43605437242604 100.38727864553448 100.44621849080522 100.36719723301758 100.41102442611282 100.39597053300122 100.39850702091917 100.42192987785393 100.3975297031875 100.33766021968995 100.38414888829948 100.43139602845213 100.45846146178383 100.41767184841592 100.36361287247382 100.4508803954559 100.34499819023131 100.43105369643263 100.32829912938496 100.37193185752085 100.34723438948413 100.46051238753898 100.4214481530089 100.39795858702246 100.41853936804182 100.31797122348326 100.43587446928677
100.30287494597951 100.36540683936119 100.33964737400038 100.3505294853735 100.34528658355885 100.35239991942854 100.29847230538326 100.37193704599213 100.37187054836522 100.3534220003803 100.33621453166916 100.35778901991353 100.32311813103524 100.33169728062967 100.34951812487543 100.3413055213623 100.32045337647878 100.32015401454237 100.3532669171741 100.34499819023131 100.37499927082308 100.32518829274886 100.33352826457167 100.33058167664467 100.38000620075854 100.32571408773583 100.37138415266827 100.34404524894126 100.31797122348326 100.38557393243991
100.2445194287252 100.28335116493781 100.22370969616804 100.27434063432293 100.22611824845535 100.2403164428174 100.2295876730127 100.22919221999973 100.23427576387121 100.21118071895353 100.25299954246157 100.24595787971839 100.23442285057763 100.20953623130936 100.26168531183794 100.25059994244566 100.25453286151469 100.22681836026686 100.25867831702271 100.19969529002356 100.24546609089748 100.24485156449919 100.23452637711762 100.22587671051406 100.25519670006452 100.22668939161622 100.20544311133699 100.22840020832882 100.2583641768656 100.27194271923418
1000000.0 1000000.0 1000000.0 1000000.0 1000000.0 1000000.0 1000000.0 1000000.0 1000000.0 1000000.0 1000000.0 1000000.0 1000000.0 1000000.0 1000000.0 1000000.0 1000000.0 1000000.0 1000000.0 1000000.0 1000000.0 1000000.0 1000000.0 1000000.0 1000000.0 1000000.0 1000000.0 1000000.0 1000000.0 1000000.0
