292.20030307671414 348.1401378656906 201.04027703459133 451.2152411360994 229.5009137206498 363.34453867095726 238.4285673528807 86.39277910298597 291.60942753026484 350.6037867322384 77.07740537130121 230.47606413618587 196.85250622422882 164.43771462452742 120.24631297380938 173.65888299937933 387.0926137889942 82.58983669988538 303.50322201622885 256.8725065473941 218.0805633378709 362.4655456668802 226.20294077104427 376.9269580241039 62.30680594377054 347.2105701976425 98.0374223504632 141.54418281346943 388.93024105289487 124.23174541742219
292.20030307671414 65.31704481572297 201.04027703459133 235.7804531617753 229.5009137206498 135.8479151556753 238.4285673528807 86.39277910298597 291.60942753026484 87.26133891841619 77.07740537130121 189.65321693093256 196.85250622422882 164.43771462452742 120.24631297380938 46.776421741497415 387.0926137889942 82.58983669988538 161.111713748508 77.24277622506861 218.0805633378709 169.44080367179913 112.9508687320299 323.2912129920214 62.30680594377054 218.01374285338125 98.0374223504632 141.54418281346943 388.93024105289487 49.848910811876976
167.36524818963744 65.31704481572297 126.9148332283221 235.7804531617753 90.45916222906999 135.8479151556753 111.09438663745732 86.39277910298597 219.81296728323423 87.26133891841619 77.07740537130121 98.92415535861346 192.77849197202931 76.19088167630662 111.8499693069075 46.776421741497415 195.2416831293217 82.58983669988538 161.111713748508 77.24277622506861 124.82503982131993 158.8699182555747 87.23018875236949 137.22033711798076 62.30680594377054 77.35346800720254 98.0374223504632 141.54418281346943 280.1365363818427 49.848910811876976
129.3036343180147 65.31704481572297 93.5663042913443 128.6129914296789 90.45916222906999 135.8479151556753 40.56669372216993 82.61008458265542 85.89776707573765 87.26133891841619 77.07740537130121 96.98731590666193 85.30856611941181 76.19088167630662 85.74338440008796 46.776421741497415 96.73100220180868 79.71090322575901 77.47172271597537 77.24277622506861 124.82503982131993 94.99257763318064 71.69407368906832 71.33160372742759 62.30680594377054 77.35346800720254 54.90210788302784 73.99982797771054 261.14198382424 49.848910811876976
67.99191508764807 55.776859006297855 49.58890592241869 122.64303317160966 47.39901420842534 57.85150747272428 40.56669372216993 44.51516040309707 53.03134625346911 45.71967169847676 45.902442802168935 59.44498605660419 47.09166728869195 67.03952370522939 52.01557708860355 46.776421741497415 64.56648937049158 58.262695420065484 54.71629470402604 64.05750808536004 72.79050757406776 56.145281294244796 71.69407368906832 71.33160372742759 47.64907814075286 52.6089615633191 54.90210788302784 63.018007970360486 69.31141221948337 47.660586956954376
58.12003993733788 55.776859006297855 49.58890592241869 47.4675932002051 38.10672263754395 52.001137523863235 40.56669372216993 44.51516040309707 44.07301711709033 44.368789866634415 45.902442802168935 32.42039488854334 47.09166728869195 59.012744048653076 39.96907670492101 46.776421741497415 43.57293809925841 50.72370922578057 47.09641992413344 48.46505931892352 64.85151207972876 38.39583649359747 49.27891369006511 46.046389655361054 44.606187454754945 38.81887076682642 41.42453969497319 43.92724020724472 52.23201703523 39.023089050727776
33.78060539853732 39.016951497961145 48.813128831925496 40.93288300794393 32.58473729587786 42.04463694607284 32.26630646480271 39.71999696673538 41.90101672551873 40.140912223734176 39.1964908076684 32.42039488854334 42.112465937967045 40.47058990009418 39.96907670492101 39.25043125595448 37.893868078444484 47.82940230609074 40.503467012908914 32.56978438750912 40.874965056433666 35.595727087921205 41.87299335080888 36.86705398903632 38.924663838447486 37.80763794312179 41.42453969497319 34.48627239622556 40.42123300109779 31.89064694326089
28.69093758123381 38.491465086311564 35.92283232781119 33.36970206051228 30.465142770428884 28.970279625374587 32.26630646480271 34.45920968292785 34.57535311668653 37.6694023703526 30.197761021164297 32.39082046079375 33.70418191641738 31.0344756290815 37.78200151545025 34.280139305452394 32.859347720731876 31.330585994844114 32.87556926234902 30.148487778410527 28.62395472828939 32.094357627814134 30.85822624366301 36.022166500757976 36.25183279070734 33.482681364658674 35.754673060188 33.13049585279805 35.05534902422551 31.89064694326089
28.002554032647822 29.716087496226464 31.56227434546645 27.99186251833089 29.68408223791539 27.96206742711456 32.26630646480271 27.018689949326927 29.540638246819526 27.41615768940801 30.197761021164297 31.07968123590308 30.615376769496834 27.770547476789034 27.78073516313134 29.24490959366267 30.26011785272658 30.299563532495085 31.86090990314642 29.357608761594292 28.62395472828939 29.96010800362319 27.564331895974192 31.333273823952823 29.279035795251275 29.066541263368435 29.801127014817666 21.97960381774874 32.75076596960025 29.68415117996483
26.563192852386237 28.92880519505752 28.45453278285595 27.152987104594104 27.013448926535148 26.676910697086896 27.907864251561477 26.88854509355997 27.22297697831027 18.78437865615342 26.38856762462774 27.044826475741957 28.326377025468446 27.770547476789034 26.39574395440104 25.94090577622501 27.80080099190127 23.738389784762603 27.412429465026435 23.631163694238694 25.970364453700313 25.995911700174474 27.43738808108401 28.84272411600932 23.869208934271683 28.694770843369497 29.801127014817666 21.97960381774874 25.755196487721605 23.18999371521022
24.212591679081015 25.969780538127907 24.46054436278746 26.120852202422157 19.789527047600586 20.52028723141393 26.039371733902044 25.75982036828691 23.327305828123826 16.05375802679373 21.743271043052573 23.2724875337517 25.889591561896395 21.914642208814712 22.42926810754352 24.905465117136828 23.240878551509923 14.960342072217827 17.45767488253432 19.83031230791721 25.153740858616857 21.415532983252888 25.622801052656996 26.85140426353746 12.982725071243294 25.85218828516554 26.573501159845364 20.668538932533465 20.448139000088304 15.927090574639806
16.47504305202574 13.694390128491705 22.2937564520671 14.037876739989315 8.449027627857959 16.87889579010107 17.669825890011907 23.075896950052083 9.300623516378892 8.342633837910853 8.260793667204325 10.524667617384239 22.736986006449115 11.874955064397 8.74489349044461 20.59694926879729 10.080014372414553 13.930977223517857 12.248031232402354 17.849843070931 22.8725508651778 11.976211174487617 24.154649484355105 18.439488393128613 5.6270511959282885 24.085017748821883 18.376631528287362 9.746278310921298 8.067836544534202 10.50163899178824
4.914415484111942 1.476003430289893 17.051245987374386 2.4778748554299455 3.2355055486186757 4.5639920227013135 15.710261038024782 7.258955287228218 0.9045239282522743 0.6713730807177853 1.3498830989856287 1.3918687776595107 9.152884788845313 2.9203619813479236 1.8663069948097473 12.975446908724734 2.0758085720485724 2.1965943804812014 1.2526812526944013 2.7608903575837758 22.278210311822477 4.248769944290416 13.394903437413632 4.874036197919395 1.154725727877576 22.252995240492055 5.46054453353554 1.9572304323505705 2.164413135291852 1.566149661536656
1.6716568765614284 0.7791409017786464 15.988187753242073 1.717271423746297 0.7418229897639321 0.7896431483986817 10.572773037351453 0.570654080616805 0.09476464750468949 0.09609224894575163 0.38507066882675645 0.487116395232988 1.5248190419383718 1.4566733279475557 0.6194105857280192 1.2464735196535912 0.39531446308910745 1.0031776861756043 0.444765487785844 0.9442447365890985 6.99158790765523 1.0124511824451474 1.4008375765647543 1.111593457190338 0.22775154150531307 18.96851551334339 1.1918021787396356 0.37295557829975223 0.9020333377270617 0.31636212401826924
0.7696122457750789 0.7656470048250412 12.71060933932722 1.6437017324569752 0.22613029025205833 0.458095412584953 10.14359655326598 0.47328211210151494 0.03814347594516221 0.05293810397324705 0.2968510300088383 0.41472927285076366 0.7637954812266798 0.6845777637377068 0.13247990560239487 0.23851678202845505 0.09254429564225575 0.90154782728996 0.2898670896661315 0.2229242808211893 0.48957050796207113 0.17524392227596763 0.1066048319175934 0.16509808936507397 0.05496946506855238 18.030456416826837 0.13882250490178194 0.028082874680876557 0.8154610461783705 0.2692100682174896
0.6750499185682202 0.7656465496884266 12.700576365044071 1.0676183478967687 0.022046611210953415 0.4580767646421009 10.050136478360855 0.4668346365792786 0.038057366932207515 0.05010795920361488 0.29300839896995967 0.4122149572085618 0.7633330419030244 0.6584065821766671 0.0005578109585258062 0.21789809806477933 0.07345278546881673 0.9002647446909577 0.2875048476557822 0.19062468478568917 0.04761738390152459 0.00798865990827835 0.004246484144914575 0.08710658898053225 0.05456707788334825 17.948662046292156 0.10265035496922792 0.01880835952624693 0.8128280230589553 0.26919669940616586
200000.0 200000.0 200000.0 200000.0 200000.0 200000.0 200000.0 200000.0 200000.0 200000.0 200000.0 200000.0 200000.0 200000.0 200000.0 200000.0 200000.0 200000.0 200000.0 200000.0 200000.0 200000.0 200000.0 200000.0 200000.0 200000.0 200000.0 200000.0 200000.0 200000.0
