230.51464581382515 236.81974028272452 101.132832322794 125.99179321441125 236.36806113578223 87.7697495514567 165.57097765913932 172.9385382828582 154.4089201492784 164.1339474045012 166.22465427043744 198.70925785664895 150.5900522686061 217.71320256842046 282.95432849037206 306.3769704160295 236.70265837217949 237.67175024226162 170.5490327837665 162.13069279685442 241.39938763971622 202.5634549595111 246.30574915710667 222.14175766354856 211.2108242236427 198.95357612488897 284.1903776462591 232.66379254453204 226.31716769019022 158.11419983440737
195.36945789064112 220.41243214496308 101.132832322794 125.99179321441125 236.36806113578223 87.7697495514567 165.57097765913932 172.9385382828582 154.4089201492784 164.1339474045012 166.22465427043744 198.70925785664895 150.5900522686061 217.71320256842046 235.34456105937397 306.3769704160295 236.70265837217949 199.0002706345149 170.5490327837665 162.13069279685442 241.39938763971622 168.17134930310976 212.5336216122446 208.9537118495664 211.2108242236427 198.95357612488897 170.12195520239857 232.66379254453204 218.10827285398 158.11419983440737
195.36945789064112 167.75671252081156 101.132832322794 125.99179321441125 218.85741335531793 87.7697495514567 165.57097765913932 135.01385595344527 154.4089201492784 164.1339474045012 126.4683876789968 198.70925785664895 107.60612891204619 180.806097408783 225.84996611104907 156.44842864914017 203.79114067070896 199.0002706345149 170.5490327837665 155.88213242232632 168.68268288448417 168.17134930310976 195.1719570746277 142.84416065582536 163.4536971157463 161.1707439382899 151.77561996245277 232.66379254453204 218.10827285398 158.11419983440737
150.81971532508078 167.75671252081156 101.132832322794 92.71871766630238 218.85741335531793 87.7697495514567 130.14514132608974 129.22992843995098 139.81520839512905 164.1339474045012 96.13051595546312 166.2797321215271 82.83755260344333 180.806097408783 117.95264587737893 99.93150019452241 188.23329106427218 166.72852042838213 170.5490327837665 146.09763949147964 136.36662798727775 166.3788296171101 97.93028033289374 142.84416065582536 163.4536971157463 126.79637409405586 151.77561996245277 143.49709433297858 125.65241314259129 93.18273016914918
96.74221734183357 139.38845979741563 63.79765522116304 88.68618843150125 194.41278557906344 87.7697495514567 130.14514132608974 129.22992843995098 139.81520839512905 151.04504503808585 96.13051595546312 80.38134197271575 82.83755260344333 104.90864347460638 111.6511142619247 99.93150019452241 117.50987822831166 125.84697976628559 89.56025996203789 142.05589364414527 136.36662798727775 158.30528814160016 97.93028033289374 131.78848783177182 56.76756888975842 110.73628738974367 144.08930773613474 115.20674163876174 116.89362700039055 93.18273016914918
81.24385886622622 126.29794468973114 55.84344895788763 85.45085109250385 106.85526189050643 87.7697495514567 81.67689504939926 85.03386864941467 94.66509764803504 86.05472118554007 89.33267174528783 76.63646622191573 71.71621044295443 84.47028962490049 85.98265202386528 99.93150019452241 114.6447276613635 93.81990040203073 81.16087540724038 76.57124384818917 119.36659084389657 131.61695086000418 88.95876380184609 90.00864837778272 56.76756888975842 94.96343484640101 98.78454530591989 96.16683926151654 116.89362700039055 77.49394048156046
66.45771953939266 83.42989230955709 51.7278861348168 55.11335272974884 90.89368780836912 69.81432681164688 57.35249298318922 74.22958916149491 80.37117122046402 68.44128653268808 70.98905074688764 64.25059889308068 66.73290306777335 59.8703843115436 75.82959498600621 61.251058298954376 78.22403345582961 68.92569510908652 61.769305873299345 63.02454628131272 97.17101245250751 85.92878821842851 71.74639441286945 64.783142207526 56.76756888975842 76.80556162411858 59.8696258803634 63.88821206363764 77.05796603415502 42.60948329348457
39.54897314335403 56.343489446671356 51.40358381044507 45.889356550172806 59.67561562579385 49.66243245828355 42.021431568388834 68.67762287178311 57.9134854831791 55.24693683547957 41.53303772431673 57.22569587542421 41.911848459022394 39.877082699528046 51.49841938635109 40.28774487227247 43.484691177483 57.43377200140367 46.82068672553601 50.611494084856076 56.971358292974855 49.09623157025635 47.41193948108571 54.64280618468183 47.80290553095142 49.94551363646542 37.148381825457136 39.56936191184309 44.17809015949456 39.283236293937534
34.01593460192771 35.6994758823289 36.38285192345916 35.9812029482589 43.26552794209351 42.734747268990986 30.231247075733336 33.42027553847947 43.22125423698185 34.76181850805369 30.0727877765446 27.777816499206665 34.087439285606706 36.95855122337025 33.0661098537405 31.5333075506735 39.53555701953269 41.08746353886477 33.26697305341281 32.94539063852585 25.081557609840957 38.83576331918425 29.22299444559144 30.89717431210397 33.51615730119511 30.34100914342889 35.38635412842973 34.95512975917495 37.63998451056955 36.53151802985235
25.933811740311057 29.639621534578055 31.950906137250286 29.265785111179866 27.500293000680813 33.699496705504544 26.14312459214989 28.847066165821616 27.845438792184495 25.653408210902853 21.891359247651053 27.777816499206665 26.291859525039854 27.046900629477477 27.828060879309078 28.639497762485917 25.803031664285072 29.575137466464867 27.094638441740244 30.071072124434068 25.081557609840957 28.763792989722333 27.037311629050464 28.625098191930874 27.778050845985717 25.258493617262275 24.521718829049405 27.771682398840085 29.861538328852248 27.51448347998212
22.37685462450304 23.04606756568751 23.844373676144187 23.139738995987955 23.918100227188233 24.00066661144274 24.43974480920633 23.942580970921426 23.59822869163304 23.649579540831837 21.5296237624475 15.265918295990332 23.14625564112157 21.705413110870495 23.048601844848008 18.178838919452573 22.92395732455725 23.758022784842524 23.953305415761406 24.22348371176713 23.6419654124702 23.997003342645257 22.419486809014188 22.067449117192155 21.9135364405995 21.551428534861316 23.565960929505536 6.820929246070591 23.68446181772083 24.504242650777996
9.133256762404244 20.404389614172942 11.228508519210664 20.53718441129945 20.882582476380094 21.455031805169938 8.066792052499977 13.92955618804217 20.708032110082286 8.723633383947345 19.459613784559224 9.969001851490702 8.831910593768043 20.20813775196939 8.820582790825483 10.877264989422201 14.580798688347159 20.90334392298587 21.068272681429562 12.718736303585729 19.214873185732813 21.73334307504797 13.716494838985 11.195442779061068 8.631051166594034 20.23367983995354 20.455168774043386 4.886334029351019 20.29732179437383 17.103019155868424
0.520030627260212 20.0237369807312 1.041974423633519 20.06673406953746 20.591962930148384 16.560321312048245 0.887828354431349 1.7115905414095778 20.032692140351173 0.19094298228401385 18.722737061039425 0.5041198569128937 1.1086862604117869 20.199479544013457 0.34146363664876844 0.5502824026521012 0.5068822442958663 20.13208824264234 20.65919248772957 1.588624731367645 1.6167408017845446 2.3779696983110625 1.4026951676512454 0.4490896566508127 0.33406667124472733 20.033683926226786 20.030630388699365 0.40969071254539813 20.04294109547368 1.2864133418536312
0.0062047207247815095 20.003011963077597 0.0031410927849719883 20.001703956452502 20.58666914546575 16.299769279443353 0.6265617949388798 0.008297997564795878 20.00017072213268 0.0018688857278448268 18.71501683959559 0.003381357694252074 0.99563739815585 20.199479534829834 0.0024989648231894535 0.00408294248063612 0.003707558655150933 20.00893233774741 20.625739081087204 0.007367804125124167 0.008828826423723513 0.005482148205146586 0.9989850246315655 0.006163364918165826 0.005813157267084534 20.000699539854395 20.00187314298273 0.0031440355498943973 20.04152624187509 0.0053643994228878
1.9182907408321626e-05 20.00001972514042 7.587880645587575e-06 20.000459696019107 20.586651699677304 16.29956929556124 0.624105276377577 1.1209001058887225e-05 20.00007306056591 5.092036190035287e-06 18.715002485948617 1.0354080586694181e-05 0.9949614663239572 20.199479534829834 5.334582510840846e-06 1.3053246448180289e-05 9.495773610979086e-06 20.00010074031411 20.625542063520925 2.5138688670267584e-05 7.3717465056688525e-06 1.0707791489039664e-05 0.99496395293977 1.2063643225701526e-05 8.086616617219988e-06 20.000009360730473 0.15202690364594673 7.508775752285146e-06 20.041526241671818 7.33990918888594e-06
1e-08 0.36019197072459974 1e-08 19.99999952551366 20.586651699677077 16.299569295495985 0.624099320532423 1e-08 20.00007306056591 1e-08 18.71500248594748 1e-08 0.9949590570990949 20.199479534829834 1e-08 1e-08 1e-08 7.14420441454422e-05 20.625542041550716 1e-08 1e-08 1e-08 0.9949590571570752 1e-08 1e-08 6.380033801178797e-05 2.693004262255272e-06 1e-08 20.041526241671818 1e-08
182750.0 200000.0 167400.0 200000.0 200000.0 200000.0 200000.0 172600.0 200000.0 167750.0 200000.0 168450.0 200000.0 200000.0 161800.0 174800.0 168950.0 200000.0 200000.0 180200.0 171300.0 172850.0 200000.0 167700.0 170450.0 200000.0 200000.0 170300.0 200000.0 169000.0
