317.4106480982946 367.0950129588855 296.9692933254405 918.568563359946 207.26550198181621 209.07829093634837 549.0142889474982 980.5830986584224 200.36583837853914 656.9014725839916 589.9244109451693 399.51803619755265 1052.383041429578 231.72287351717432 140.9372325900631 730.7699722120651 654.6362212316599 934.208635256769 510.40601605754546 286.85546719549166 2479.7375440851265 313.5655482609641 1039.8221544122866 609.6673022664804 1528.60532849823 261.5223726646568 182.8419000171998 1534.154564680729 2499.0904268237955 1373.4196626092935
317.4106480982946 255.18177952084716 249.386411790922 918.568563359946 207.26550198181621 209.07829093634837 369.1750871489494 980.5830986584224 200.36583837853914 212.22969905667787 589.9244109451693 399.51803619755265 1052.383041429578 231.72287351717432 140.9372325900631 149.03162477075375 654.6362212316599 934.208635256769 316.5253523938554 286.85546719549166 2479.7375440851265 313.5655482609641 813.379915476688 609.6673022664804 1052.4313134186868 261.5223726646568 182.8419000171998 310.20166678233727 992.9418276640822 625.229700971438
317.4106480982946 255.18177952084716 249.386411790922 368.43418140094946 207.26550198181621 209.07829093634837 369.1750871489494 980.5830986584224 200.36583837853914 193.1491337435482 464.5573824021799 399.51803619755265 889.2948634948275 231.72287351717432 140.9372325900631 149.03162477075375 197.86295294957063 934.208635256769 180.50149544682972 286.85546719549166 1753.108666147693 313.5655482609641 284.88220249564256 175.02173937454245 676.5422608960303 261.5223726646568 182.8419000171998 183.43895102522538 814.6803169185127 295.0355633104414
317.4106480982946 194.24935393258602 249.386411790922 196.3709433430422 152.034629691203 209.07829093634837 195.9208359350805 295.6395059344759 200.36583837853914 193.1491337435482 464.5573824021799 399.51803619755265 507.5805185919112 231.72287351717432 140.9372325900631 149.03162477075375 197.86295294957063 934.208635256769 180.50149544682972 202.8179442065475 1041.3182888446663 140.58606315246107 284.88220249564256 175.02173937454245 294.67875494449345 161.76817972134313 139.42537952597604 183.43895102522538 316.2813153081288 295.0355633104414
185.28905444006614 178.808610759751 134.7700119826036 155.94457139111728 152.034629691203 209.07829093634837 195.9208359350805 201.18597683199914 200.36583837853914 161.39875794899262 244.78948203035952 205.12303221361572 182.19586338762883 177.58517330160385 140.9372325900631 133.97216008662008 197.86295294957063 362.7018995438784 171.72686983889798 122.6996344102804 208.95882182468358 140.58606315246107 153.87753673023371 133.67283328335589 232.05126662382054 136.26762258148392 134.12057374117148 157.27693548345496 316.2813153081288 217.5964174170781
166.77233939054713 119.5164138073992 120.27057740759892 107.35026563839438 128.02521536377026 168.96680422729787 151.18002777039692 149.13188405283154 189.7872058454618 145.77386769390205 144.79081122419666 157.81122813586217 135.49847734719015 161.10586278916526 134.85601851318597 119.9213174001543 197.86295294957063 287.6121996077877 135.65288884304755 112.81312963338678 133.90404003533922 140.58606315246107 153.87753673023371 122.4131019610104 133.29648210778396 107.30499847907004 111.36311567929897 154.4016335646902 143.6777199625867 184.16321395117257
127.06428075145641 112.56969086603613 119.58063805437541 106.90612569335963 115.40379905471445 120.60216737119481 114.04919364537 125.41284845249447 158.2077233506052 105.17281199062472 124.1700959292757 128.3829096228692 114.33113386448258 117.11978233108766 113.20790190979915 109.15529108071087 120.49991894090499 132.01640720145042 116.9957720493012 108.40624797624787 116.66341559193233 116.64989977445157 138.04315181975562 107.01729995500818 116.19803718205367 103.21435102692385 102.40018729545136 117.31333587026074 128.37191432355257 127.97201913527397
105.3300606761295 102.60549381088413 103.03172104580017 101.4415523818684 101.9957100185411 112.03595916863515 102.30593743273812 105.5172840887567 105.98859934376924 101.74904068217393 105.41385817044238 104.95433968030511 101.43298667612089 104.75856806563343 100.94377977289196 101.94438309767474 104.18073983033992 115.0967024454767 101.82403693881997 101.43057346022033 103.74247585983494 103.86778544192748 118.82624625097833 101.77616200097145 102.866752494097 101.66811902394693 101.79847747232725 104.72361831319404 106.35214480556851 102.94595789803725
100.9900296197402 101.03469613070001 101.31529975187141 100.87121892782261 101.16098627871088 101.37444772967137 100.90452689627546 101.21202555645368 101.30245296834482 100.98916999793437 100.7020362481835 100.85967973237439 100.65947172879578 101.25254995512296 100.92110074277616 100.91146469871046 101.38606580819987 102.51719085436662 101.15662012916891 100.81371690740662 100.7672667242914 101.2010750064369 102.16873844505017 100.98203110303257 100.91792185341046 100.90906826999117 100.87232023145089 101.28721005425268 100.66324884627238 101.02074944857213
100.75464887763701 100.72122510961117 100.84565909073444 100.83795674216844 100.90104413978088 100.82148140082109 100.72884027100599 100.69668379802533 100.7713948645137 100.56795771121642 100.68592755265445 100.85967973237439 100.65947172879578 100.51043834759457 100.92110074277616 100.88208008797483 100.46483704924549 100.62618284378277 100.86780823385743 100.6886172172317 100.67049918097155 100.62529668580646 101.0885509757386 100.80372513322072 100.79281404618041 100.75315667157565 100.71365695056375 100.868297275244 100.66324884627238 100.48061226931395
100.62058223737722 100.56421680595668 100.5964864976213 100.62111479617215 100.5975524542755 100.66816236470504 100.72390212633763 100.56738542029962 100.72910735933237 100.56795771121642 100.60137884370079 100.61023331533443 100.55810229061262 100.51043834759457 100.47103094181921 100.70096163295375 100.46483704924549 100.62618284378277 100.53522038290203 100.6886172172317 100.5044130345118 100.53385803668743 100.51633112292029 100.63711477875404 100.51835425573063 100.55006997092914 100.67335016492143 100.82822448526576 100.63521035363465 100.47911864297475
100.62058223737722 100.56421680595668 100.41849087861829 100.56926886977408 100.54177758484775 100.52141390311499 100.68135115902851 100.55504192688613 100.5871190033863 100.56795771121642 100.54935242552347 100.57440368762127 100.55085862844044 100.4422987542589 100.47103094181921 100.51574261133874 100.46483704924549 100.52204641733306 100.53522038290203 100.62922134889914 100.5044130345118 100.50055143702821 100.51633112292029 100.63711477875404 100.51835425573063 100.5361632124509 100.63183721404857 100.4714086270069 100.5352519421208 100.46759998711514
100.56080857175812 100.42403097091119 100.36426510014235 100.54533394582722 100.4339141537389 100.52141390311499 100.51833367172685 100.4170885648632 100.50554074266574 100.49137628294648 100.36508967488953 100.50066460200924 100.47541690390699 100.43986066984098 100.44583815986061 100.47659234286039 100.4027719439855 100.44607230233578 100.53522038290203 100.3672617556017 100.44153362935867 100.32366613186605 100.51633112292029 100.41212593891578 100.46735178819381 100.50491418486308 100.39889194967054 100.43034374140552 100.50640931219323 100.38910430340411
100.46803389400702 100.26848600086078 100.28737267274482 100.417816817112 100.37744615792508 100.42752958285882 100.45785513322608 100.4170885648632 100.46204594603614 100.44203056962351 100.36508967488953 100.32827234527895 100.38537725564902 100.43297314447909 100.44583815986061 100.3611616995945 100.3391424519591 100.42497092474696 100.39927448158187 100.3672617556017 100.39654467243054 100.32366613186605 100.4480501533958 100.41212593891578 100.32199200934792 100.36394220862712 100.3124831392829 100.43034374140552 100.44565270226303 100.38910430340411
100.41635092645902 100.26848600086078 100.28737267274482 100.2917632194999 100.30610489547553 100.39899722797873 100.37763032729117 100.37781760950747 100.35650357477971 100.33846282932063 100.3368729725139 100.32827234527895 100.34345028826374 100.43297314447909 100.3379732641165 100.30447322183954 100.33894609182607 100.40440401619026 100.31661466582182 100.3672617556017 100.35568013731563 100.31553927392179 100.34261840209092 100.37735958190979 100.32199200934792 100.3294818661966 100.3124831392829 100.37359338129363 100.35788689405535 100.37708391877504
100.3832561000113 100.2120015716755 100.22526120490011 100.2917632194999 100.27634712649342 100.328343886114 100.28303777126757 100.3168226786388 100.35246340317781 100.24578174034468 100.3368729725139 100.28861444777704 100.33143073278325 100.25373801143405 100.3379732641165 100.30147411805365 100.32790628877956 100.28600494268176 100.30048149526601 100.33321365010761 100.1900865848811 100.25825096452809 100.34261840209092 100.20509244949471 100.32199200934792 100.3294818661966 100.25863902857418 100.30413313847475 100.33252613110699 100.28678301256423
200000.0 200000.0 200000.0 200000.0 200000.0 200000.0 200000.0 200000.0 200000.0 200000.0 200000.0 200000.0 200000.0 200000.0 200000.0 200000.0 200000.0 200000.0 200000.0 200000.0 200000.0 200000.0 200000.0 200000.0 200000.0 200000.0 200000.0 200000.0 200000.0 200000.0
