2367.814452635839 4166.089858579167 2465.656661313955 3560.665371971403 2756.581356000438 3254.9483429880493 3929.8914795587643 3678.244283056916 651.5755238452148 2773.953558914745 2888.5329135203424 2397.6647291412346 3103.271479930078 3927.6519900939356 2905.8849524401776 2198.2982778406213 2701.18923704949 2969.3962502661907 2964.9187838196467 3649.3074884148755 1767.0629143738406 3278.1792004705494 2807.2403272034985 4476.399888904208 4020.417565738453 2333.0449506427085 4575.711025725009 2643.427384434573 1880.6693073936344 2309.237145850559
2367.814452635839 3595.9172972754986 2465.656661313955 3560.665371971403 2756.581356000438 885.2564159890871 3929.8914795587643 3678.244283056916 651.5755238452148 2773.953558914745 2523.5582204720677 2397.6647291412346 3103.271479930078 3007.007140733649 2905.8849524401776 2198.2982778406213 2701.18923704949 2969.3962502661907 2964.9187838196467 3649.3074884148755 1767.0629143738406 2584.833619384542 2807.2403272034985 3808.457380032047 3294.4142272054196 2333.0449506427085 4575.711025725009 2643.427384434573 1880.6693073936344 2309.237145850559
2367.814452635839 3595.9172972754986 2465.656661313955 3560.665371971403 2756.581356000438 885.2564159890871 2840.5453838271565 3678.244283056916 651.5755238452148 2773.953558914745 2523.5582204720677 2397.6647291412346 3103.271479930078 3007.007140733649 2905.8849524401776 2198.2982778406213 2701.18923704949 1902.997345548681 1875.8814180390063 3044.107820402713 1767.0629143738406 1992.5505364802498 2292.5907070103176 2966.1779129000074 3102.656497090863 2333.0449506427085 3449.22206319431 2643.427384434573 1880.6693073936344 2309.237145850559
2367.814452635839 3595.9172972754986 2465.656661313955 2727.1513149125713 1746.2443929457868 885.2564159890871 2247.9940541398123 1648.1695356140049 651.5755238452148 2773.953558914745 2377.7812246909916 2397.6647291412346 3103.271479930078 2247.8787782905865 1132.5078245901975 1269.124896735982 2701.18923704949 1394.0146146311022 1875.8814180390063 1266.3008972385473 1767.0629143738406 1927.5326124728613 2292.5907070103176 2315.389487696439 2794.4509605485205 1481.2461694800604 3449.22206319431 2643.427384434573 1880.6693073936344 2309.237145850559
458.0207048161219 2078.0422454441596 2285.3042886884896 922.3086277520401 1538.9094612415283 885.2564159890871 654.230988288243 1445.897443694304 651.5755238452148 2220.3705747889626 1513.4954289951756 883.5905262033441 2576.539129253686 1368.6464611879446 1132.5078245901975 1269.124896735982 1842.5533499654202 1394.0146146311022 1552.186333923296 1266.3008972385473 1767.0629143738406 1729.6541399874686 1555.425245163855 1837.0868277924528 1731.414775595429 1400.0443643464605 2530.4634749701218 1733.5715352620573 1628.3824074669474 2309.237145850559
458.0207048161219 1366.9197461104404 1029.116563293128 922.3086277520401 440.88693281923724 885.2564159890871 410.88295081426554 1445.897443694304 651.5755238452148 1430.4647552999259 929.5482340971894 883.5905262033441 2003.9638978549192 1164.2808376942412 1132.5078245901975 1269.124896735982 943.3353792851476 1394.0146146311022 1320.3362615639116 946.1268882414877 1119.249275620969 1151.9320543074473 1555.425245163855 1321.0378827996456 1114.7394943773263 912.0977730921857 1530.5716990840428 895.5527295028376 1628.3824074669474 611.1967827291187
343.3272841431135 1118.9563163083124 438.0010568711266 682.0470754906992 440.88693281923724 885.2564159890871 410.88295081426554 1188.74864932757 578.8005832294411 565.2456754092013 821.269036030206 883.5905262033441 1409.4812221052598 804.1035749419511 1006.3682549709793 1262.728823753986 943.3353792851476 858.6171777723814 967.427201392044 512.8298245309225 911.7462202432696 760.2616191801708 1063.922354093139 1304.8635285874898 512.2234893241277 337.7155134379234 748.2777413573772 895.5527295028376 1027.0329493388788 611.1967827291187
323.5017805482705 414.2848223031799 390.74159799848576 249.24070477116265 259.7811236496784 373.06119178133576 410.88295081426554 452.6330638570189 294.42638760193176 290.88932849121466 282.6545604888247 277.0819168868145 411.1203848347002 475.6375575358345 322.1414821714386 619.8318332585595 400.3354145089436 465.20027131696634 182.6414825329789 110.73233666943895 788.2106733885912 409.5970464194088 269.91698993883665 641.5035306858449 474.8222256112076 174.72737203689667 510.0581857336929 563.3319637448562 536.3412912920335 348.5724555706952
55.29491032290059 61.2523298644669 145.69755940558548 80.1250805143626 57.78885493423218 274.9193985827551 102.03225228354779 176.81197704829515 134.61472336802285 83.75282580848341 124.0711393972897 130.10019444682553 158.43231898283557 228.89131701973338 186.84565972769656 118.31141931273919 85.8527763926777 126.8761953188141 51.37309823278133 92.86082769598579 157.86412881555566 141.99331320036936 75.95570345422232 162.20919654089994 140.20167184825732 55.52662603139345 119.06549927952301 245.72324171243986 136.5114604012606 103.58255490020974
12.771289101161301 17.181862414452894 25.774890570930097 27.2343488770631 16.822703886783415 40.298173498282495 18.38834926617517 16.44753859383252 14.047227725399466 8.302824462237368 17.50926820822167 18.12611595175065 42.27897360791087 44.27140628834343 52.226557928289594 11.92883590352335 20.004262771322374 32.63160946194159 19.111685647905347 15.680643413445296 30.09063759034575 33.80307626734543 10.26521270718024 58.03819849794627 22.240216447093644 13.264117732629074 9.247358944635494 30.52069613104902 19.73558782750365 18.621648260262646
0.8657409272011591 0.3831386362695639 1.5419252615281493 1.4480621655757204 0.7528371750912584 3.4959009876763503 1.483631186416119 1.300740077798423 0.8467543063206904 0.2366345330922286 2.425612088461776 0.8677459930845544 1.6559839196139592 2.4969806211288414 4.787660130250742 0.9515839425307604 1.1524900156222202 0.47949804220638725 1.516877844526448 0.8659645681110533 0.6307756713441677 3.8453918016896296 1.469593486606641 1.5686705937530405 1.8370086233038592 0.7872726167489645 0.47860256094884335 1.97298820644437 1.7584128873317013 1.8090482140814856
0.006582375279208463 0.0020201257757435087 0.061849765481383656 0.0019261705226654158 0.001859051141650525 0.03836138823987767 0.03499288104342213 0.011634640071747526 0.004422029615511747 0.00026417258675337507 0.0059814394630848255 0.00610067631896527 0.02865081637730782 0.05647179554057402 0.11882156581202707 0.020810384176456864 0.0036121673656452913 0.0021191380847085384 0.004129061490289132 0.001885126849288099 0.0014349214465028126 0.0310954811876627 0.0010399574186976679 0.006730807588155585 0.007729838926366028 0.0028585368251015097 0.0009272146659213831 0.011638996007491187 0.023763695710044885 0.038896946908721475
3.927269744963269e-07 3.307479801151203e-08 9.906958666761057e-07 2.2002041077939793e-08 1e-08 3.622027406890993e-07 6.334278168651508e-08 2.148997282347409e-07 1.5276691556209698e-07 1e-08 1.642303004700807e-07 8.02854174253298e-08 2.7450596462585963e-07 3.748389190150192e-07 3.408982593100518e-06 4.48174091616238e-07 5.209426490182523e-08 1.505611635366222e-08 1.6327351204381557e-07 1.6401031643908937e-08 5.0293238018639386e-08 1.0557153018453391e-07 1.780267666617874e-08 1.2329689980106195e-07 2.365620730415685e-07 4.466608061193256e-08 3.230240963603137e-08 5.034155492467107e-08 6.229197424545418e-08 3.1763147489982657e-07
1e-08 1e-08 1e-08 1e-08 1e-08 1e-08 1e-08 1e-08 1e-08 1e-08 1e-08 1e-08 1e-08 1e-08 1e-08 1e-08 1e-08 1e-08 1e-08 1e-08 1e-08 1e-08 1e-08 1e-08 1e-08 1e-08 1e-08 1e-08 1e-08 1e-08
1e-08 1e-08 1e-08 1e-08 1e-08 1e-08 1e-08 1e-08 1e-08 1e-08 1e-08 1e-08 1e-08 1e-08 1e-08 1e-08 1e-08 1e-08 1e-08 1e-08 1e-08 1e-08 1e-08 1e-08 1e-08 1e-08 1e-08 1e-08 1e-08 1e-08
1e-08 1e-08 1e-08 1e-08 1e-08 1e-08 1e-08 1e-08 1e-08 1e-08 1e-08 1e-08 1e-08 1e-08 1e-08 1e-08 1e-08 1e-08 1e-08 1e-08 1e-08 1e-08 1e-08 1e-08 1e-08 1e-08 1e-08 1e-08 1e-08 1e-08
55900.0 52950.0 57600.0 51500.0 49950.0 55550.0 54250.0 55750.0 54350.0 48700.0 55900.0 55100.0 55900.0 56300.0 60100.0 55050.0 53400.0 51500.0 54600.0 51300.0 53950.0 54650.0 51150.0 54250.0 55000.0 51850.0 52250.0 50950.0 52900.0 56650.0
