1354.8077452760117 1683.1500433650153 1739.7328313212702 1310.4051421880463 1423.0043504092644 2696.326477029079 807.7169850241576 2285.6444755500543 1005.9417096766715 840.0749443836685 630.6891202851625 1642.1214902920758 3065.9210871957657 588.148005041763 1967.6542455481172 854.4852606769609 2871.9579246015155 981.4118169777635 1933.5981717474065 1207.7871844520182 1254.597665441529 1736.8462904583475 1576.6430311215101 1801.0347470384586 2784.503192783198 3276.0343752280996 2512.646111440712 2086.6768773972526 2372.4478435644596 2102.6081068174053
755.6308726926682 1348.1273757664037 1739.7328313212702 1310.4051421880463 1045.529840726 1200.8522275805362 220.794545092087 2285.6444755500543 1005.9417096766715 840.0749443836685 630.6891202851625 1642.1214902920758 3065.9210871957657 588.148005041763 1967.6542455481172 854.4852606769609 1717.5840746890917 981.4118169777635 1933.5981717474065 1207.7871844520182 1254.597665441529 1028.6804757775874 891.8264888281931 1647.8257917410153 1190.128898951269 2907.9025299843074 1082.0775284711956 2086.6768773972526 2088.5671796841957 1708.8623248867707
465.58557290197484 1229.253001496613 350.68768706248625 934.431855273089 685.5569246626301 970.2722823363256 220.794545092087 1609.0286587200508 1005.9417096766715 840.0749443836685 630.6891202851625 1051.7766152658794 825.8478230848573 528.1617749962245 710.01106113586 854.4852606769609 899.8414494978779 324.0539558299647 1343.8641853033055 1207.7871844520182 857.75685525687 586.1791861109049 891.8264888281931 1067.530734319514 851.6453760536326 434.1046659714674 790.0625696082875 896.8189557971111 804.3225475422496 774.357915446375
281.882552052821 151.55890682923985 350.68768706248625 509.1126201155183 685.5569246626301 347.1516458135268 220.794545092087 436.94178920190416 841.1559117564091 676.5076240727726 513.1020239157824 794.7261372082523 825.8478230848573 528.1617749962245 305.22361415434875 523.1320650123014 520.2603097723357 324.0539558299647 618.6761802115228 784.174561271665 308.50806995787843 544.1770782325327 397.54210126803105 1067.530734319514 216.1028986230907 434.1046659714674 598.3580477059653 583.8339520251343 492.56405478418276 333.6838518744539
156.41888265923933 151.55890682923985 176.54460409058743 384.6899136904252 292.0032860958562 210.25315205966103 146.974421181985 280.57168164355096 566.9723779727888 460.54582289704297 368.2761259592472 467.1583550230023 366.0938315476835 114.85824602358673 161.32980856222343 138.83519085127068 299.45231240527596 167.11304201503185 368.24355837647806 213.3342695305289 296.4790205880714 407.77478670534606 268.7914863943013 382.4515189743747 216.1028986230907 262.41486251950596 149.91003105708046 301.9231856748612 279.92679618237753 329.054913342055
143.58232224910898 142.20314357705956 67.4440838413264 165.92840955378654 264.922391041512 210.25315205966103 101.96800702039712 144.98517010763112 321.7737850606426 155.38269760927483 199.63369808715368 229.8898505832376 197.13593910336124 114.85824602358673 161.32980856222343 106.11900522427038 107.39568520973233 124.23108920976654 188.56065458121452 170.61286542232983 141.55997038662485 103.68205781730961 164.12437416211446 132.20007467648372 97.54369788894468 180.14946467662548 149.91003105708046 211.9778067684839 212.296122354035 110.01729348082432
60.93934408556589 70.78182058024345 67.4440838413264 55.024909511941644 107.83571600683376 79.9141859973247 26.562985902621335 75.53990752904082 110.32078763708012 72.2888661544007 59.858663619533786 92.85147564930844 66.79432019643156 87.35874653983967 69.019896802213 43.78200169992135 90.25323049240342 77.12316639052585 64.92415007946039 107.90312343365031 72.29738069974132 80.91652752266606 84.85756666939437 91.06577285960657 25.018708994432075 143.05951964696976 69.31088506566164 68.71687530057795 68.83085710710543 95.37890698701864
20.628024668379567 50.15071784865927 33.51196102680228 31.059216641436365 36.04358229788585 39.96731580463228 26.562985902621335 50.90829055819535 54.20486615275496 27.82176401218942 40.8806447653526 59.574587625004085 53.582408629784425 55.89476560667606 30.608942531670948 23.031918721095053 50.54718802614093 38.958410171525486 38.69327253238606 46.80447564994188 58.270121831724964 67.17101484396267 28.07382865824127 42.98472576552291 25.018708994432075 69.7725550137398 37.36642332574206 45.29345328605257 32.307347486661115 34.63774227228919
12.520893761961304 11.175157730117974 13.452283013302349 9.256280590245638 24.387946871050247 21.297409977426184 17.944175084415065 16.65065253900292 11.069887108120213 18.67595499848079 15.859525049325896 24.783705744087626 22.205739726745776 16.089959793053083 13.853189410343532 18.087677558158305 16.829885830799583 17.210404640813408 17.159164973268048 24.607761860227583 16.840599780805235 24.37698236644661 19.250462386141464 14.228770714211635 12.610888450241589 22.317005784884373 20.259617711064266 24.12528017490672 15.409613728262002 24.234885090583475
9.10951498670687 7.858329710885812 8.96000192475293 7.624588073810912 8.318877371935969 9.807312416876357 13.023776303052387 8.137788364838059 7.117974440800765 7.8325457115356585 9.722179016833877 12.773350935278756 9.94363353959261 9.556002121447364 7.752555831350321 8.113504118715014 9.669650869645238 9.750515255218602 8.38563557273477 10.135666457380182 10.997528673752583 10.881102239976542 9.562799872052949 9.019118887642435 7.915011154405079 9.7348932370233 8.211308306747299 11.208729111012076 9.110315914029059 9.517533515544983
8.920880008100426 6.226513107511721 8.916286469959289 6.601514770613505 6.143250492356287 7.106800303676778 7.5321855371973925 5.980510120819531 6.035641718796796 6.916810006017727 8.919109519855965 7.977419830352687 8.922978011769374 8.91878720236673 6.001908480178088 6.611049647393088 8.919343084930802 8.922347470762304 6.615408670399063 7.294095293079124 7.415671754711525 8.940505707606519 8.91893065950029 8.916237345297077 6.225975424871081 8.921700381491462 6.308308860123361 6.727985343397904 8.917130354237258 8.918345242246517
8.916103613399514 4.666193589603097 8.916101956303862 5.43270794294375 5.021539785968287 5.634494154843821 5.664133148217331 5.021354675185876 4.983155291469473 5.312641275051874 8.916102457259228 6.419666399660059 8.916103337509128 8.916102325677969 4.874697085877415 5.201964080148116 8.916102359414367 8.916103724895265 5.3702867652949635 5.708469058976675 5.533872206810145 8.91610344875943 8.91610223826683 8.91610199358189 4.97232496035673 8.916103440911286 5.245699907756489 5.2392141690596645 8.916102009705185 8.916102651610686
8.916101927790805 4.158596695735525 8.91610192778137 4.394228431555746 4.1839960823648426 4.27743173516086 4.3691136291635075 4.2547584143791255 4.245020250987068 4.250487793961099 8.91610192778137 4.8470719148451735 8.916101927781938 8.91610192778171 4.189819566646065 4.3055865008532805 8.91610192778137 8.916101927784212 4.341364782557378 4.377440813287535 4.330322721314701 8.91610192778137 8.91610192778137 8.916101927781426 4.327197797383633 8.916101927781767 4.263958182355452 4.3249699758637234 8.916101927781312 8.916101927783416
8.916101927781312 3.995784759766707 8.916101927781312 4.016734388922032 3.9943795366879726 4.001951089591955 4.00185338332858 3.997693808808208 4.00189771128305 4.010237103129612 8.916101927781312 4.0553957073441325 8.916101927781312 8.916101927781312 3.9986011373254087 4.007500664866427 8.916101927781312 8.916101927781312 4.0162508762732045 4.0243350176008335 4.014442423084745 8.916101927781312 8.916101927781312 8.916101927781312 4.003657120269565 8.916101927781312 4.016421929042167 4.015263137003956 8.916101927781312 8.916101927781312
8.916101927781312 3.9867308225374813 8.916101927781312 3.987002999869219 3.9866386352005065 3.9869908995607375 3.9869061937477 3.986683188543907 3.9866953942311625 3.9869021598744325 8.916101927781312 3.9874452848834494 8.916101927781312 8.916101927781312 3.9867906105113207 3.9867370801827633 8.916101927781312 8.916101927781312 3.9872437287719436 3.987197416937022 3.9872177551530967 8.916101927781312 8.916101927781312 8.916101927781312 3.9867744810360364 8.916101927781312 3.987257636857521 3.9869015562694585 8.916101927781312 8.916101927781312
8.916101927781312 3.986579195277727 8.916101927781312 3.9865792927263897 3.9865791728043405 3.9865794875485676 3.986579521021895 3.9865792807478897 3.9865792773896374 3.9865793423255695 8.916101927781312 3.986580081243062 8.916101927781312 8.916101927781312 3.986579247457769 3.986579284873983 8.916101927781312 8.916101927781312 3.986579372559163 3.9865794124711442 3.986579265053649 8.916101927781312 8.916101927781312 8.916101927781312 3.9865792170626264 8.916101927781312 3.98657929285946 3.9865792310159236 8.916101927781312 8.916101927781312
200000.0 200000.0 200000.0 200000.0 200000.0 200000.0 200000.0 200000.0 200000.0 200000.0 200000.0 200000.0 200000.0 200000.0 200000.0 200000.0 200000.0 200000.0 200000.0 200000.0 200000.0 200000.0 200000.0 200000.0 200000.0 200000.0 200000.0 200000.0 200000.0 200000.0
