14035.409618613889 13879.518123652522 16527.55986088449 10347.25091077745 17029.0154868322 12274.276217933528 15834.848834996934 10789.608742450966 10782.628976951808 10316.979337992252 13177.993487853131 13757.145109888694 12869.703385776524 12957.980795518031 15495.978653680912 13324.009274242508 9715.715182974407 13014.63590357879 10587.689515076894 7457.19487818346 9556.641749779159 12291.179902396332 14644.97667029037 13289.652174855666 17302.43669900731 7727.206847677484 7235.219267248494 11880.73326288728 15119.340715337223 11878.027632962201
14035.409618613889 13879.518123652522 16527.55986088449 10347.25091077745 14898.251846714535 12274.276217933528 15834.848834996934 10789.608742450966 9252.272724265258 10316.979337992252 11047.826613793919 13757.145109888694 12869.703385776524 12957.980795518031 15495.978653680912 11858.780658605645 9715.715182974407 13014.63590357879 10587.689515076894 7457.19487818346 9556.641749779159 8787.34142439911 14644.97667029037 13226.92696864022 13604.413754921237 7727.206847677484 7235.219267248494 11880.73326288728 14518.08765554889 11878.027632962201
14035.409618613889 8855.605015408715 16527.55986088449 9304.952588664572 14898.251846714535 9628.919415941205 10175.728604061998 10789.608742450966 8520.321731156459 9124.755593867747 11047.826613793919 10548.087331367346 12869.703385776524 12957.980795518031 11609.551836801202 11390.079508105388 8097.848719824706 12530.662423548445 10587.689515076894 7457.19487818346 8781.357424934258 7150.127251074273 6987.016133124276 12311.521669723985 6824.708481160561 7727.206847677484 7235.219267248494 10410.836839950882 12397.783598282389 11878.027632962201
12471.371034233965 8855.605015408715 10469.638967887973 9304.952588664572 11389.12264587083 9628.919415941205 10175.728604061998 6203.634602324176 8520.321731156459 9124.755593867747 11047.826613793919 6620.212230035823 7971.962156253747 9317.431126426061 7785.831874710115 11224.358481710224 6126.971289243348 5161.06074452076 8090.20199067608 7457.19487818346 8781.357424934258 7150.127251074273 6987.016133124276 8108.1002583037625 6824.708481160561 7727.206847677484 5167.069144516093 7808.296265214296 7859.452269602298 8724.09603122553
11693.298246500142 6573.616364972847 4665.03731031412 6777.225634508692 11389.12264587083 7360.683873992963 9497.425534945089 4893.900869951739 5438.988975417188 8240.64436185092 5995.820666402667 6620.212230035823 6690.996785530767 5817.189756424146 7785.831874710115 8958.494882793351 6126.971289243348 5161.06074452076 6148.642324253396 7457.19487818346 8558.182011085406 7150.127251074273 6473.481625020213 5953.5346792058435 6824.708481160561 7531.985094528998 5167.069144516093 7259.482966536272 5705.74415048676 8724.09603122553
6780.428468125611 6573.616364972847 4665.03731031412 3173.508140442493 6833.091622981372 7234.707656341281 8120.873433205545 4893.900869951739 4353.870342068402 5687.506016224199 5995.820666402667 4784.654658985921 4734.47229802803 5817.189756424146 5951.986963723684 6565.700445421745 3305.2874571502407 5161.06074452076 5679.907746394679 7457.19487818346 3639.5306193849847 4881.372894383151 6473.481625020213 5953.5346792058435 5291.626310196462 7531.985094528998 5167.069144516093 5674.356910410953 5705.74415048676 6103.431413847853
5036.889665673622 4035.87480404475 2481.0916741466312 1658.7135199667837 3865.9358425717164 3709.049368373174 4501.340148378625 4310.46209547219 4300.241048478589 3726.3563134583183 2951.3880294800742 4017.0659513143564 2329.867387686285 4248.510343456878 3203.1037941518507 1581.5020308047579 2119.3481092789953 2654.2238777271064 3063.656773907541 4904.379054273693 2689.664399998031 2511.6549021178907 2998.045903765504 3047.727070069439 2668.6475306661555 3947.723125541521 3830.959109411754 3806.9067731176447 2746.8998375370807 4963.8279723788155
1107.0236416991218 1179.5357646296998 1881.1688095624877 1034.6174267089193 1442.508889679128 1750.4271261822191 1980.3180481127415 1571.1527402691463 2045.7787034674593 1356.3240823272058 1151.6267622923806 2326.6839583889778 1856.2528477915266 1953.97497557085 1561.5168921677005 1298.277901992682 1200.77230334677 2447.8209343252347 1405.799101910091 1501.8232040294206 1166.9304498970423 790.7162691102069 1348.7801630109502 1804.4046112869887 1017.2228187388951 1494.1264091629728 2184.0419205931676 1514.0482783824636 1089.1416174452288 2089.0768210873393
714.7673556927409 343.29963055044095 285.51438211954064 181.29310429725433 366.11308508232514 349.1979129777271 410.1124850586789 643.6344277546614 704.297867425772 479.5798655493493 280.04959075141824 709.6129586972017 394.1706945416656 604.4147494153565 298.28282820622894 560.8632163511525 179.00846473283764 365.5074082414533 482.6808993390423 454.64692912340433 310.8949420016934 344.80285351435987 373.06189829971595 230.1906113405994 114.09142532422493 630.4361743481036 462.1917523657007 256.7306123535259 186.44551717111995 296.66777813274575
29.922880660723422 40.4085954897663 20.181658981954456 15.85038786194491 17.443508147197804 12.299994327310856 19.930750800489704 59.37387316591469 64.66409263611956 29.90952326598324 15.762593696726526 24.357796221536205 12.816617626682614 42.61035061648829 19.543381657130567 41.50817544112431 8.596430883305402 18.619629961772148 19.580015478932523 17.77740998904676 38.879201010372526 11.019672943787782 16.91762941103707 21.47453034690625 12.624370102841908 48.27463371039153 25.071710731134317 10.041496196084609 19.899094620396 23.060825717879652
0.2852051820370889 0.05624130286298623 0.17030641132680557 0.14368959198156972 0.18569811905513234 0.35741851931686597 0.11582970476285936 0.3377932122174343 0.5699452545798067 0.36422848569191046 0.23200649362615877 0.13300012904539926 0.24231910127491574 0.4354184244419912 0.3049356597616679 0.3967573328685603 0.06287573988095119 0.2563828118042011 0.17636200839353933 0.10181823455206995 0.2340367827762293 0.046910486967703946 0.3113746993836912 0.25161182029148677 0.07259886378346891 0.3108043875236035 0.4122200336495325 0.022504593962821673 0.3952192072923708 0.547512889622567
1.0319445209461264e-07 1.1551105671969708e-07 3.3491778594907373e-07 3.058748916373588e-07 3.6382186863193056e-07 7.63950538384961e-08 2.1660150650859578e-07 1.1067129435105016e-07 6.365355602611089e-07 4.129668695895816e-07 3.3372987218172057e-07 3.954710336984135e-08 9.335872164228931e-08 1.4560985164280282e-06 4.808504172615358e-07 8.098282933133305e-07 3.128991465928266e-08 5.953161235083826e-07 7.379277349173208e-07 3.964248662668979e-08 1.0235805802949471e-07 1.2682107808359433e-08 2.3764198431308614e-07 9.922109711624216e-08 4.5186538955022115e-08 7.960944685692084e-07 2.791276756397565e-07 3.270611159678083e-08 5.549128445636597e-07 4.02497948925884e-06
1e-08 1e-08 1e-08 1e-08 1e-08 1e-08 1e-08 1e-08 1e-08 1e-08 1e-08 1e-08 1e-08 1e-08 1e-08 1e-08 1e-08 1e-08 1e-08 1e-08 1e-08 1e-08 1e-08 1e-08 1e-08 1e-08 1e-08 1e-08 1e-08 1e-08
1e-08 1e-08 1e-08 1e-08 1e-08 1e-08 1e-08 1e-08 1e-08 1e-08 1e-08 1e-08 1e-08 1e-08 1e-08 1e-08 1e-08 1e-08 1e-08 1e-08 1e-08 1e-08 1e-08 1e-08 1e-08 1e-08 1e-08 1e-08 1e-08 1e-08
1e-08 1e-08 1e-08 1e-08 1e-08 1e-08 1e-08 1e-08 1e-08 1e-08 1e-08 1e-08 1e-08 1e-08 1e-08 1e-08 1e-08 1e-08 1e-08 1e-08 1e-08 1e-08 1e-08 1e-08 1e-08 1e-08 1e-08 1e-08 1e-08 1e-08
1e-08 1e-08 1e-08 1e-08 1e-08 1e-08 1e-08 1e-08 1e-08 1e-08 1e-08 1e-08 1e-08 1e-08 1e-08 1e-08 1e-08 1e-08 1e-08 1e-08 1e-08 1e-08 1e-08 1e-08 1e-08 1e-08 1e-08 1e-08 1e-08 1e-08
99050.0 96150.0 103450.0 102550.0 101950.0 97400.0 102350.0 99300.0 102700.0 104350.0 102550.0 95800.0 98600.0 110700.0 104350.0 102200.0 96100.0 104650.0 105050.0 95100.0 100000.0 92450.0 98400.0 100000.0 93300.0 104500.0 102950.0 95000.0 105250.0 113950.0
