3509515746.99258 8762992550.537495 3697266564.232117 7154901821.934297 5514568372.853028 6060565254.398043 6969154545.122518 5477558262.840898 8849284961.624866 8378163517.383582 1829233589.5798194 6903253044.004363 6423371337.475243 12029272726.85772 4829082366.840838 8653033184.07653 3231869306.5013013 11946134415.716137 5173589594.296579 10003369577.298073 6050147970.91157 6971018945.524499 6908897686.068177 11191691746.981102 9600216321.753534 8960021166.474934 9614646084.426497 6428263332.410677 9217857107.12528 3568408191.501656
3509515746.99258 7531549731.713035 3697266564.232117 7154901821.934297 5514568372.853028 5340938547.650503 6969154545.122518 5477558262.840898 5677139794.922011 8378163517.383582 1829233589.5798194 5092439655.433267 4147675467.187967 8581326037.900049 4829082366.840838 8653033184.07653 3231869306.5013013 4365340915.751414 5173589594.296579 8029494747.172582 6050147970.91157 5567674173.969165 6908897686.068177 10547827409.00931 8838927435.13236 7839619561.486746 4704622310.749541 5870081820.79696 9217857107.12528 3568408191.501656
2593187985.3055663 5865807526.337384 3697266564.232117 6466347181.393535 5514568372.853028 4460838760.475326 6969154545.122518 1108113961.6385748 5677139794.922011 5192901506.504485 1829233589.5798194 3956510753.776268 3709296815.0037723 8574867897.743905 3714710884.107207 7228388177.726246 3231869306.5013013 4365340915.751414 2517010906.381038 5369964936.193153 5809455284.701001 3645792609.395952 6908897686.068177 2520328470.124718 6816977682.994368 3462177678.5682325 2937346881.5846767 4271183567.3366904 6480815445.879114 3568408191.501656
2593187985.3055663 3288992920.868139 2715390263.055398 3474510290.789962 4556485724.132157 1622987327.652406 4248015531.6991587 1108113961.6385748 2213167214.8567357 5192901506.504485 1829233589.5798194 3956510753.776268 1665492565.527421 1305159692.3706207 3714710884.107207 3839055320.268636 2713688728.245303 2180982290.4164486 2517010906.381038 1876590049.3039336 1314017114.061212 2815241523.9599705 4089861254.337205 1180653167.7275233 2142862404.0875492 3008198869.275355 2937346881.5846767 4271183567.3366904 3326149725.8280435 823573090.9733347
471912877.5374112 1204188640.499416 1424602066.1732087 1302194579.79353 1358316134.2893424 1413016980.1309707 1278187037.3566782 626139837.337037 2023097009.7236588 918735960.7625551 1829233589.5798194 2086959587.2417414 1665492565.527421 1305159692.3706207 849543635.9682887 1154620956.0297058 1458664676.7195904 1395803064.348126 1839204751.596554 1876590049.3039336 1314017114.061212 756253475.6114169 661508309.6225873 794454727.8003185 1783266320.1290662 640207075.3393577 1307769755.3871617 2264530979.2237554 2430353851.100219 823573090.9733347
330996590.79303586 354957473.90554434 652897858.0137386 813416805.136606 121896416.47747761 282919655.67446995 541689998.8085587 346245381.14535344 401529509.1922318 834928775.6460847 226819363.21562174 484494335.5303972 620035265.0694891 500626614.13333434 177192342.61636955 921516931.1776192 132073993.3563602 354185652.6296706 372894986.63753057 891728503.199734 1046559192.6814326 306708589.2622146 305128211.3765713 687646994.5040021 855070854.081149 478884065.4421258 291154449.3306134 309844052.1246315 620231524.1997653 401491037.650596
45124923.9642251 138100424.98380575 205405665.29952818 135272950.17842197 107759333.16754079 105462843.92188954 88109768.21161489 77852646.42975558 115454874.01100096 207122928.3832736 120127048.23564085 189260936.3068214 175462452.52446508 197356638.56629622 88627655.73348868 272371492.85109305 94089179.34984365 78540424.22333391 166122097.78969485 169380851.43661687 306454545.0983552 91500895.76291998 112523497.79646759 194827635.3882559 173550516.59716633 67943200.50140877 115231080.52930497 89856464.1587413 94204729.83939756 47042037.237272024
19464998.80326018 47371917.371364616 26958967.282914415 20364360.629899856 23786085.115659248 32334281.752508014 27697071.54484914 31337598.152828984 21737691.239749104 52088269.83599437 37742442.82603573 29783656.67270437 101862903.22340307 53841256.59802627 25629254.551135644 84483751.70020019 5792262.113906134 20188821.632697113 29705807.635527853 36088955.759690896 60898240.89010153 29907684.893691115 29807487.073835757 41855644.83765446 40945351.124530286 27606122.55601464 39348479.331649944 24131749.550544124 33806457.97460454 28137259.63960188
2676061.40971721 2808260.2203009743 5222880.654018623 2607878.163401776 11584689.723042767 9231740.053635435 1576883.7324268545 4701486.776750943 3659671.590245127 6810454.678519534 5800522.970219675 2604598.6846788763 10578071.629803412 13813216.325770155 3246234.197214192 8113423.664304252 773403.9063530553 3136209.652160053 1394274.0381448348 5367218.865332977 11274521.631730262 4524786.796860139 3680084.8915093825 2372679.6959215687 8120368.268512603 5071391.624126837 1627026.8867506175 7116343.739114788 11406735.35266689 1775575.030662292
209148.95199552554 187206.62842495178 260618.64128137333 98202.77631167824 353422.09747837845 699074.246424313 140586.65368458655 137955.9048575349 106479.53376198465 649183.5361994855 450516.7336316644 117277.6529376216 832627.7756021018 526050.1024051876 92461.10401491381 617133.5170158766 59441.87044075784 278960.27576398 59685.53870677439 207472.85811611832 980310.1687383209 96208.4060971612 62432.33690101175 362396.16625803616 564253.993926081 262206.0730349129 71185.32658353748 337907.735135319 615260.2973860839 185064.6893562068
14489.049944734712 1856.6194093988015 3836.2240694611664 17190.416063924607 9020.05375967917 3921.2423309050364 9397.044715680346 18439.598346469644 10669.903148980304 2195.6877441073266 2331.9659992263432 14945.226148344773 22402.28531618325 9754.045834579181 2670.485194385503 4289.3599931334775 22377.158021834595 17145.272365963716 2718.7610196889236 15413.154934259655 4544.253443553267 5390.345099377777 22005.48437276573 19893.00375690643 5908.977299699184 2066.327568092859 21622.90499583767 13747.28547238329 5018.501101215292 16717.13599653885
203.1950960132649 74.46210526081495 104.21801273182405 7604.073406499931 69.07445773374093 74.07436468213336 374.42294272946083 16189.818285248428 199.49403772585833 70.85545249385405 113.49488309119079 985.2460430937035 595.9973056697986 177.38543197082504 145.93666860398935 135.94800392871844 16072.562538525337 2136.514310312926 102.74955601469924 2258.143539390967 88.02115719400967 114.19024067093005 7349.010820581865 15529.283058012272 81.82976040525546 89.13833270239888 15187.155455206175 1624.8011155484592 102.87330660970133 7037.689781230019
67.01748768530342 47.01263164056718 65.66616623312939 94.01767430624022 40.152879674277756 46.73841152418004 115.78656107908228 7057.72653021459 36.33790560605371 39.74213316801661 66.2582677391033 44.628146663967755 135.7008992699009 45.758930665325124 25.107025708116907 115.6163800275142 166.0231734593085 132.7908103838804 30.509318155801566 313.1347353292499 35.03587497591093 39.86575453923638 61.321929245468255 199.87011662711984 33.748175600901504 65.87037241341523 222.91441004947933 54.2598762385569 77.85965441865551 69.42012263410402
47.14165298995499 38.528323119759534 56.789669928407875 71.68405581002162 29.041271694004763 25.49541946371437 91.55607999254448 49.08838079388261 17.541223094782254 31.850008214655418 47.891038547290236 26.36129409192813 122.0956423266839 22.030990248508033 14.961749470719951 105.53396745675855 120.1257730973839 108.7856046437189 20.934944571332835 166.75740843821586 24.809675036993895 23.22921304217516 14.871855272240055 59.54224343002261 29.13564928170763 57.624551656818085 108.79604775987946 39.39228573525179 72.31073644214439 33.480982630531344
40.159858806652664 31.599023390973116 36.41566392345749 56.262231798329594 3.173106455799143 18.514271570331402 89.16271449966598 30.208742027002245 4.562008547138703 24.473030706851432 33.871491927603074 21.35056684813412 120.17596543572972 21.142580700395 10.899870018560478 90.63691831895176 79.33476703785186 93.08177997168082 10.296275531862193 155.35754682640936 19.054471474344155 12.774495078371274 7.068637663805475 48.86475216857707 20.877282116340893 53.64789572779091 87.27808311185163 30.787466523721378 66.07192519120463 26.889878839006087
19.56698976755797 24.48385985807272 33.877704006467184 27.04142954485519 2.1470229190103964 6.194081551278259 89.16271449966575 4.851601279512124 1.3777540623400455 24.107979006945243 17.461242637876012 20.55731152438807 117.05290521951724 17.683109053275075 10.788763129882454 43.22483366315487 56.06242781596029 87.00146292983095 1.2049129643608012 104.79637842609031 16.34962727720199 9.59352953419625 3.254251041033058 44.82739415373317 14.097025380985315 53.502609271756 77.53556668365218 22.751527301191572 59.21100041873092 23.690318013234446
1000000.0 1000000.0 1000000.0 1000000.0 1000000.0 1000000.0 1000000.0 1000000.0 1000000.0 1000000.0 1000000.0 1000000.0 1000000.0 1000000.0 1000000.0 1000000.0 1000000.0 1000000.0 1000000.0 1000000.0 1000000.0 1000000.0 1000000.0 1000000.0 1000000.0 1000000.0 1000000.0 1000000.0 1000000.0 1000000.0
