970.1145461129499 627.0501067144578 571.6491299161735 744.712002788202 764.2535169072717 695.9701636699938 698.3773405110105 474.5737595264518 549.697786669446 1088.04429744781 753.1285616993064 415.2110455408474 691.8893753145503 504.1188704809729 629.1318459848562 537.9946967365386 577.9599521657883 687.922302942914 658.3376084272227 654.7248994158149 668.90334240233 533.2745586841284 762.1826131866137 728.8334635978276 654.4369506501289 544.8580165814019 946.9068705955183 770.4109650110868 842.9474177389548 514.5357186816832
897.2525937616028 627.0501067144578 571.6491299161735 744.712002788202 591.1140951696339 522.672052989522 620.3207095569128 474.5737595264518 549.697786669446 682.0218158078687 613.2648364110851 415.2110455408474 646.195366521014 504.1188704809729 629.1318459848562 537.9946967365386 521.0179320789593 687.922302942914 405.31366953951283 560.761993168805 668.90334240233 533.2745586841284 406.289360597571 728.8334635978276 654.4369506501289 544.8580165814019 629.6496017942277 323.3923875193159 491.2637183486795 514.5357186816832
549.776379780465 627.0501067144578 571.6491299161735 492.8208020202428 591.1140951696339 522.672052989522 617.9305541508497 446.9318230314002 547.7944042946228 682.0218158078687 613.2648364110851 408.07766624036685 539.4819352592976 449.2473421713894 629.1318459848562 537.9946967365386 521.0179320789593 654.6959273990274 405.31366953951283 537.1914299826581 625.0260660689778 484.7390522602409 406.289360597571 508.6300339156137 545.823850065452 535.7955117871061 629.6496017942277 323.3923875193159 440.3553994845506 514.5357186816832
549.776379780465 457.3527258487884 566.8782227470547 417.37348872320763 497.0325522042426 522.672052989522 310.34642578032344 419.6039465190074 434.7271079453308 466.7227603329893 452.61603504505683 408.07766624036685 467.53618301178994 449.2473421713894 420.3388630282384 481.88488427597713 454.33833521229144 502.735864914554 379.01981444576495 496.3766690982934 463.54766475395036 425.04364692855324 406.289360597571 436.3972903118356 545.823850065452 467.8411527785297 589.7785450984929 323.3923875193159 362.241871420445 417.2089109039416
417.31653916132564 370.3901518597463 419.0892382634697 417.37348872320763 419.28373660997886 405.8448465323754 310.34642578032344 386.9311964578428 374.97086357041553 392.23639339184183 374.09834908547236 284.72527577000074 366.1621218627306 426.46325500688636 420.3388630282384 334.7499231800193 403.3752700575287 432.97148374228937 379.01981444576495 448.20925827613746 416.98304562014937 395.31557721935314 315.52238295440657 392.11593341002026 400.83115277065735 396.12265587876027 415.3421009435442 323.3923875193159 362.241871420445 359.4028588745632
252.07375003061406 324.801007024083 325.7223383352525 338.4486449614824 311.97535274069105 383.9624030359387 310.34642578032344 314.3980909478805 298.18377836760465 322.1725577412626 291.13994981874293 284.72527577000074 328.2339062236979 362.00910280081507 324.79862611816907 262.4533884081734 372.07419284451316 406.28997030542223 330.0950045807067 350.98643554380897 304.0902874715207 349.69301088277916 315.52238295440657 341.8878026040038 361.8315943229045 357.7202803919663 346.11038392538194 273.3808164203833 315.7569996077 273.09364368628667
252.07375003061406 246.040782569964 272.7166046179418 290.4965817969519 266.0865841231757 272.1651715494095 285.2558855161328 252.87793293034338 274.5974200180294 262.48923866288123 275.80322629127295 263.7624861278214 258.9482682832945 279.90024957498963 302.7801585872594 250.84208223697215 267.58426800245434 275.4513536610516 299.6948229543668 296.92200995839266 256.5609423279748 294.88621946638204 288.1823344396839 259.96406660998673 256.1919748654386 262.98197945028187 280.97337681726003 273.3808164203833 269.89129053785246 256.86031880054725
236.04358423255053 238.99951456472218 245.9540049821194 242.2761336894764 231.93595472341758 244.13718195672845 244.78620766722634 234.83849695839035 243.2624375938126 242.98699299750524 236.65943900365892 244.0048966607319 239.31606878521234 242.17315767321998 232.1775675345002 238.1860922598098 233.50832824782628 245.02556960528273 260.53555975177505 235.8439738998186 236.79745745705486 238.02148493414188 236.5630461555088 242.42682606472772 237.23935203042583 236.2521622994027 241.1886111320241 235.54036607240278 238.43791062945638 231.35043350351407
231.20274440848834 230.27758472934147 232.49929862503586 232.23496022055951 230.03711480875927 230.2480967508609 232.1076792384356 229.73971280069009 232.6170794582963 229.65880352924296 229.95726628648208 230.5239058003599 230.97193131946278 231.05803739949852 230.72115800880192 230.10604676363346 230.12805278768792 230.84074204440822 231.96358397864014 230.3163938463531 230.24763744968368 233.66317057625065 230.84107023217257 230.7542957509704 231.8348515289149 231.24622224925952 230.80305767803975 229.76933162463956 230.0203460333364 229.75249051799028
229.29122703515077 229.29803506349708 229.4931413893687 229.3316225702265 229.3007603090814 229.30978083147784 229.37677001952306 229.28613490809312 229.36288892480707 229.30174998766688 229.28954813674864 229.3200295142783 229.32193312610616 229.3135232474906 229.3066098134368 229.29229698611198 229.28806754547486 229.3033641839188 229.3729685311323 229.29522376098612 229.3324478179352 229.39725580912 229.29174714130522 229.31137225614384 229.35584724720866 229.32878807863653 229.3453980648792 229.29678663731875 229.30396847390284 229.2916019082918
229.2843969181945 229.2843910976544 229.284476702986 229.28440490200865 229.28439667302519 229.28439451682334 229.28441844041072 229.28438434222699 229.28442145336885 229.2843874473815 229.28439109721648 229.2844683162807 229.2844190345968 229.28439889798528 229.28439708423366 229.2843943427274 229.28438439680622 229.28439321475162 229.2845148945239 229.28438865436556 229.28442350664818 229.28445072070008 229.28438690630537 229.2844525022274 229.284501463766 229.2844372211439 229.28441749268495 229.28440326139935 229.2844178109999 229.28438852906675
229.28438270854622 229.28438270852166 229.28438270865536 229.2843827085203 229.28438270860124 229.28438270848983 229.2843827090569 229.284382708488 229.28438270850165 229.28438270850302 229.28438270849483 229.28438270866445 229.28438270889 229.28438270859397 229.28438270849983 229.2843827085062 229.2843827084912 229.28438270853803 229.28438270877132 229.28438270856486 229.2843827088891 229.28438270860215 229.28438270848847 229.28438270880224 229.28438270904007 229.2843827091706 229.2843827085494 229.28438270937204 229.28438270934203 229.284382708659
229.2843827084871 229.2843827084871 229.2843827084871 229.2843827084871 229.2843827084871 229.2843827084871 229.2843827084871 229.2843827084871 229.2843827084871 229.2843827084871 229.2843827084871 229.2843827084871 229.2843827084871 229.2843827084871 229.2843827084871 229.2843827084871 229.2843827084871 229.2843827084871 229.2843827084871 229.2843827084871 229.2843827084871 229.2843827084871 229.2843827084871 229.2843827084871 229.2843827084871 229.2843827084871 229.2843827084871 229.2843827084871 229.2843827084871 229.2843827084871
229.2843827084871 229.2843827084871 229.2843827084871 229.2843827084871 229.2843827084871 229.2843827084871 229.2843827084871 229.2843827084871 229.2843827084871 229.2843827084871 229.2843827084871 229.2843827084871 229.2843827084871 229.2843827084871 229.2843827084871 229.2843827084871 229.2843827084871 229.2843827084871 229.2843827084871 229.2843827084871 229.2843827084871 229.2843827084871 229.2843827084871 229.2843827084871 229.2843827084871 229.2843827084871 229.2843827084871 229.2843827084871 229.2843827084871 229.2843827084871
229.2843827084871 229.2843827084871 229.2843827084871 229.2843827084871 229.2843827084871 229.2843827084871 229.2843827084871 229.2843827084871 229.2843827084871 229.2843827084871 229.2843827084871 229.2843827084871 229.2843827084871 229.2843827084871 229.2843827084871 229.2843827084871 229.2843827084871 229.2843827084871 229.2843827084871 229.2843827084871 229.2843827084871 229.2843827084871 229.2843827084871 229.2843827084871 229.2843827084871 229.2843827084871 229.2843827084871 229.2843827084871 229.2843827084871 229.2843827084871
229.2843827084871 229.2843827084871 229.2843827084871 229.2843827084871 229.2843827084871 229.2843827084871 229.2843827084871 229.2843827084871 229.2843827084871 229.2843827084871 229.2843827084871 229.2843827084871 229.2843827084871 229.2843827084871 229.2843827084871 229.2843827084871 229.2843827084871 229.2843827084871 229.2843827084871 229.2843827084871 229.2843827084871 229.2843827084871 229.2843827084871 229.2843827084871 229.2843827084871 229.2843827084871 229.2843827084871 229.2843827084871 229.2843827084871 229.2843827084871
200000.0 200000.0 200000.0 200000.0 200000.0 200000.0 200000.0 200000.0 200000.0 200000.0 200000.0 200000.0 200000.0 200000.0 200000.0 200000.0 200000.0 200000.0 200000.0 200000.0 200000.0 200000.0 200000.0 200000.0 200000.0 200000.0 200000.0 200000.0 200000.0 200000.0
