5492.852024655523 1749.0517880649559 2852.02933534158 4461.543457706947 1332.9969101646802 40784.023687841705 338.25000051595543 3126.516992985713 2363.153342973944 4521.421520790942 4935.219285566062 46669.21546623456 6255.1379528950965 1924.8569990232918 623.7722092580475 12791.480067456212 1292.8909556980684 1003.5617728010052 800.2753668438704 18165.31749852994 8646.460711257954 1005.984892325007 1679.7131335257527 8834.946395439056 672.983187774727 1557.4295085295953 1979.2124813451364 60445.8591337909 1765.8489571976825 2567.849591347851
5492.852024655523 1749.0517880649559 2852.02933534158 4099.0104645384135 1208.6031059981378 40784.023687841705 338.25000051595543 2983.1211329759326 2296.2082779235643 4521.421520790942 1378.4307923219312 4953.834002078506 6255.1379528950965 1924.8569990232918 623.7722092580475 12791.480067456212 1292.8909556980684 1003.5617728010052 800.2753668438704 3837.2397207433605 1790.6411363320253 1005.984892325007 1679.7131335257527 1644.7893649670787 672.983187774727 647.7255419394887 1979.2124813451364 8620.783553187215 988.3745909602167 2178.9177827802587
1638.8777676930367 1311.21976210713 1186.0650759461387 1368.350384762779 646.3328296574355 1200.171148239619 338.25000051595543 1169.928050461503 1211.253228148425 2806.823526764695 1378.4307923219312 689.0899576795382 1155.2882238407597 680.3930747262621 623.7722092580475 2494.277697807407 1292.8909556980684 655.869112059574 800.2753668438704 1077.5318527980498 671.1758121182834 468.2520920830889 1075.0664101262255 1078.2798387059893 637.8234689700321 647.7255419394887 1140.7703884173388 5026.921193804593 946.9837674860946 1557.942406367797
596.1021767730726 390.9258960552179 362.42439383366263 464.67674597768746 352.291847827129 941.8337523047439 338.25000051595543 647.093935635588 702.5892201710549 767.7853319551728 583.3457255332032 689.0899576795382 457.46430290574517 680.3930747262621 623.7722092580475 907.0951299018243 732.8111721582954 655.869112059574 212.50536286423812 696.0881187823943 375.9814174462581 446.92976220167975 783.8203082919558 830.1296976087592 567.1009477405914 491.33206593872046 751.5342548302756 674.6197272281397 542.8099666215408 750.4117636282572
205.122325070653 390.9258960552179 268.7480363139939 280.97026141647484 352.291847827129 620.2655835943201 338.25000051595543 334.07027186360983 308.08371855966425 328.0311194735732 472.81076410675996 387.0000004453 398.79989957316 178.7094924797966 248.97511965844024 313.03873719911644 472.303091692399 583.3625669838752 212.50536286423812 509.3741601516572 375.9814174462581 236.15173677339544 358.0888580700898 449.2281288390809 396.5735146122702 176.8761072729062 182.26238500858744 445.03741574716423 197.3507458674353 334.9035053218504
157.73535476486222 232.18539170090298 211.87688746102413 98.52598337140216 129.53358914215323 237.32457216640205 192.19824786682648 208.63021006698364 147.84355606920417 163.83721135021278 113.60620890487098 212.43143944607164 188.84117935720724 178.7094924797966 93.76759038777072 297.8538279348513 201.48404037107275 259.30226570429886 171.04043109781924 101.63194050121501 75.16427337982168 203.28687641465694 172.05902596589203 293.604161568986 174.31427153546383 176.8761072729062 155.20888361229981 276.12973558320755 197.3507458674353 105.61432783396049
106.88501216550912 54.51177794296291 69.71449028733605 97.57739235943109 110.6780438582905 69.66117766296884 57.90870871941161 135.66923489420333 82.86135596350141 82.34709290121054 61.94287685933887 136.43689557201787 99.9529007906799 86.8782617318102 57.67351573322185 100.18452652729775 74.15726884063906 136.164876717045 65.37669766259478 101.63194050121501 75.16427337982168 90.62494100064168 98.54001290791166 105.7796443564057 82.53331353416979 106.14492368212632 65.05143852404126 87.25851273955186 69.03690618385599 83.39344079838884
81.60331345331633 47.7659747191924 69.71449028733605 71.46546134436812 62.74215525783484 66.4584145682893 48.3698869304244 83.36980030459927 68.53904446585375 75.46975863150465 61.94287685933887 58.61908758812751 96.35640078674987 68.9940922018659 47.24712360237254 46.6391251232767 63.81077625891612 96.32126842718571 57.08474319144807 54.890052007715894 44.91514450737532 75.62736299429798 52.85109046213802 98.83930450211756 70.39118162767727 61.75153937600953 65.05143852404126 74.55015657792819 58.404305541264876 68.34686229291947
48.77684201107013 47.7659747191924 44.343858642602754 65.76252237468998 41.986830240875406 51.227189188435204 46.939400051997836 50.23675015214212 36.571729340303136 50.79879846738095 40.54973518427278 46.08743935903203 47.674878650530445 62.85414570640705 41.485209686526105 46.364682315141636 54.89456418113468 67.97580420198528 35.865221588137956 45.78298443828453 41.1412719364298 47.36161932507321 47.23726934310116 53.21331583083065 53.31334657375237 49.68519878143934 50.976983757789185 50.064649986970835 55.751687169995876 54.48468598926274
33.178911432099085 32.939983054106506 36.08807675238313 35.34507217330247 36.05530134398714 35.53708995861416 33.21953617023837 37.33852091716744 28.266248004611498 36.47760611073954 33.42358605571326 37.20213652291568 33.27335754333399 30.607396915792833 34.227475620621135 33.618116547407226 37.66438789937774 33.40135916412464 29.685759002463783 35.5670302932449 31.02625755391773 32.22819338895761 33.94088064742391 44.063836790944606 34.1733529755993 32.02905522799347 30.416779377829243 35.89381495172029 38.1514828646973 37.63954912795725
29.896132200858574 27.87116015689753 28.29389939549128 28.381869185670894 27.295205765241008 27.18782758732823 30.060400127653338 30.572911377859327 26.068802828000116 29.616933051532214 28.292563930438064 28.92868553010021 27.2153604833793 24.660174976175767 30.398973674034096 27.745621949370616 28.466452255896456 28.422092600059386 28.658700384311942 31.42006187580637 25.37896278661765 28.92957034457686 26.20968990807205 28.248711682625526 28.64830985241224 28.489594155372743 25.06653445478969 27.88740074351108 31.16774532237241 29.781544370028314
26.825973092442837 24.076735967295463 24.646687826462312 23.08430649691718 23.28766031788018 24.063834160479928 24.645172406015263 24.220469404866435 23.250204833420867 23.726683310465432 22.75578738084596 24.39042150147816 22.41920511663193 23.593941828820334 24.947142868525134 23.336123598717222 24.368528793965197 23.11474880003334 23.64666712563576 18.903353951250665 21.98298404413299 24.265843906500777 23.70441182901186 24.520518794548025 23.749602886917728 24.049680682052895 23.024307965503795 24.022178645130225 24.621681311468365 24.593960932841128
23.67202871673544 22.332359609081777 21.496198165660644 21.42029209625389 22.849700319715794 22.528252498728307 23.165347745224153 21.498235703641512 22.807076375177076 21.65983726560171 20.58900687461164 20.809351742958825 21.88175624967016 23.237818004652127 21.87878450793778 22.60721338616122 22.442366690246672 22.267441440258153 21.570692671233246 13.342734412207847 21.289311807189733 21.60011982472861 23.20256036145065 22.557750513631618 22.81962404576825 21.128236997342356 22.286158763608 22.226135586441615 23.01159702452651 22.56735377211635
22.363472626076145 21.7627320187612 21.236295645533573 21.182237231999352 22.37238009069233 22.52022487342265 23.14907301978019 21.33387133920951 22.80707556457537 21.650823820213645 20.555399003193997 20.74996973939824 21.03046845866129 23.237818004649398 21.3713731434259 22.493506327559317 22.442358985128067 22.03456361830831 21.567490447329874 13.054702805222405 21.289272619524127 20.810493357942505 23.20256036145065 22.557424952934525 22.819621967325475 21.102193486187844 22.286158763607546 22.226116174278104 22.993363514956854 22.038036170409214
22.36347258703472 21.7627320187612 21.236293679653045 21.182237231999352 22.37238009069233 22.52022487342265 22.593008060247485 21.33387133920951 22.80707556457537 21.650823820213645 20.555399003193997 20.74063760799436 21.03046845863264 23.237818004649398 21.3713731434259 22.493506327559317 22.442358985128067 22.03456361830831 21.56749044732942 13.054702805222405 21.289272619524127 20.810493357942505 23.20256036145065 22.557424952934525 22.819621967325475 20.725227701394488 22.286158763607546 22.226116174278104 22.827313356249306 22.038036170409214
22.363472515412468 21.7627320187612 21.236293679653045 21.182237231999352 22.37238009069233 22.520224873422194 22.59300806024703 21.33387133920951 22.80707556457537 21.650823820213645 20.555399003193997 20.740637464588872 21.03046845863264 23.237818004649398 21.3713731434259 22.493506327559317 22.442358985128067 22.034563618307857 21.56749044732942 13.054702805222405 21.289272619524127 20.810493357942505 23.20256036145065 22.557424952934525 22.819621967325475 20.72522114938056 22.286158763607546 22.226116174278104 22.827313356249306 22.038036170409214
1000000.0 1000000.0 1000000.0 1000000.0 1000000.0 1000000.0 1000000.0 1000000.0 1000000.0 1000000.0 1000000.0 1000000.0 1000000.0 1000000.0 1000000.0 1000000.0 1000000.0 1000000.0 1000000.0 1000000.0 1000000.0 1000000.0 1000000.0 1000000.0 1000000.0 1000000.0 1000000.0 1000000.0 1000000.0 1000000.0
