19425.97475246681 64578.722662093176 28871.885766850057 51334.86194355115 10914.582829344414 57832.80633883052 65666.5704117501 71526.66402127265 54917.9563918304 72946.77783685469 76064.31289859269 53250.30549021488 50340.720952359356 64166.75535367713 61259.590904662844 24377.23815592059 59494.15214846659 48986.676799443936 76120.35019640358 35486.25213224266 395108.93694023136 44911.43741465178 34092.96194615729 35250.59742463535 255118.86010491778 30902.65018401006 87474.15216662409 37650.55655347737 52889.8493316902 39869.84382484682
19425.97475246681 64578.722662093176 28871.885766850057 34338.78706215528 10914.582829344414 55404.05735150134 65666.5704117501 71526.66402127265 43729.46888342993 72946.77783685469 66587.58379722477 53250.30549021488 27400.892430257954 64166.75535367713 61259.590904662844 24377.23815592059 58807.21439049446 48986.676799443936 43993.098046206935 35486.25213224266 395108.93694023136 44911.43741465178 34092.96194615729 35250.59742463535 39863.02828830898 30902.65018401006 87474.15216662409 37650.55655347737 52889.8493316902 39869.84382484682
19425.97475246681 64578.722662093176 28871.885766850057 34338.78706215528 10914.582829344414 55404.05735150134 59133.62314216733 45624.81399908166 43729.46888342993 63963.09676363227 26619.992603730396 51176.708049489214 27400.892430257954 64166.75535367713 29771.94034898966 24377.23815592059 38744.79941151521 45518.6020016623 43993.098046206935 35486.25213224266 54296.31138124786 44911.43741465178 34092.96194615729 35250.59742463535 39863.02828830898 30902.65018401006 51627.44544062329 37650.55655347737 45519.24419180045 39869.84382484682
19425.97475246681 43750.374098623935 27831.622413899342 33964.09871764552 10914.582829344414 46256.991494498085 59133.62314216733 45624.81399908166 41598.43961165556 45655.8975576172 26619.992603730396 38507.83426358969 27400.892430257954 49989.204400026945 29771.94034898966 24377.23815592059 38744.79941151521 45518.6020016623 30029.413021549477 35486.25213224266 54296.31138124786 40521.95132589193 34092.96194615729 35250.59742463535 39863.02828830898 30902.65018401006 39295.8551687832 37650.55655347737 45519.24419180045 32020.179289311996
19425.97475246681 43750.374098623935 27831.622413899342 33964.09871764552 10914.582829344414 46256.991494498085 40036.902152120885 45624.81399908166 22198.06503149871 37074.19406688642 26619.992603730396 29626.23519486288 27400.892430257954 49989.204400026945 29771.94034898966 24377.23815592059 38744.79941151521 39493.14031668984 30029.413021549477 30652.621907379278 40205.33038324523 39240.298720952174 30672.05168062703 28211.841107284523 39863.02828830898 30902.65018401006 39295.8551687832 30223.539535693697 36589.74846019293 31606.568046274693
17410.326775796715 43750.374098623935 23709.123849480664 33964.09871764552 10914.582829344414 33835.87363046598 40036.902152120885 21143.47738634724 22198.06503149871 37074.19406688642 19568.570132052813 29626.23519486288 27400.892430257954 39474.65879951058 23739.588302164146 17906.67213642116 27421.645131482925 32100.976645586372 21451.970487427483 30652.621907379278 30904.797203450682 39240.298720952174 20419.60217424277 28211.841107284523 39863.02828830898 30902.65018401006 35868.98716382508 30223.539535693697 32795.03310655191 27949.225603138482
17410.326775796715 24640.94180264334 23709.123849480664 28771.282958812364 10914.582829344414 33835.87363046598 32613.45378468679 21143.47738634724 22198.06503149871 28031.331559682458 19568.570132052813 21373.43616375515 24522.9178410345 33328.60293202735 22609.352373229787 17906.67213642116 21928.754094872154 32100.976645586372 21451.970487427483 30652.621907379278 30904.797203450682 38797.640419919946 20419.60217424277 21543.512432691707 22957.99624578688 30902.65018401006 35868.98716382508 16769.429846156367 32795.03310655191 27949.225603138482
17208.015625526805 24640.94180264334 19525.529922316317 17729.75351105253 10914.582829344414 33835.87363046598 23873.323460164764 21143.47738634724 8268.034978381504 28031.331559682458 19568.570132052813 21373.43616375515 24522.9178410345 21557.348110397128 22609.352373229787 17906.67213642116 21928.754094872154 32100.976645586372 21451.970487427483 30652.621907379278 25229.801308360955 38797.640419919946 20419.60217424277 21543.512432691707 22957.99624578688 30902.65018401006 35868.98716382508 16769.429846156367 20923.759660416512 27949.225603138482
11977.568555145474 24640.94180264334 18266.688334193565 17729.75351105253 10914.582829344414 17442.91549224047 23873.323460164764 16042.641921703682 3127.2367515493243 12524.122954519285 19568.570132052813 8330.085097096337 20684.573925446537 21557.348110397128 22609.352373229787 17906.67213642116 21844.83215183411 31557.095905291815 17499.232575350285 23161.49691623022 16744.811170680816 20567.540880924516 18880.63832694968 21543.512432691707 13160.834040928645 15377.066827665476 4630.017812015735 16769.429846156367 20923.759660416512 24018.799880951192
11977.568555145474 24640.94180264334 11592.8898522408 17154.27806664122 10914.582829344414 15516.517516095097 18245.079594028073 16042.641921703682 3127.2367515493243 12524.122954519285 15286.832453380948 8330.085097096337 16093.434617747542 21557.348110397128 14673.048478847879 12440.322533822698 10454.872903971513 15311.366437184386 15938.412781368792 16329.770346597405 8719.349611744185 20567.540880924516 15843.109609617255 13940.58606141343 13160.834040928645 15377.066827665476 4630.017812015735 11592.453237274747 19504.986827626642 18920.310176175586
8886.762027064797 18154.657725573972 10107.48640443886 11983.402887003454 10914.582829344414 11248.025051264493 18245.079594028073 8974.343985058113 3032.1731585116295 5906.450567696234 9105.68743071867 6619.0653588218 8615.714267849291 14413.279997416388 6962.728259578856 12440.322533822698 8454.761722671967 9707.21934426674 9445.07432145525 8881.06277488411 8719.349611744185 15503.39215611879 5426.120329838858 12187.430267431722 11474.960728029553 6965.466325414317 4630.017812015735 9665.677640379483 6077.812455708978 9032.492061344856
2527.4918492246775 7017.722746450094 5101.1343048473345 6211.969581002334 3806.6081603999774 3831.33407673096 9631.684743413665 2485.344118534435 2996.1980522046115 5906.450567696234 4595.834603429961 4854.430614981984 3299.812357655108 5570.734374454752 3074.043225912372 3621.523140996831 5594.036402399662 6823.826575040692 4795.555299201637 6733.885505090053 4094.082539499159 7168.689380085938 5426.120329838858 5624.5410340289345 7604.232185250546 5638.813082518166 3719.784024181308 4768.049219348053 5855.453062238333 6459.92450915056
869.5472605652219 3979.7822032505846 1601.4958252730064 1911.2174383980364 2701.9506380512726 2341.781805638261 2467.369362579 2485.344118534435 1113.2526404012024 1331.3352312556358 1177.4316196125915 797.4921407256784 872.7084352293009 3065.6790857989745 783.8564495828341 1139.230686241599 2066.0513975264525 1275.1595621491922 1927.7415412998184 1467.121614333755 811.7032385451689 3012.090000861028 1127.0060706301242 2619.9107520412635 1543.3720405070749 923.6189731321235 658.2769635330272 1459.8639266581506 4856.900795734446 1984.3704504606108
73.5706966019589 408.43049748298154 76.36228933045174 131.59606015014424 310.83092699416875 95.35779307415652 203.7531944930132 93.39247978664338 69.51074004247312 275.44217894093936 38.937705579159115 49.39285996289152 26.721330644598424 306.8997676547692 53.0483184225663 52.77523548975137 86.21013763247527 178.04804019082462 141.86497106096954 244.56370499035734 280.0365816917531 470.7945443311769 104.05093196160817 271.3824262169709 213.52530805117613 60.06737499008193 68.43908791011268 67.84610788113002 581.0834442899078 148.6426687982737
0.0012745747642952665 0.06214235532553403 0.0024578372663768278 0.0043669391457115125 0.015576067230085755 0.0023409405499137392 0.05938409149916879 0.0006707617413326261 0.0029334436693488897 0.0038278069208672605 6.552902738121702e-05 0.001240991146119086 0.00018196337731524181 0.1262803905013925 0.000331326283458111 0.0004012543412272862 0.0032246538681306447 0.018744936916732513 0.0032368081652407454 0.02893737231090654 0.007015527271505562 0.1302471729665058 0.00020748780747226192 0.004414894696481042 0.0019052416735689803 0.0012480745631933132 0.0004537745167567664 0.000974824188688217 0.36924692584375407 0.00363537651429624
1e-08 1e-08 1e-08 1e-08 1e-08 1e-08 1e-08 1e-08 1e-08 1e-08 1e-08 1e-08 1e-08 1e-08 1e-08 1e-08 1e-08 1e-08 1e-08 1e-08 1e-08 1e-08 1e-08 1e-08 1e-08 1e-08 1e-08 1e-08 1e-08 1e-08
162300.0 173700.0 163150.0 164950.0 174200.0 161300.0 178550.0 160300.0 165150.0 163250.0 155250.0 162800.0 150450.0 174450.0 158650.0 155100.0 166500.0 167450.0 165050.0 173150.0 170750.0 176800.0 159850.0 166400.0 160400.0 163300.0 162250.0 160050.0 181750.0 166650.0
