1925.1943502135136 1249.1425956675807 1181.600944658694 1266.5562408643077 1261.1231050853803 1563.461539365796 754.8396186867567 1776.2167011386464 1248.6476488550352 1333.312915298622 857.1366935980814 993.05676513865 1247.0861359744667 1441.9218114803498 1793.613081431109 1453.0471582088958 1210.3539597316253 766.8076184816146 1818.5340535357318 1516.3579743825976 1389.027246002408 867.6116900315037 1484.6511000757619 1456.0628425817613 1217.3787424651186 1316.1457655480126 943.5082474314327 1331.9399954360028 1328.259495019563 1292.9134644379405
1110.3306038616734 1249.1425956675807 1181.600944658694 1266.5562408643077 1261.1231050853803 1563.461539365796 754.8396186867567 1266.9547803013807 1248.6476488550352 1032.631196079462 857.1366935980814 993.05676513865 1141.7764296623382 1227.5977539583464 1163.646066904028 942.0295396760293 1210.3539597316253 766.8076184816146 1445.9496896148694 1190.0883556411318 1291.9967622355134 867.6116900315037 909.4967053267333 1043.325769504217 1217.3787424651186 1172.998067431853 943.5082474314327 1307.7247098578391 1235.2183710878412 1292.9134644379405
911.3914685273057 600.0898876953543 967.8554220696506 756.3538087029547 999.9712201316761 740.8377978763051 754.8396186867567 1158.818859639783 728.0122636619817 988.0693093659838 857.1366935980814 993.05676513865 812.7671053432637 908.03613226591 1163.646066904028 942.0295396760293 921.0951284847351 766.8076184816146 869.2439131445153 675.9263114678652 925.9243317815717 867.6116900315037 857.7565891675281 1043.325769504217 1172.3448616288724 961.547939359174 665.0933219025942 1005.6165863818342 968.2745900802556 801.3605582140945
553.9693663546559 600.0898876953543 784.8060117908367 756.3538087029547 687.3125964901756 547.5037648900261 569.022761049604 752.8886831351847 723.040205273408 736.9010035858323 550.9307013210519 647.1278395560685 684.5032994724088 562.3908103094213 985.1388012255161 669.0512916952857 557.4397816242663 537.0759897159692 840.8397271560516 416.29303769932994 804.2762158038486 479.98831386751726 621.519485016518 659.1164319947925 1006.3537117403475 624.8864619307037 660.5470228462882 604.2617111836266 626.9784368718815 633.484858087796
467.762379146654 508.8180002873505 579.0764136948014 487.08195962854006 663.7901737166312 483.15751455370764 473.89155078742033 585.2097466525474 595.7831278017029 500.10283029160746 493.14442121111733 466.967114420851 497.0241507751598 494.1785011299762 562.0835898349478 534.799360804152 494.62987474608235 385.12149987572184 528.0550776466171 416.29303769932994 514.956813726194 444.15433583457707 497.9666516260727 599.836887163533 634.3957655283102 518.4994561174785 489.0031358589317 583.4009182499422 522.9317566729455 499.47878679651603
358.1635211369389 389.13378707362426 389.42882810779884 358.1311157547584 499.58312707967343 341.49264319167287 337.69536099451943 365.8182901692162 450.0713581043092 368.56777743489874 369.06455486755385 334.5574639882152 393.17478455972787 356.0334972397868 425.17450498745575 360.7925565540754 372.3340107191925 288.28440751290145 383.9086717105474 345.0692515997175 345.03293984467564 331.1863394470847 349.6795723959917 399.6722948729289 373.1747292280611 364.8101213041864 303.3001870431681 395.2288306089822 432.102467822152 370.5829012256372
320.35720412214687 308.5850480155077 321.7577566120508 291.96103383041645 336.76670427517365 270.269992785195 275.45804411265544 317.37620809728287 351.05393357090907 298.47961243861164 282.46464651213364 317.34508377344764 329.05675107716024 285.86593443027914 300.80600507811323 305.3584139699351 297.57607764230124 288.28440751290145 282.1972592766474 291.26674030223194 304.9232765486913 263.8391704806395 278.09483692639515 307.78283439774304 315.8981216399384 324.6932151698343 284.6317766932316 329.2347349585607 297.98029201239933 320.65383545238683
282.5393813207361 258.1418363999678 275.0615469710492 266.45270557280037 286.055878601695 261.2374046163759 262.59036430509013 275.2541367072081 269.0176299046984 283.7607491784938 258.16747714522853 272.9333985449225 297.1485244623659 267.35975262460715 262.8830028502589 274.5816358350248 267.2791970837252 260.24267463497654 265.17454595324625 260.63194210039137 271.671978324488 258.97677014098963 252.76392704982663 259.15806469013114 273.42170276303887 276.4157872124033 260.3331299388833 261.4741730454398 266.1450013930753 266.63623039932054
253.12807411526592 249.28936429868872 250.88197062961854 253.12317692313172 255.40339467837111 243.38329183607357 246.7103311751248 251.12674688619973 255.79395793046706 254.2459442932809 243.1382473274357 250.58268778120555 254.98927815457546 250.14637084377546 246.55333608144383 255.95469359011622 249.20412668847393 244.8275793552334 246.02606157782702 250.65139907097637 253.4984148134531 246.3631638287361 242.40040667291305 243.16071269216582 260.60528186901365 261.5582720615612 248.53617191090825 254.71899215115172 252.14631978650687 249.17628594141797
240.1357482840558 241.00372546527205 242.45752686258356 244.39817015037988 245.59978985568523 240.84687864294074 236.47981577722703 243.98419485367867 247.06816489202856 242.38649287535281 237.0796683450726 236.5521193621612 242.3356248513237 241.11877198636148 241.73689534437426 247.45516750507068 241.74504602757133 237.30746341377744 238.53293183949972 238.97896045019297 245.89044158233264 241.61098631090908 240.84011425791277 237.2565249893455 242.82202006578837 241.75630778360392 239.46009776351593 241.23932331474316 242.04862986190756 241.9595926339589
240.0028367850946 240.35224296529123 242.11465447816045 235.8271193712053 238.63211188805508 240.83013887954166 235.8084185027251 239.4483281263424 242.5793155038573 240.23342913008855 236.8304145110601 233.98437970561417 242.05807588758444 241.0699911731317 240.830148170975 235.66712385663322 240.7656606556975 233.97723701704172 235.65582020281272 235.6552519584152 238.78821507404973 239.44237465374636 240.83013928667378 237.1170265750602 240.35439248878856 237.71935917739665 236.35035319772533 239.87564405748253 239.8614557644696 241.7126383282698
240.00283590729896 240.34954011322816 242.11459302824687 235.8084064904251 238.62331835740997 240.83013882695013 235.8084064902082 239.44179589746182 242.48982759280034 240.2329485394148 236.83040329675305 233.98396073828962 242.05806823063222 241.06999004106456 240.83013882695013 235.65492041150173 240.76552122303474 233.9763381337707 235.654920411293 235.6549204112889 238.7798770335071 239.44179589734222 240.83013882695013 237.11700980483647 240.34955375952268 237.71920278240805 236.35030554324112 239.8488676469333 239.84882347703115 241.71056719461058
240.00283590729896 240.34953639560445 242.1145930282437 235.80840649020774 238.62331835702025 240.83013882695013 235.80840649020774 239.44179589730084 242.48927128610967 240.23294853941343 236.8304032967526 233.9839607382737 242.05806823063176 241.06999004106456 240.83013882695013 235.65492041127527 240.76552122303383 233.9763381337475 235.65492041127527 235.65492041127527 238.77987703278131 239.44179589730084 240.83013882695013 237.11700980483556 240.34953639595733 237.71920278240623 236.35030554324067 239.84878582815327 239.84878588408128 241.71055423305097
240.00283590729896 240.34953639553896 242.1145930282437 235.80840649020774 238.62331835702025 240.83013882695013 235.80840649020774 239.44179589730084 242.48927083233048 240.23294853941343 236.8304032967526 233.9839607382737 242.05806823063176 241.06999004106456 240.83013882695013 235.65492041127527 240.76552122303383 233.9763381337475 235.65492041127527 235.65492041127527 238.77987703278131 239.44179589730084 240.83013882695013 237.11700980483556 240.34953639553896 237.71920278240623 236.35030554324067 239.84878581959356 239.84878581959265 241.71055423239386
240.00283590729896 240.34953639553896 242.1145930282437 235.80840649020774 238.62331835702025 240.83013882695013 235.80840649020774 239.44179589730084 242.48927083232684 240.23294853941343 236.8304032967526 233.9839607382737 242.05806823063176 241.06999004106456 240.83013882695013 235.65492041127527 240.76552122303383 233.9763381337475 235.65492041127527 235.65492041127527 238.77987703278131 239.44179589730084 240.83013882695013 237.11700980483556 240.34953639553896 237.71920278240623 236.35030554324067 239.84878581959265 239.84878581959265 241.71055423239386
240.00283590729896 240.34953639553896 242.1145930282437 235.80840649020774 238.62331835702025 240.83013882695013 235.80840649020774 239.44179589730084 242.48927083232638 240.23294853941343 236.8304032967526 233.9839607382737 242.05806823063176 241.06999004106456 240.83013882695013 235.65492041127527 240.76552122303383 233.9763381337475 235.65492041127527 235.65492041127527 238.77987703278131 239.44179589730084 240.83013882695013 237.11700980483556 240.34953639553896 237.71920278240623 236.35030554324067 239.84878581959265 239.84878581959265 241.7105542323934
1000000.0 1000000.0 1000000.0 1000000.0 1000000.0 1000000.0 1000000.0 1000000.0 1000000.0 1000000.0 1000000.0 1000000.0 1000000.0 1000000.0 1000000.0 1000000.0 1000000.0 1000000.0 1000000.0 1000000.0 1000000.0 1000000.0 1000000.0 1000000.0 1000000.0 1000000.0 1000000.0 1000000.0 1000000.0 1000000.0
