356.5464673336119 452.5588098520343 500.49138622482224 485.0495322580832 411.9359657101277 391.8170054683187 487.0374779151098 416.2315374183363 455.8105575382601 363.29214806734353 336.37353922222655 474.76492431105 447.77565554803004 227.92211867424794 452.7465823012567 603.6372788775047 434.35273357465303 641.8831091779748 258.1339268197148 705.9508853831812 424.49504299912905 411.355458792581 680.3586093783315 522.5000340143602 638.4780990168183 352.13518205855644 573.9515652185373 504.1277731672458 437.4393574509804 626.6296721535841
356.5464673336119 452.5588098520343 500.49138622482224 271.6683542038227 411.9359657101277 391.8170054683187 487.0374779151098 416.2315374183363 455.8105575382601 363.29214806734353 336.37353922222655 474.76492431105 386.466214632007 227.92211867424794 452.7465823012567 372.5205211080088 331.2546546612871 641.8831091779748 258.1339268197148 554.6814299100588 362.6415121676382 411.355458792581 312.7643684628197 522.5000340143602 613.2454741972674 352.13518205855644 573.9515652185373 504.1277731672458 437.4393574509804 500.2663580640901
356.5464673336119 452.5588098520343 396.7749328685459 271.6683542038227 386.715512185252 391.8170054683187 297.5780739174843 286.4624105794692 455.8105575382601 363.29214806734353 336.37353922222655 474.76492431105 386.466214632007 227.92211867424794 452.7465823012567 372.5205211080088 331.2546546612871 522.3686360078555 253.83120153357186 554.6814299100588 362.6415121676382 411.355458792581 312.7643684628197 522.5000340143602 570.2172547466348 312.1584685706157 508.85422337570344 419.60644015046273 437.4393574509804 500.2663580640901
356.5464673336119 312.83659674913633 396.7749328685459 271.6683542038227 335.8623947516826 339.2383108252998 297.5780739174843 286.4624105794692 195.70678577116314 338.80886271287864 270.7111078524331 389.4569177069734 386.466214632007 227.92211867424794 313.19142675892954 372.5205211080088 325.75877631873163 465.9424265291841 236.56199670783099 434.6398308907296 362.6415121676382 411.355458792581 312.7643684628197 498.71285805673506 526.2438133451642 312.1584685706157 292.62086942887254 419.60644015046273 279.9606527607684 491.5213156387358
356.5464673336119 262.34879948011576 307.7498093653421 271.6683542038227 335.8623947516826 241.73649695450376 297.5780739174843 283.22212431153184 195.70678577116314 246.69684444740733 270.7111078524331 341.272449605352 294.89886120316305 227.92211867424794 213.72194812150747 251.14283603850436 325.75877631873163 386.0608548641908 236.56199670783099 434.6398308907296 346.2201891756258 373.96238080808234 312.7643684628197 423.783632606664 302.44584335911713 312.1584685706157 184.1085141149747 326.9378523800701 279.9606527607684 468.1737031214707
273.64361293736965 262.34879948011576 306.94534375570265 271.6683542038227 237.51136068211736 223.6988025429814 284.2169816676983 271.0434046178657 195.70678577116314 206.86382576576216 213.86277341197956 243.0998832587602 294.89886120316305 227.92211867424794 213.72194812150747 251.14283603850436 317.2930760015747 287.08238352392345 219.17647859993167 359.30697509117954 277.3245404553236 319.74204812390826 212.41689038748927 260.76984892290557 302.44584335911713 312.1584685706157 184.1085141149747 302.85109615497413 217.0970851049401 337.6781625130384
183.48577810176675 210.84452094154085 236.23905198041803 271.6683542038227 198.70827208122682 209.67605700320837 211.2123775246705 209.7555779145846 188.6644963818958 206.86382576576216 213.86277341197956 228.17491205675378 242.1888289010185 204.18584197194832 211.45148765902377 251.14283603850436 232.83890878709235 243.19488283528563 217.4530148392887 288.4442226510373 209.91260804678905 245.59321446554532 212.41689038748927 236.33914474766152 191.5201518232534 240.32442267918168 181.73193721962207 237.3093082603732 217.0970851049401 267.55181729038804
122.45300388584837 167.16386168288636 164.17061360926073 153.01574505520148 176.7755492697097 203.69451783837485 172.2767432941796 209.7555779145846 143.37899175532584 149.56800139056577 197.02866605981308 176.43602708284106 190.60334979401432 194.10768033309887 170.11898310467905 167.51285153004665 157.71476809941805 169.9614020497097 184.86242991005338 190.78790502991433 163.45242478787395 139.8030649438433 160.35681398569523 126.66189785724691 191.5201518232534 146.18277738324332 118.5737407067686 220.07636908808627 180.57803946284366 193.2781072006942
71.76142102006816 111.27447404056511 120.66779295762035 141.59967709660077 123.70262564745099 96.99672122113816 129.57052438686696 130.6342643678172 81.6547992627602 103.17988161482344 112.97436051778732 153.1841898242601 133.53870776827034 121.89155147099609 122.7362575802108 124.95950705385485 116.89342772168993 110.2525327709327 113.25160564394128 160.3196887391059 116.37979044105532 96.38613632718807 126.71319544014659 96.72942713100201 120.57476137812455 93.44569225728628 77.9373167482131 114.62838787105466 139.81057545899284 103.17314852838808
47.50582514329062 63.1235325753355 81.396335336839 65.60717423225651 50.96683584930042 79.35790331612134 64.14325624043659 77.1120580284537 67.60381126075117 60.94329231317715 82.93149245175755 75.20312243934222 87.28320153819504 58.57329103066286 65.67173046740481 56.59320678458562 61.90189252375876 82.27091854003629 69.74476434140797 69.10979172796851 73.63846968366806 78.79206496964025 79.06506058617833 56.91419492351861 48.31780914559977 58.64262936279829 55.416505861204314 64.12296759817764 56.982132708253175 51.46706217614155
31.326211098757767 34.403083466163935 46.66627479057797 39.74546747512727 35.46223534963201 50.65265988447209 43.222741602384076 37.66781571558022 39.85801344961874 31.39928379434332 52.853566319337006 42.376576828335374 43.34668855160726 36.38207476178491 41.30236116833203 37.06465146437267 37.05396265485251 55.91587684376282 41.51312993634383 41.0669744980562 46.01855698640952 66.3063080987854 38.007585822936335 31.878373994595904 36.16030969512531 36.04481622378262 30.000521487591868 39.94989488396641 28.841617032047225 37.89971468493877
25.547797445301967 24.078483145710834 24.601293012264478 30.229215068687836 12.517452810098348 34.21566190085582 23.402739787026576 27.041594829191354 26.01843177527803 23.724660105404837 45.51826961829579 34.99567213527007 41.037696516095366 25.814215679331483 24.447093987063454 24.967250330610113 24.888099387188504 31.620855648949828 23.1624326039057 27.290104087148393 28.949229054249372 61.7911759633962 28.880904689202225 26.098780492636024 31.101261767690175 26.56747156608799 23.592655374272454 30.702488827048 22.673812418149282 27.758349300941973
24.60424444137425 22.234943139589404 14.249790392674868 28.671932431509504 1.3325458908500423 30.127799298798664 21.03323821785898 24.31585948564748 21.84612206566726 22.922344374730983 43.97483151870665 34.68458603217255 40.99225405957759 22.237102073548158 23.956784292002794 22.33659781741926 21.673022647814832 22.622055225024724 22.250761130926776 26.86222520765341 26.29056994192547 61.6550042671729 27.06042411944827 25.700013454431883 30.669087108337862 24.722214098903578 21.660582584278472 29.927812357704852 20.979003966446044 26.959737959827635
24.604177702025254 22.23493752118361 13.992267094677118 28.671906408928407 1.3071329072226945 29.779281018107213 20.999848676818374 24.180668801218644 21.669422665908996 22.623752903321474 43.96935641816617 34.19810126268112 40.991943211693524 21.795525339082815 23.956670845912413 22.33629726335107 21.307103620955104 22.62076923468726 22.03317025930005 26.86222520565161 26.2891337221929 61.553551412000616 26.98205424857997 25.69973997930242 30.57394659943634 24.57799925852032 21.660380846392627 29.921022825217506 20.604785186511208 26.405838074608937
24.604177698586454 22.23493752118361 13.992265455127153 28.671906408922723 1.307132313142347 29.77928100930285 20.999848667389188 24.180668693556754 21.66879465156194 22.623724570815284 37.127730361097974 34.194320333088854 40.991943211693524 21.794764604733018 23.956670845912413 22.32586393246652 21.307088238505685 22.620726529698004 22.033169093481547 26.86222520565161 26.28913372218335 61.42949430640874 26.982053592510056 25.69973997930242 30.57390678363481 24.57799925852032 21.61930248032172 29.92102282521728 20.604785186398203 26.39398510980527
24.604177698586227 22.23493752118361 13.992265455127153 28.671906408922723 1.307132313074817 29.779281009302622 20.999848667389188 24.180668693556754 21.668794651560802 22.623724570815057 37.12773036109684 34.19432033308635 40.991943211693524 21.794764604733018 23.956670845912413 22.325863932430593 21.307088238505457 22.620726529698004 22.033169093481547 26.86222520565161 26.28913372218335 61.42949430640783 26.982053592510056 25.69973997930242 30.573906783632083 24.577999258520094 21.619302480165516 29.92102282521728 20.604785186397976 26.393985109804362
1000000.0 1000000.0 1000000.0 1000000.0 1000000.0 1000000.0 1000000.0 1000000.0 1000000.0 1000000.0 1000000.0 1000000.0 1000000.0 1000000.0 1000000.0 1000000.0 1000000.0 1000000.0 1000000.0 1000000.0 1000000.0 1000000.0 1000000.0 1000000.0 1000000.0 1000000.0 1000000.0 1000000.0 1000000.0 1000000.0
