12306.02354734687 6163.77077939087 10950.493776590714 7878.481890049765 7423.722405307053 8371.949778323276 12221.832138193266 5671.124836606627 7629.319755048559 9177.249597244809 6817.383390665766 4664.4006991169235 9763.583699156432 6943.314483261717 6589.955640003484 8707.140882259027 7018.707180072176 10505.382492407423 5258.649554591904 8371.371548655148 6192.306856587052 5638.604095193061 9343.457320293597 5819.730836594478 8866.23437305789 10662.423802422203 7966.288043616696 7095.410450983105 5095.596744000734 12880.325458003284
12306.02354734687 6163.77077939087 6695.9207663813695 7878.481890049765 4646.951611901502 6429.256778470073 3814.385160211259 5671.124836606627 7629.319755048559 6699.215686509375 6817.383390665766 4664.4006991169235 7130.34499659282 6943.314483261717 6589.955640003484 8707.140882259027 7018.707180072176 6230.905997118699 5258.649554591904 8371.371548655146 5876.834958834788 5638.604095193061 9343.457320293597 5819.730836594478 8866.23437305789 10662.423802422203 7966.288043616696 7095.410450983105 3687.9071825138412 7189.91764747375
6434.736766001618 6163.77077939087 4750.182811258353 6360.896023933292 3816.3418309175386 4811.602540912042 1654.633517001238 5671.124836606627 6723.023041719985 5025.967551114407 6273.715805489362 4664.4006991169235 7130.34499659282 4511.791580476432 4185.952104011932 6352.960593035019 4811.112854785806 5950.138563180526 3519.56524126222 5719.430658569997 5876.834958834788 5638.604095193061 4646.246539504637 3332.2747686188645 5529.191417573285 4651.360063238147 6536.26016060764 7095.410450983105 3687.9071825138412 6168.273157631535
5719.630148021285 4253.098659942758 4750.182811258353 4353.837074258248 3816.3418309175386 3298.2445728969874 1654.633517001238 2950.5407304144787 4527.8843576884265 2069.060301392947 4328.290427085285 4664.4006991169235 4942.83910881214 1979.0430821185278 3410.5916496802056 5307.341407491314 3621.5805889953936 3348.953210496722 1978.765095575678 4647.456412556446 3198.987533585116 5364.064781203995 4646.246539504637 3332.2747686188645 3536.920406454318 4651.360063238147 4092.34323958019 2050.512814435264 3687.9071825138412 5313.630959795915
2157.2630477744874 3381.4252799110614 1587.5264490845093 1818.3261866433886 3011.8977938892317 2511.9544001916433 1654.633517001238 1555.9737629935144 1008.4631056643732 1424.6732713351048 2801.0895746742826 2208.96892901273 2986.9969478266767 1671.131989040844 2542.4664163371936 1697.8331976872119 3215.2207692648185 2416.377531395199 1978.765095575678 1801.546121255289 1448.2834897989403 2449.6102813093576 4369.523649956328 1751.8947563563297 3228.746340556735 2343.191411092692 1523.9157216397336 2050.512814435264 2557.7698167667104 2698.2899867718547
1376.9822708615266 714.8031440043214 955.7075111122635 1118.4782003684445 1000.8929243352493 1151.4404987055982 1021.6888612565986 915.9845584748091 970.670980945873 746.8094817022957 1039.4578261007362 1093.2372794129953 1183.8092528261886 1254.2662166224297 953.1661840650772 898.3358901305787 1152.723947223543 682.3683992168478 1010.9448456281243 1668.7606912539368 659.0726226562381 1541.5605062404734 630.4276790603535 575.9218942195259 648.8207728342836 870.1514290433565 893.2133456134129 1114.5902842435305 798.4070345531873 909.7751856522007
563.3778024814258 440.60329011572367 379.93490290653244 306.73453430199606 427.4946061725543 446.3018078527716 452.74858201291227 317.4909143532319 405.5607866765305 466.7868328369012 265.071268260697 337.4589194046496 495.30772015061257 331.0770914938246 458.78144647292106 357.52863425364217 375.53947051607156 518.0205182022725 357.70470973767283 628.8682787314801 411.8802518735049 637.8869176650023 349.06842922737974 333.2543716181931 471.4829959230012 343.8665691296553 385.8230586324671 600.799547218405 400.2475879680644 393.76090965267724
175.11206051352656 206.00983171003145 243.5872734381976 193.26261655027508 204.48062514554294 188.10388560827005 147.590132941579 111.4691550686108 173.10205514484448 143.62442596136725 168.8315348514185 185.83817278630977 187.42345368640258 147.1022571970086 153.40465348674138 226.18014130692848 158.04379436724457 173.0501997634234 167.0008112206632 171.84119958766303 139.3278288252285 286.4777887928767 155.10825609707786 122.00699229243082 169.93284065239777 158.04416933350694 143.07722390064328 168.53444385705689 167.4884777229571 176.21096095544158
64.62462244426689 88.72317893828267 99.28138203437788 77.03241943921643 83.20911852501462 71.27750228518931 65.48809306457139 62.74667446051899 67.85018278227966 67.25289519357341 71.46882838067859 72.8449859367812 73.46711769799231 63.53234925903263 59.18939560574853 79.18618199443199 63.47048360903176 65.74348843931847 77.42294507283759 76.93431988478989 56.32486706771908 95.63855594790834 61.4034515628706 68.07926152900387 64.28827021972 71.89430104556004 59.30141476509675 68.47878332817214 62.23670145412382 52.841633542382056
49.46052390033367 49.00772096134574 50.499788239068494 50.02163672474626 49.639188681675876 49.853539860916044 49.34463431647032 49.451843067096206 49.714109368996844 49.802813666312545 49.553139929159954 49.60337351494587 49.502928266106665 49.30758010314946 49.409096381358154 49.86337007898487 49.43225568473258 49.44087353930968 50.142580924970844 50.03205038146706 45.659979693779576 50.60952272296038 49.44638449134584 49.4346548107132 49.528792545786416 49.423532415524335 49.311102551940564 49.43311164406151 49.506263738775374 45.26612876142747
49.085256959130845 44.905931162069066 49.086882749228835 49.08590155249499 49.08802716369064 49.08713667500757 49.08661314839503 49.08635478001463 49.086710062256145 49.08498812704772 49.087137116540816 44.898652440717 49.08564159470552 49.084878704588505 44.95057891618973 49.08874842037784 49.08611029863073 49.08586399224845 49.08625884851955 49.08628857578623 44.89598865626954 49.087649771362976 49.085256803844686 49.08610109454753 49.08604791208171 49.08603317627569 49.085727957681456 49.08589770302342 49.08542377046473 44.896294959847864
49.084479014937926 44.895469330363255 49.08447918134692 49.08447919471962 49.08447909619446 49.08447943660161 49.084479221022605 49.08447906599076 49.08447912540288 49.08447901102795 49.08447929317384 44.89546933496979 49.08447913369912 49.084479153371376 44.895469387323715 49.08447911175483 49.08447910482016 49.08447906218271 49.08447903880045 49.084479065148685 44.89546931823554 49.08447909395551 49.084479060051535 49.084479363299806 49.08447929717238 49.0844792647286 49.084479182302175 49.08447918579151 49.08447905020188 44.89546931920415
49.08447897948122 44.89546931745133 49.08447897948122 49.08447897948122 49.08447897948122 49.08447897948133 49.08447897948122 49.08447897948122 49.08447897948122 49.08447897948122 49.08447897948122 44.89546931745133 49.084478979481275 49.08447897948122 44.89546931745133 49.08447897948122 49.08447897948122 49.08447897948122 49.08447897948122 49.08447897948122 44.89546931745133 49.08447897948122 49.08447897948122 49.08447897948122 49.08447897948122 49.084478979481275 49.08447897948122 49.08447897948122 49.08447897948122 44.89546931745133
49.08447897948122 44.89546931745133 49.08447897948122 49.08447897948122 49.08447897948122 49.08447897948122 49.08447897948122 49.08447897948122 49.08447897948122 49.08447897948122 49.08447897948122 44.89546931745133 49.08447897948122 49.08447897948122 44.89546931745133 49.08447897948122 49.08447897948122 49.08447897948122 49.08447897948122 49.08447897948122 44.89546931745133 49.08447897948122 49.08447897948122 49.08447897948122 49.08447897948122 49.08447897948122 49.08447897948122 49.08447897948122 49.08447897948122 44.89546931745133
49.08447897948122 44.89546931745133 49.08447897948122 49.08447897948122 49.08447897948122 49.08447897948122 49.08447897948122 49.08447897948122 49.08447897948122 49.08447897948122 49.08447897948122 44.89546931745133 49.08447897948122 49.08447897948122 44.89546931745133 49.08447897948122 49.08447897948122 49.08447897948122 49.08447897948122 49.08447897948122 44.89546931745133 49.08447897948122 49.08447897948122 49.08447897948122 49.08447897948122 49.08447897948122 49.08447897948122 49.08447897948122 49.08447897948122 44.89546931745133
49.08447897948122 44.89546931745133 49.08447897948122 49.08447897948122 49.08447897948122 49.08447897948122 49.08447897948122 49.08447897948122 49.08447897948122 49.08447897948122 49.08447897948122 44.89546931745133 49.08447897948122 49.08447897948122 44.89546931745133 49.08447897948122 49.08447897948122 49.08447897948122 49.08447897948122 49.08447897948122 44.89546931745133 49.08447897948122 49.08447897948122 49.08447897948122 49.08447897948122 49.08447897948122 49.08447897948122 49.08447897948122 49.08447897948122 44.89546931745133
1000000.0 1000000.0 1000000.0 1000000.0 1000000.0 1000000.0 1000000.0 1000000.0 1000000.0 1000000.0 1000000.0 1000000.0 1000000.0 1000000.0 1000000.0 1000000.0 1000000.0 1000000.0 1000000.0 1000000.0 1000000.0 1000000.0 1000000.0 1000000.0 1000000.0 1000000.0 1000000.0 1000000.0 1000000.0 1000000.0
