8562.452088899578 9612.530520625087 13040.349852243397 14231.891436203572 16011.53894151956 11838.689449139903 13553.012400465377 11363.313123570646 15502.632819922128 10143.043919286683 10553.153345678733 9620.274626924864 12482.332996328925 13476.589488618352 11649.372718833369 9525.461879542934 13059.958635629475 13233.368104904577 10811.05672102289 10961.073125644289 15921.92655709594 13671.579034482333 8323.137800183076 7292.082492146339 7129.328763077076 8996.220666174067 12492.07820562686 12360.29002685374 13846.319501383987 9954.80931123588
8562.452088899578 9612.530520625087 12209.02180540022 12035.553454482904 14160.651291973376 11838.689449139903 13161.136954717598 11363.313123570646 15502.632819922128 10132.007704076914 7677.247229744795 9620.274626924864 11270.326320971611 12613.81684052092 11649.372718833369 9525.461879542934 12081.143067602165 10245.964383265658 10811.05672102289 10961.073125644289 14444.918684390435 13577.774765750184 8323.137800183076 7292.082492146339 7129.328763077076 8996.220666174067 12492.07820562686 12360.29002685374 10009.371409311763 9954.80931123588
8562.452088899578 9612.530520625087 11594.87218359835 6598.7435172325295 10687.808986523542 11230.628971524438 10809.525436419455 10769.067552156674 7145.434750269535 9226.221545380395 7249.797367811727 9620.274626924864 9605.625569834958 12613.81684052092 11539.74384806931 9525.461879542934 10219.992979668888 9861.450882291176 9173.372724046261 7290.2383814189525 12004.974633185158 10029.26592002233 8323.137800183076 7292.082492146339 7129.328763077076 7743.8584783881415 9008.313517181638 8616.707149732632 10009.371409311763 9458.720993455841
6658.669074108846 7727.711108623778 6048.809002325221 6598.7435172325295 9561.654386085185 10719.974617191736 7474.536373265259 8802.950406807226 7145.434750269535 4797.092779524081 5695.219900834052 6795.974825734509 8146.378359069808 8576.745019418448 6835.850779025433 6060.268785590306 7593.7599725314685 7607.8717544664505 7699.849493428916 7290.2383814189525 10725.609075953458 9334.593130666735 8323.137800183076 5623.318461663301 7129.328763077076 4784.649097814618 6310.103860596213 7910.831671684287 9562.80733129535 7079.1357375433945
6658.669074108846 6564.239586823322 6048.809002325221 6598.7435172325295 5965.5320556774805 7210.622128273435 5029.199791761874 6651.046723215499 5250.425260820278 4797.092779524081 5103.816263982891 5410.456848211948 4782.50002950242 4802.2315741787625 6395.927066578981 6007.543649693922 6567.301656083906 5144.513884916007 4598.621389943816 6093.522844833333 6727.169414633856 7165.813997164452 6081.584888378402 3532.3621496439464 6189.878500803947 3637.865852508432 4924.025028517547 6037.553660045502 8052.401419535952 4634.347314788947
3911.8657383064146 3387.246011097699 3860.7593447027666 3130.993074687747 3726.8836980970955 3402.827080956711 4859.311763333382 4786.9972521510745 3075.3213645624683 3185.157169446884 3555.9201339894526 3668.403139633234 4155.225483671671 3573.908115848446 4065.3251966310327 3668.3524744382557 3584.205034801893 3454.0634761175806 3236.5987319278984 4705.9801495227375 4395.479811701899 4297.949526998891 3450.318396571358 2389.0347072410514 3902.4064882097027 3340.2036921865983 3954.0768375712005 3958.7185266128026 4091.2427164297405 3121.268681120514
2466.52084566167 2180.992002369164 2374.140852490111 1793.739432656018 2550.1255673720134 2777.1487935861296 2971.6138169919623 3299.311443618544 2347.6308892950638 2484.1059225850504 2189.301005983494 2342.106993491785 2071.214679918754 2192.6336920461763 2675.3335224653456 2522.401315287889 2217.307211612858 2009.8733434905662 2350.1864252932573 2863.0576956081914 2522.5070604170032 2539.9790829461053 2513.145637897629 1367.1102219593486 2139.552357417275 1581.1589814496738 2641.3065916845426 2540.842450715316 2701.7071222407794 1723.521606626613
1420.5912685338917 1629.1777847433077 1300.995956351493 1049.9733088506723 1382.4923202746113 1718.8730062896539 1685.7125287422004 1701.6624836153387 1375.576560019168 1372.657566189534 1238.0266478553658 1479.175415801185 1323.1825452728854 1276.3467643491986 1686.403345712255 1414.1117346879141 1442.4093720965252 1264.4682246541379 1226.5138840359477 1520.6024955210687 1469.6128669761847 1636.357978247108 1391.6788713811447 822.2088472290843 1417.011248751532 869.8508490585168 1408.62108569651 1558.145837598695 1423.3577583282195 853.5085294009059
684.0291494127814 735.5586137158657 664.2436716448683 735.8823070334911 712.6865145105667 764.3844458434692 703.7964594392424 708.8477957872137 619.7438616526788 655.9699080210053 546.5275490822 648.7760909517324 590.5778654596452 604.7881937822203 751.9810452944766 631.7179349355715 718.0846016106307 581.3292502418417 660.194296861519 643.5071162272557 732.1405773024553 735.6559604195909 603.8940846993946 709.9170831584715 645.3176456132073 712.9726226326411 594.4802124109615 703.7956535856092 671.1927368889501 733.7996672595755
331.91138300211287 343.8533354629117 338.92785295322847 617.3469012658225 339.4553920128478 348.89594778871015 346.30349971968235 346.1931977874551 347.356313826167 342.96585458332083 326.6963441775524 338.78783239551376 326.8205820000626 328.32729961857694 354.77523910958735 340.87878883268013 349.3848458186508 330.1593933281183 330.89257579015157 338.18421938185793 345.3954377577961 343.6776029498433 335.1193507998564 562.2726804396052 335.0825115490079 514.2401072466191 341.6485021110784 349.94759002363526 349.47210323144964 564.4306277727669
300.27696237891905 300.41466981598023 300.36333075820585 403.2776688104873 300.23261419969276 300.8012042518012 300.57324943717003 300.70513272569224 300.4204610595998 300.3071103862326 300.2095737239315 300.29287313337136 300.2363191763475 300.27825605588623 300.3980526432065 300.3250026466703 300.39686031176916 300.2242009435822 300.38025383796 300.44242698084645 300.4060211267679 300.7160811561971 300.3514563716353 401.8889111141925 300.27905417892043 400.5859799231721 300.5341000217695 300.7673935965531 300.3041981891911 401.19033223934093
300.0000740271971 300.0001334899084 300.00009333304115 400.0007943100486 300.0000474738895 300.0002672491255 300.0001411446592 300.0002141903433 300.0001165949425 300.00008609438646 300.00006157412054 300.00005747486284 300.0000725585983 300.00006334210184 300.00010772147016 300.0001089083871 300.0001250084197 300.0000532826298 300.0001335455836 300.0001345426358 300.0000757993421 300.0002497289506 300.0001158015216 400.0004967738487 300.00009166803966 400.0002439452819 300.00012743568277 300.00014716220267 300.0001043823131 400.0003051311919
300.0000000000282 300.00000000001637 300.0000000000364 400.00000000024465 300.00000000002274 300.00000000007685 300.0000000000523 300.0000000000623 300.0000000000414 300.0000000000191 300.00000000003365 300.0000000000391 300.00000000001273 300.0000000000414 300.00000000003456 300.0000000000264 300.0000000000623 300.00000000002774 300.0000000000605 300.0000000000614 300.0000000000455 300.0000000000564 300.00000000006 400.0000000003197 300.0000000000364 400.0000000000564 300.0000000000273 300.0000000000573 300.0000000000223 400.0000000000646
300.00000000000045 300.00000000000045 300.0 400.00000000000045 300.0 300.00000000000045 300.0 300.0 300.0 300.00000000000045 300.0 300.0 300.0 300.00000000000045 300.0 300.00000000000045 300.00000000000045 300.00000000000045 300.00000000000045 300.0 300.00000000000045 300.00000000000045 300.00000000000045 400.00000000000045 300.0 400.00000000000045 300.0 300.0 300.00000000000045 400.00000000000045
300.0 300.0 300.0 400.00000000000045 300.0 300.0 300.0 300.0 300.0 300.00000000000045 300.0 300.0 300.0 300.0 300.0 300.0 300.0 300.0 300.0 300.0 300.0 300.0 300.0 400.00000000000045 300.0 400.00000000000045 300.0 300.0 300.0 400.00000000000045
300.0 300.0 300.0 400.0 300.0 300.0 300.0 300.0 300.0 300.0 300.0 300.0 300.0 300.0 300.0 300.0 300.0 300.0 300.0 300.0 300.0 300.0 300.0 400.00000000000045 300.0 400.00000000000045 300.0 300.0 300.0 400.00000000000045
1000000.0 1000000.0 1000000.0 1000000.0 1000000.0 1000000.0 1000000.0 1000000.0 1000000.0 1000000.0 1000000.0 1000000.0 1000000.0 1000000.0 1000000.0 1000000.0 1000000.0 1000000.0 1000000.0 1000000.0 1000000.0 1000000.0 1000000.0 1000000.0 1000000.0 1000000.0 1000000.0 1000000.0 1000000.0 1000000.0
