1681.5423510271758 1172.9996712972916 1724.3745614560494 2123.344846801305 2020.08281035661 1213.0173079569995 1227.6504204898806 1959.8275427118106 1671.4586988110505 1060.0933408682731 1603.851827739627 1854.5358190372444 1796.7375314431756 1383.6850833733006 1925.8187488687136 1387.4502051912787 1463.4822298655245 2409.004256212622 1979.1048943156666 1456.2859297338919 1550.0640095834024 2987.3296136565014 1671.76738146158 954.8577475776237 1858.5646975384143 1129.0219981511227 1423.9931246369524 1845.5704894925257 1898.3683797991052 2336.7974893776864
673.3960191612273 470.1253006841903 1724.3745614560494 2123.344846801305 1509.9137194194082 1213.0173079569995 1227.6504204898806 1114.2848020113097 1671.4586988110505 1060.0933408682731 1603.851827739627 1854.5358190372444 1796.7375314431756 1383.6850833733006 1925.8187488687136 642.2211716446473 1463.4822298655245 2377.2302401278976 1979.1048943156666 1456.2859297338919 1550.0640095834024 2721.7874313174507 1671.76738146158 452.83676865939833 1858.5646975384143 1129.0219981511227 1423.9931246369524 687.9117656650606 1613.6512854627335 1607.026581843489
673.3960191612273 470.1253006841903 1507.1029088680916 1576.1731581216773 1509.9137194194082 1213.0173079569995 1227.6504204898806 825.1072737008426 1382.8518440873904 680.523240330811 1054.3515251525346 1757.4947542042673 1796.7375314431756 1383.6850833733006 1326.9699280159493 642.2211716446473 899.4464507655534 2239.865067818686 1025.4806397935718 1456.2859297338919 1550.0640095834024 1021.147819503577 1671.76738146158 426.7830950962125 746.3593915677038 757.8510367474955 1357.3210267488685 687.9117656650606 710.671593528984 962.9193569645563
497.6978433108634 470.1253006841903 990.6401600089434 814.3646807479372 1509.9137194194082 1213.0173079569995 1037.566634626759 600.2483717417526 1382.8518440873904 680.523240330811 804.2424451955621 1572.9066960992695 1126.823531104671 1252.1527679614082 1304.4978003136466 642.2211716446473 899.4464507655534 2086.11770919457 450.34955400706167 1456.2859297338919 1188.8956511681863 1021.147819503577 1382.1109759335282 426.7830950962125 429.2406190791012 564.6772092857645 630.1144853513897 687.9117656650606 710.671593528984 888.1103045551245
390.43680141058576 431.03795359825926 463.56288674819007 293.7152167435547 974.8437505270649 719.4165971158927 595.5595162334776 287.04724310551046 398.7664803960829 680.523240330811 321.1429096116508 1027.0202743909176 813.1837815626245 1198.4564684002653 880.5986063030055 346.135006994743 689.0050160580686 565.0990584404967 441.24783230245976 992.7722692827138 501.6083814997569 853.0810081692334 375.8968313835667 306.64040047645904 362.1072812931011 380.45394288844955 630.1144853513897 479.32605694472795 245.4982705866596 813.824887247049
294.6705354206497 236.49720855775013 297.69918737208536 293.7152167435547 545.8676743455567 250.7091495937393 232.94899344956366 284.0455388582718 265.983821497593 277.83291856909364 321.1429096116508 209.948332874505 300.4676853098954 451.4758937999186 439.20647571824065 286.0682607171675 354.31002073895115 519.6195671126256 282.2820774241468 454.38336698487456 268.15010651421426 506.89585667419624 375.8968313835667 278.8660712184237 353.858890978795 234.7671404096277 401.9317857983783 328.57143987302015 239.51425061730833 429.76696502267396
195.46083010364964 204.42514173314703 193.8722862536947 212.98112164633903 318.27762679305033 250.7091495937393 201.71214610555808 220.97522346881215 191.1080805915699 226.49631110290602 213.50674808459826 209.948332874505 284.577567682632 312.06893887291017 213.41212787519817 190.48099129890034 229.4921963472966 231.90453931502861 197.38054742725126 329.5893939212997 208.19521310063374 315.6606440638052 296.5551514737399 202.46467926007335 228.26403625235298 209.99478657697273 234.9930972378079 213.1562960604324 212.86962009949957 250.06797562856536
169.49252448434936 166.48416920658656 177.65344688671757 172.10233230695803 157.59303726939515 195.57768332381102 166.30056780589302 177.29637880811515 162.45757383609862 169.37646759341305 175.1221193828892 182.0427651367495 180.2922396674694 184.7731600065954 171.6965033909364 154.597172381139 180.51373771863518 195.98163258003842 158.75711138953739 184.2684659725578 171.75234873064574 192.09596101906936 198.83831554232665 167.3838633678174 164.68294061714778 167.32048568872324 177.12621387823492 165.18326639747556 173.03278493101698 180.0388391348124
150.40578107942656 132.96319109969863 145.74806458574176 154.40270384044015 155.3717524243957 155.71988123964547 147.80392398732602 146.30312900402532 150.71452294106984 153.1706103016445 152.46759172798602 155.1511255977871 153.92074668670284 156.69722647430672 155.94839571149532 147.84981267152762 154.20667478792075 152.75081304459673 139.17500435499778 158.54137027299566 154.00392208340645 160.21304837067964 158.07563637289695 145.777231505891 122.31321721149561 149.33043481180357 151.61142793346608 138.42698394288163 149.94485521894285 153.76036050638868
42.65807404340694 42.139452549137786 35.48794106842661 50.50315132343394 67.38229827610166 106.40262131164445 46.03933442694597 47.51643121611096 33.456171549376904 39.225937173491275 69.37933673206408 65.2115708362403 87.81055959504101 89.12717678725949 67.99512608976192 43.1666555150573 44.831539201927626 39.32496895647 36.99434597725076 46.2615268944669 58.14500733029308 81.53124863248195 69.24103156997171 23.322085310702732 51.00230296888549 19.39484373097912 42.29317604796188 43.86469389016247 42.990890389251035 71.09080373810502
2.095962971863173 1.5696529874544467 2.350973817287013 2.6956764356946223 3.7523306244202104 7.323404629693869 2.421019620520383 2.0595578517386457 1.951862010485911 2.3536222688435373 4.051924502589372 3.2036300586269135 3.185820179687198 4.533078320622735 5.677392345698081 2.671138608792262 3.5704661423255857 2.172287203859014 1.3913308283072183 3.600244503835256 2.0014118020949354 3.252348629187054 3.2554632793958262 1.1700291377683243 2.504664941297051 1.413250170648098 2.5619828362491717 1.6255025627760915 3.1354966142521334 4.686702310043984
0.018862984373299696 0.014423604718103888 0.021132657057023607 0.022493130407383433 0.04110574836067826 0.11298793116066008 0.024654139703670808 0.01696701890659824 0.016278236055313755 0.032310581709680264 0.04249285294372385 0.030273884129655926 0.043346103908334044 0.03840281523889644 0.04025827293526163 0.03306867461560614 0.04024674460606548 0.020946174390246597 0.011343006963215885 0.05224431103624738 0.019909973631456523 0.030311272813833057 0.0322197024183879 0.01296260494609669 0.025751943203886185 0.010786399092921783 0.0316799145771256 0.024050370980148728 0.024056710579316132 0.04790934673701486
1.0880426088988315e-05 8.439584689767798e-06 7.29843395674834e-06 1.4414265933737624e-05 3.2911017569858814e-05 7.641599131602561e-05 1.1928866570087848e-05 1.5460456779692322e-05 1.5413472283398733e-05 1.4966975413699402e-05 2.5467316845606547e-05 1.54998692778463e-05 2.6834270556719275e-05 3.108402552243206e-05 4.127163174416637e-05 2.3136581148719415e-05 3.851853625747026e-05 1.5467885987163754e-05 4.8665997383068316e-06 3.429836033319589e-05 1.6858039089129306e-05 1.7087617834476987e-05 1.876115311461035e-05 6.0706029216817115e-06 2.2736422124580713e-05 7.29010798750096e-06 2.053819162028958e-05 1.2761362540913979e-05 1.5789454664627556e-05 3.779757162192254e-05
1e-08 1e-08 1e-08 1e-08 1e-08 1e-08 1e-08 1e-08 1e-08 1e-08 1e-08 1e-08 1e-08 1e-08 1e-08 1e-08 1e-08 1e-08 1e-08 1e-08 1e-08 1e-08 1e-08 1e-08 1e-08 1e-08 1e-08 1e-08 1e-08 1e-08
1e-08 1e-08 1e-08 1e-08 1e-08 1e-08 1e-08 1e-08 1e-08 1e-08 1e-08 1e-08 1e-08 1e-08 1e-08 1e-08 1e-08 1e-08 1e-08 1e-08 1e-08 1e-08 1e-08 1e-08 1e-08 1e-08 1e-08 1e-08 1e-08 1e-08
1e-08 1e-08 1e-08 1e-08 1e-08 1e-08 1e-08 1e-08 1e-08 1e-08 1e-08 1e-08 1e-08 1e-08 1e-08 1e-08 1e-08 1e-08 1e-08 1e-08 1e-08 1e-08 1e-08 1e-08 1e-08 1e-08 1e-08 1e-08 1e-08 1e-08
67700.0 67200.0 66650.0 69000.0 71350.0 71150.0 69150.0 68750.0 69150.0 69000.0 68000.0 67650.0 69850.0 69650.0 69800.0 69300.0 70400.0 68600.0 65600.0 70750.0 68000.0 70700.0 69750.0 67000.0 69250.0 67300.0 68050.0 67700.0 68500.0 70100.0
