5248.319067634854 5494.087676893086 4592.741978373037 5163.235709201606 5196.49642476724 5298.955777233132 5667.91331768708 4103.009324435328 5668.226830102617 4635.2102422627595 3540.204657590585 5710.799628773606 4410.153900402241 5067.934270431089 4909.81869523457 5228.781627761165 4644.168926907401 5587.164865235653 5539.815503789604 4877.82823370227 465.4126742929493 4969.0202438821325 5532.176025633278 4309.44049110808 4818.537160195484 2270.9424581773355 5346.51279230802 2769.98498146786 1111.1707775758632 4555.687589437871
5088.33555466735 5494.087676893086 4592.741978373037 4993.770024277455 5071.15856742078 2468.5024428305296 2331.0735333271878 2861.880897461855 5503.638412803059 4635.2102422627595 1414.1549447868306 5308.5667086309395 1931.5452861023714 4177.2519799280935 4909.81869523457 5228.781627761165 1238.2892175965308 5203.952925932075 5322.100123573537 4176.600041674748 462.6106995417308 4737.948112331357 5229.739308623987 3563.690647341693 4818.537160195484 2270.9424581773355 3211.6795470594043 2769.98498146786 1111.1707775758632 4555.687589437871
3854.981030094157 5494.087676893086 862.7264068893614 4993.770024277455 5071.15856742078 2075.72708680518 2331.0735333271878 2168.6174272790795 5213.003880861273 773.2706246309594 1011.1235855469881 4632.23342104401 1931.5452861023714 4177.2519799280935 4909.81869523457 5135.197405469712 1238.2892175965308 5203.952925932075 1061.0721608988192 2956.9360106330096 462.6106995417308 4552.348849649025 5195.269073244957 1623.560915699847 4818.537160195484 1674.0570564751415 2880.224459246663 272.2510055470366 1111.1707775758632 4555.687589437871
3854.981030094157 1465.5455409015653 260.3396839367274 4856.919338776195 4898.103711230442 2075.72708680518 486.17764940066127 241.26003025923592 5046.258477785127 626.2574274437993 566.005139171391 4632.23342104401 1931.5452861023714 4177.2519799280935 4909.81869523457 5058.557080143791 806.5244620882631 4502.163926286823 1061.0721608988192 2956.9360106330096 351.7385080976369 4487.925136016009 4981.678357897393 1141.2576234167987 456.09431807895635 1674.0570564751415 2880.224459246663 272.2510055470366 1111.1707775758632 4555.687589437871
3854.981030094157 357.1375696648497 260.3396839367274 4808.8900382537795 1460.3978455335673 2075.72708680518 437.7690020374266 226.99526950439576 4992.052245957919 626.2574274437993 262.7019227506935 4046.7967414600444 1931.5452861023714 4177.2519799280935 4469.7640620294405 4388.857240588606 199.54197627450776 4502.163926286823 1061.0721608988192 2956.9360106330096 287.77206120408255 4487.925136016009 4981.678357897393 789.8389037056913 456.09431807895635 1674.0570564751415 2880.224459246663 272.2510055470366 1111.1707775758632 4489.761562050224
3854.981030094157 291.82263116705326 260.3396839367274 4644.704107261729 1460.3978455335673 382.3048905812252 421.056385465532 196.8602383106404 3911.068200219741 584.5424435603113 259.10763018075477 4046.7967414600444 949.3358031014841 4177.2519799280935 4469.7640620294405 3373.2890297484264 199.54197627450776 4502.163926286823 1028.281197150066 1164.7669327123554 215.614370237422 4156.031630483982 4847.172869854971 358.34892778697576 295.9372144576787 1674.0570564751415 2490.835240414399 272.2510055470366 1111.1707775758632 4489.761562050224
3854.981030094157 246.45120047229966 260.3396839367274 4641.860281852045 1460.3978455335673 382.3048905812252 248.5660285656586 184.28879145297924 232.47419877408038 458.02481172455555 246.2881102438896 4046.7967414600444 949.3358031014841 3424.5182617964583 4469.7640620294405 293.0361614658 199.54197627450776 3991.5157342048487 1028.281197150066 964.0530567396809 204.58015735582376 2416.401699738046 4622.314782359475 214.09820731872605 295.9372144576787 385.3116308146641 1481.5074035571479 272.2510055470366 1111.1707775758632 4489.761562050224
1346.271432484291 206.6442760072091 260.3396839367274 4641.860281852045 287.5219574717794 382.3048905812252 248.5660285656586 184.28879145297924 232.47419877408038 458.02481172455555 214.6801536518169 1881.3870465972632 949.3358031014841 531.2838236321641 4207.262103288243 293.0361614658 199.54197627450776 3268.3258220330144 382.1411024211302 964.0530567396809 204.58015735582376 2416.401699738046 4601.2042821145615 214.09820731872605 295.9372144576787 385.3116308146641 1481.5074035571479 272.2510055470366 1111.1707775758632 4489.761562050224
1016.8206382697017 161.23215960540438 179.47714501683095 3600.230850264885 212.00189724644588 186.56001467673696 145.24475689010887 151.08521125052948 199.1010357245409 184.01262556762185 171.83384225695454 217.66964159085228 205.8632509404083 184.50480094976865 670.3179331476804 200.83477053868592 147.81813652416258 2222.1415713004353 226.77097293898078 414.1981011697394 166.42143152455264 257.8566831607236 367.49446905810373 191.31840805628826 174.61618174796558 185.501028265046 1481.5074035571479 203.15333699742132 254.17920094495184 3336.100685361308
274.89161907114067 107.98523768212863 137.97743817774335 177.7380996784318 136.08084000340023 151.10953698444973 145.24475689010887 121.26784441255131 138.2563383474103 143.95406038619876 132.30738911030812 144.96766337610643 142.40087458975086 136.72224839154023 148.8098888298041 145.06252323940953 135.61945877834114 450.21879890397804 153.62543085044945 248.23949109134173 120.50282458377069 185.09293607091377 149.79761161475653 127.41873943184646 128.87900802895183 142.13198588317346 201.74827557662002 146.07710575482452 149.4451282988798 244.02852704622865
225.63842254026122 102.11068039469228 109.70032085590356 128.90557965995686 113.76128007166062 121.95954454103821 117.31231580564054 102.18001431016046 112.4863660326896 113.4117375725441 111.56870229386232 117.47921696877893 114.84432487638242 111.00347231946716 127.7315813647665 119.55478016701045 108.53935371201078 180.19049768866216 114.42309938178187 220.81828012290862 103.55262672428671 129.71626458005403 116.5698462439509 105.59545729381261 106.72324976572145 122.43963820632598 152.8590792641935 117.82694847525727 119.09129680978731 135.99807644172188
136.17731580633563 100.94666414547373 101.30128081561088 113.32597483101654 101.64837429548425 102.17665904879777 101.10038957111783 100.78181672578057 100.87839428546431 101.15943601282743 101.12385266537376 101.35362605796672 101.14822888600611 101.51230244019325 103.43050724877821 101.81311490298685 100.86497857251334 128.98437718081232 101.09643735669624 128.8765067310187 100.91158372453765 113.06687287193836 106.98035288994515 100.81985825674337 101.20734542123819 102.73585654175258 121.57549743914888 101.36964830852821 102.12298274613886 111.39412694387647
103.97341885178503 100.6870193011896 100.75386985763589 100.86720679359178 100.95950505731162 100.81521229492364 100.73502206569901 100.66809920960532 100.70561260496788 100.69208615586422 100.64719622412076 100.81017586733469 100.81130285702329 100.66681227312893 100.76099838177561 100.73408453463799 100.62720526222392 105.86848193730202 100.70565198290114 102.90531321904155 100.47756421333588 101.27573600964524 100.78857296357 100.59717395342659 100.80924633445056 100.81069982963754 102.85301774171603 100.68590495618855 100.72987613073747 101.50801684316411
101.19073157126059 100.55554758152448 100.56219055113115 100.60474902146143 100.59507233172553 100.48675562491644 100.65222806116162 100.55583084064165 100.53493672711875 100.55514666996169 100.48870317412093 100.5704853107377 100.57387190228883 100.53525789050263 100.49503044186258 100.52167867737808 100.54336541481507 100.93117725153343 100.60282650121826 101.3578662873906 100.39330511056323 100.5974409844398 100.53685896199659 100.51376418552036 100.49447299633539 100.74647347212021 100.80873372763017 100.57860579820863 100.46859357617996 100.72046090561798
100.7608182978197 100.46412258276541 100.45308322058327 100.46030676064174 100.51324239110227 100.44184577241458 100.54505420122678 100.46206572077017 100.51191444453298 100.47503171966537 100.46117779935048 100.53626464080298 100.57170091675425 100.46930286096176 100.39652176656136 100.48281361584031 100.44406453859256 100.40284357909832 100.53836734663037 100.80102411525331 100.35891505817017 100.48880750614762 100.44094554539197 100.32476133092587 100.44662466152477 100.52411496538389 100.48234730170861 100.4637757864889 100.40552989948083 100.5731124548347
100.51527845756118 100.38995492345703 100.37878444332273 100.418989849441 100.46494663581825 100.41468553444292 100.46564384835938 100.37597699367734 100.3833976851547 100.40681719544955 100.40842744473184 100.34263908531375 100.37425982329796 100.39390618144853 100.35599470152056 100.36339910739935 100.36759882833576 100.35601444542044 100.43332867119443 100.45299580605615 100.31062013937708 100.35616214866877 100.42829753931801 100.30748262167526 100.33893103125638 100.42655156417823 100.39520427077105 100.4404724763167 100.35103479466534 100.4917867101044
1000000.0 1000000.0 1000000.0 1000000.0 1000000.0 1000000.0 1000000.0 1000000.0 1000000.0 1000000.0 1000000.0 1000000.0 1000000.0 1000000.0 1000000.0 1000000.0 1000000.0 1000000.0 1000000.0 1000000.0 1000000.0 1000000.0 1000000.0 1000000.0 1000000.0 1000000.0 1000000.0 1000000.0 1000000.0 1000000.0
