100.47959558687171 153.56760402512646 88.96265686490915 217.65147512074418 304.066046711695 210.73656032682675 75.23506932197643 440.609606161951 227.26952680838576 100.13646716469566 275.49710108147065 100.73773148405371 335.8855938208908 249.8530193688557 382.82734366383966 229.55086185800747 68.23243581335373 133.80858229939668 88.15361343444374 397.45627496046836 88.17658236696889 265.8593105674868 296.5439867349173 437.46485459527685 92.80869051448644 416.58506087332125 90.29874488553742 145.82146106379514 208.0808219214273 112.67745252192253
56.65920485637707 152.07932472404173 88.96265686490915 217.65147512074418 304.066046711695 210.73656032682675 43.37407466959712 135.24472630009404 227.26952680838576 100.13646716469566 67.48518032318134 100.73773148405371 92.40441259634736 249.8530193688557 132.67280281306194 131.88516320446888 68.23243581335373 126.98104044329375 88.15361343444374 92.23599805818549 88.17658236696889 86.49085897832538 65.18922673141378 245.78625382383007 92.80869051448644 63.4806506281152 90.29874488553742 145.82146106379514 151.28076270944302 68.34130002093207
56.65920485637707 152.07932472404173 41.55399077573247 45.229002491109895 304.066046711695 210.73656032682675 43.37407466959712 135.24472630009404 215.02485577736297 100.13646716469566 67.48518032318134 81.3856504577102 87.1884713291588 249.8530193688557 132.67280281306194 131.88516320446888 68.23243581335373 126.98104044329375 88.15361343444374 92.23599805818549 88.17658236696889 86.49085897832538 65.18922673141378 210.17019976465645 92.80869051448644 63.4806506281152 90.29874488553742 89.58250881904223 151.28076270944302 68.34130002093207
56.65920485637707 70.2641080374251 41.55399077573247 45.229002491109895 292.08444916938424 210.3485218639562 42.770415094326836 135.24472630009404 80.42494772399687 100.13646716469566 67.48518032318134 81.3856504577102 87.1884713291588 185.79963437129936 132.67280281306194 131.88516320446888 68.23243581335373 126.98104044329375 88.15361343444374 92.23599805818549 88.17658236696889 86.49085897832538 65.18922673141378 150.00388310825383 79.01786001541086 63.4806506281152 46.85413537683189 89.58250881904223 82.70125229788073 68.34130002093207
56.65920485637707 63.87811861342652 41.55399077573247 45.229002491109895 209.88502817289736 210.3485218639562 42.770415094326836 135.24472630009404 80.42494772399687 100.13646716469566 67.48518032318134 52.46132353679286 71.62203043549925 185.79963437129936 102.04000378527189 50.95213741754651 68.23243581335373 52.77497468363481 59.11103285929903 92.23599805818549 88.17658236696889 73.6626602306128 54.135789689758894 150.00388310825383 68.78451265584226 51.42921516148954 46.85413537683189 89.58250881904223 82.70125229788073 38.12539118376162
56.65920485637707 58.922557774648794 41.55399077573247 45.229002491109895 143.6879255934732 210.3485218639562 42.770415094326836 102.28750777725554 80.42494772399687 100.13646716469566 67.48518032318134 52.46132353679286 71.62203043549925 185.79963437129936 102.04000378527189 50.95213741754651 68.23243581335373 52.77497468363481 59.11103285929903 92.23599805818549 88.17658236696889 38.43759193262349 48.12842757225917 54.610941715467106 68.78451265584226 51.42921516148954 46.85413537683189 89.58250881904223 82.70125229788073 38.12539118376162
46.76906105445141 58.922557774648794 41.23333144527487 45.229002491109895 143.6879255934732 210.3485218639562 42.770415094326836 85.36718524873731 80.42494772399687 100.13646716469566 67.48518032318134 52.46132353679286 63.279683603637295 185.79963437129936 102.04000378527189 50.95213741754651 68.23243581335373 52.77497468363481 47.5418987459293 92.23599805818549 88.17658236696889 38.43759193262349 48.12842757225917 54.610941715467106 68.78451265584226 51.42921516148954 46.85413537683189 89.58250881904223 82.70125229788073 38.12539118376162
46.76906105445141 45.69327765950811 41.23333144527487 45.229002491109895 120.97261441178989 67.54357482794421 42.770415094326836 85.36718524873731 80.42494772399687 100.13646716469566 67.48518032318134 46.37349434338648 63.279683603637295 68.1878321766776 89.21139465753049 50.95213741754651 68.23243581335373 52.77497468363481 47.5418987459293 59.12729866679365 88.17658236696889 35.44287094689662 48.12842757225917 54.610941715467106 68.78451265584226 51.42921516148954 46.85413537683189 89.58250881904223 82.70125229788073 38.12539118376162
42.60210387757388 45.69327765950811 35.074631332417084 37.03662310397931 44.687046376237504 44.31148829585254 36.20509852624082 40.62513632780838 39.371033679815355 40.10113989732736 39.295370200071375 38.073036167401824 43.77883657786106 36.479551264787915 47.72824541507407 45.21842228376545 51.00927977158199 32.467751377315835 40.77554096077938 39.855822875817466 53.13096995063461 35.44287094689662 36.2140589029882 39.58643862608869 36.54888756158971 42.027841861271554 38.130799996835776 44.0887939002705 39.17758298382569 34.29202450838102
32.04993618854951 29.424279803975423 26.367618472625054 31.483156159276405 33.52508207645997 32.65728303142714 30.57158299740422 31.493299002804633 30.554486501524025 36.343450745909195 30.685846300802496 32.444888987329705 33.7067894788529 30.19825580905308 30.195754691775164 32.85433750667198 36.06930780161656 29.200106467037585 29.923305960738162 36.016038350343024 31.393959116709084 31.853085599069345 29.135013464641816 31.98789408160701 32.64843435047351 31.772840615266432 33.05324883349385 29.51319302778029 31.036600547010494 28.240162805378077
28.185294012197573 24.437020713312904 24.115215780106155 26.791061937604354 27.54952538123416 27.75814913428576 26.514050434207093 26.38500076709397 27.285752145985953 29.74390825272667 26.56020462640754 27.497664345808516 25.513637934708186 26.728402498864398 27.467314476960382 27.671485175374983 25.219072797068293 25.199274217559378 25.51607465305142 24.847014273718287 25.699094389508446 25.452132352831995 27.64750510738986 27.34664473219391 28.696552605633315 26.318111374237105 27.52619536098382 27.386451833097453 26.235502672454913 24.32064481039788
24.71494322961871 23.694473783873036 22.984398092427 22.325630374769844 24.92550727861226 25.13908879846349 23.560222850873288 24.273430291232216 25.27257947747603 25.554349552195163 23.197278912560705 25.70078718730383 18.932669033653383 24.58173067911639 24.031081954905403 24.662093537895544 24.884521995737487 23.868514310310275 23.528460527278185 24.73485141883657 25.29231050509634 23.718578102264928 24.53136862075735 23.941549625460993 24.39045613569806 23.115103061994432 23.361335125556252 24.981440118104274 23.093438583556235 24.2576348279581
14.758318969094944 21.70849110092513 22.303807256457276 21.33466345228726 20.958297778075575 22.84115047172736 23.17226630742789 23.334880531511317 14.580940585433382 23.65876695251427 16.261987525518634 22.338116611101213 17.154191940189776 22.660037899964664 21.84546772887643 23.23092512190715 23.465575539369183 22.27924292618536 21.623899554424497 20.824089850700148 22.436332285057688 16.957690130238916 22.99027901933232 18.75399234912402 23.54373465381559 22.183992384082558 22.650579106539226 22.143735535125415 19.493286600577903 23.035093733533813
11.057949432832629 20.893679609389892 21.464101047610257 14.980686670281557 9.667764633895786 21.739397957377605 21.644504342690652 18.18044662611419 12.61902163770128 22.09785805793672 10.846129758920597 21.02855769586904 16.913921567826037 17.61488165399578 9.595443076021184 21.523467682870887 21.933578042251156 18.584755433702412 10.54085944915505 13.670894586960003 21.642640501952428 14.314987185811333 18.372300648162764 16.19663203399523 12.22220122043882 16.100359187467802 20.13396134012919 17.376279460751903 16.214940608646884 18.913353417477083
8.678854329990827 20.56431920956311 20.840997976973085 6.959581764908762 5.112268029922234 3.9300419235451045 21.517948966037693 6.124056460497741 7.363178860153312 20.447156707366048 2.8963046860380928 15.866843601494566 6.330618086673439 8.198147838464592 7.658451024817623 7.9659351999303 20.409044517008624 15.670338581785018 3.3440666237938785 4.979221566485194 21.013866487787254 11.46082046866968 10.385298377536856 4.459319014812081 7.7697619580890205 12.788330833298915 15.291044093343771 13.587147985870615 9.829327604436003 6.159936442370508
0.7608773049519186 20.0460161813412 20.207885388380873 0.7634089193857108 0.021258847228637023 0.16848925908425372 9.469133733152375 0.68053606600688 0.6648971471763616 0.0027658748940666555 0.6497164091429113 0.0024948560958364396 0.7761153074011418 0.6245071130497308 0.04329992402381322 0.01838723211267279 0.6846844882802543 0.6519448190465482 0.6578185512112213 0.07189173803180893 0.6642043443207513 0.6669416869299312 0.06615004282411974 0.7092348268220121 0.002671694723176188 0.0002980820581797161 0.05995901975347806 0.905577518654809 0.01937366612673941 0.7438610279500608
200000.0 200000.0 200000.0 200000.0 200000.0 200000.0 200000.0 200000.0 200000.0 200000.0 200000.0 200000.0 200000.0 200000.0 200000.0 200000.0 200000.0 200000.0 200000.0 200000.0 200000.0 200000.0 200000.0 200000.0 200000.0 200000.0 200000.0 200000.0 200000.0 200000.0
