5656.457931443796 3547.4554352681334 5848.81949193237 5075.101136664714 7362.055861901169 5594.742557772851 5630.130114796052 3309.9025878574644 5617.607511143609 4297.283707192495 5518.210796863887 5463.862474814576 3668.8766799499263 3650.6656265791553 5809.777289640757 3032.5351017815365 5394.118371696213 3895.068361340597 6650.332239435861 2587.0790262775163 4724.55902968014 5761.382600408947 5023.891604479321 3911.8951291848243 4301.4413687410815 3535.8172938292028 5821.520934515341 6397.575386553401 2814.1309560131235 3231.6432901186417
3977.5510053108283 2559.2454323700567 5848.81949193237 5075.101136664714 4869.691848377842 5136.078049471522 5171.710509230462 2980.666603639209 3706.9269944316857 4297.283707192495 4329.3559006126625 3528.751960578631 3327.599889887251 3194.6089274705596 3896.4761283398893 3032.5351017815365 3524.3657868382666 3895.068361340597 3058.8475308287175 2587.0790262775163 3532.6860753986507 3962.0804439264357 4766.671504799775 3860.995665340657 4301.4413687410815 3535.8172938292028 2742.4190222668562 4232.186038800617 2814.1309560131235 3231.6432901186417
2855.0396860089413 2559.2454323700567 5848.81949193237 4492.665728651177 2008.4314126542458 5136.078049471522 5171.710509230462 2980.666603639209 3677.3782826609013 4297.283707192495 4329.3559006126625 3528.751960578631 3327.599889887251 3194.6089274705596 3146.881928678161 3032.5351017815365 3524.3657868382666 3431.69713235491 1943.3732625461512 2587.0790262775163 2105.321228871722 3962.0804439264357 4766.671504799775 3860.995665340657 2565.955981335177 3535.8172938292028 1650.270652610482 4232.186038800617 2814.1309560131235 3231.6432901186417
2855.0396860089413 2559.2454323700567 3070.7479085753516 1926.6041018768137 2008.4314126542458 5136.078049471522 2935.71210996519 2980.666603639209 824.3757880161934 4297.283707192495 3584.2551637078363 3528.751960578631 3327.599889887251 1854.9526406889718 2781.022724858861 2647.1870814971144 3524.3657868382666 2099.7648689919592 1943.3732625461512 2587.0790262775163 2105.321228871722 3173.288954097174 2538.907572587177 2339.0284612185146 1455.7381943483124 3075.8416543718763 1650.270652610482 4232.186038800617 1404.300982731891 3231.6432901186417
2855.0396860089413 1944.8532020451926 2046.8044704751828 1926.6041018768137 2008.4314126542458 5136.078049471522 2367.0420525520403 2980.666603639209 824.3757880161934 4297.283707192495 3378.401482209418 2069.0020131178194 3005.5956425961813 1854.9526406889718 1402.5268317670266 2258.658759676762 3524.3657868382666 2099.7648689919592 1943.3732625461512 2059.930407609808 2105.321228871722 1989.4650100426697 2538.907572587177 1718.8030823070417 1455.7381943483124 3075.8416543718763 1414.466789114675 1892.4091168696423 1404.300982731891 2279.338689699628
1733.9585845521797 1944.8532020451926 1962.0579562518042 1926.6041018768137 2008.4314126542458 5136.078049471522 1812.1912859213016 2778.9013451677265 686.6145123851277 4297.283707192495 2153.1876984003125 2069.0020131178194 2724.3704237639877 1854.9526406889718 1154.0886664976713 1874.4769389051057 2847.1391448436275 2099.7648689919592 1943.3732625461512 2059.930407609808 1599.7940805742794 1631.076630789033 1833.7855571410173 1718.8030823070417 1455.7381943483124 2879.6069173486057 1370.1205046283108 1892.4091168696423 1404.300982731891 2279.338689699628
1733.9585845521797 1944.8532020451926 1747.9210656000664 1149.8402970237835 2008.4314126542458 3902.882866022508 1812.1912859213016 1996.5500274923452 686.6145123851277 3635.4991080486816 1502.5432814150906 1974.110604835017 1523.6630538572676 1315.2049248690098 1035.9773939476759 1874.4769389051057 2216.238074202391 2099.7648689919592 1943.3732625461512 1532.8196697408077 1599.7940805742794 1631.076630789033 1833.7855571410173 1718.8030823070417 1455.7381943483124 2667.768285454216 1370.1205046283108 1625.486126891713 1404.300982731891 2279.338689699628
1733.9585845521797 1944.8532020451926 1747.9210656000664 1149.8402970237835 2008.4314126542458 3902.882866022508 783.1754523343452 1996.5500274923452 686.6145123851277 3461.53781812993 949.8955537866154 1974.110604835017 1523.6630538572676 1315.2049248690098 1009.0689966460882 1874.4769389051057 2012.9391044833365 1807.6803902906659 1943.3732625461512 1055.567482748149 941.4331872438984 1631.076630789033 1527.781130108407 1718.8030823070417 1455.7381943483124 1727.85051483612 1370.1205046283108 1625.486126891713 1404.300982731891 2279.338689699628
1137.0923186860227 535.7594737958854 516.1881469562499 581.940431477774 1491.9797340425619 1578.2055378400257 779.8106292026764 1100.5782868595113 544.8063142258188 1087.642288005822 740.3612555493723 756.097920733728 904.1946888276673 1014.8006977481803 394.5718317374266 722.3188503606902 1132.1579836044675 1017.2879111393822 1257.4614133940333 272.9959151250307 549.9352482789861 630.5877635321808 780.2905046483279 446.89888989707947 595.3167522689812 957.7922608617678 641.2026476285914 843.458012578526 511.8648940176181 897.719155265851
441.4430810281701 214.75314294134512 279.6437689310703 303.94478332600374 182.5845163039014 371.3736638798856 206.46432800983848 360.38651405266205 220.62279828829014 319.67225704223506 207.2064498102991 264.30146566042856 308.0384021170871 355.9011142133338 189.39906474220197 168.72930802682276 252.47597302005215 530.397896609994 327.663520705318 193.70558311918592 242.01452850946828 223.47462872330175 396.4490528343124 191.63540262717186 251.19543709327115 374.64805717874515 224.76053121914572 293.90001831591667 241.49559133868217 370.7599420679453
180.2988173247594 120.14935953503584 138.13222892826172 158.142674404211 127.92805062011973 160.31239980291946 124.48832656591003 190.3752671316979 161.09849337439482 138.59466784069218 139.1411716656553 182.712596388375 120.95663993488267 144.93809841984785 111.18442057096854 84.92364329670829 129.2918045406543 167.6480852141026 203.85145356608905 109.82954072803864 113.74884157594704 157.55702612040943 194.20417584750442 104.69531793871965 103.1573740763613 195.8515118158722 110.86673593592388 145.27515582865044 119.13718238648471 189.66968028554766
137.84277410780294 81.96916812273935 78.34123146484376 75.82306576898793 79.99786406205055 97.35145916436409 60.630472825554364 98.3605436999045 76.71328900161643 75.05646665983102 75.54252603773352 74.08496832380263 89.53134318578446 91.17489486088868 62.23894107914333 68.79543712242491 65.49390662145237 91.5659816269885 97.2044544921373 68.98607025436655 73.3523866270084 76.16226536392332 109.94128475789591 75.69219390846479 66.46510777062463 93.35246352180116 76.25586044565921 83.68087615276067 80.78337294463665 98.6654262660204
78.29881999687473 57.60579979478291 56.86139305016752 53.23860842370391 48.68258622909593 58.30042623219208 53.0105071515128 57.21094283811277 58.91418090011774 55.42285656668997 56.72326838323721 59.22322435829534 61.804502828393765 56.82719201202207 53.02160240728301 47.981377368230426 53.073091837364416 63.79553385886561 53.676791075519645 50.72879377455263 53.68450507895028 55.974016510754836 60.494916986367855 54.47901409309418 50.453356615499956 67.5739084026078 53.59641140346213 55.12940319811935 59.496662267743034 62.3840442652517
56.64237711565852 49.29987679712889 46.81264570630117 45.95644374371261 45.79266426812666 49.771227906142656 45.77021113913628 47.72855568493384 49.02137466889667 46.137991790290585 46.23195492607158 49.59237636956942 47.02387033860299 44.46436145260844 17.06555940190418 29.051361322294042 45.66231109167035 48.122510501628994 47.480050150114664 45.82086732988728 46.23329281113399 35.720124450551964 47.84201450584624 46.83327071706509 45.74255115555957 51.67331949008013 46.72161228098554 42.52066640180078 48.28533269428374 47.281900878398915
47.8026786679211 25.781862366359803 44.937806501057935 44.93042117232642 44.907868986820574 44.987236029941755 44.966283937084484 44.960003492677004 44.976771228742564 44.97364135617431 15.93320701581439 44.982217219591746 42.74395961800178 13.442646499980924 7.861920550631396 10.217860866077956 44.93583756715617 44.97059088033427 37.574081222176176 28.861842215603417 44.936124398883976 11.574958904190112 11.990911116833331 20.877356369992242 44.908508438150136 34.237769673532114 44.99167890670657 11.579662392709338 45.0042395594113 29.04163414792606
5.898597384529012 6.449501082693018 4.5583237956250855 27.657639293766294 44.89546931745133 44.89546931745133 44.89546931745133 44.89546931745133 44.89546931745133 44.89546931745133 6.397258659876854 44.89546931745133 5.225759148942643 6.143465408798363 6.130247924871014 3.1405438189243 44.89546931745133 44.89546931745133 6.441083763949564 5.378861037241677 44.89546931745133 1.363081792619596 4.104655409433008 6.132496649085965 44.89546931745133 6.061973013222996 44.89546931745133 6.438505812046003 44.89546931745133 6.238839801973313
1000000.0 1000000.0 1000000.0 1000000.0 1000000.0 1000000.0 1000000.0 1000000.0 1000000.0 1000000.0 1000000.0 1000000.0 1000000.0 1000000.0 1000000.0 1000000.0 1000000.0 1000000.0 1000000.0 1000000.0 1000000.0 1000000.0 1000000.0 1000000.0 1000000.0 1000000.0 1000000.0 1000000.0 1000000.0 1000000.0
