1480.92389226348 620.0824267568773 302.83438027559123 2097.8679597844875 403.4745695829274 2177.4911268201085 1024.2915601073537 743.3158467055564 1437.6955973557056 703.1508184701124 279.8453018707337 376.94433223621627 896.5800325847722 292.0401494435987 220.06937634233827 191.36963842139903 109.93682624460007 1134.884012805268 855.4579206976837 151.50494631989568 2010.168545621198 307.9845449494778 413.5119274602084 1387.6209811406943 223.50516594135343 456.79590444427595 165.00978666763376 197.56064962604796 810.1137812669012 239.8404715085817
270.36026533514587 181.24625612506088 302.83438027559123 364.1851452111259 124.61078529253246 1664.3357686986665 140.91048505168555 743.3158467055564 1437.6955973557056 703.1508184701124 272.66807666725026 191.4762205627926 240.5014580633856 220.64211438883285 220.06937634233827 159.09109507067387 109.93682624460007 1134.884012805268 527.752938613975 149.7808313848168 649.062266580047 307.9845449494778 268.91157526855295 1387.6209811406943 150.65929415521077 280.9028405052304 165.00978666763376 197.56064962604796 147.62843965465936 134.47205405505883
270.36026533514587 181.24625612506088 302.83438027559123 205.96776662698903 124.61078529253246 527.8953201982672 139.48415358958528 710.5295718518078 237.8234134243844 667.3915212856809 178.14283325400174 177.01929247288172 157.46654706632353 220.64211438883285 146.42149416280108 136.61052232978773 109.93682624460007 385.14130967683514 147.99549303590993 149.7808313848168 241.17732024850648 160.21840617180578 188.10006370593374 208.55065291711617 119.63886762228776 280.9028405052304 134.46113541647173 197.56064962604796 147.62843965465936 134.47205405505883
270.36026533514587 181.24625612506088 243.5097406171585 205.96776662698903 124.61078529253246 379.1467027913004 127.35711481568887 573.4487457652504 237.8234134243844 374.7351915724844 178.14283325400174 153.77949689503703 157.46654706632353 220.64211438883285 136.50821273034762 136.61052232978773 109.93682624460007 177.4806118745646 138.24867236724458 134.06678183193617 230.2908603392675 136.88942960489248 173.92340418410868 166.46012879365662 119.63886762228776 159.9698454516597 120.5306892030394 111.00528858519374 147.62843965465936 126.97613531542083
270.36026533514587 181.24625612506088 243.5097406171585 205.96776662698903 124.61078529253246 379.1467027913004 127.35711481568887 418.99740618591613 165.6855292356945 142.15039248413268 139.02673482938826 153.77949689503703 157.46654706632353 220.64211438883285 136.50821273034762 136.61052232978773 109.93682624460007 177.4806118745646 136.15979015434323 131.35529334883995 230.2908603392675 128.25501306095748 173.92340418410868 134.49524219525938 119.63886762228776 132.43275535926887 116.05372242033036 111.00528858519374 147.62843965465936 126.97613531542083
227.71451018221205 181.24625612506088 243.5097406171585 205.96776662698903 124.61078529253246 139.50018924973892 127.35711481568887 319.81744384486 123.4303963978291 142.15039248413268 139.02673482938826 129.47536148081008 143.17621445553368 220.64211438883285 134.77060774981464 136.61052232978773 109.93682624460007 128.5001605634111 136.15979015434323 129.23272939368735 219.97909858518642 126.6185354413933 132.09363719489374 114.83376219168804 119.63886762228776 132.43275535926887 116.05372242033036 111.00528858519374 147.62843965465936 126.97613531542083
227.71451018221205 181.24625612506088 243.5097406171585 205.96776662698903 124.61078529253246 139.50018924973892 127.35711481568887 319.81744384486 123.4303963978291 142.15039248413268 131.33130595353214 122.08062930081496 143.17621445553368 183.30532076077725 121.81912505416904 136.61052232978773 109.93682624460007 128.5001605634111 133.96257479541828 129.23272939368735 219.97909858518642 126.6185354413933 132.09363719489374 108.99575136484054 119.63886762228776 132.43275535926887 116.05372242033036 111.00528858519374 147.62843965465936 125.8414572996985
214.66344926987267 181.24625612506088 152.32835437807353 127.33319519915176 124.61078529253246 139.50018924973892 127.35711481568887 306.8798760540408 123.4303963978291 142.15039248413268 128.05441353035212 122.08062930081496 143.17621445553368 183.30532076077725 121.81912505416904 136.61052232978773 109.93682624460007 128.5001605634111 115.61045176044809 129.23272939368735 219.97909858518642 126.6185354413933 132.09363719489374 108.99575136484054 119.63886762228776 123.47299272667124 110.63941407829861 111.00528858519374 128.42373364241575 125.25932069390183
110.111218074529 111.13948304791529 123.68208724082933 118.4961134939781 114.7082954218663 125.245372724557 117.7701904951764 138.5894083799958 116.80586948273094 117.5372024038943 113.7838907945752 106.9157027373085 110.32699597034934 116.13743456749489 110.52537053009019 107.4521663694677 109.93682624460007 111.4972446922302 103.69180606912005 109.38955357746045 212.05904566171557 113.12508219324127 118.63586770819438 108.99575136484054 111.32638660947077 109.73575891602104 107.54933100520066 109.72231436730044 119.71104277554332 109.98558369203602
104.11304903096925 108.13001260016927 107.54756246077068 105.11984869313756 102.93820320926397 110.01448612819331 108.26773751154633 104.88945391484822 105.68524800699151 107.17728076184585 101.07156666051605 101.51625797776524 103.44246703794852 103.95048081944515 102.13602728605747 101.63562071364595 107.07266669558658 103.10531000816172 101.62612045864898 106.51166546679087 118.01623230681753 102.57623249842163 101.4735197917962 106.23719232936082 102.63750158611356 102.69600356438013 102.2540410130182 102.944514528122 108.24555524132393 103.25000308395238
101.01090106755419 100.8449067661868 101.32534596805635 101.11512998906574 101.08421583580548 103.80758065217515 101.9423864210844 101.18987350838415 100.97863837069099 101.48378374879667 100.86574047631257 100.64418135434835 100.87683687213485 100.8020652641112 101.14597061600944 100.9911466311246 102.67785081237616 101.34380401820226 100.68663367923318 100.75508707781137 102.32382001968244 101.03215812140661 100.95408113335361 101.18419272302708 100.97447140415079 101.02087419558302 100.99286109811237 100.9041314185879 101.53450541573375 100.96513969568241
100.54212280615093 100.43438990349932 100.78930194283294 100.6220875280219 100.6902087870103 100.98408457828191 100.7911141359873 100.71904574238397 100.5227269054044 100.73141047780791 100.61590276399556 100.64418135434835 100.59622631874981 100.60659951393473 100.57726637532733 100.57599741466174 100.84109483413476 100.61417103004806 100.56192921820639 100.75508707781137 101.40858710446446 100.64929637724435 100.64395333125367 100.79966025438853 100.7207324311471 100.59397819830974 100.49094436518362 100.56532307384896 100.86122647173534 100.48311680432653
100.46466589998863 100.43438990349932 100.64157175725086 100.56260669782614 100.57873939818683 100.52125289277865 100.52706986655176 100.5797016392089 100.5227269054044 100.41146506680298 100.56718945307011 100.59025760004806 100.50270675545426 100.41926525961935 100.52070738368457 100.5155210705625 100.61330984098822 100.53495350719322 100.56115422733956 100.71815310215607 101.00543374671042 100.5263644079032 100.61018160148888 100.57708774683442 100.48568114635964 100.54351996113655 100.47446367575412 100.34548611872242 100.60553958814398 100.48311680432653
100.32431609175 100.31057357343707 100.53500994011983 100.41637830187938 100.4208969213696 100.33607641151366 100.42390411998758 100.47562022464217 100.43961363853032 100.33545545778907 100.50853879080114 100.3147324455199 100.34338006251892 100.41926525961935 100.39478057047063 100.42404401912609 100.43204754277349 100.43128918593311 100.46726753006442 100.40972402255466 100.55209427676436 100.4911574322432 100.33573212801366 100.38648930030877 100.45315279308716 100.39485718774858 100.3996642065149 100.34548611872242 100.40340104804181 100.48027782770077
100.30064015572225 100.31057357343707 100.21960191458538 100.3159903279502 100.35125772213405 100.28397305690441 100.382511730234 100.27443370808851 100.34108390919573 100.33545545778907 100.33739914192711 100.3147324455199 100.32841231026669 100.28677916916331 100.37608633519812 100.34135556391402 100.39007325861758 100.37651263173711 100.3761828115712 100.27102743116484 100.36944598567743 100.3609171373023 100.33573212801366 100.33823203464408 100.32884265779967 100.36165651971032 100.3996642065149 100.30420309397323 100.33464614452396 100.31070844630585
100.28372065596295 100.31057357343707 100.21960191458538 100.27716708889238 100.24767723092282 100.26965473294695 100.25939741274578 100.20175003604936 100.23086757752935 100.25829739115352 100.25060082872596 100.28673500292462 100.28472479559105 100.21844744062491 100.23776169415487 100.3001581608064 100.30076782433935 100.34458922479644 100.25514060977184 100.26318457433354 100.25819799487635 100.33373151437172 100.24420086060445 100.29478116996552 100.30670908064167 100.29686237362739 100.11244153838652 100.27659474893471 100.31322189896446 100.28632042552363
200000.0 200000.0 200000.0 200000.0 200000.0 200000.0 200000.0 200000.0 200000.0 200000.0 200000.0 200000.0 200000.0 200000.0 200000.0 200000.0 200000.0 200000.0 200000.0 200000.0 200000.0 200000.0 200000.0 200000.0 200000.0 200000.0 200000.0 200000.0 200000.0 200000.0
