3486.814238089434 2307.7518517078174 1948.2963733333427 3566.7571480970064 3190.4173596706214 1319.2771498160828 2221.582955687553 2354.8892662022745 2853.585460694671 1730.5199713015654 2841.236856294817 2991.0531473064734 3266.9952882030975 2783.0037079082404 2007.7048366955746 2524.5635738996148 2157.260486960035 2823.084008594345 2067.1919548319997 3347.414344402414 2814.48776688867 3333.911850978684 2637.5348319468585 1731.267362960275 4007.4510837997386 2515.937476414929 2797.0573601053743 2828.4463888157534 1988.5775561654646 3342.1600205702234
1219.047042315371 2307.7518517078174 1948.2963733333427 3083.286098689179 1676.1629969178948 1319.2771498160828 2221.582955687553 2354.8892662022745 2507.571300977685 610.9114006719137 2841.236856294817 2991.0531473064734 3266.9952882030975 2783.0037079082404 1837.3970933418632 1046.2939291482337 1562.8055767204087 2823.084008594345 2067.1919548319997 1793.7609485548383 2814.48776688867 2386.828036956193 2455.997979300109 1731.267362960275 2513.5393423332625 1249.428829553101 2350.4744076215234 1600.7386872452444 1988.5775561654646 2276.414463040658
1219.047042315371 2307.7518517078174 1934.3578030211856 1893.905880718591 1676.1629969178948 1319.2771498160828 2206.8830910898346 2354.8892662022745 2507.571300977685 610.9114006719137 2563.871466984346 2363.2747188557764 3148.2952275986468 2450.5294895624224 1785.7083123246684 1046.2939291482337 1562.8055767204087 2823.084008594345 2067.1919548319997 1449.6145565291245 2626.9436064984843 2386.828036956193 2455.997979300109 1731.267362960275 2513.5393423332625 1249.428829553101 1836.9867992544791 1600.7386872452444 1988.5775561654646 1795.5476644216224
1219.047042315371 1519.7671541081063 1934.3578030211856 1770.954473065225 1676.1629969178948 1319.2771498160828 1964.960106244016 2354.8892662022745 2507.571300977685 610.9114006719137 1671.7114298176566 2363.2747188557764 2293.062208697468 1593.146129412387 1785.7083123246684 1046.2939291482337 1562.8055767204087 2639.730744172647 2067.1919548319997 1449.6145565291245 2626.9436064984843 2386.828036956193 2097.9201691201333 787.1875230640392 2354.1839407246007 1249.428829553101 1836.9867992544791 1600.7386872452444 1988.5775561654646 1474.9473657483932
1219.047042315371 1519.7671541081063 1934.3578030211856 1770.954473065225 1676.1629969178948 540.8260329899815 1103.3125702852255 2354.8892662022745 1589.6071770576136 610.9114006719137 1157.590458650745 2363.2747188557764 2293.062208697468 1593.146129412387 1785.7083123246684 1046.2939291482337 1506.5335158281396 1055.4247018197536 2067.1919548319997 1449.6145565291245 1798.258310879287 2386.828036956193 1069.813720520352 787.1875230640392 2354.1839407246007 1249.428829553101 1836.9867992544791 1209.1331440702415 1448.609416783528 1474.9473657483932
1219.047042315371 1519.7671541081063 861.5690904565072 1770.954473065225 1438.8378306101313 540.8260329899815 1103.3125702852255 2354.8892662022745 1589.6071770576136 610.9114006719137 1157.590458650745 2363.2747188557764 1612.1651966178315 1593.146129412387 1785.7083123246684 1046.2939291482337 1506.5335158281396 1055.4247018197536 2067.1919548319997 1358.6591571442787 1798.258310879287 1874.9037969818578 1069.813720520352 687.790816387821 2354.1839407246007 1249.428829553101 1836.9867992544791 1209.1331440702415 1448.609416783528 1474.9473657483932
1219.047042315371 1051.1233441191987 861.5690904565072 1770.954473065225 1438.8378306101313 540.8260329899815 854.0415067904173 2354.8892662022745 1589.6071770576136 610.9114006719137 676.6687743835421 2363.2747188557764 1612.1651966178315 1584.7078731491047 1785.7083123246684 1046.2939291482337 1506.5335158281396 1055.4247018197536 2067.1919548319997 1329.820812891875 1798.258310879287 1874.9037969818578 1069.813720520352 687.790816387821 2354.1839407246007 1249.428829553101 1836.9867992544791 1032.4786864031464 1448.609416783528 1474.9473657483932
1219.047042315371 820.3980513426075 861.5690904565072 1770.954473065225 1217.6106193066025 540.8260329899815 854.0415067904173 2354.8892662022745 1093.149594469979 610.9114006719137 676.6687743835421 1790.2810492566541 1612.1651966178315 1131.354549253511 1785.7083123246684 1046.2939291482337 645.4555470447594 1055.4247018197536 1850.0150762198682 1170.8350055061574 1706.5727101356097 1860.6973856312406 1069.813720520352 687.790816387821 2354.1839407246007 957.5456312981228 1836.9867992544791 597.5744625474879 1448.609416783528 1474.9473657483932
789.8260811976902 820.3980513426075 544.5467187118652 679.3170655960416 621.4154303677365 540.8260329899815 680.5728100368706 981.5249068665653 990.0118176506121 610.9114006719137 584.7826211797105 568.267547596492 1277.112737152327 681.2699549064023 737.5399314462798 481.6922893078138 645.4555470447594 587.6413753209822 1256.1758345889566 660.2935968679571 679.0899841879295 1149.446166408712 933.8821652453594 453.7453541217087 1195.2614485945223 549.6334159271692 722.1915969012805 377.53665844624675 916.2409029470746 331.1056056927712
364.1006231703075 308.289679668723 441.6449697982207 392.64562161602885 293.7384993288497 540.8260329899815 494.0536483266869 628.2692141811094 314.41494110618055 287.470412201988 522.739562053323 237.45856783230602 366.882410314734 275.6664092258836 104.9116148161769 408.0239781848218 424.0480273535336 309.6483902224493 270.0878847109341 407.09461721623074 338.7328552325089 422.2747088143344 783.542173887995 343.82217629631486 615.7061465379059 266.1835963563856 355.4547085708241 377.53665844624675 607.811525995191 230.75079796417867
181.33826549234914 149.16249360547795 212.6866450288535 164.85936828492277 181.06463328688983 228.9591795965573 136.59383809607448 289.46564882617395 219.93264207944594 118.6130205939861 191.769182996341 132.2698902848665 158.6008883160382 171.19909130947985 104.9116148161769 193.67032201688198 259.61043236652404 231.38239248976856 139.42915870818342 201.29053374485352 123.62447765719469 148.91541409002548 214.9305572549174 227.53785196815875 261.02182031731104 144.40112538230937 182.65247368225664 148.4705096071002 189.7284631269406 182.2763023839559
118.54159749715404 30.433842626387218 93.63689000110242 116.44112555421725 89.95386352319224 169.9067454928056 103.32374753250497 81.97314400962841 140.26714305145128 118.6130205939861 43.08673067597067 86.34563388763706 62.444115291311164 73.30709087526316 71.41373107249115 76.75571869126088 94.03847157784969 131.96302140564285 99.60316669718793 108.18859320311935 31.41565759844559 65.37542688308065 81.19460890223468 117.29725064191882 106.40884681857688 101.60189149870666 63.43592509674568 73.72124861433247 52.75656459435356 145.57322780961317
29.270910231252742 30.433842626387218 19.34315095751242 16.00767250638171 10.958367748267165 47.45521927991115 23.53371655184037 27.875063306556285 40.34432882440001 38.130487506858685 18.222042694410334 28.043441667035722 38.43901329456946 11.782875475321475 30.684174379419574 30.2631166996606 53.656037639602346 25.84118910803636 20.32220539861237 33.33396915361993 24.152259209599265 24.802922956216776 21.473060461077353 32.13408793837232 24.619444911288724 38.7770021198894 17.531077353160413 34.23367957979417 19.987475751430452 4.13600178814238
2.8257531452453577 6.000666348227583 3.7632147616411658 2.151271071721453 1.8677616579311689 6.34920270785301 5.438111104216773 2.6993479990358082 10.956885836847619 5.5789777978566235 2.936492458882526 9.590141771399772 6.643988031720596 3.106721334086501 10.154815751962815 14.749872050456133 5.875278253376337 8.907488574603121 2.609375995534265 6.133992438662062 4.482258907972778 5.5743952979025835 6.838569313467815 5.398698442287127 6.456197215224506 3.1042913304574995 3.7580666771708593 5.0558203186919854 3.1838815472867736 1.324330640202902
0.16717265765885259 0.20778191544422953 0.4046278173889277 0.2223342214964532 0.1562227231365796 0.37503929077263365 0.19664937334471233 0.3540020382233706 0.3460645128957367 0.3139697323966857 0.15346121929496803 0.11518998972894678 0.5681761557884784 0.18129089955778 0.21332177123349538 0.462190102672821 0.6043799150422728 0.19273538919003386 0.36296926583554523 0.08779849073448531 0.3772695421004073 0.2793983367630517 0.29083909588757706 0.40585987369343 0.6925736132000111 0.4161277491484725 0.43106546439912563 0.5774926678518568 0.22444373845655718 0.19670720048350177
1e-08 1e-08 1e-08 1e-08 1e-08 1e-08 1e-08 1e-08 1e-08 1e-08 1e-08 1e-08 1e-08 1e-08 1e-08 1e-08 1e-08 1e-08 1e-08 1e-08 1e-08 1e-08 1e-08 1e-08 1e-08 1e-08 1e-08 1e-08 1e-08 1e-08
171105.0 175174.0 180431.0 178128.0 175999.0 175874.0 175349.0 178691.0 178013.0 179373.0 174530.0 172908.0 184403.0 169867.0 177714.0 174218.0 176124.0 176557.0 173637.0 172634.0 174400.0 176749.0 175599.0 174764.0 178889.0 176749.0 176845.0 177438.0 171654.0 172354.0
