997.9646031808647 1830.6578020694205 1400.945398286408 1730.6700926879348 1710.9245052684673 2344.9637354898105 2322.104667940628 1341.5226186166424 801.4129250881078 1007.8786417779638 1043.8626012140194 1814.472499412902 1384.3621699119312 1223.6531224864602 1726.0366419124275 1553.9298085201426 1096.6309314050231 758.8206455157515 1486.1884845337408 1957.3645353492248 1266.7003590217746 923.3753417797129 1167.1019097443223 1606.676914139768 1547.503232376529 656.1486874941411 981.709489278046 1879.1114251748022 1157.7827110565613 488.13131546131626
997.9646031808647 731.4105423155188 1400.945398286408 1188.2310299290148 1113.2273754446942 844.7143476424262 947.1585718595588 462.89475428412834 612.4481333735043 1007.8786417779638 1043.8626012140194 1351.3757562535998 1118.72382611774 1223.6531224864602 1232.708808128501 965.2854277849956 776.1563767896678 610.1448326421009 1486.1884845337408 1957.3645353492248 1023.1197839365418 923.3753417797129 1111.444431421562 1503.4175034663576 1547.503232376529 656.1486874941411 889.0716736976542 1118.9696658184594 1157.7827110565613 488.13131546131626
676.035309937547 721.32691042638 743.5179353760532 714.5508788047105 536.3568289037439 436.9782438688858 947.1585718595588 462.89475428412834 603.3377900774785 795.2980284193427 589.4345867571956 765.8094364127569 488.1542403402782 1223.6531224864602 1150.5759545613018 965.2854277849956 776.1563767896678 610.1448326421009 1400.778493964534 1392.5789378766458 651.2955512797535 923.3753417797129 1111.444431421562 1212.5109693553513 1186.8475432592822 656.1486874941411 453.85913332674954 1118.9696658184594 1076.702118853772 488.13131546131626
676.035309937547 389.6818660433737 743.5179353760532 592.0942077625946 536.3568289037439 436.9782438688858 947.1585718595588 411.6731514055482 561.8275816899213 691.2962013785918 524.7308129345447 765.8094364127569 488.1542403402782 928.4470083308211 729.7852492001603 965.2854277849956 776.1563767896678 570.1067763935466 1400.778493964534 1016.3217862553988 651.2955512797535 923.3753417797129 1111.444431421562 571.0856234031253 698.0018977134869 604.4078742388633 399.84290151723326 1118.9696658184594 1076.702118853772 488.13131546131626
624.752597515384 324.44427299050085 546.0079985483017 288.17513256374014 536.3568289037439 436.9782438688858 947.1585718595588 376.17892088053713 438.7115412807625 691.2962013785918 524.7308129345447 692.4636826927508 488.1542403402782 928.4470083308211 663.745942481648 965.2854277849956 741.2629356348666 570.1067763935466 1400.778493964534 889.0729927854609 547.2917468837522 855.5580403335643 855.4350195949323 571.0856234031253 698.0018977134869 604.4078742388633 399.84290151723326 1118.9696658184594 434.068302644278 311.62133964362647
464.84931199505263 324.44427299050085 546.0079985483017 288.17513256374014 349.92833292600153 436.9782438688858 947.1585718595588 376.17892088053713 304.83649594965937 691.2962013785918 443.1217568429083 511.8663139922046 488.1542403402782 928.4470083308211 663.745942481648 909.8128168356902 567.7784739796457 364.7803762769363 1400.778493964534 889.0729927854609 547.2917468837522 855.5580403335643 695.5331432974649 302.19319965916975 698.0018977134869 604.4078742388633 399.84290151723326 1003.4508269462058 376.17063008426476 311.62133964362647
411.33557305473005 308.12211966925497 546.0079985483017 288.17513256374014 349.92833292600153 436.9782438688858 829.3545873254407 376.17892088053713 304.83649594965937 691.2962013785918 443.1217568429083 277.503575331732 488.1542403402782 928.4470083308211 357.58893816736963 909.8128168356902 448.10342414071147 364.7803762769363 1400.778493964534 889.0729927854609 547.2917468837522 855.5580403335643 420.4769384979845 302.19319965916975 698.0018977134869 604.4078742388633 399.84290151723326 668.4006089331097 282.08731364139476 311.62133964362647
410.5682282243265 308.12211966925497 546.0079985483017 244.1192386657799 265.7675595847968 436.9782438688858 827.7590297309389 376.17892088053713 233.05022552692344 575.8844362191871 443.1217568429083 277.503575331732 488.1542403402782 338.41781911632415 357.58893816736963 909.8128168356902 355.97679798374884 287.7402777545185 701.9333618954224 889.0729927854609 292.2304334192231 661.7330900998872 420.4769384979845 302.19319965916975 698.0018977134869 575.7273436425894 399.84290151723326 334.2491674534913 282.08731364139476 311.62133964362647
178.2202268398005 213.72516761309544 236.14924332863438 182.52469008322123 231.27316888610358 232.07661598471896 228.5026342789215 239.4392963661926 196.34869845872663 233.21371496998427 217.64325358725682 210.9769775806967 310.99952618579846 209.85204288442492 224.9175538075051 278.3520698151756 203.7769778402253 214.34954450270743 244.7332206328265 246.54377839126664 234.90682230519178 225.17086804974224 217.8906792373291 213.88832597715964 237.52843988145696 223.730079767166 225.90174749898188 233.8543644410338 201.61766190010485 222.0359304442045
169.7570675656616 168.71168174901095 191.48164368041444 162.20687332791113 175.46425014982196 192.8749473034145 206.39277195780505 171.95390340168387 166.67722600804564 193.3930878156566 172.5281116023889 178.95478069351884 174.66572406280875 173.6026153625885 163.58583157933936 206.73364777025836 157.46986697001284 164.54017951148398 199.97002439047128 187.19574012873727 176.42937323303477 176.62626340455563 181.91313008034103 185.20815616257505 179.58219245153123 188.49746792020824 186.27271708199441 179.10544756325135 163.72900886812295 172.568970530177
150.1271245895723 154.05540159802604 160.34357004193862 115.2489130075578 149.7805363952093 161.02184622990626 155.08328837217596 159.33740415334069 126.69565921980939 163.8700158790698 151.34724244843346 139.3914601445681 160.2787926858182 151.6241580677315 141.62118598946563 163.05688439563028 122.28630559573958 126.25847558845089 157.58730943273486 154.697807514111 133.36599757097792 147.64414792157413 155.95623130900958 154.59700627252596 154.5356539823556 150.64711536647792 153.20756161910003 146.15638256622015 151.16247218967965 108.13701451770476
82.1136500060984 73.9524686028899 110.31189372481776 42.84514402361174 78.33372409707499 95.12542430425765 103.29778151538903 80.09271458633475 41.29871601699915 90.47895220780902 59.58328616790095 89.7568207397585 105.91043628930856 97.25539606939947 76.32622606253062 145.57011951010645 37.800621321825474 72.79994637381878 137.57586559170886 76.84388419148854 87.89513142655778 100.89210301291178 91.43635227643017 82.45853831902332 98.00408188161146 74.03412290446886 114.6361568459115 74.2189069941146 56.68257589234008 68.22956208092228
25.87428583692372 30.22588964175793 28.409186528193004 13.41852424231729 37.25070552320949 47.333144497242756 36.948040006755036 30.302821081161255 21.877175482378334 33.074533635496664 24.502721879610363 32.625572637523874 44.13490634438858 26.677162277081607 20.362896970890688 53.39953597003159 11.64927593328639 21.116084567280723 31.79331049364555 41.308562433157476 34.47031515427534 32.384924049793426 32.99552821541147 25.817043543159343 34.561464709567645 24.11124450112584 28.447518357118952 26.539391930984493 25.071762925836083 29.19296740853406
1.8083964253510203 2.3890357134714577 2.7434554033293352 0.12104635320201851 1.5632682473260502 2.941928101913618 4.068447587259925 1.379733150262382 0.460088313187498 0.8316175271838802 0.8277323893707944 1.2747080193312286 5.089946947952285 1.2674598033045186 1.794133607094409 3.9957860828253615 0.058959495938324835 0.40376302700087763 3.693053265576509 2.7245861670930935 1.4614411870943513 0.4850136764416675 2.612002139235301 1.0503850258255625 2.059899151967329 1.2442576904854832 1.2041408754362237 1.2527061799528383 0.27057530635602234 0.7120413416846532
1.0520667274249718e-05 1.8095890027325368e-05 2.894097497119219e-05 7.244748303492088e-07 7.849930170777952e-06 2.2232938135857694e-05 3.9657694742345484e-05 6.700119683955563e-06 1.2359587344690226e-06 9.324664006271632e-06 3.2549151001148857e-06 8.320841516251676e-06 6.231596898942371e-05 9.200952263199724e-06 1.5262649867509026e-05 1.2964969755557831e-05 3.123359419987537e-07 4.015605099993991e-06 2.7020634661312215e-05 2.0473486529226648e-05 1.8305029243492754e-05 2.328524260519771e-06 1.1128188816655893e-05 9.257667898054933e-06 6.016491079208208e-05 8.652838914713357e-06 6.432009286072571e-06 6.782722266507335e-06 1.923117451951839e-06 1.5848837847443065e-05
1e-08 1e-08 1e-08 1e-08 1e-08 1e-08 1e-08 1e-08 1e-08 1e-08 1e-08 1e-08 1e-08 1e-08 1e-08 1e-08 1e-08 1e-08 1e-08 1e-08 1e-08 1e-08 1e-08 1e-08 1e-08 1e-08 1e-08 1e-08 1e-08 1e-08
144482.0 147042.0 146592.0 139576.0 144167.0 145878.0 147192.0 144061.0 138892.0 144846.0 141914.0 144482.0 149013.0 146592.0 146337.0 144742.0 136737.0 142619.0 146892.0 145054.0 145054.0 141474.0 144742.0 143159.0 148965.0 145158.0 143690.0 143372.0 140924.0 146642.0
