1134728895.1550095 713879164.3470758 187389802.0299443 130680242.42916666 174967798.27495974 922024185.6832613 669417047.3707634 802963486.1145304 117549109.57927708 650338924.229415 682021244.7508702 880568665.5869308 458688977.09251344 403325895.546534 141282221.9145185 430165865.76973605 177436737.71408552 742375835.6308188 74908678.26197185 105758451.00768098 639939710.7554814 359909291.9249674 1907678290.4851046 158615512.64135194 616886159.9099616 1068439436.1845145 805889848.7545874 145960576.13123396 618877050.5944166 159421369.0730227
372022042.34355426 713879164.3470758 187389802.0299443 102192219.91941361 174967798.27495974 470787697.4740089 669417047.3707634 802963486.1145304 117549109.57927708 650338924.229415 445222216.3056696 459508791.44805145 458688977.09251344 386746683.2977212 141282221.9145185 416867661.6660271 177436737.71408552 315068499.83805627 74908678.26197185 105758451.00768098 639939710.7554814 228478388.82481128 326641355.4193525 158615512.64135194 616886159.9099616 318412329.69802916 423914935.2354701 25250664.456272338 559679099.7027141 159421369.0730227
372022042.34355426 517629376.5340719 187389802.0299443 102192219.91941361 174967798.27495974 470787697.4740089 141427250.8242354 523321582.2679547 117549109.57927708 650338924.229415 195526555.67301437 459508791.44805145 291808063.43499476 124821553.434205 141282221.9145185 29622556.499769535 177436737.71408552 315068499.83805627 74908678.26197185 27278998.894019917 87487803.73353812 59366117.104802504 326641355.4193525 158615512.64135194 616886159.9099616 217663637.20218265 187906050.18964612 25250664.456272338 49952541.125106245 159421369.0730227
233722444.07886046 264237013.6913397 187389802.0299443 102192219.91941361 174967798.27495974 205438699.91408318 141427250.8242354 44113383.02760689 117549109.57927708 138498024.5033555 98317959.58965375 227123073.92064032 291808063.43499476 99906991.56524207 141282221.9145185 29622556.499769535 177436737.71408552 315068499.83805627 74908678.26197185 27278998.894019917 87487803.73353812 49182486.128407024 326641355.4193525 158615512.64135194 240993072.3091221 109958751.06684065 187906050.18964612 25250664.456272338 21442964.19203066 159421369.0730227
135334081.31437972 264237013.6913397 187389802.0299443 102192219.91941361 172204490.27182582 205438699.91408318 141427250.8242354 29078483.16725342 117549109.57927708 138498024.5033555 68656396.48797448 227123073.92064032 208704008.71020645 14324263.134005863 141282221.9145185 29622556.499769535 177436737.71408552 34359495.60000976 74908678.26197185 27278998.894019917 87487803.73353812 37384657.97156985 326641355.4193525 158615512.64135194 240993072.3091221 109958751.06684065 187906050.18964612 25250664.456272338 15563209.780864203 112803720.05804054
135334081.31437972 264237013.6913397 165724191.01579157 59040749.3249257 172204490.27182582 194235877.15720567 82303878.90846576 29078483.16725342 11231609.307365978 138498024.5033555 68656396.48797448 225256492.4757111 208704008.71020645 14324263.134005863 141282221.9145185 26153775.228021298 86107300.85613349 34359495.60000976 74908678.26197185 27278998.894019917 22784072.734985363 37384657.97156985 202409413.36382863 158615512.64135194 240993072.3091221 109958751.06684065 183304211.06652817 22475950.073093705 15563209.780864203 112803720.05804054
56780883.20891063 156084222.2529011 71460449.52802981 14359716.104238288 172204490.27182582 119077125.79944123 17720724.449217033 29078483.16725342 11231609.307365978 122564450.04531918 68656396.48797448 86005259.61181894 33488329.78447811 14324263.134005863 141282221.9145185 26153775.228021298 77311107.45618303 34359495.60000976 74908678.26197185 27278998.894019917 22784072.734985363 37384657.97156985 202409413.36382863 158615512.64135194 130479621.27602986 109958751.06684065 42207015.586602226 22475950.073093705 15563209.780864203 112803720.05804054
56780883.20891063 96538984.79107156 71460449.52802981 14359716.104238288 172204490.27182582 11198732.990939049 17720724.449217033 4596890.072879363 11231609.307365978 72467911.22212757 13503209.011594554 75595621.5336502 33488329.78447811 14324263.134005863 58497167.199649245 26153775.228021298 44765039.78834612 34359495.60000976 74908678.26197185 27278998.894019917 22784072.734985363 37384657.97156985 111044965.72112386 35853162.11011646 130479621.27602986 87307370.8391505 42207015.586602226 22475945.629881937 15563209.780864203 112803720.05804054
11977542.93137687 40772665.70650702 29034713.950992018 11538562.328370402 1322873.9180367014 9749568.067366943 17212713.663194798 4596863.812586366 5656270.9478290845 720802.7808470841 13503209.011594554 10740776.015349638 6239896.041726345 7688889.035081892 2684059.938650051 9543022.323008912 5692585.724133632 1266351.7176260871 12457593.223207429 4629415.867958997 14125235.01893956 18509788.71629196 15983917.46314229 20843551.955689814 8671987.072149444 26391404.16881725 19864815.91487833 463752.5103399193 7673977.621599086 13447542.702449327
1428140.0658324712 2854822.0589345065 1610931.4665895049 227239.73467453767 313124.4148209059 3348723.5220533437 256555.26262123047 1542523.8607166165 1954165.8773473236 720802.7808470841 1126054.4841373407 1310060.0056794635 348279.92004214897 1900356.4703360775 673744.832172871 237862.50508706694 2365430.062112141 277994.32440139237 2435864.26466062 959396.9450385285 2635299.776507306 1104496.9710438598 1581985.3656974344 3017526.2423924133 1178963.504297707 2120689.2863883623 914843.8409513404 255971.70381957432 512979.5563067265 4603493.875276082
57102.120811156026 128479.63552823509 262023.71082331229 121852.92116985125 186336.432440366 392240.24716312723 115162.63469666088 130565.6302844655 203808.10612341051 34955.06029797406 129217.95566188595 617103.537978473 166352.2442161502 67046.14092869501 289422.01361668407 22122.457607832243 360170.362561688 166761.8279590667 754920.175474913 120728.09595167934 42249.831069483385 298572.7901077236 293095.75551526895 324334.5546335326 85347.49406766452 195432.39635469147 95405.94959920882 108728.03054676752 177336.80890609772 118814.62148574513
22749.108657315217 35710.29385141493 88754.8936164964 120612.77671941568 35873.661007405106 75858.46368179489 115110.01538279392 4148.71735537336 21328.84223951273 11279.98994374002 80836.34726149036 76587.47508554503 29235.52767406755 39714.7483709271 41474.25234461923 7723.720690426533 7287.557905073954 29684.66410995389 30884.54115144059 47890.684734243456 42193.054991725156 74538.55075474849 66469.54302298218 72782.04555874913 56573.11394162849 21999.106908461214 20589.44721259274 22101.37952252784 89477.0322239536 44480.00249192254
22739.643464024262 7043.851900672373 33154.2106774968 8678.184645614401 9586.64974993576 9627.424544844314 8249.297243530566 2215.5783179753257 8909.009761033769 11223.459198165543 31979.40944991682 30395.12508709723 5371.159723783928 6105.932820296155 1932.5682217437716 6524.098822227246 6533.334769336059 14075.628914361478 3055.7937049704697 7757.405520867229 19384.93938058615 43999.190094498874 23658.9250670012 51044.70926910778 20173.177946341308 14076.96967036413 12469.948184335784 2979.5221969617096 21978.819803011665 11877.4933610654
12493.600668969586 7028.772621095934 3261.4125719362037 4971.156391082466 5397.34684660763 5268.909887135215 4215.315078804257 2197.6543087233927 2975.1346483183597 333.45534449158686 1817.7057357465765 3325.7610979744222 3326.4633211417913 6089.43114256324 1913.9228018931262 5222.729995735815 6498.831987710579 2272.5539251874716 3018.770773686513 7361.454708811594 3666.0194912290663 5105.017978039297 5272.585184777851 4006.565833303638 2487.5517198154475 3050.364615265018 5000.915212476115 2110.8846900010662 3869.081680738347 878.1424092998591
744.7298162035054 491.03718571890977 930.2099778497404 831.2911318767492 1267.2718188939402 849.3913561462609 904.7874253009513 532.4147313314907 371.83015582132884 328.5769520338158 655.9474779069787 195.25156684003878 2105.7901687063545 1023.9136468976981 657.9904191883033 1159.2432650486971 1384.6441137460533 636.7866912495278 592.8513628241376 1078.3101785211757 3037.9993182472363 1045.1639710292402 722.9443208878824 575.8649507245582 984.2234839531266 929.8858084119884 1143.8945123495578 1162.370348251652 2311.5523752786958 773.4922544394944
3.732365058545838 0.32693273702216175 1.5246283782537375 0.7659224501153403 7.523234474100036 4.139675174482591 0.5147369283254193 0.6468415728095351 0.2674965216090186 0.13505707279819035 0.48399550719636864 1.5206368236176786 1.4482993153103507 11.511463346169421 8.774836219276494 0.244345942805694 0.35421524953926564 0.7332349517344028 4.4630579846871115 0.6942029379997621 0.6729915201883614 1.9174998942532966 0.3264631975998782 0.5224573179684739 4.271334403219271 1.7884498978996817 5.7188017707449035 3.277941101620627 0.46909792431483766 1.343046220025144
200000.0 200000.0 200000.0 200000.0 200000.0 200000.0 200000.0 200000.0 200000.0 200000.0 200000.0 200000.0 200000.0 200000.0 200000.0 200000.0 200000.0 200000.0 200000.0 200000.0 200000.0 200000.0 200000.0 200000.0 200000.0 200000.0 200000.0 200000.0 200000.0 200000.0
