127.4640254099819 104.32849888123815 116.47694497916541 109.88048699670867 111.90671409840115 136.2575850628309 94.34220197130765 106.2180505433538 82.98736969044944 116.86449257959316 105.66045538381161 100.96232947249814 106.97719647142378 117.1927810667994 115.17650185312846 111.31396780557475 98.52934453467265 102.64628361790813 97.85027418933578 92.39154012400786 105.54473806617307 116.98491105716255 102.46529417090437 112.4983794971779 111.54827440994256 111.00844594425598 116.78482685676295 93.94885925224935 115.89037504438454 104.94608315528251
116.22475343494818 104.32849888123815 107.16785434475355 109.88048699670867 109.60294229081842 127.61822511449532 94.34220197130765 89.66832217300237 82.98736969044944 92.85852305987123 105.66045538381161 81.34763416716248 106.97719647142378 117.1927810667994 99.38579517759331 107.25093104934854 84.00071825646216 98.47745825015215 89.99468447254526 87.25476859481228 89.33968002159145 113.2008712042948 101.36947866112064 102.36649263727361 111.54827440994256 100.38421824522402 113.25228479653174 93.94885925224935 101.3095910394743 83.52357613030779
116.22475343494818 104.32849888123815 96.13538321932901 109.88048699670867 103.08211256980701 127.61822511449532 94.34220197130765 89.66832217300237 79.670207921567 92.85852305987123 92.17754575558456 81.34763416716248 88.72353079442348 115.32514929956233 96.20455096524734 100.45199544988759 84.00071825646216 86.51582382566698 89.99468447254526 81.01693098594956 89.33968002159145 82.1914977766146 100.99923150293102 102.36649263727361 108.39024285307084 92.46734240124363 113.25228479653174 90.65106633972766 81.33183244638712 83.52357613030779
82.62428666282153 104.32849888123815 96.13538321932901 109.88048699670867 103.08211256980701 105.93078349261748 94.34220197130765 89.66832217300237 79.670207921567 92.85852305987123 92.17754575558456 81.34763416716248 88.72353079442348 115.32514929956233 82.43263766141865 100.45199544988759 84.00071825646216 86.51582382566698 89.99468447254526 72.39325848675219 89.33968002159145 82.1914977766146 96.0027847286849 69.85728742535355 83.30428618779592 92.36257889268029 75.46348504736397 90.65106633972766 71.14483311013532 78.12570804852623
82.62428666282153 96.42502354048008 87.97801242055368 109.88048699670867 103.08211256980701 82.78055190231396 94.34220197130765 89.66832217300237 79.670207921567 85.52051109012905 92.17754575558456 71.87626130106923 85.18332436651406 115.32514929956233 60.37171222793995 86.79649565690931 84.00071825646216 86.51582382566698 89.99468447254526 48.865615710824386 89.33968002159145 82.1914977766146 96.0027847286849 69.85728742535355 83.30428618779592 78.85584834463737 75.46348504736397 86.40565598458284 71.14483311013532 74.71316416213028
80.05146851289896 96.42502354048008 87.97801242055368 109.88048699670867 78.09960667923531 82.78055190231396 94.34220197130765 89.66832217300237 79.670207921567 85.52051109012905 83.3343809991693 71.87626130106923 79.59503712319474 115.32514929956233 60.37171222793995 86.79649565690931 82.96387932933192 86.51582382566698 89.99468447254526 48.865615710824386 89.33968002159145 82.1914977766146 93.87949418667108 69.85728742535355 83.30428618779592 60.619782667327854 75.46348504736397 66.00938305528598 71.14483311013532 63.56348334098027
80.05146851289896 96.42502354048008 87.97801242055368 100.78150239990384 78.09960667923531 82.78055190231396 92.99699345186843 78.00288445103752 79.670207921567 85.52051109012905 83.3343809991693 71.87626130106923 79.59503712319474 114.44634051857133 60.37171222793995 86.79649565690931 73.19943835439233 86.51582382566698 73.86904412427293 48.865615710824386 89.33968002159145 82.1914977766146 93.87949418667108 69.85728742535355 83.30428618779592 60.619782667327854 75.46348504736397 66.00938305528598 71.14483311013532 63.56348334098027
80.05146851289896 96.42502354048008 87.97801242055368 100.78150239990384 76.28663464880708 60.389855389013405 92.99699345186843 78.00288445103752 79.670207921567 85.52051109012905 83.3343809991693 71.87626130106923 79.59503712319474 114.44634051857133 60.37171222793995 78.88548231481934 73.19943835439233 78.55571462508101 67.73474082082384 48.865615710824386 89.33968002159145 81.7511190476298 84.93230329151334 69.85728742535355 70.05048456585928 60.619782667327854 75.46348504736397 66.00938305528598 69.35885573059977 63.56348334098027
62.26590107228276 83.83720300378855 69.93169482607152 71.92074900990076 64.33189405999678 53.09730296093551 69.20116619431712 51.03153852965124 55.67869577189731 53.034764597012554 60.02090118675244 54.74213539467905 48.75774303778087 58.80539981587026 49.12871754167577 74.70449629756445 58.93691517213733 66.16778714548605 56.00341917998276 46.12743388828187 58.49903816958272 56.94560368436555 59.25362373710391 54.32986604527218 61.22765912801492 58.06844647160983 69.6730343742056 58.521523442281136 54.92713186270987 47.02553940205257
37.10335734973148 43.524623525210245 32.220210411201606 39.334887366706084 41.79726876634163 35.242761059627924 24.143325397244098 31.32903680711695 33.33101455255735 30.980031677677516 33.2004702945502 34.728806495071694 36.30455616805148 32.46669357092708 24.68635453997058 38.061268950495105 37.21506784181361 32.29527888851112 32.123068548138235 30.030668343820025 26.233515968956794 35.71808024784457 42.37827777420989 34.3205610490611 36.66432751051491 31.16295418469815 36.73904333829887 30.878809938003542 35.129388069863694 29.081337227145355
16.30030196494738 25.73803468899564 17.469879623523184 21.80504804410782 21.446606890072985 16.87873623797168 18.37428622375444 19.626547234269196 15.72931935757947 19.993384160085384 20.45585450161343 19.61490713744581 18.14068204502678 16.01380452757428 18.24275711506948 19.35952608161881 19.251525258681568 20.476194352448033 18.92952750855659 16.663759489589665 15.634013523893486 20.56552653743188 19.75252544753789 18.148303511634367 17.409305619499037 19.250676548915294 23.794777071168255 14.753747674404735 21.97912167410709 18.23263703205248
9.471548814278094 10.641075325208021 8.034035985913192 9.277369516288445 10.362109873255577 8.31331834913567 7.969868903392467 8.737856650963636 8.843472388302189 9.760931825759144 8.319351284608501 11.258690057235754 8.816672854450871 5.84737570879156 8.317918596516506 8.480235244451933 9.262251415184323 9.531343075653126 6.889410168212862 7.35597771108462 7.380957786572594 9.80384416221193 7.814991072557632 8.28772152315969 10.526072345770558 8.070881872842278 11.456728268105053 9.05128845069396 8.37073763856938 8.922898211370466
2.048717515120302 2.611074375874523 2.1805520008101666 1.593574885228918 2.9282972973874166 2.86158894680932 2.514396147702996 2.7466944377373466 3.027711267877521 2.2668754683317047 2.386545246819651 2.784253337678365 2.4656837874866824 2.1162693472758747 2.4476971376097936 2.7956984930842737 2.5942737038724317 2.8277947024105288 2.2356293694906526 2.0748193476936194 2.0826485292471943 2.0547056665433274 2.553576695317247 2.4141948074856145 2.9972883106512427 2.0444149451654994 3.0669689642943467 2.360160256080121 2.506219650320645 3.4250274793208746
0.158699100424883 0.2882996819703294 0.1767282857556438 0.17757059233395012 0.29850463092827795 0.19614352408109426 0.19377371338077864 0.22050312448459408 0.22338305763605604 0.18866072089588215 0.19847236914688438 0.20095315028629557 0.2099792542396699 0.15034884308317942 0.15847277958721406 0.21049691588291353 0.26038253403612543 0.18835337436041755 0.13084475497169024 0.1629876467034137 0.17596853595284756 0.2028310812493146 0.21741802323265347 0.14144438764958522 0.2522504491029167 0.19991436951124797 0.21988019755235655 0.2432179713196092 0.16187465440646065 0.22901649170648852
0.0003568795256114754 0.00035304704078953364 0.00014757235533124913 0.00022037996768631274 0.0004790355021668802 0.0003718460253594458 0.00025459931396198954 0.0003651649257108147 0.0004663604161123658 0.0002822519425080827 0.0003001144146992374 0.0002734610288825934 0.00038081562377101363 0.00019158508632699522 0.00022751009646526654 0.00032537232948470773 0.000570109442037392 0.00021811560282003484 0.00014955670633298723 0.00015601279176280514 0.0003340291964377684 0.00023022783170745242 0.00019817309737391042 0.0003615121480606831 0.00035153486692252045 0.0002918545123975491 0.0003558701105248474 0.0002396706003082727 0.00018486155204300303 0.00033697767219109664
1e-08 1e-08 1e-08 1e-08 1e-08 1e-08 1e-08 1e-08 1e-08 1e-08 1e-08 1e-08 1e-08 1e-08 1e-08 1e-08 1e-08 1e-08 1e-08 1e-08 1e-08 1e-08 1e-08 1e-08 1e-08 1e-08 1e-08 1e-08 1e-08 1e-08
733862.0 733176.0 711270.0 727301.0 736891.0 731493.0 729604.0 730204.0 741710.0 723042.0 731889.0 730503.0 735038.0 720478.0 719654.0 725180.0 742565.0 728704.0 715491.0 718931.0 723144.0 722838.0 717891.0 737764.0 739791.0 733274.0 727503.0 730304.0 715176.0 738831.0
