271.01980569501893 282.86259538521426 275.3668539857699 279.9155329456946 285.84950893117957 305.41537093107263 286.5849628922649 254.99563819433774 272.9940000922952 248.10865912668555 293.4968429354235 241.76693872787723 219.4074673627823 258.2190703331894 278.21531565207033 236.3001250157522 281.5467111802559 280.6408256020716 308.22014356818295 291.9860634796064 237.8643903754437 278.23614147891703 291.2964163574725 243.7519925763254 283.82370146044786 284.0874156640464 260.71885959262454 254.3873516528306 292.0392851962556 260.0346313434452
260.20334867056226 282.86259538521426 219.70677727283032 279.9155329456946 218.47554983858026 256.4446359042711 269.63422155332455 254.99563819433774 270.9278998950722 216.45679969642526 268.632899071506 241.76693872787723 219.4074673627823 223.75916501972824 269.8927099737184 236.3001250157522 216.06386946846794 280.6408256020716 292.7553558876614 277.50079630787104 237.8643903754437 245.77450865529954 193.14330395785407 237.3731165822544 262.70027521430234 202.68418863729403 260.71885959262454 254.3873516528306 292.0392851962556 259.846696941177
260.20334867056226 282.86259538521426 219.70677727283032 279.9155329456946 218.47554983858026 256.4446359042711 264.6626761585069 254.99563819433774 242.56616587230383 216.45679969642526 246.1761608289039 241.76693872787723 219.4074673627823 223.75916501972824 269.8927099737184 236.3001250157522 216.06386946846794 280.6408256020716 231.19388379077645 277.50079630787104 237.8643903754437 235.39524814436822 193.14330395785407 237.3731165822544 262.70027521430234 202.68418863729403 220.20599800944024 254.3873516528306 244.38982965007995 253.9338200036941
230.64910785048232 282.86259538521426 219.70677727283032 279.9155329456946 208.44772011520467 256.4446359042711 264.6626761585069 245.21472591792258 233.5827532890214 201.2764667964277 231.71183241642734 241.76693872787723 219.4074673627823 223.75916501972824 267.8547095581471 236.3001250157522 216.06386946846794 280.6408256020716 231.19388379077645 267.21269886527693 226.91524872680156 235.39524814436822 193.14330395785407 237.3731165822544 245.38386621430777 202.68418863729403 198.38415761317583 254.3873516528306 224.63834817395718 216.38372463909445
230.64910785048232 282.86259538521426 219.70677727283032 279.9155329456946 208.44772011520467 196.06557625503308 264.6626761585069 244.44407767567805 201.51200019416194 201.2764667964277 231.71183241642734 241.76693872787723 219.4074673627823 223.75916501972824 243.31223793172717 236.3001250157522 207.86000537176471 280.6408256020716 231.19388379077645 181.800684654208 226.91524872680156 223.809898148113 193.14330395785407 237.3731165822544 234.49338637466008 202.68418863729403 198.38415761317583 254.3873516528306 224.63834817395718 203.02070082085652
230.64910785048232 249.87557397162618 219.70677727283032 251.2207057976284 208.44772011520467 196.06557625503308 264.6626761585069 244.44407767567805 201.51200019416194 201.2764667964277 231.71183241642734 241.76693872787723 219.4074673627823 213.4519906794668 237.18224583495726 236.3001250157522 204.64423702401064 280.6408256020716 231.19388379077645 181.800684654208 226.91524872680156 223.809898148113 193.14330395785407 237.3731165822544 214.46708701487273 202.68418863729403 198.38415761317583 254.3873516528306 224.63834817395718 203.02070082085652
230.64910785048232 249.87557397162618 219.70677727283032 242.32485819202566 208.44772011520467 196.06557625503308 238.2011242030935 210.66180354576488 201.51200019416194 201.2764667964277 231.71183241642734 241.76693872787723 219.4074673627823 199.18112524888932 224.6151148053932 236.3001250157522 204.64423702401064 280.6408256020716 231.19388379077645 181.800684654208 226.91524872680156 186.87885110787897 193.14330395785407 237.3731165822544 214.46708701487273 201.83118414457692 193.50787927812235 254.3873516528306 224.63834817395718 203.02070082085652
230.64910785048232 221.49030042198888 211.4538116650465 242.32485819202566 182.35686230337808 196.06557625503308 232.7221609903554 210.66180354576488 201.51200019416194 201.2764667964277 176.21402794687253 208.93591240939486 219.4074673627823 199.18112524888932 195.87716857359987 236.3001250157522 198.09410323781094 280.6408256020716 231.19388379077645 181.800684654208 226.91524872680156 186.87885110787897 193.14330395785407 237.3731165822544 214.46708701487273 201.83118414457692 193.50787927812235 254.3873516528306 224.63834817395718 203.02070082085652
214.16403961728292 221.49030042198888 178.26263774717995 179.8818355051194 179.7958893301045 196.06557625503308 162.75350801391778 174.0606096430995 201.51200019416194 182.8105721158696 176.21402794687253 194.03536865916772 199.78977336081675 166.78718892858194 180.73820741804298 211.2578610333528 193.8887874788653 220.81289744836533 163.48361971574434 181.800684654208 195.97088532322687 186.87885110787897 193.14330395785407 221.1872450443592 196.19935633738828 166.94753239954946 164.09384403962372 212.2017518537882 179.49070762488816 196.68561343747774
166.15551651958344 173.57724645514804 153.3482453959407 156.79419779347393 157.70108805972222 152.71644949029496 162.75350801391778 163.31123359495734 161.1813047959779 145.57330206595395 158.31661310410493 161.1746991767625 157.96357434841275 160.83964284452304 164.9234643143359 195.2064407532431 147.86294737394041 180.11768377718056 148.97174146364398 164.20004941676257 164.3741449052668 153.93381266571873 169.4132209161561 170.38371560221094 150.82953653253253 162.69634001858037 141.4570745848074 167.97241553775154 168.6227885908031 163.1872579221482
141.38702302191336 158.58255962987153 146.72279242806712 148.74304615146104 144.37277073310736 136.6057804535286 141.2628618559719 142.22941943782257 130.99697679929977 142.19395237932804 135.63309154737397 151.80674223808774 136.4038999380656 145.93253330853418 135.75592154490926 159.55211917621455 140.5766663137457 151.85338406642177 133.91996359308678 146.93827895665424 158.0580348024896 147.1516440558405 159.88670047367486 157.12043007071634 138.40374217724843 130.2722253621771 125.35678302366614 140.94428503993367 134.25362804797555 129.51291368547504
126.12818278100701 134.2718354968041 132.30870451062492 126.94933690338053 122.9407898174602 126.63011304696397 115.0987165911688 133.0522573377532 120.02699952771377 120.19537473075616 129.32045250699684 122.90508853196934 125.771955484116 132.82582716523257 114.96748417128924 141.25455779760932 118.3745994180515 137.55931957727057 127.79011076197435 129.33209563000503 142.03899250208133 107.93053798279584 136.903678489958 133.61308005224805 131.2371305607444 111.35022785997035 109.33801313559627 127.83225999996671 118.10414147594247 121.68607211750316
102.37498782121838 119.56518390978749 109.86640400205272 108.7710027107405 106.89361945472967 100.59813961727093 108.53653093261323 100.9866068254687 94.06185097352682 97.75100039331824 113.21577666139365 101.43946547120083 104.9089576882277 100.85291580556941 109.7207193109108 117.57823398495793 95.95651148496097 118.36682145376437 85.72974047335151 116.63748408058586 102.54682604851689 101.80455979664305 110.01405332115598 119.16146328485922 111.73469968095173 95.49877564066765 93.38949797442251 118.47032252739291 99.88340021906868 115.3069696609524
67.93072368223511 68.66038048734515 87.22876602544761 88.44716251422824 87.81262108093563 67.8504674995686 82.40101650296299 89.75333500586214 86.68556360239177 87.66963962291823 91.50462519604866 85.84984995722186 94.8234147282783 74.17615080340533 77.79074256832712 95.28527605256 84.9137601910644 97.4775603905357 79.7474896332476 88.77066516618925 90.81774176137446 76.46702223517025 87.5672619040306 90.16307804077712 85.97336733390159 82.18165714132874 60.49830164987554 83.49344160291173 82.44646394748293 77.91261264858906
40.667876021719394 45.86218988055509 47.07427405723729 30.213100056853023 46.41096504682423 43.95378281522903 48.50880291955298 45.53084195317797 35.926519823183526 47.014818272294974 38.89025804044002 45.18055978994698 43.047384634235186 43.037184152216014 46.361441562966206 57.197865084525574 46.656663805843436 37.616027889589986 40.67911262393636 47.969804011455835 50.3538595102782 39.01234719154809 50.72033107170898 54.925305029494666 35.00323773247146 49.507530526477126 37.967474258999914 48.89011123055741 43.06814187147165 37.951769286025865
29.982778317697353 24.902093730909314 30.881211415585994 17.94158110662306 26.886805932904736 25.945757982718533 28.90671470963514 30.857560694920267 23.920602003367776 32.87345879348925 27.898906775264095 26.880310221025866 30.895989381447066 29.859486164093823 25.89668695904288 32.85137152581899 22.90744602078246 24.92478743993638 25.904047899500256 24.949420617204055 26.879897083878404 29.88847291461559 32.07196727595692 36.6732883755119 15.965470207984595 27.879690510766977 25.941705032479376 30.101985797730777 21.93317984794203 19.930346566823573
1000000.0 1000000.0 1000000.0 1000000.0 1000000.0 1000000.0 1000000.0 1000000.0 1000000.0 1000000.0 1000000.0 1000000.0 1000000.0 1000000.0 1000000.0 1000000.0 1000000.0 1000000.0 1000000.0 1000000.0 1000000.0 1000000.0 1000000.0 1000000.0 1000000.0 1000000.0 1000000.0 1000000.0 1000000.0 1000000.0
