648.3488701839847 686.4533031971241 546.9510303649813 784.9400176495569 463.0006177849664 599.6032578665126 504.8537386262765 499.6064089657507 529.1616025714484 600.2520734830414 388.03680721229784 710.7972675164638 541.3742625598907 575.7026008436269 727.8969608931934 748.0512143084848 721.0711437832647 578.2451947297268 553.0857582295866 514.9727652810802 861.0379149571218 620.2350083959427 559.6784222585402 673.2400181217558 642.2253391430395 480.4506543168559 507.91223870113345 623.1800746656654 539.039147038312 570.0748309682422
648.3488701839847 683.6998516815124 546.9510303649813 463.58029597984114 463.0006177849664 542.078842724396 401.18131975662936 499.6064089657507 529.1616025714484 600.2520734830414 388.03680721229784 642.50546536601 436.7140448773166 539.9764849472613 727.8969608931934 489.52628646730045 721.0711437832647 560.0987163540399 553.0857582295866 414.58665756387927 443.0504261829283 574.2022621101564 559.6784222585402 673.2400181217558 590.3923584775112 480.4506543168559 507.91223870113345 495.79916830468756 539.039147038312 570.0748309682422
648.3488701839847 526.3414667614784 546.9510303649813 463.58029597984114 431.2187538993994 542.078842724396 401.18131975662936 499.6064089657507 518.7333310280078 467.71808391248305 388.03680721229784 604.9947022488041 436.7140448773166 539.9764849472613 535.8990745900373 489.52628646730045 716.5416863517735 527.9627411307047 411.2567053380908 414.58665756387927 428.95638346811165 574.2022621101564 559.6784222585402 673.2400181217558 590.3923584775112 439.37879315280543 507.91223870113345 471.74788662172205 539.039147038312 570.0748309682422
641.0233182441079 488.17427597442247 546.9510303649813 463.58029597984114 431.2187538993994 542.078842724396 401.18131975662936 424.5786317691195 508.01927165100733 361.99187014616746 388.03680721229784 604.9947022488041 436.7140448773166 539.2563951058096 535.8990745900373 487.78557783516135 646.3964666973152 411.1341177267159 411.2567053380908 414.58665756387927 428.95638346811165 525.1548146384457 559.6784222585402 496.9660604282376 546.0659971224522 409.3542813639251 342.38927783674535 471.74788662172205 494.99033248074966 545.4035157361868
537.7618457612643 398.8356578964858 546.9510303649813 463.58029597984114 431.2187538993994 542.078842724396 401.18131975662936 424.5786317691195 508.01927165100733 361.99187014616746 388.03680721229784 483.7731714700262 436.7140448773166 476.5284251858957 523.3915717147747 487.78557783516135 646.3964666973152 411.1341177267159 411.2567053380908 414.58665756387927 428.95638346811165 411.5846930370276 559.6784222585402 496.9660604282376 464.22199473309956 409.3542813639251 342.38927783674535 444.8274904622149 394.5383347098568 545.4035157361868
537.7618457612643 398.8356578964858 393.1819469590373 463.58029597984114 431.2187538993994 542.078842724396 401.18131975662936 424.5786317691195 500.7335756152015 361.99187014616746 388.03680721229784 483.7731714700262 436.7140448773166 420.8496548508783 408.4177711115608 487.78557783516135 568.7686916431699 391.77251999639884 411.2567053380908 414.58665756387927 428.95638346811165 411.5846930370276 559.6784222585402 496.35607090422627 383.40165298650436 409.3542813639251 342.38927783674535 422.9636449425948 394.5383347098568 525.5769355492466
537.7618457612643 398.8356578964858 393.1819469590373 463.58029597984114 378.12563973656097 524.4328799713694 401.18131975662936 424.5786317691195 459.5764001661091 361.99187014616746 388.03680721229784 469.3654960820927 436.7140448773166 420.8496548508783 408.4177711115608 487.78557783516135 537.7314728076667 391.77251999639884 411.2567053380908 414.58665756387927 428.95638346811165 405.82679800775804 557.5856642816257 496.35607090422627 383.40165298650436 375.11903429768836 342.38927783674535 346.89133766283703 394.5383347098568 525.5769355492466
447.8694143595021 340.9899799458003 393.1819469590373 463.58029597984114 378.12563973656097 399.15298445463895 401.18131975662936 424.5786317691195 459.5764001661091 361.99187014616746 388.03680721229784 449.53113358851624 398.23386828479624 420.8496548508783 396.64405198460827 452.63836197774845 483.66499143768397 391.77251999639884 411.2567053380908 414.58665756387927 428.95638346811165 405.82679800775804 557.5856642816257 496.35607090422627 383.40165298650436 375.11903429768836 342.38927783674535 288.7870760658625 390.8184366431078 525.5769355492466
282.28823973483713 291.578397554455 307.2091194871218 274.42926778885885 292.0601688845013 278.96662676393544 282.8432514507149 267.32576988760366 285.58580948155713 254.8353806106693 268.09849812220455 311.90532991770124 365.3875299964852 326.88285547060013 269.8165861447178 284.64094333914227 328.14388049858917 316.7576435178121 375.849241630749 307.3253104161904 256.32167908385327 321.349310117143 315.60658523949087 272.23110106983677 280.35132699834776 255.4117255084975 275.2316328702964 288.7870760658625 301.5599026567552 285.88211640266536
242.80269758966506 241.6399341753413 239.22481344795233 235.23129994584633 238.70233225449238 235.6551948477445 238.03466525685417 239.50809689752214 236.71994496261823 244.07146817934927 234.08947926645715 238.34234415268656 246.7515129581975 236.94874119703172 237.15578687800826 233.4115781667042 247.58253969438647 244.02948853467842 253.7538393490504 248.0136986027601 237.1867725601105 240.67505605239467 236.35437302697846 231.3794037052926 237.33115930257964 234.21345488560473 231.242826770379 238.45829250969655 244.27309473237437 236.19094386903862
230.87082951089724 232.73891466185796 230.52890476327093 230.29133427672105 229.76915259791394 230.02188268405507 230.08192745876158 229.79778309483254 230.34075069681376 230.20560254933116 230.27338657193286 230.17886173816305 231.57816960479795 230.64310775615695 230.56688132462887 230.16610048422535 230.23419517435104 232.9577295111435 232.47328608169437 231.09889625510186 230.34744087193894 233.0908431220505 232.38342642931184 230.5892793106009 229.70130029829852 230.72445422961573 229.83122415871821 230.4706845256751 231.31825007842735 231.0596480955087
229.3271066865309 229.3897513377251 229.31697009197387 229.30376059170658 229.34098848083522 229.33750637356752 229.38377823541896 229.30959599559264 229.37952995701426 229.3876667991217 229.3058820832248 229.30153070438791 229.4035071268745 229.30460743337426 229.36035436920656 229.3157395607377 229.36766468352744 229.41014246470877 229.44377494138826 229.378921840334 229.4438340375923 229.43299751545555 229.3516705767738 229.52536825654215 229.31114637806195 229.3173017654808 229.38773398145668 229.3446369829071 229.3882567441874 229.35555726845405
229.28516408204905 229.28447518777875 229.28443398815898 229.28445932271006 229.28442750785007 229.28478963273847 229.28446860085296 229.28439707509278 229.2848370967754 229.28469360207328 229.28456532692826 229.2844201061098 229.28547366409703 229.28444672999785 229.2844186716443 229.2845505479927 229.28453852116627 229.2862046657965 229.2858244353738 229.28470249289194 229.28451499559696 229.28478976302222 229.2850018327872 229.28552582966722 229.28445887079806 229.2846337443052 229.28457828860428 229.28469707389195 229.2847100325248 229.2845151162387
229.28438270962124 229.28438270930792 229.28438270859215 229.2843827086499 229.28438270937795 229.28438271294408 229.28438270877587 229.28438270854804 229.28438270900006 229.28438271143023 229.28438270921197 229.28438270853803 229.28438272626136 229.28438270874267 229.28438270851348 229.28438270888273 229.2843827086249 229.28438271011464 229.28438270997458 229.28438270880088 229.28438270864353 229.28438271011828 229.28438271347795 229.28438271236882 229.28438270902234 229.28438271121877 229.2843827106285 229.28438271617142 229.28438270912966 229.284382708649
229.2843827084871 229.2843827084871 229.2843827084871 229.2843827084871 229.2843827084871 229.2843827084871 229.2843827084871 229.2843827084871 229.2843827084871 229.2843827084871 229.2843827084871 229.2843827084871 229.2843827084871 229.2843827084871 229.2843827084871 229.2843827084871 229.2843827084871 229.2843827084871 229.2843827084871 229.2843827084871 229.2843827084871 229.2843827084871 229.2843827084871 229.2843827084871 229.2843827084871 229.2843827084871 229.2843827084871 229.2843827084871 229.2843827084871 229.2843827084871
229.2843827084871 229.2843827084871 229.2843827084871 229.2843827084871 229.2843827084871 229.2843827084871 229.2843827084871 229.2843827084871 229.2843827084871 229.2843827084871 229.2843827084871 229.2843827084871 229.2843827084871 229.2843827084871 229.2843827084871 229.2843827084871 229.2843827084871 229.2843827084871 229.2843827084871 229.2843827084871 229.2843827084871 229.2843827084871 229.2843827084871 229.2843827084871 229.2843827084871 229.2843827084871 229.2843827084871 229.2843827084871 229.2843827084871 229.2843827084871
200000.0 200000.0 200000.0 200000.0 200000.0 200000.0 200000.0 200000.0 200000.0 200000.0 200000.0 200000.0 200000.0 200000.0 200000.0 200000.0 200000.0 200000.0 200000.0 200000.0 200000.0 200000.0 200000.0 200000.0 200000.0 200000.0 200000.0 200000.0 200000.0 200000.0
