323.29194558008703 452.85164007732783 413.4736359690328 503.43696282598376 373.2832474312945 398.08227493196864 496.5146976198789 427.87820962927253 397.73201321721626 329.210702622634 531.0804835151885 382.9209721021375 417.72748235828385 380.78479224916373 588.6202214663226 336.78643519359457 388.7323262257469 229.70567503473194 248.08088258165662 317.3500938766997 356.30125859889176 345.9306659661265 369.5129423506719 303.0455144267398 390.3401805418498 338.35229691253744 244.6620171801569 494.8194483070165 380.44141916009585 274.2067985569265
321.23481022538544 385.18234375441534 387.3859864084411 389.1929017260036 228.60842677797154 398.08227493196864 440.4145374915556 427.87820962927253 193.03106175200355 329.210702622634 379.7289274699119 382.9209721021375 312.53726258889765 277.24031579288703 418.78395978728486 336.78643519359457 335.38914989949717 229.70567503473194 248.08088258165662 260.76078652271553 350.2137449579841 314.63815904404237 326.7392609458484 303.0455144267398 390.3401805418498 309.07597570191365 244.6620171801569 249.7125408924794 324.1871990712575 274.2067985569265
284.6177964706849 385.18234375441534 387.3859864084411 322.765228519891 228.60842677797154 398.08227493196864 327.8351352927875 427.87820962927253 193.03106175200355 329.210702622634 379.7289274699119 382.9209721021375 312.53726258889765 277.24031579288703 418.78395978728486 336.78643519359457 335.38914989949717 229.70567503473194 248.08088258165662 260.76078652271553 350.2137449579841 279.5334050440001 268.9021299352521 279.45605582063536 300.88999118376887 288.5583363916253 244.6620171801569 249.7125408924794 324.1871990712575 274.2067985569265
284.6177964706849 385.18234375441534 366.0923414472909 322.765228519891 228.60842677797154 359.99387406123014 327.8351352927875 301.11148872391095 193.03106175200355 329.210702622634 379.7289274699119 335.16271856645835 238.2493990411249 277.24031579288703 238.48240771138808 336.78643519359457 319.5575421934759 229.70567503473194 248.08088258165662 260.76078652271553 306.1152645386346 271.4845711492385 268.9021299352521 271.9239301099601 300.88999118376887 288.5583363916253 244.6620171801569 249.7125408924794 324.1871990712575 274.2067985569265
232.6890168126156 327.5881480336616 338.4972106420373 239.06259636404639 228.60842677797154 320.7660052888041 327.8351352927875 189.14666498594443 193.03106175200355 198.23608920484958 311.6997526440473 330.38177912737046 183.86114664656952 277.24031579288703 238.48240771138808 330.17252955605863 287.3776236372946 229.70567503473194 248.08088258165662 260.76078652271553 265.29058707441936 199.75673052157708 240.7806132627793 271.9239301099601 300.88999118376887 288.5583363916253 224.07163893065808 249.7125408924794 314.3632819123022 274.2067985569265
232.6890168126156 262.3247037160063 281.303184620308 239.06259636404639 228.60842677797154 320.7660052888041 327.8351352927875 189.14666498594443 193.03106175200355 198.23608920484958 311.6997526440473 330.38177912737046 183.86114664656952 277.24031579288703 238.48240771138808 330.17252955605863 198.40908796063331 229.70567503473194 248.08088258165662 260.76078652271553 265.29058707441936 199.75673052157708 240.7806132627793 247.81094151555362 300.88999118376887 288.5583363916253 200.17688011136806 249.7125408924794 255.89607543944885 274.2067985569265
232.6890168126156 262.3247037160063 281.303184620308 239.06259636404639 228.60842677797154 320.7660052888041 327.8351352927875 189.14666498594443 193.03106175200355 198.23608920484958 311.6997526440473 330.38177912737046 183.86114664656952 260.1819832168371 238.48240771138808 330.17252955605863 198.40908796063331 229.70567503473194 248.08088258165662 256.78118912983837 265.29058707441936 199.75673052157708 240.7806132627793 224.9862768739722 300.88999118376887 288.5583363916253 173.0718857750362 249.7125408924794 255.89607543944885 261.672108795025
232.6890168126156 262.3247037160063 281.303184620308 239.06259636404639 228.60842677797154 320.7660052888041 267.72237830051836 189.14666498594443 193.03106175200355 198.23608920484958 311.6997526440473 330.38177912737046 183.86114664656952 260.1819832168371 238.48240771138808 330.17252955605863 198.40908796063331 229.70567503473194 248.08088258165662 256.78118912983837 265.29058707441936 199.75673052157708 240.7806132627793 224.9862768739722 300.88999118376887 288.5583363916253 173.0718857750362 249.7125408924794 255.89607543944885 261.672108795025
188.47331999674225 199.69170655085372 206.8008244802536 170.45685373575907 228.60842677797154 210.88912332695782 237.97618838246854 189.14666498594443 193.03106175200355 198.09937343677484 238.29761208568425 174.86810760534354 181.03739574350902 238.62241690563724 238.48240771138808 212.72480285079473 198.40908796063331 206.1890152251308 248.08088258165662 256.78118912983837 236.33216625165778 116.29007422315817 211.0579842094603 199.81830936684673 185.17358821664493 172.63843158044665 173.0718857750362 165.4194115882483 222.8138162848736 260.81162250396756
132.36274072535798 117.70746353537743 126.91419365497086 144.10325952355424 126.48459517734909 108.7001975203334 162.29868260365538 142.90428971658866 135.00795070773665 120.60390731566167 162.29720151923902 108.89562136044697 158.50117311050417 137.53198707405227 145.20949526789627 141.2784739658823 146.53796358055752 152.79430194945235 113.35043168762923 139.27391279376343 122.74638231374684 115.37553103902155 156.2666181148088 121.69901123340969 133.37680861960234 129.92828210410062 118.32002482371809 140.6758172996756 160.3953585681743 144.94841443071618
93.35154856524105 101.61161669135572 88.85517009569048 84.32958219500051 89.22848277686217 90.30244830374113 116.39574524349518 128.86695159351484 86.08330193229312 92.7416402434419 117.78772084678985 82.7360821344655 105.69848377247945 95.51032903344412 70.5770528178964 91.05139299634584 96.23894707147292 76.61179009938951 97.8845407102167 108.65352441685673 91.98625470575826 71.4685492950116 116.1835995714423 103.64780166061291 117.66276213975925 107.85217430147168 96.02169769067177 95.69741464349408 101.20133013690611 116.57969945349896
80.47471664028171 68.23263493554941 73.2533159329464 60.346730345019296 74.9300810041832 83.10252654679789 89.52183031185723 97.31743422560794 54.76264538839496 65.84835104990634 80.92805405875652 56.561170740218586 85.0996746303922 80.53852518039821 48.28360107500657 63.93163139220678 74.7931421108151 73.91365389714929 84.88308410198488 70.16361454982552 82.48506992170906 51.19810320651686 83.71480012986876 80.08051849638878 76.9306680178488 86.93352075116263 79.34985289367569 87.0019937551956 81.88403031071357 65.38425582900982
56.09435616221663 58.13895781520432 52.17105992895313 58.158232748118735 67.1236804647101 62.31727011808607 64.79797487405358 62.52364502819364 52.9147764110171 57.898820087684726 53.15790382097475 53.76887226679946 54.72745326081076 53.95140500761454 45.446189659712445 52.816371466024975 48.20436772601806 61.705593062041316 59.71298649633127 55.96898293517734 62.240608820503894 46.60190090580522 67.42723091143671 50.17876071838191 67.66353049111513 68.10689066902933 49.769424761700066 59.62711942290298 51.67437206709519 56.84074987517306
37.440153574718124 47.151235437046125 44.39701494963606 38.02107712353154 50.01897997149899 44.116159301533116 53.709753887712395 40.15513160835144 36.22213429357771 45.871579546907014 45.016724894624076 44.66561177170843 42.379673495819816 39.97405603986249 33.39115332721144 40.34217920801893 41.45015120120479 44.60108258449486 47.28303244006861 38.94919180277452 46.12778544691628 36.94693887152221 39.699609677489434 45.46964739593545 33.82541636497399 47.46624931719634 36.04401255312996 51.551484306156 40.49908143095263 44.373379732393005
28.161258203555462 29.851140018280148 27.63019064213927 27.995535516051405 32.39667875369855 27.682016916478005 32.81814508623779 31.881875386827687 30.581386511108576 30.53115787397087 28.713178651349835 26.2725049978028 24.650349692204145 32.56777150435164 26.776921971255206 29.835020081506855 29.80367136614973 29.595198593437317 33.540649842971106 28.45464648598204 33.610212738544305 29.877947521566057 30.792054653575406 31.222113996753706 28.700294632716577 29.429435197605017 28.842886746541808 31.310633821055035 29.031752790142264 28.400501258099666
20.77682377573592 6.933200774700026 21.629279704937062 12.360515644799534 7.111613640971655 21.675430661767678 21.87737108460874 11.614323403980734 15.212668417256737 17.614952624933494 9.157371755180975 21.220990932878067 20.67613301103097 23.48415086340401 21.719931518429348 22.20088078650724 21.75583766850241 20.513669783799287 12.165840813525165 21.951748150244157 17.244891318635837 20.9146301975818 21.050004821885977 20.862166979452013 13.047888267557028 21.793834063813392 22.574331893563112 21.035350971081698 21.12208228592931 22.306111585418876
1000000.0 1000000.0 1000000.0 1000000.0 1000000.0 1000000.0 1000000.0 1000000.0 1000000.0 1000000.0 1000000.0 1000000.0 1000000.0 1000000.0 1000000.0 1000000.0 1000000.0 1000000.0 1000000.0 1000000.0 1000000.0 1000000.0 1000000.0 1000000.0 1000000.0 1000000.0 1000000.0 1000000.0 1000000.0 1000000.0
