150178.1100210169 113172.68226692016 83658.93999944159 623096.9300454394 46947.18691841413 103958.19203695431 73212.43782656104 82800.73765068491 83709.1514445715 120112.84475454334 85496.28878858202 78362.38052987713 1246517.9675053356 114212.06800890468 82143.07136606103 133993.97452279815 55323.68013342339 74423.2874917635 3541260.3921694113 48933.1016294567 87847.22249537804 153952.89169195993 94534.45880203992 84380.33003695491 70491.98257996752 129968.0403516948 135964.3146495508 72211.13115222762 64899.749420824315 67274.52421240191
150178.1100210169 113172.68226692016 83658.93999944159 152536.2979400765 46947.18691841413 103958.19203695431 73212.43782656104 82800.73765068491 83709.1514445715 120112.84475454334 85496.28878858202 78362.38052987713 86450.89106783441 114212.06800890468 82143.07136606103 77861.27229945421 54825.154518541356 74423.2874917635 65886.03911161945 48933.1016294567 87847.22249537804 74845.53171425396 75582.84180946415 84380.33003695491 70491.98257996752 129968.0403516948 104345.47879403592 39109.75723717081 64899.749420824315 67274.52421240191
78914.69810710031 90259.5415555862 83658.93999944159 133675.43060919468 46947.18691841413 103958.19203695431 65318.56207560489 82800.73765068491 44907.29341040233 120112.84475454334 85496.28878858202 74097.4598949093 42649.95505503657 65478.55957959185 67884.21725489612 77861.27229945421 54825.154518541356 74423.2874917635 65886.03911161945 48933.1016294567 76047.1943615015 74845.53171425396 63395.396116709126 84380.33003695491 70491.98257996752 127972.14210898631 86167.10371178918 39109.75723717081 64899.749420824315 58007.61671318401
78914.69810710031 90259.5415555862 72215.86782535962 116961.10986720998 46947.18691841413 103958.19203695431 65318.56207560489 82800.73765068491 44907.29341040233 120112.84475454334 85496.28878858202 74097.4598949093 42649.95505503657 65478.55957959185 67884.21725489612 77861.27229945421 54825.154518541356 74423.2874917635 65886.03911161945 48933.1016294567 56588.93169873169 74845.53171425396 63395.396116709126 84380.33003695491 70491.98257996752 104952.6572338676 86167.10371178918 39109.75723717081 64899.749420824315 58007.61671318401
78914.69810710031 85017.5346477507 72215.86782535962 80544.20327911107 46947.18691841413 103958.19203695431 65318.56207560489 82800.73765068491 44907.29341040233 99884.20164861683 85496.28878858202 74097.4598949093 42649.95505503657 65478.55957959185 67213.0685536752 46837.47243778482 54825.154518541356 71485.29907624572 52874.74014778147 48933.1016294567 56588.93169873169 74845.53171425396 63395.396116709126 84380.33003695491 70491.98257996752 88583.5374163372 86167.10371178918 39109.75723717081 64899.749420824315 58007.61671318401
50795.250083172454 38761.0415873354 72215.86782535962 38491.64460996587 46947.18691841413 103958.19203695431 65318.56207560489 44260.13530235498 44907.29341040233 99884.20164861683 56188.244737931236 74097.4598949093 42649.95505503657 61537.61573290634 53596.48216735224 46837.47243778482 54825.154518541356 71485.29907624572 52874.74014778147 48933.1016294567 56588.93169873169 74845.53171425396 63395.396116709126 66880.59824988678 69515.9642603649 82093.70346452792 86167.10371178918 39109.75723717081 64899.749420824315 58007.61671318401
50795.250083172454 38761.0415873354 72215.86782535962 38491.64460996587 46947.18691841413 99108.54749677135 65318.56207560489 44260.13530235498 44907.29341040233 99884.20164861683 56188.244737931236 74097.4598949093 42649.95505503657 61537.61573290634 53596.48216735224 46837.47243778482 54825.154518541356 58930.92195969773 52874.74014778147 41145.65433879186 55702.11096916962 64559.45738268611 61261.047527318544 66880.59824988678 69515.9642603649 82093.70346452792 70786.4576470036 39109.75723717081 63766.566019989674 58007.61671318401
50795.250083172454 38761.0415873354 72215.86782535962 38491.64460996587 46947.18691841413 99108.54749677135 65318.56207560489 44260.13530235498 44907.29341040233 99884.20164861683 56188.244737931236 74097.4598949093 42649.95505503657 61537.61573290634 53596.48216735224 46837.47243778482 54825.154518541356 58930.92195969773 52874.74014778147 41145.65433879186 55556.180559456036 64559.45738268611 61261.047527318544 52554.486255073025 69515.9642603649 82093.70346452792 70786.4576470036 39109.75723717081 43955.16528549949 51231.10876242718
50795.250083172454 38761.0415873354 58323.479307596346 38491.64460996587 46947.18691841413 61892.27763096352 52355.52839914838 44260.13530235498 44907.29341040233 80472.17177753514 56188.244737931236 74097.4598949093 42649.95505503657 49906.25440333944 43338.613105852775 46837.47243778482 54825.154518541356 58930.92195969773 38068.21604310671 41145.65433879186 50898.79595255216 53078.04617655734 53920.401193795755 52554.486255073025 53783.19925074289 61735.13332838562 44802.9629993988 39109.75723717081 31455.835118325616 51231.10876242718
50795.250083172454 38761.0415873354 47011.18582500615 35579.61465793386 46947.18691841413 60903.26935660169 33776.996965508566 40712.627235080145 44907.29341040233 53482.10330621302 40500.56758440416 53460.31553178719 41803.14140427654 40361.79153281281 43338.613105852775 44181.416472183875 41345.0196272297 49604.64311885063 38068.21604310671 41145.65433879186 50898.79595255216 53078.04617655734 45599.110278954315 49421.410697924235 53271.27691569281 61205.15181212174 44802.9629993988 29049.888057885033 29991.598866952285 35531.39878527103
36924.24539203587 38761.0415873354 23294.733910877614 35579.61465793386 42199.34733604108 46627.3988602868 29345.660882344724 40712.627235080145 37600.32771355352 35845.534403545105 40319.51729049222 53460.31553178719 36133.54905326461 39826.52951769541 37264.48948012817 34578.5456559353 28833.56220580605 44064.92481212101 31485.21426182951 41145.65433879186 43282.50159373702 45257.39728785326 45599.110278954315 42669.9178675305 45483.27693103472 41503.30179009744 44802.9629993988 29049.888057885033 29955.608727247843 35531.39878527103
36924.24539203587 29543.866600853882 23294.733910877614 35579.61465793386 42199.34733604108 46058.517208626006 29345.660882344724 39485.69038289742 37600.32771355352 35845.534403545105 40319.51729049222 53460.31553178719 26871.733058089954 33523.4501973721 36520.590900050745 26212.793009667697 28833.56220580605 41110.262661972665 31485.21426182951 28032.985529847487 43282.50159373702 44548.64000832904 39419.11844726104 42451.55564335661 41862.195479731156 36179.927610078696 36132.55126428159 27530.24775967686 22457.550361186404 26550.593255444845
32247.361248794732 29126.411969220444 23294.733910877614 25083.30944973665 33888.22226709285 29578.3848712987 27421.47773244747 31132.37859478892 30409.23971159253 35622.0789572381 32090.327301172543 32998.94904805814 26784.26668831904 27013.540135616444 29373.600471948346 26212.793009667697 28833.56220580605 30920.461749910122 18351.145153087 24765.267139414893 28036.432368128946 30720.093403594205 35186.89107113835 27813.297263558532 35673.24468574467 36169.32371577961 26749.828799633753 9342.437477721089 20172.833946378072 26094.687359957083
25174.728368202246 27525.95642541364 19016.711505994674 24109.57744989155 26673.212475637858 26830.046306146374 14152.345494221103 24972.443110124208 16784.733553266855 25165.819399879452 20867.994123559707 23511.162428990963 13814.804624039074 14634.359388713985 19414.585017915782 18272.870694003406 28199.085639655885 24377.80832438735 15172.808370536106 20271.376324442805 21341.55343164137 23983.810346474544 17433.969236028446 25330.16038517238 20850.091695347568 25211.14910725379 22728.537251131358 6174.241886001139 9768.955182500238 16429.753065912817
11641.75486692654 10489.123211329937 9363.250704146165 12283.702846784496 11296.42779930688 10391.57032477996 9369.682115656275 9453.110560839472 10853.653361167586 13991.608112582107 9149.65057890554 10816.176612864923 8899.428291902597 9402.563188610511 9933.520187790076 7722.881958294944 11899.535758530277 9741.036522764945 8990.9596853392 7350.671567616671 12494.693226239118 11155.558865095229 8225.841262015249 13266.149689532695 9410.312036735704 9905.5037683567 11433.453500651214 5762.926350069519 5795.664761849276 12116.478146375985
1e-08 7.007815838733222e-08 2.3536853177574812e-07 1e-08 1e-08 1e-08 9.570140946379979e-08 1e-08 1e-08 1e-08 9.248259402738768e-08 3.6077619824936846e-07 9.075063513819259e-05 1e-08 0.0001590004628724273 1e-08 1e-08 1e-08 9.356958514672442e-06 1e-08 1e-08 1e-08 1.83136643272519e-06 1e-08 0.09292250556183035 2.398824676674849e-07 0.001201819896834877 9.831080711819595e-05 1e-08 5.507851028596633e-07
891527.0 1000000.0 1000000.0 990676.0 962527.0 866345.0 1000000.0 963122.0 992089.0 979721.0 1000000.0 1000000.0 1000000.0 993517.0 1000000.0 992389.0 974711.0 994452.0 1000000.0 979468.0 978731.0 981948.0 1000000.0 983535.0 1000000.0 1000000.0 1000000.0 1000000.0 956629.0 1000000.0
