253.5194025075707 154.27551365025693 179.07667118433892 215.31291290156878 215.22300479587875 128.4342434651553 295.48028995914683 220.32739553300462 140.8080980723944 235.09110018191222 224.13317306767794 147.36992530703537 124.80842158215637 209.2425225131392 224.6800748429232 115.81204240427724 179.54559821611338 187.20229885539402 204.9619940198495 176.7684277015701 289.6317857249578 216.51458029030573 125.57596475981973 136.42386111144833 154.24202647586935 216.69990329781285 161.31566500782992 131.01462001922664 123.13685468655603 188.57287700336929
249.1657253242529 154.27551365025693 179.07667118433892 215.2080065257619 105.63781690854603 128.4342434651553 215.43348340559078 220.32739553300462 140.8080980723944 221.064872998561 224.13317306767794 147.36992530703537 124.80842158215637 197.07619905541378 186.04997365343024 115.81204240427724 179.54559821611338 187.20229885539402 204.9619940198495 176.7684277015701 289.1250869150026 173.17095909700038 125.57596475981973 136.42386111144833 154.24202647586935 216.69990329781285 161.31566500782992 131.01462001922664 123.13685468655603 188.57287700336929
249.1657253242529 154.27551365025693 179.07667118433892 215.2080065257619 105.63781690854603 128.4342434651553 173.5393801124983 183.72220453664204 140.8080980723944 221.064872998561 212.38473476335412 147.36992530703537 124.80842158215637 196.84662532302627 171.56074291157802 115.81204240427724 179.54559821611338 131.48097702429277 204.9619940198495 130.67560941137026 184.51188164853465 151.45794408755864 116.09774742910258 113.38964746117108 101.63711610962719 216.69990329781285 159.51170494441612 131.01462001922664 123.13685468655603 188.57287700336929
226.6780007546722 154.27551365025693 179.07667118433892 193.90171632655165 105.63781690854603 102.84736302481679 173.5393801124983 165.55216418148075 129.4209204404965 135.48525388509825 212.38473476335412 147.36992530703537 124.80842158215637 179.89130406980848 110.78743965776721 115.81204240427724 140.0922631790113 131.48097702429277 203.19610922253196 130.67560941137026 184.51188164853465 114.79705117496815 112.9142940564061 113.38964746117108 101.63711610962719 156.4994332358192 148.42518062161525 131.01462001922664 123.13685468655603 172.81356841333127
200.86219480495174 109.94002892959224 179.07667118433892 176.60525628503137 105.63781690854603 102.84736302481679 173.5393801124983 165.55216418148075 129.4209204404965 135.48525388509825 138.4224820295708 147.36992530703537 124.80842158215637 126.96474219367701 110.78743965776721 115.81204240427724 130.20200805696322 96.09637632037129 203.19610922253196 130.67560941137026 184.51188164853465 114.79705117496815 112.9142940564061 113.38964746117108 101.63711610962719 156.4994332358192 128.72444450574721 131.01462001922664 123.13685468655603 144.31088267699351
77.50695415081054 109.94002892959224 173.18468981486512 139.18751204323917 105.63781690854603 102.84736302481679 173.4480154485309 147.55760091377124 129.4209204404965 97.58245709268431 138.4224820295708 140.47734495543727 124.80842158215637 126.96474219367701 110.78743965776721 115.81204240427724 107.6723527526101 96.09637632037129 203.19610922253196 96.29505408088562 184.51188164853465 114.79705117496815 112.9142940564061 113.38964746117108 101.63711610962719 156.4994332358192 128.72444450574721 131.01462001922664 123.13685468655603 144.31088267699351
77.50695415081054 109.94002892959224 142.58055553557688 106.74463728454111 105.63781690854603 102.84736302481679 145.1110326766193 147.55760091377124 114.61730628658916 97.58245709268431 138.4224820295708 140.47734495543727 124.80842158215637 126.96474219367701 110.78743965776721 115.81204240427724 107.6723527526101 86.11817954448634 203.19610922253196 96.29505408088562 171.70947521006428 101.85523873358079 112.9142940564061 113.38964746117108 101.63711610962719 154.61432485424984 110.72787650224473 129.32478684254102 123.13685468655603 144.31088267699351
77.50695415081054 109.94002892959224 142.58055553557688 106.74463728454111 105.63781690854603 102.84736302481679 135.62606885597233 141.2674298109555 109.00289499626933 97.58245709268431 138.4224820295708 89.63988626006585 124.80842158215637 125.32319591892747 110.78743965776721 115.81204240427724 107.6723527526101 86.11817954448634 127.60041988904368 96.29505408088562 171.70947521006428 99.05013068528979 112.9142940564061 113.38964746117108 101.63711610962719 149.56826096152645 73.73473146284277 126.33019148778794 110.9869769471452 128.2973127637997
70.87491869593532 61.81582469732302 77.1611122884874 72.21256198137871 64.94346000616906 82.85329273846719 70.12167007740891 62.5767419815229 45.57821473968306 89.92413516128727 48.776051019548504 45.46269982296735 67.324030404106 58.225192414302455 54.90851856884274 60.38744091416129 66.05451803673213 50.22606138559786 82.80412854689985 60.874478898540474 72.20999065376145 71.48493074536555 95.73437929259308 39.971820607826885 64.07528233096764 56.57411407810878 46.20747978632153 47.422976331784184 61.89170982151791 60.16266511796175
44.262332242612956 43.59512124706362 49.451301655803945 46.67129311132999 45.17935994588629 42.80211211747246 30.05772990366222 43.536012991797406 43.22750185235509 39.84865947475123 40.626538422523026 41.69741042011901 34.86671186445369 49.91238347509261 32.49936570661794 36.869778222506966 30.692290390476956 29.48143166496766 39.11339111758366 42.967636380534714 39.649823082832654 34.12443535972261 54.711892731091666 34.10732533606256 46.08054615310721 38.54150717140851 42.34402272138141 32.127775938092554 42.832197916150335 46.56646173701574
30.735983903663737 26.773499085029925 31.08192844223072 33.68378339276728 29.379027803350255 30.783230083395665 29.039500215859107 30.97526283941238 33.17307533367784 31.54650832566176 24.287517849001688 29.29158200376446 27.02512868963413 30.530236214669912 31.749508702348066 26.803612003521494 27.849656683005605 24.23436820674374 27.98701187773895 27.893671598513947 26.257416757446663 27.728964182391564 37.089414399157704 26.32019918377864 30.765477298294172 29.87855543670821 25.90830731444703 28.034426532190082 35.327155827680144 34.67874939456533
23.226855085521493 17.24004142401577 24.084896352264423 25.204284423818308 22.474760943598312 25.85360229346452 25.525350194188377 16.986839344079954 25.63514366549566 23.30310387784857 15.991275432180828 23.294981471354504 23.986231842862026 23.026271363696196 23.574932136701136 24.953840063132247 19.489307338413028 12.731417647299395 23.029323489899298 22.960249583983114 24.844115420348317 24.082698643421054 25.676506433859686 24.817144299765914 22.66150181702301 26.380126816849042 22.323026978243433 14.489433287934162 24.530501563898497 27.259479839823598
20.696725688211473 4.9017191589043705 20.786973748112587 18.80270259540316 21.6776164456096 8.8707116349658 21.103860703175314 10.621394961301348 22.076953345631864 8.534697571362358 7.627678463844859 14.446012805345163 20.883435148130275 18.59475342777364 21.621439475861962 8.23102825810497 10.02445905768127 5.832937116429321 20.446164175813692 20.608180078683517 21.106295443516046 12.422545680950634 14.801724735328662 21.017270365701506 11.874381487888058 21.225077582847916 20.214397729981556 9.799850041966238 21.212469902028033 7.04134413133238
20.061413083291427 0.5116987005806095 6.06346104565614 6.147858723298441 6.907210181365599 3.8305961568869407 5.5724573994523325 2.262739486193823 6.164267142659355 3.259136713337739 2.6636801451638803 3.024824964666095 20.117286986820318 5.668266189835094 11.414790974612515 1.104264234384118 4.95131562998381 0.7499409166766782 20.082649722458655 1.9573347532118532 5.249695516894917 4.799643823829911 2.691285395915884 20.095399337383697 4.877150717661152 7.313271680535081 1.0054099030630823 3.9685846391994346 1.2896952487465114 2.232902361061406
20.058327850825208 0.004555152412422103 1.116799357831269 1.1474241020328009 0.3781921202498779 0.042756272471706325 0.10137405730165483 0.009596513556971331 1.2111720362088363 0.05403240631130757 0.03839742555214798 0.006094838477338271 20.00006943348967 0.13660517366702152 1.0448395057444486 0.00044136356632407114 0.10638803493429805 0.02082530966026752 20.010945061292432 0.04331832327875418 0.4485159613682299 0.0008944887504185317 1.0043068807844975 2.786937692921356 0.026376850714768807 0.695973042638343 5.5729845371388365e-05 0.004804768162784967 0.003959968322078566 0.0019449114527105849
20.058327850713113 1e-08 1e-08 1e-08 1e-08 1e-08 1e-08 1e-08 1e-08 1e-08 1e-08 1e-08 19.9999918058395 1e-08 0.9949590570934106 1e-08 1e-08 1e-08 19.99999990258425 1e-08 0.012010080485424623 1e-08 0.9949590570934106 2.5799275570300324 1e-08 1e-08 1e-08 1e-08 1e-08 1e-08
200000.0 183251.0 174114.0 178289.0 174920.0 174608.0 176533.0 179351.0 180494.0 176049.0 180983.0 167539.0 200000.0 178358.0 200000.0 162977.0 176509.0 177369.0 200000.0 173984.0 200000.0 166234.0 200000.0 200000.0 173286.0 173232.0 160943.0 171047.0 169447.0 167123.0
