359.47811716271417 291.6429101539784 484.2921206556571 290.52770820754085 297.66546892543374 276.4855697277326 399.13077236415165 447.14674514356466 479.7567999168609 306.40202114726526 416.0049501186227 289.86947501741815 285.34559642317345 493.231051818982 312.48563131782157 287.1798509436185 351.8297798229173 311.55891606696514 316.31456821792153 480.9289667688163 263.19147286643374 301.7406746918723 340.4265080466448 284.0808422041264 391.00780293199614 389.4059749753178 311.3210090609814 385.9546814594596 283.8222246988021 450.84925598883683
316.945797228871 291.6429101539784 233.6964795969152 290.52770820754085 297.66546892543374 263.67648757842835 238.71864325091383 318.5261978612598 401.6507064405364 233.9301262179415 416.0049501186227 249.93871302078423 280.6101750946791 295.5307735995034 312.48563131782157 287.1798509436185 294.8698922544222 311.55891606696514 271.3946326235682 383.36479938494404 239.35353803832368 301.7406746918723 340.4265080466448 284.0808422041264 391.00780293199614 305.6053741390833 296.4823264478655 310.33466695512243 283.8222246988021 373.68857166431053
316.945797228871 267.3261524441932 233.6964795969152 239.228332409014 293.66670675084424 179.6322344363848 229.29654990896506 225.1013920927112 266.1120414687912 174.86178009707464 243.570489065758 249.93871302078423 245.80607068346035 278.3048226790911 297.7132433155484 287.1798509436185 294.8698922544222 253.40463386961392 271.3946326235682 323.7711747422013 239.15875750560826 282.5010415937213 314.60957896838545 284.0808422041264 310.6356152128151 214.34534842569747 284.104439216223 270.6831993684136 221.49629086428786 373.68857166431053
252.55411554940747 246.46364934117128 213.6831283460715 179.27609056668143 230.11289524332733 179.6322344363848 199.4608761726995 225.1013920927112 259.917586209388 174.86178009707464 228.94636542390072 249.93871302078423 230.0456713921676 223.28671910159846 238.8523265937115 263.3109573577776 245.3869139569183 253.40463386961392 243.832082353837 289.97711472910487 220.81497266414044 265.94054563957616 246.86916823651245 249.04751794670847 310.6356152128151 214.34534842569747 240.84364829171227 234.3182771841266 220.83949732292012 266.31053205826083
227.1773497510535 231.8839092946091 207.30480619857508 179.27609056668143 230.11289524332733 179.45003214009967 196.38234533483774 200.05371313826026 178.42997600759554 174.86178009707464 228.94636542390072 240.24118510993048 211.6875792424894 202.66492513871435 238.8523265937115 210.69243245524285 184.15355790452713 205.16018926425522 243.832082353837 241.60585797901786 196.1117628096399 229.72414420740597 208.0465074015974 235.01308679894646 286.497283490728 214.34534842569747 240.84364829171227 234.3182771841266 213.5954923642612 245.62033548503678
197.4259792476323 190.72323189456256 207.30480619857508 179.27609056668143 215.41271136846353 179.45003214009967 196.38234533483774 188.99028008169898 178.42997600759554 174.86178009707464 199.42752795678962 218.57575476775855 189.48119329853216 192.66631858627989 238.8523265937115 193.67574666215842 179.98443120299225 205.16018926425522 240.86077582437292 229.6799197064438 196.1117628096399 216.2860882404011 189.53532274804138 226.56274087940756 215.2752322185338 214.34534842569747 210.08254800895793 201.53372071339754 192.06598449699277 245.62033548503678
197.4259792476323 189.680700752936 189.84241225142205 179.27609056668143 192.35006574583713 179.45003214009967 196.38234533483774 182.64824661933744 178.42997600759554 171.63610762066128 199.42752795678962 201.77822454629268 171.07754897552923 185.16727892169 238.8523265937115 193.67574666215842 179.98443120299225 183.1919141677481 240.86077582437292 229.6799197064438 178.8793400696727 215.085225988184 185.94145778191296 196.49689398985083 215.2752322185338 205.71698897158467 189.62186361855174 201.53372071339754 188.81638190447802 232.76463954996643
197.4259792476323 189.680700752936 189.84241225142205 175.23071837424823 190.17148976275848 179.45003214009967 172.19943848350022 176.18066189937917 178.42997600759554 171.63610762066128 196.08947579329515 201.77822454629268 171.07754897552923 174.46089837898262 200.34213681958727 185.12190255966607 175.181281106632 183.1919141677481 218.7219636835839 195.84338742704995 176.62832540076124 204.01650163854765 185.94145778191296 196.49689398985083 185.11249353723497 184.908312759414 182.96958559625455 183.28215321352354 180.67954708818752 202.29666827637902
170.70435884517792 165.3708530538338 169.35407198339226 166.74502090552232 168.13117330975 168.88711351401844 169.43229740003926 168.06832896135666 171.01355739737164 168.40336779576273 171.1602032675637 170.7732699575763 166.1762369555954 169.39044191681796 170.69272863248807 166.79991422865487 168.58803068032603 168.50354825202112 169.96357469786653 169.95887866318617 168.7305139839118 168.12102501603522 170.7893523130806 168.36382737866643 169.6962045481805 172.8456633609976 170.5619247302625 164.30581710481874 169.2720755849955 170.3473570922888
164.76693657213036 164.37705152830586 165.14913790572564 164.05793164363877 164.3272743398884 164.36856472495128 163.89144412530595 164.52525448713368 165.36076444408718 163.54988294045415 163.20279799128411 162.73523741917006 162.86370891943216 163.37570521933822 163.78778460263038 165.07048041462713 162.97992311079543 165.25180333235357 163.97213071843316 164.90362153534306 164.5722193106849 164.26811803499277 164.93521211034385 166.84321981228186 163.2493969389543 165.20239861743357 163.30027770099423 163.3391035914551 164.4452624878145 164.23940639218472
161.6298162063863 161.23619204318584 163.1634177558376 162.7244551568224 161.8950822695342 162.66064768006026 162.9118264442841 162.99236391195973 162.57813722317087 162.32420578396432 161.99944060687994 161.79738926221307 161.78223393461576 161.771125925276 163.1151500111505 162.15920352119156 162.11373351032034 162.76201290680365 162.65309729244245 162.18985020716536 162.41029229739843 161.8747129459107 163.09756554888372 163.3275099337984 162.46462567219578 162.22684495981957 161.833286762876 161.85025006539126 162.92865677163263 161.8180576248178
161.48266395043856 160.65260807334698 161.95735052895634 161.6287268496376 161.51142877633538 161.67283028418115 161.3506032932596 161.78254967070825 161.7349252316676 159.85167294674966 161.44756333166288 161.59477761330027 161.4325037087915 160.45031559571453 161.90179651359585 161.6174386534417 161.65470072713697 161.43534507001368 161.6971722221997 161.48716107183918 161.50808163132888 161.35402611537893 161.8943420576552 161.92563915292203 161.64994480492533 161.4728776235147 161.56757028238007 161.50773642798686 160.9902937056131 161.5190812874689
161.41006296501791 158.74547290418877 161.45170718968802 161.42170473963188 161.4105393234522 160.87189687503997 159.38284457475356 161.41728878119739 161.09782322678302 158.99907260870214 161.41084008111102 161.43695011939099 160.62209978758392 159.614643819928 160.07247339647756 161.41734924497086 161.43605626632234 161.07119762187767 159.64475238442856 161.4052112963709 161.42311843709103 160.24284029965975 161.57742423778927 160.53825290801706 161.41892672515496 160.11531075345238 160.40607782150028 159.7256992408952 159.6342290126513 161.41587408202122
159.4596492986252 158.7179312541416 159.48987399898715 161.40528447486213 161.40488128347943 159.46025219078138 158.7714970226857 159.8399436214272 160.16716164684112 158.77030763301173 161.40488904872882 159.4891444787786 159.58365427757917 159.43564674576737 159.78571823096127 159.45666286969163 159.86061159655674 160.12683456343348 159.3974351885936 161.4048807595209 161.40490872940472 159.5073012368507 160.41579012852162 159.12069331345174 158.73641364618743 159.5921386294499 159.2585337355663 159.58189990185792 158.76117949179206 161.40488809262024
159.37643643619504 158.62373783875637 158.66294611751619 161.4048807587492 161.4048807587492 159.37390959163804 158.63688161662822 159.4493664332167 159.41808257714274 158.63642799385616 161.4048807587492 159.15835200527545 159.54377898958728 158.74853487176415 159.38936125068722 159.3783319378299 159.07816637204587 159.54487690133465 158.66342324228754 161.4048807587492 161.4048807587492 158.63571165183566 159.37119907674287 158.63539722236737 158.62298601735029 159.37167044554326 158.6257079027414 159.54378605587135 158.6210980482806 161.4048807587492
159.36873363703762 158.61835455768096 158.61835455767778 161.4048807587492 161.4048807587492 159.36873363703762 158.6183545782951 159.38917138235047 159.36873363703762 158.61835455766823 161.4048807587492 158.61835834540761 159.54377628679686 158.61835455768505 159.36873363703762 159.36878253628902 158.61835476337956 159.54377628679686 158.61835582600725 161.4048807587492 161.4048807587492 158.6183545630447 158.61835485591337 158.6183545576887 158.61835461604096 158.61835455773598 158.6183545578133 159.54377628679686 158.61835455766823 161.4048807587492
200000.0 200000.0 200000.0 200000.0 200000.0 200000.0 200000.0 200000.0 200000.0 200000.0 200000.0 200000.0 200000.0 200000.0 200000.0 200000.0 200000.0 200000.0 200000.0 200000.0 200000.0 200000.0 200000.0 200000.0 200000.0 200000.0 200000.0 200000.0 200000.0 200000.0
