995.367598467797 1427.8881546022385 1366.6364832211584 871.197949374206 1244.9849322916243 1151.4756876229972 1506.6247456622805 1233.8478973203291 1101.4507701767052 1621.4088633113115 1121.325173208229 1306.4608362854806 1096.0592606017135 1067.7466380072228 1233.059021491652 1316.876947904395 951.7760638743584 881.6150219366727 1019.0247063460611 1090.401950418856 1624.5514120698645 995.0722620568204 1145.0183981110067 1132.5373183365036 1400.5997799875377 1395.2802501469814 1336.4319091374505 820.0070208051757 666.410236790302 1238.9167850471313
995.367598467797 994.4505384356644 980.1785147521769 871.197949374206 876.0243796729546 821.838695867561 839.1612026290086 1233.8478973203291 884.2885594571967 939.4576486628257 1000.5608550084025 1039.763303472589 918.1856091003319 1067.7466380072228 986.4196792936755 687.9496185027269 718.7459314342932 881.6150219366727 972.8277432989166 823.7277994380288 1129.3329430356462 976.3228842040485 1128.7076705132872 1011.1544739226265 1019.9110482945425 943.1281459678962 821.0576567039334 820.0070208051757 665.7371939744157 1182.2152465303916
787.166195745106 912.3933815147375 896.5330222515668 850.8954997734809 876.0243796729546 821.838695867561 839.1612026290086 838.0144032939343 801.1462807899852 921.8570278242182 709.9469577533982 649.2151791658389 918.1856091003319 930.5793703936542 986.4196792936755 601.7375852703758 699.9211642457053 869.0996012297433 634.0488552245729 823.7277994380288 955.8342704165584 823.522878894219 823.9009937891906 475.2481203763068 986.4561348564985 685.6792323240797 821.0576567039334 820.0070208051757 555.1056936589835 930.7918824509779
670.2381374643574 912.3933815147375 896.5330222515668 594.1666331606029 771.3379030057322 720.4936555911167 663.3652595816607 686.3171355543309 801.1462807899852 799.7647454425601 528.6734612584387 501.26991026704854 665.4448856915183 756.6773540180338 684.8205491195822 601.7375852703758 699.9211642457053 716.7588102112013 634.0488552245729 596.4160000970542 952.1608247863328 823.522878894219 823.9009937891906 452.66036751553474 821.0427127881599 685.6792323240797 710.9558524326312 722.9655651137582 555.1056936589835 817.380402494206
569.1714598277449 874.7562184044618 799.8235980558184 489.70684086696383 553.5557453009437 576.7591034911966 633.9745060081568 628.5379671954943 699.248540172106 799.7647454425601 482.29997809585075 484.33539264935735 665.4448856915183 490.84415896101336 575.9052321561021 601.7375852703758 532.6036164318457 524.8829578354726 634.0488552245729 566.2461492038447 547.6915857369954 712.5087484755113 823.9009937891906 452.66036751553474 787.0355089516365 623.6846409388882 588.0435068845154 552.9049843926568 381.2270367226238 560.6898901374288
524.8983114839134 687.8076408182042 697.7886596236199 430.75521638400005 553.5557453009437 576.7591034911966 552.0243924194701 393.8101605235961 498.16412012491946 696.4519881785682 476.2532969223039 410.81852517632615 642.3313927940312 490.84415896101336 575.9052321561021 601.7375852703758 513.5935143885881 524.8829578354726 634.0488552245729 510.672311999298 547.6915857369954 575.9813845455956 626.1269626843309 452.66036751553474 641.2357357449473 480.7381145292229 574.6828716612426 552.9049843926568 381.2270367226238 492.0745262398282
524.8983114839134 590.2492341908651 547.716051964147 430.75521638400005 414.0389580792489 576.7591034911966 552.0243924194701 393.8101605235961 498.16412012491946 696.4519881785682 429.6493758172801 410.81852517632615 642.3313927940312 359.851424729939 575.9052321561021 521.0815941867531 513.5935143885881 524.8829578354726 612.5898013474516 339.45927919436053 547.6915857369954 575.9813845455956 428.9791087276358 452.66036751553474 641.2357357449473 480.7381145292229 574.6828716612426 552.9049843926568 381.2270367226238 477.88643588566765
509.07623558602063 494.5455847069816 547.716051964147 430.75521638400005 414.0389580792489 576.7591034911966 461.26681066369247 393.8101605235961 498.16412012491946 696.4519881785682 395.045239645558 410.81852517632615 541.7370937785713 359.851424729939 575.9052321561021 521.0815941867531 482.39183590680204 524.8829578354726 472.14657385694045 339.45927919436053 547.6915857369954 509.47433385902286 428.9791087276358 452.66036751553474 619.2439884480182 344.9820414309229 439.0720155522281 466.3577410078092 381.2270367226238 426.47559701365026
321.537231588969 372.7826148571585 365.3529958115482 321.68449351268555 301.89497495940395 318.5562424340151 367.8880364544334 307.2085821925075 328.39310967153324 413.7130365723169 341.6189230296841 357.63387912287 366.0136578236734 298.54517880119374 358.73911343453574 370.1166628055307 365.72252295757335 326.63852724088156 370.97654654634425 310.01609440323864 346.6897677366496 362.0961505925261 337.45215237488264 309.4144877955214 300.8770181871537 319.1558708632924 381.1427193719451 357.70468983622004 332.4737791098005 316.72166833541087
278.4485009991813 291.11326552815126 271.73555309991025 276.95318223368804 270.81636764392624 274.4689410769265 270.9992881098651 264.9989441058865 271.1805478780243 278.23246532785925 262.97963545347284 276.56717522577264 258.72423425202214 262.22698016224376 265.3187398514483 269.53141894537293 265.90305802367993 266.4489905399432 264.1740137812976 256.2954921389796 262.31233319441117 269.3396958396256 275.22336172861924 270.7191843049022 274.5209965594536 270.74256923792746 273.06649738377473 283.0854113150426 257.01095999280324 261.5279197745849
256.80783314001565 261.59131375786365 252.3712408786655 256.1798860437625 255.36412417063275 253.13098298612294 250.23536371494492 249.7444761790316 257.0936742505619 251.29723614199747 258.2270430965991 263.3077647910168 250.2096875231291 248.36009555772807 253.54938728310208 259.11848948552824 251.6094397158313 256.52743517691215 246.72139528173784 251.7993633952069 247.57897319391213 252.66098541798965 251.89841619934305 257.7756295697004 256.89035469399187 252.20302199740718 253.2365942895326 263.6949448237615 250.58289704291883 248.28466056514935
245.18030555123642 251.0694734126073 245.11911045227953 246.97637288894202 250.07152673219753 252.19851706638792 246.01395737690746 246.00941389172567 248.16760207566585 245.60210572567166 246.45271972879937 251.26432753523386 245.14987985488506 244.33370800644025 244.13548461400887 250.1576853391748 250.13652104012635 245.26017576091272 243.29753069191202 244.6454258317026 243.97597429175494 244.6550895843725 245.0542304957412 247.5635169115576 247.63448396040167 243.08089765424756 245.4084381798084 253.81658295929537 245.2002791297573 244.9433282115915
242.1073022122523 243.1046654922743 242.21417322569368 243.23078505782678 243.61377654318858 244.73587392214176 243.48419952842596 242.14321486979588 243.8230454157965 241.28334087452095 243.7747323680469 247.63435762829977 241.44566472348242 242.4711661032161 242.3676026783105 242.18904212242387 242.3184410307481 243.30682521463405 242.00563461204683 242.49476328725814 241.36926371324034 240.89675810146855 240.96846547033329 243.0543633505681 241.3964208582188 239.07816264594703 241.82555553075053 245.08426992238492 239.45261404431676 241.86305652426563
237.15981059715068 239.06235645356264 238.0036861349572 238.27929292956742 240.98187317519978 242.48275331060904 240.68574655785324 238.0977243644129 239.59876851579747 237.46639672340098 237.0107192647465 241.13268397921593 236.79497477752102 239.20851229491382 239.99713621125738 239.32829880782583 238.18980295480287 241.0789242255114 240.09126822941425 238.90837377664047 239.75473911517884 238.39622710007006 236.55790488357206 238.68793201604512 240.202183688094 238.3923998499854 238.31729185900622 238.56908402140107 237.29470083040496 240.3604047179747
235.70650867536006 235.9142556872971 235.54314254452402 236.2280897126575 236.90424054992354 239.7956533485576 238.2872121086025 236.66362118761026 236.57133500982854 236.3825147907628 235.53136423018668 240.33293084782144 235.23014294583982 235.5969004724875 237.90985871148405 238.10257808995812 235.46918074115592 239.50634308669487 236.85822230379017 235.26792683637177 238.34584442386767 234.11810002330049 234.35304991316661 235.73044690921142 237.56759130470346 236.05242039904851 236.55671677327655 236.4716057959422 234.5716070807821 239.67762641312856
233.253653255907 233.94538581755705 233.61740404599186 233.59017195471688 233.97652306723694 236.1946705593259 236.41828370675375 234.3687243278655 231.22406673724754 235.14947572073925 233.456405635417 238.11191581012963 233.97433181781798 231.85381643850224 236.8304032967526 233.97430094618903 232.06434369848466 239.44179589730084 234.67897730860113 234.89811211621827 236.8304032967526 232.4582704593313 233.97430094618903 234.16982209580738 234.2934074326481 233.97430094618903 233.97430094618903 233.87783806053903 233.97430094618903 236.61684070692218
1000000.0 1000000.0 1000000.0 1000000.0 1000000.0 1000000.0 1000000.0 1000000.0 1000000.0 1000000.0 1000000.0 1000000.0 1000000.0 1000000.0 1000000.0 1000000.0 1000000.0 1000000.0 1000000.0 1000000.0 1000000.0 1000000.0 1000000.0 1000000.0 1000000.0 1000000.0 1000000.0 1000000.0 1000000.0 1000000.0
