9232.392177763013 9494.383328538184 11581.77213000346 6030.514717280337 10402.369926540392 5764.926922203536 8932.020974677414 8187.233725249753 9933.002577447387 10691.832694032235 7685.174567864822 10163.340376287824 10632.035849746897 7099.036990497414 9356.909008275481 8542.749129142341 7640.787479733715 8490.840599097464 8855.623902997912 8580.166895086915 8831.894701681418 9471.682497268625 7704.677866461829 8956.767890079438 6757.496741444138 8376.975716350371 10324.367607712871 9546.739476763321 5280.907924089792 7785.624437272489
9232.392177763013 7357.212708931587 10995.751944695166 6030.514717280337 10201.408015727282 5764.926922203536 8932.020974677414 6181.649604671671 6439.215649633126 9424.688770125162 7685.174567864822 10163.340376287824 6413.480582620716 7099.036990497414 9356.909008275481 8542.749129142341 7373.459370727211 8490.840599097464 8855.623902997912 8580.166895086915 8801.941570007095 9471.682497268625 6220.171730532584 8956.767890079438 6757.496741444138 6990.243703204036 9695.841917924847 6091.167906851246 4707.280882881771 7336.864146472904
6793.117712599349 7181.426371957805 10995.751944695166 6030.514717280337 7645.538845769366 5764.926922203536 8932.020974677414 6181.649604671671 5824.280342373038 6491.844565169733 7175.521593653633 10163.340376287824 6222.4470815292225 6911.520218081045 9250.071089609723 8542.749129142341 4861.150125611824 8490.840599097464 8433.13515571612 8580.166895086915 7403.88644372005 9471.682497268625 5111.194648830508 8596.655123251707 6757.496741444138 6910.605618617166 4474.36697116527 6091.167906851246 4623.423721306315 4178.299173596773
6470.8554258168315 6677.040294307857 7941.646306106981 4402.895986500944 7645.538845769366 5764.926922203536 8932.020974677414 6181.649604671671 5824.280342373038 6491.844565169733 6569.309238994494 8418.746122237044 5808.990722144492 4810.655207955437 9250.071089609723 8542.749129142341 4861.150125611824 7363.5294922351695 8433.13515571612 8580.166895086915 7403.88644372005 8880.806401736401 3787.482805124042 8596.655123251707 6525.634285913597 6910.605618617166 3747.2667691946854 6091.167906851246 4623.423721306315 3594.439002230076
6470.8554258168315 4669.051036523699 6077.407895771314 4402.895986500944 6451.8238817638885 5764.926922203536 8932.020974677414 5542.407646871157 4835.248962223875 6275.540489718449 6406.410139061652 8418.746122237044 4557.936764178754 4810.655207955437 8741.139717068383 8542.749129142341 4861.150125611824 7363.5294922351695 7333.234716623823 8580.166895086915 7403.88644372005 8880.806401736401 3205.2071360194514 8596.655123251707 4864.65712268497 5282.921786419371 3521.373729481148 6091.167906851246 4602.727271598334 3134.259137541845
6470.8554258168315 4669.051036523699 6077.407895771314 3224.1061663735272 6234.653266665589 5653.483384457402 8831.381943571732 5542.407646871157 4835.248962223875 6275.540489718449 5004.3370739815655 8418.746122237044 4557.936764178754 4810.655207955437 8741.139717068383 8532.625918492962 4861.150125611824 7213.300050774615 6815.7853444375505 8580.166895086915 7403.88644372005 7182.669081604454 3205.2071360194514 8596.655123251707 4864.65712268497 5282.921786419371 3170.1971359376967 6091.167906851246 3943.1935467348876 3134.259137541845
5653.032744970082 4555.413711394189 5002.553254108323 3224.1061663735272 5076.2496684823445 5653.483384457402 8831.381943571732 5477.373114533939 4835.248962223875 6275.540489718449 5004.3370739815655 8418.746122237044 4290.415634290216 4810.655207955437 8741.139717068383 7556.702926494923 4861.150125611824 7213.300050774615 6608.474199189832 7938.097445952637 7226.984690492354 6100.273509256447 3155.7994497439686 6156.888334242376 4864.65712268497 4940.47577994924 3170.1971359376967 5691.596016543126 3867.5670412483732 3134.259137541845
5614.6068568764695 4555.413711394189 5002.553254108323 2711.5052977629293 5076.2496684823445 5653.483384457402 7901.273130833741 5477.373114533939 4835.248962223875 6275.540489718449 4729.142105541529 8418.746122237044 4290.415634290216 4810.655207955437 7955.38543347628 7556.702926494923 4736.099427126594 7213.300050774615 6608.474199189832 5333.506336002554 6256.814497560032 6100.273509256447 3155.7994497439686 4596.693490957152 4234.430919300381 4289.306849064624 3170.1971359376967 5241.282500676978 3505.7209589492777 2919.910948544106
4134.0038087840685 3355.1917355575497 3272.8469551687267 1903.5979111972702 3542.1724433819127 4061.077254535683 3239.4395687112037 3918.9219384286534 3790.809492222088 2810.5093563886003 2342.647899498217 4788.218096328118 4131.730002297888 3499.990561100193 4497.429670074612 5690.191952494737 3075.5306809135336 3482.0176509536905 3597.0999540624616 3402.823299881933 3457.6258488764997 4285.020402807536 2526.5889556492557 2364.209459701937 3215.308853029952 3278.0710486400803 1694.5733277247737 3379.2120499117664 1886.04104297729 1893.5332351056704
2315.893772110062 2265.2492936312847 1798.0131673830301 1091.3942301025 2014.2187676112299 2391.808906531891 1303.2732572392774 2178.413152253059 1984.7013047639875 1118.930588264876 1214.1205903123446 1394.9716250973506 2374.897183214076 2036.896227001278 1340.5815838833128 1476.9276210038702 1662.7182381440325 1268.7524466224 1967.5465443758076 1092.1628713340365 1316.1986055519965 2174.7607453865803 1990.8944604845128 1407.8190360616536 1837.8689456650818 2058.938611969007 1148.7262450404514 2524.6091703928832 988.2756838359846 989.4398167678482
1157.4532081846892 1194.1524072008342 1273.6700688038236 841.0691060673194 1318.421909522638 1357.4071504543117 956.0245286116065 1295.5711305573345 1089.8209259421278 880.8783537375489 873.6703851741931 1005.1857865079337 1380.12821181224 1084.681822509131 1123.1338408155952 912.3574378538879 1263.7004397258925 1021.9415245452578 1329.818000383695 916.772132823005 1013.9680126917283 1326.9983861149194 1197.111375734814 907.1878557444165 1233.7016209247608 1296.9512768096215 798.2934585382609 1503.291157235616 794.2079782659339 797.2434231941315
889.9232629535932 594.1729642761416 712.1817434833301 698.5798778437029 646.3318098632681 622.0097724096686 810.9251116302316 714.6284846030667 817.0851209135935 771.9414788470544 803.2230481055344 785.5821947228496 723.172064497714 887.8866402130079 804.994171372572 799.6035254045428 685.7712564817721 784.4813336742254 642.3100306748565 782.6426202406301 848.0379784863026 938.0395262043899 559.4258988129268 771.0044577507647 635.3609378511205 575.0092224862706 637.3000913028955 904.3034179092374 727.6379302592404 730.6673865066759
769.5262049624585 350.87560309246146 342.4722406885494 621.9753492502014 337.4114711553407 344.09483792695846 725.2841349791006 361.67502264878885 750.2651403016271 722.7363024540387 745.3624047482781 725.8639747079037 351.26417843712716 757.4484193541034 745.5362310466921 729.0053059439188 349.1081099499229 726.7232228706516 346.69777241903466 725.0012022073224 734.0082129527323 789.2357998697385 339.10926402445057 725.3906603640553 337.6952181868637 346.0238408902469 574.2626792319488 763.2856485249208 587.5776713550026 651.2625127450169
717.2061303951727 300.6448208164884 300.3347023765864 481.45154349018776 300.4328349624634 300.4660986015224 588.6208230203274 300.633882780583 713.3018209311267 551.7745579208877 709.2534772217714 618.4815469439682 300.61082443074974 726.5435886287369 685.7614408172758 688.1864324268831 300.57156851689024 634.9013549977135 300.3724557844266 677.0321791635224 654.9684249242891 724.2166188180768 300.3695379580099 642.7679186639389 300.3323354578297 300.64447319568353 460.82284999678177 722.1517048100659 485.35792099518267 499.3392373054958
355.7765514274456 300.00000352332336 300.00000335083587 408.6999720916997 300.00000822901166 300.00000670473764 443.5759594448614 300.0000066443099 461.70502793852165 424.55173969680436 564.4360368527164 431.18107355893244 300.0000073998426 300.08761768871545 462.06349466176744 579.9949882364635 300.000015010005 455.57486439908007 300.00000684153474 483.5215789090885 436.6548023754858 300.65740911610874 300.0000070300666 457.69789151167197 300.0000028950403 300.0000044505259 402.4156369223688 300.41564403654957 414.87381197880995 418.2421315158567
300.00000000000045 300.00000000000045 300.00000000000045 400.00000000000045 300.00000000000045 300.00000000000045 400.00000000000045 300.0 300.00000000000045 400.00000000000045 400.00000000000045 400.00000000000045 300.00000000000045 300.00000000000045 400.00000000000045 400.00000000000045 300.00000000000045 400.00000000000045 300.00000000000045 400.00000000000045 400.00000000000045 300.00000000000045 300.00000000000045 400.00000000000045 300.00000000000045 300.00000000000045 400.00000000000045 300.0 400.00000000000045 400.00000000000045
1000000.0 1000000.0 1000000.0 1000000.0 1000000.0 1000000.0 1000000.0 1000000.0 1000000.0 1000000.0 1000000.0 1000000.0 1000000.0 1000000.0 1000000.0 1000000.0 1000000.0 1000000.0 1000000.0 1000000.0 1000000.0 1000000.0 1000000.0 1000000.0 1000000.0 1000000.0 1000000.0 1000000.0 1000000.0 1000000.0
