24633.401727569755 31539.80233920837 18533.845014182454 32798.75159121659 29660.613891972072 18073.362103489126 15574.379069331064 43123.042735160794 44914.67880485518 26767.41593528371 6491.675277157324 19858.722412525563 31077.608548976037 52230.05852913336 25171.7870857929 27550.920091209675 33666.02967163191 48066.750499846035 24326.732393061407 32119.3783617707 29573.404236663497 62856.32152475342 54374.336435523655 27669.19081160506 32243.130795126883 24661.009417260153 29156.777323052575 35314.79220425578 24614.121483793093 24668.753948660276
24633.401727569755 31539.80233920837 18533.845014182454 25136.309944336128 21395.903600268437 18073.362103489126 15574.379069331064 41732.71393144221 44914.67880485518 26767.41593528371 6491.675277157324 19858.722412525563 16209.238054055066 29776.00732879946 25171.7870857929 27550.920091209675 33666.02967163191 48066.750499846035 22069.28444651197 32119.3783617707 29573.404236663497 27312.467130863664 36208.21041862313 18856.490790414722 32243.130795126883 24661.009417260153 29156.777323052575 29552.49748592964 24614.121483793093 24021.20581372227
24255.326716454896 30295.745519476695 18533.845014182454 25136.309944336128 21395.903600268437 18073.362103489126 15574.379069331064 41732.71393144221 32743.119601348342 26431.70938882785 6491.675277157324 19858.722412525563 16209.238054055066 29776.00732879946 25171.7870857929 27550.920091209675 33666.02967163191 48066.750499846035 22069.28444651197 32119.3783617707 26562.851352437887 26306.952273377512 34019.859846431435 18856.490790414722 32243.130795126883 21792.50230600853 19230.295422825027 29552.49748592964 24614.121483793093 24021.20581372227
24255.326716454896 22453.608200484767 18533.845014182454 25136.309944336128 21395.903600268437 18073.362103489126 12723.77846326373 27320.43390747644 32544.603674348313 26431.70938882785 6491.675277157324 19858.722412525563 16209.238054055066 29776.00732879946 25171.7870857929 27550.920091209675 33666.02967163191 44771.86125205492 16864.58092541945 32119.3783617707 26562.851352437887 26306.952273377512 34019.859846431435 18856.490790414722 32243.130795126883 21792.50230600853 19230.295422825027 29552.49748592964 18457.745587986214 24021.20581372227
24255.326716454896 22453.608200484767 18533.845014182454 14577.495112132521 21395.903600268437 18073.362103489126 12723.77846326373 23608.81974335335 22613.231573582027 22231.759563533345 6491.675277157324 19366.47314445603 16209.238054055066 29776.00732879946 25171.7870857929 27550.920091209675 24980.320875594476 44771.86125205492 16864.58092541945 32119.3783617707 26562.851352437887 19332.24996046586 31255.105709930318 18856.490790414722 18548.762773187813 18527.881720996465 19230.295422825027 29356.918911927016 18457.745587986214 19600.23802305917
16152.037475395697 22453.608200484767 18533.845014182454 14577.495112132521 21395.903600268437 18073.362103489126 12723.77846326373 23608.81974335335 22613.231573582027 12797.035379927913 6491.675277157324 19366.47314445603 16209.238054055066 22907.853843227895 25171.7870857929 27550.920091209675 16634.875889887036 40663.92812784698 16864.58092541945 32119.3783617707 26562.851352437887 12185.186499178546 31255.105709930318 18856.490790414722 18548.762773187813 18527.881720996465 19230.295422825027 23346.867417941245 18457.745587986214 19223.150602984013
16152.037475395697 22453.608200484767 18533.845014182454 14577.495112132521 21395.903600268437 18073.362103489126 12723.77846326373 23608.81974335335 19187.833497319196 12797.035379927913 6491.675277157324 19366.47314445603 16209.238054055066 22907.853843227895 24469.69178623103 27550.920091209675 16634.875889887036 40663.92812784698 16864.58092541945 32014.353656048894 24695.08631336213 12185.186499178546 31255.105709930318 18856.490790414722 18548.762773187813 18527.881720996465 19230.295422825027 23346.867417941245 18457.745587986214 19223.150602984013
16152.037475395697 22453.608200484767 18533.845014182454 14577.495112132521 21395.903600268437 18073.362103489126 12723.77846326373 23608.81974335335 19187.833497319196 12797.035379927913 6491.675277157324 17980.435395325872 16209.238054055066 22907.853843227895 24469.69178623103 27550.920091209675 16634.875889887036 40663.92812784698 16864.58092541945 32014.353656048894 24695.08631336213 12185.186499178546 31255.105709930318 18856.490790414722 18470.468785145087 18527.881720996465 17407.024725281164 23346.867417941245 18457.745587986214 11900.543033449254
9890.08632634308 15306.52155732808 18097.850886148513 14577.495112132521 21395.903600268437 18073.362103489126 8711.334292653703 23608.81974335335 18117.07763313548 12797.035379927913 6491.675277157324 14230.240962608683 16209.238054055066 13239.928867186414 18344.656981538814 27550.920091209675 15875.316573269678 10753.80430531859 16864.58092541945 25783.686641523556 13438.80121931167 12185.186499178546 24481.713776521232 18856.490790414722 16971.63941591553 6632.358696216532 10092.88762826197 17946.105467110192 18457.745587986214 9854.16848465503
9890.08632634308 12183.452039319673 13244.511270772608 13927.837641151971 17072.246748170553 9241.951761111632 8711.334292653703 20403.681730145086 18117.07763313548 12797.035379927913 6491.675277157324 12686.830128690322 7993.399773336087 13239.928867186414 18284.555082003993 17648.130980772912 11274.998645957088 10753.80430531859 16864.58092541945 15466.025736226431 13438.80121931167 12185.186499178546 7877.805327244129 17374.84259222133 12053.109314904448 6632.358696216532 7617.411396099396 12432.929536388934 12510.79600842315 9854.16848465503
9890.08632634308 12183.452039319673 9494.853856327705 12326.643858490464 17072.246748170553 9241.951761111632 8711.334292653703 18112.312405939265 14232.140847708657 12313.75538981481 6491.675277157324 10116.933648132797 7993.399773336087 13239.928867186414 16844.178203966443 17541.600185943164 11274.998645957088 10753.80430531859 11113.952520878614 12686.048879676098 13114.201138677829 9645.857341720859 7877.805327244129 6083.158494394851 9586.602104046075 6632.358696216532 7617.411396099396 12432.929536388934 12510.79600842315 7730.368790861666
9890.08632634308 12183.452039319673 8983.189294173293 7080.256419228505 11665.304583279865 7260.725534720776 5761.70195543292 15249.77177421252 7491.294021835906 10052.639318880525 6491.675277157324 10116.933648132797 7665.579323271616 7675.717890329865 5189.375895283211 11884.482576552607 8167.487293688177 8093.734727488178 10316.384577012033 10576.547882805464 6565.401675294259 1309.4075874523116 7846.329132122607 5770.349815897129 8136.596120180269 3815.195868504973 7617.411396099396 12432.929536388934 4707.68564755154 7206.261452292243
7565.927500226956 9065.8779491254 8261.262134878965 7015.8698542191605 3537.494249603202 4950.161944437479 3674.0075577931066 4495.772392939911 6331.345981869342 4603.882993138192 6048.913085561885 6067.237046499573 7207.420079107366 2800.744768060075 1193.5555734958002 6398.252029170579 8017.390142724182 1858.2550128680155 5150.066654552768 6425.134434660326 6441.935873070096 1177.5878229762598 2003.3062317036447 4891.630394588877 6545.324816319031 3815.195868504973 5391.973298726004 3034.6460646351293 4691.903220685741 5645.220439865054
3836.9937074121826 3688.5985244082112 3631.881210797391 3263.7633926270223 404.8697473115169 503.41676157167194 2768.040249561099 3643.57288784792 4755.178665667094 3360.1029182729594 2274.960470981422 3092.75950011625 2721.4154007118095 2800.744768060075 728.2258595112153 4829.823931252274 2275.3416046675216 1807.0503155229217 3285.0686523083054 4698.218467574541 2224.5602932242114 1099.654427885098 238.70649053570924 3326.0652198609077 3568.243365583906 2489.3440511934045 3181.094122981899 2082.9108180047647 2878.09253005662 1713.5855352830563
13.227565196869136 1204.8015538775414 150.57274415833558 1047.850075970945 0.20286903400705114 0.07668561950185904 66.58501671710923 866.9566871628699 1209.1742937770268 802.6329783201122 381.7438916086585 13.288076391248808 680.4979439852966 349.21767874841714 80.98809773200799 524.4391780653801 113.28659614077338 140.12947958162425 557.0130852409584 148.50621756122678 443.06931534533715 665.2919366385255 39.31717057541772 567.6280573019284 1011.3038577923517 254.82519955747262 2.92641399425753 417.397798703651 1038.787095851954 390.5930808176463
1e-08 1e-08 1e-08 1e-08 1e-08 1e-08 1e-08 1e-08 1e-08 1e-08 1e-08 1e-08 1e-08 1e-08 1e-08 1e-08 1e-08 1e-08 1e-08 1e-08 1e-08 1e-08 1e-08 1e-08 1e-08 1e-08 1e-08 1e-08 1e-08 1e-08
193379.0 196714.0 193361.0 194596.0 184641.0 188618.0 190869.0 190983.0 193298.0 194516.0 186987.0 183161.0 196846.0 197146.0 191665.0 183485.0 188520.0 193874.0 192770.0 195372.0 196900.0 190149.0 194324.0 195228.0 191896.0 196930.0 190305.0 192980.0 195544.0 195474.0
