8562.452088899578 9612.530520625087 11046.539558382527 10771.444387932008 11907.381750862709 6379.064065211845 12322.364555075437 9790.1516199364 10443.864671536983 6418.465680322874 10553.153345678733 9620.274626924864 13247.826601355184 15215.74489828831 10323.463629105225 9525.461879542934 10356.138862951177 9392.54584630475 10811.05672102289 10961.073125644289 11416.973957023398 13257.257176716692 6242.47201792747 7292.082492146339 7129.328763077076 8911.233575640836 12492.07820562686 8696.135530460535 13050.445947096317 9954.80931123588
7946.3475720753195 9569.186233365555 8423.331579645734 10117.105494205414 11884.712380339068 6379.064065211845 9836.089728110086 9790.1516199364 6046.965765605648 6418.465680322874 9836.139906008138 8456.415438262822 10596.893985239074 11493.04530536106 9151.482271262284 9525.461879542934 7665.129549386189 9392.54584630475 10210.83774791069 8807.511949498705 7939.833551692052 10610.556629330626 6242.47201792747 7292.082492146339 7129.328763077076 8911.233575640836 9716.375544997069 8696.135530460535 9570.335120000043 8547.834706144773
7171.5077973760635 5570.871269013377 7813.651541241477 8379.738592164962 7431.836064600251 6379.064065211845 7082.244609596351 8852.179708701085 6046.965765605648 6418.465680322874 7774.294344612143 5973.984529376954 9041.979545511085 9102.16933003992 8341.665934750772 9525.461879542934 6264.6557576916475 7129.92077582041 7499.123310793342 8077.055467810271 4496.1058996749125 7493.570641525683 5431.719977056661 7292.082492146339 6534.058453159945 6249.075728540141 7344.711214464802 6200.519195335661 8428.551023949156 6941.537283217414
5458.0665438013975 4011.9846271520855 5984.604678803869 4941.658085194311 4390.259599288567 5916.586813128273 6359.405475621357 4602.311950885842 6046.965765605648 6226.80058860845 4937.161576899856 4958.520546622373 6610.389018933318 5624.116107940394 6296.493174167819 6220.732753190168 5431.324717760035 4819.323986086155 3849.668545903134 6098.956333707243 4496.1058996749125 2410.649675447272 5431.719977056661 3795.6156908932726 5623.2918718455785 3399.075102573088 6953.145723051646 4982.328660093169 5416.8673529709 5642.3325855646835
3363.0990865749936 3463.5144426585894 3585.7568010726227 3592.5030676421757 3342.5093881807334 4042.150616455461 3122.373518642944 2011.7186370882082 3262.1384043750404 3635.9107659424626 3231.406193513355 3494.7311014854777 3638.367931047619 3985.585769132622 2822.3497817092775 3694.1613778384144 3211.8270180118043 2810.391122761128 2921.9455714082887 3856.4266479760927 3082.248670290761 2410.649675447272 4045.9979800076426 2732.293745844877 3612.8817648647264 1861.833596662188 2516.6598488102827 3538.1808715462375 3182.0414818877744 3243.2403824013145
2203.6071566349474 1867.0258854038166 1860.9910812115768 1899.6176930654365 1836.4326181366941 2189.422842156594 2275.975916648118 1734.4254385006316 2132.004856750864 2423.357295879041 2162.999073209945 1967.8061201688015 1597.8322696529685 2566.4459391665087 2001.5164753122008 2079.265271528675 2103.6106949541772 1612.2992732089824 1934.3516729662824 2035.9987879538457 1684.0638031408562 1956.0905788120872 1962.4192066508795 1776.6733824929534 2021.2093320429985 950.0274684268147 1427.0909383508379 1813.9568240772642 1919.2331585012762 1942.0096666626432
1092.5784294938057 1078.6653529166788 1097.5090611585692 1030.9504525153839 868.8717175542424 991.0491770289136 1186.214825934071 1124.0912253268662 1233.2798120607304 1200.279806964783 1099.901436357104 1142.8235327733282 986.7201755295619 1297.6101085855562 1034.5128752725386 1172.2620375118804 1196.6255132220836 939.3932438711095 1027.4144550120677 1056.3903911580992 1030.7763818202975 1324.8042973474376 1035.186243319229 950.3357734789943 1163.2494292415854 760.9908460524025 994.5679635005326 1056.1099117546828 952.7307948530224 980.3886315751884
428.7975794128697 428.29293795582225 449.29990039333825 494.0151093944082 434.4190714343158 773.1470563737375 480.675382670855 806.6895443585136 450.41400301889826 497.2263355259147 478.6876082215331 440.6863592339332 799.406485817151 480.8459861594438 451.1859966983079 434.0186250616207 836.604660423538 446.3821540533786 447.88198219413744 472.4320933714057 440.25147920249356 514.4905242145805 454.308665769493 433.34770409930843 452.093549528704 688.8624584309619 783.783531657532 423.58324234090605 450.3012585774104 415.3845129618385
306.9731350969855 306.95604238806527 306.54854794634275 309.33313698030224 305.5924556757145 670.0197518303144 306.2749330415759 724.8586647754746 306.99344570100766 309.5326378783484 308.9723257979049 308.9736062267766 706.3549078237702 310.79110608520386 306.1826082550374 305.1859286752033 647.6164542798797 305.1742488967566 309.07142620856985 310.03394736166956 304.65654682064996 316.3601201829197 308.0940413183953 309.0727381591 307.43329666325235 447.1964971283396 707.8748524302937 305.85137044820476 307.0839190428428 306.82795445609554
300.0103572577568 300.0128536967936 300.01706955489954 300.02588766222607 300.011351119369 421.2307739831008 300.01482404622857 500.3442823452733 300.01514462058185 300.0138179930118 300.0366768657864 300.0189951757584 574.620205893304 300.0215571489598 300.01883616957 300.01616597499105 479.29776773200183 300.0168439770473 300.0349383735711 300.02783168229143 300.01304582664034 300.0595577693234 300.02332269487215 300.0221753138185 300.023136815264 400.08159174348475 553.5867782766386 300.01402179466186 300.014041346114 300.01363732657455
300.00000024572364 300.0000003928594 300.00000043506316 300.0000011748025 300.0000001727799 400.00719945614355 300.0000002993793 340.01315379367225 300.0000004889239 300.0000001964204 300.00000201803414 300.000000813141 411.2615460216216 300.00000067843393 300.00000144991554 300.00000079787606 386.5272934779905 300.00000039030874 300.00000128503734 300.000002309504 300.00000051843017 300.0000045164752 300.00000123449854 300.0000014809939 300.00000130336184 400.0000006045666 401.1519671786159 300.00000055791133 300.0000002202637 300.0000005159127
300.00000000000045 300.00000000000045 300.00000000000045 300.00000000000136 300.00000000000045 400.00000000190994 300.00000000000045 311.67496779818885 300.00000000000045 300.00000000000045 300.0000000000191 300.0000000000009 343.4814641798321 300.00000000000045 300.0000000000018 300.0000000000009 302.6331858757412 300.00000000000045 300.00000000000045 300.0000000000009 300.00000000000045 300.0000000000023 300.0000000000009 300.0000000000009 300.0000000000009 400.00000000000045 400.0733767245456 300.00000000000045 300.00000000000045 300.00000000000045
300.00000000000045 300.00000000000045 300.00000000000045 300.00000000000045 300.00000000000045 400.00000000000045 300.00000000000045 302.46062371749576 300.00000000000045 300.00000000000045 300.00000000000045 300.00000000000045 303.5953833501153 300.00000000000045 300.00000000000045 300.00000000000045 300.11883831349496 300.00000000000045 300.00000000000045 300.00000000000045 300.00000000000045 300.00000000000045 300.00000000000045 300.00000000000045 300.00000000000045 400.00000000000045 400.0045413127018 300.00000000000045 300.00000000000045 300.00000000000045
300.00000000000045 300.00000000000045 300.00000000000045 300.00000000000045 300.00000000000045 400.00000000000045 300.00000000000045 300.087597150296 300.00000000000045 300.00000000000045 300.00000000000045 300.00000000000045 300.1156015919073 300.00000000000045 300.00000000000045 300.00000000000045 300.0013795841487 300.00000000000045 300.00000000000045 300.00000000000045 300.00000000000045 300.00000000000045 300.00000000000045 300.00000000000045 300.00000000000045 400.00000000000045 400.0000290054659 300.00000000000045 300.00000000000045 300.00000000000045
300.00000000000045 300.00000000000045 300.00000000000045 300.00000000000045 300.00000000000045 400.00000000000045 300.00000000000045 300.00092730636425 300.00000000000045 300.00000000000045 300.00000000000045 300.0 300.0001544803272 300.00000000000045 300.00000000000045 300.00000000000045 300.00000037215796 300.0 300.00000000000045 300.0 300.00000000000045 300.00000000000045 300.00000000000045 300.00000000000045 300.00000000000045 400.00000000000045 400.0000000040977 300.00000000000045 300.00000000000045 300.00000000000045
300.00000000000045 300.0 300.00000000000045 300.00000000000045 300.00000000000045 400.00000000000045 300.00000000000045 300.00000009274254 300.00000000000045 300.00000000000045 300.00000000000045 300.0 300.0000000011232 300.0 300.00000000000045 300.00000000000045 300.0000000000009 300.0 300.00000000000045 300.0 300.0 300.00000000000045 300.0 300.00000000000045 300.0 400.00000000000045 310.60515883487506 300.0 300.00000000000045 300.00000000000045
1000000.0 1000000.0 1000000.0 1000000.0 1000000.0 1000000.0 1000000.0 1000000.0 1000000.0 1000000.0 1000000.0 1000000.0 1000000.0 1000000.0 1000000.0 1000000.0 1000000.0 1000000.0 1000000.0 1000000.0 1000000.0 1000000.0 1000000.0 1000000.0 1000000.0 1000000.0 1000000.0 1000000.0 1000000.0 1000000.0
