1246.7654673878442 894.7050696743026 1330.3273292317035 3767.405187538443 1151.2358143319452 1463.7953332616548 338.25000051595543 3126.516992985713 1725.6271715583362 806.7415918686611 2076.921248343935 9166.800690534983 6255.1379528950965 614.0065510305685 623.7722092580475 12155.090194094744 1292.8909556980684 1003.5617728010052 800.2753668438704 2695.7732836656123 561.324046441724 1005.984892325007 1679.7131335257527 3964.2171486326024 672.983187774727 1346.93669492068 1118.9684666507583 7530.966597854971 1765.8489571976825 2567.849591347851
483.48825671370923 717.1209412736216 1110.2850164494507 270.26225543840155 1053.724260559069 1463.7953332616548 338.25000051595543 523.8356234106104 1041.5233910483757 806.7415918686611 1115.369944692423 2401.562984223883 1141.4813480711964 614.0065510305685 623.7722092580475 1560.846467904651 721.2136721927282 1003.5617728010052 540.1883423189965 1877.770588662102 561.324046441724 946.4100456177512 1679.7131335257527 2782.5154043103303 497.6783917486432 1346.93669492068 919.4191517831096 7107.87139575967 1356.2212131586557 1250.1622724687304
483.48825671370923 700.6383329257869 834.5607398957304 270.26225543840155 752.2021896173733 906.0672468054631 338.25000051595543 523.8356234106104 1041.5233910483757 617.9227426132697 439.85556046297825 903.2909028012864 746.4791081359472 614.0065510305685 623.7722092580475 897.9588344118647 520.548738328448 413.104394043904 540.1883423189965 524.7336579767516 254.4566358693578 664.3986385506414 1529.9139292374102 980.8609890646549 497.6783917486432 752.4334802162193 516.5148504032395 919.4595224233467 735.963205069258 734.7505015713186
483.48825671370923 267.33718150917593 474.6959684857625 266.3150037008536 569.8286421386151 570.0610764464031 338.25000051595543 461.42685229411063 593.6745160686514 525.4592606495466 439.85556046297825 262.29223617068055 315.8888122085755 287.5193759511976 499.4419454496938 440.30432094576054 324.93906233045936 413.104394043904 434.23191174794556 520.9226510720246 254.4566358693578 545.4133032721338 834.0147950342289 160.30253941598494 497.6783917486432 553.8589083170191 79.3115287921728 447.3636488095317 339.6312606865122 577.765954887188
285.9058405942069 267.33718150917593 225.92613597101672 208.0574853062226 323.1196097552638 345.1405120077875 338.25000051595543 225.67477240601647 400.67717736301347 94.36505384755583 384.0054958826845 53.816323630685474 240.91541014404083 166.42795257189846 124.36407699216716 204.96908077450735 282.3392065644566 226.8178952048238 327.88850899134013 242.49341757667162 254.4566358693578 168.1153709714372 341.12628018753094 123.41231177097097 221.39176898768073 112.16223607686425 79.3115287921728 315.6399574666493 307.59123388714715 125.40512375273147
97.20361838740837 120.63436228646515 159.6038714468241 116.89425758459447 87.7577148026362 87.04844286070647 84.6802760281771 127.27990754461052 112.61074453269339 94.36505384755583 90.4119872339752 53.816323630685474 87.87680690865136 70.24690320235413 78.2151778810121 56.272627833477145 73.4106670605961 58.65423282481697 136.3998510186948 89.57256826306457 80.3483063259323 104.29193575847694 134.52163391505837 65.6173369872231 85.11282139069044 86.61123157715065 79.3115287921728 104.04683154882468 126.96803687874899 100.27853175832706
61.547906424096254 45.129340319778294 56.52326803678261 55.288735832684324 65.37630657112732 53.540369779331286 50.08435582196853 42.472220521770396 60.58454272710787 58.688411433497095 71.1436434583211 53.816323630685474 65.11210806864483 67.25160750784653 67.82621226969877 49.68830706877816 73.4106670605961 58.65423282481697 59.247791319409316 61.023734363919175 67.84256564394809 61.939338133973706 54.757400250189676 50.45184249591284 65.57998128140116 41.27584222389714 48.44663319465326 46.17203600619814 81.26690290994884 70.64292455193254
55.652963402388195 43.963870860176485 52.937255391750114 46.367152447152876 54.845582383864894 49.357625789262784 50.08435582196853 40.45606897122707 43.30697047759941 36.00594115247122 47.359708845464866 43.125939129958624 54.340331922282985 51.791902401620064 46.88732523959561 49.68830706877816 52.331079915294595 47.61096969762548 42.15116303775312 50.961077209020914 41.11664659466305 39.10757744215516 52.88930158470521 45.154118259351435 41.078671781770936 39.91980350810263 45.81680252005981 39.306425800493344 39.94568636577196 54.57714799126143
35.28465765675901 38.60523930884665 42.10800408724799 40.04896166925164 38.5551927703209 36.190476862757805 37.881980603540796 33.75800549696669 36.46610192292337 29.714118565218087 36.80523928256207 35.995894590463195 42.62310632926801 37.730083390134496 42.899148309077646 33.481062423994445 34.65723845772345 41.21153342421667 37.92700413982175 38.9994626968396 35.70378217906773 37.95379650662335 35.66065544102139 34.335976145234326 32.31039080908977 38.95167533241238 39.45130412379285 34.07617264634564 38.299933246424644 36.72446055491082
31.179946255358118 33.18318459972397 35.74375951148977 32.21211393337853 32.72526523052238 31.65424626255208 36.57324770843479 30.498676014439297 32.747787893398254 29.058379512809097 31.625534695375336 34.574330960018415 35.52433786739175 32.63758142876395 33.62754801365509 31.392052416093065 31.915125073435775 33.59287975870757 33.51509139270229 32.20096613534315 32.826654388815314 32.504471089652725 33.27026732908689 31.676145405482202 32.31039080908977 31.617039782840948 33.89876765773215 27.129256584440554 32.180722865437474 35.26224624989709
30.25882910882683 28.010243312965486 31.18001753679664 31.339899299357057 28.530892023800334 28.87575565487623 30.146060977722755 29.628953274223477 28.100792110182283 28.357403082090514 27.570026925363436 26.369312782077486 27.75076418428398 30.1189606987341 26.835186513248118 27.906423058831933 30.081562195352035 30.640967520686445 27.71366416957744 29.34970448502372 31.8362261743614 29.832433677670906 31.277910982853882 27.44488340069438 28.91426712598559 30.08240323948712 28.521890366918342 26.343193300296207 29.68485191510672 30.078476608409346
28.11292163283906 27.834418672748143 26.778069751126168 27.234760754598938 27.594846950857573 27.332932965306554 26.122083995321645 26.400897274832914 27.07122631260927 28.208004977883775 26.65392723298646 25.35894363842408 27.079812527680133 27.51705376358632 25.6623986414952 26.836759224506295 27.452014956470975 27.735204181959944 27.33225762048687 24.599089049128906 26.38242246405889 24.829624177980804 28.541565609097688 26.25358794071144 26.962363473346613 27.871989138010576 26.840845697909117 26.343193300296207 27.51594403216177 28.997437866972177
25.792540391534658 25.741161654307234 25.69111244113219 25.844276940602413 25.52788344984492 25.365262743030144 25.568783262770012 25.043130636643582 26.15398187458686 25.69706478786884 26.529360160589476 24.95187512134271 26.21325675206981 25.783587503725812 24.79912944855687 24.128685381411742 26.167391377036893 26.559226149222013 24.762961409953277 24.43536870805974 25.306649014931736 23.560622297264672 26.729857397094747 24.77685783310517 25.661958999216495 25.653417336014627 25.10970653706272 25.272625219110978 24.692452179242082 24.540796042207603
24.54921234091171 23.956049290721694 23.848726379032087 25.103347319782188 24.768744246341612 24.74051612876565 24.786305496305886 24.515948571760873 23.80874679102999 24.635448354772052 26.056625462261763 24.08924832055709 25.256466610082043 23.850110019486692 24.31985498459926 23.91522670077893 25.79901072349503 24.956157638084733 24.308451327297462 24.109964524890984 24.76667521891568 23.495095885465616 25.016877303276942 24.462605500029895 25.371581956876526 25.14402451349224 24.682804403706086 24.273086775536285 23.961690797166284 24.379308549476264
23.617310996766264 23.513610229437745 23.80098979912782 23.56955075445012 23.23961767728315 23.868558647563987 23.45677932575154 23.968025648415733 23.776912845482457 24.091598396762947 23.231550750049337 23.231951172260324 23.894466688001557 23.646351310984755 23.24556859708855 22.531045679107592 23.388012788358537 23.943855909853028 24.23065159239195 23.9017627807807 24.114493986241996 22.87579044286076 24.020172473774892 23.626919437282595 23.710136811442226 23.16851646185114 23.90042665367173 23.93268604518471 23.300371241403354 23.76634297152077
22.928147693226492 22.818392712673358 23.125028225407277 23.15310381748077 22.916856447031023 22.999142933772873 22.560552621380793 23.203961672197693 22.848027373152036 22.88587132065959 22.79361659825281 22.712970255301116 21.98672602406714 22.87256520354049 22.43997629616615 21.993168121553936 23.139272217627877 23.147618338130087 23.207005105701683 23.42085995776597 23.475547615227242 22.618931024746416 23.219429269274315 22.538941118835737 22.80756598576363 22.696451332386005 22.520392989951688 23.522090303747518 23.123331797603896 23.277105941308946
1000000.0 1000000.0 1000000.0 1000000.0 1000000.0 1000000.0 1000000.0 1000000.0 1000000.0 1000000.0 1000000.0 1000000.0 1000000.0 1000000.0 1000000.0 1000000.0 1000000.0 1000000.0 1000000.0 1000000.0 1000000.0 1000000.0 1000000.0 1000000.0 1000000.0 1000000.0 1000000.0 1000000.0 1000000.0 1000000.0
