891938.716874142 148813.8525977973 1022184.8207708349 57235852.4599964 227108184.2814583 7441678.105261146 99707.14561473182 661883.9756827012 1304768.369471751 4763937.569262071 69220.86617861161 97274.86671477472 2338976.0938455407 711716414.2159749 5054991.625998953 109935729.10640861 642424.1172503671 188929.7060382694 1577192.3248195678 2185509.0984336156 148807624.48244354 95598.82509424236 150108.4895243071 6445913.49210783 94281.02950880973 137313.98542990486 2304550.8616291448 374095.0229121176 91974.94102642294 579710719.8401712
68540.13150441535 148813.8525977973 1022184.8207708349 99605.01332529614 2092194.5638447374 129839.34177440373 99707.14561473182 661883.9756827012 99517.98578680631 476473.52487293707 69220.86617861161 97274.86671477472 78362.42731825296 1542477.7377335883 115004.15445040775 1502244.7429062193 113260.13414073495 188929.7060382694 153625.40034392668 686949.6652787465 133885.37036641283 95598.82509424236 58884.0502692576 6445913.49210783 94281.02950880973 137313.98542990486 95156.082540472 374095.0229121176 91974.94102642294 3504541.895583494
68540.13150441535 102129.76491985688 241713.89263231948 97478.85763891407 118762.8401641968 61069.322605971836 99707.14561473182 78919.66426025215 82222.03715727372 76767.71627197812 69220.86617861161 81414.8089212459 62106.98754721403 89652.56156804619 93504.46305575168 72412.37208110158 87924.197026304 68384.9083465957 96511.44126253332 156966.57566076267 75264.04843563009 73153.38111573194 58884.0502692576 93967.35759580492 94281.02950880973 136020.10045093813 95156.082540472 81228.56398405076 91974.94102642294 103044.65552154004
68540.13150441535 75772.28024090038 56154.02628704982 62139.898463082136 82420.39850622289 51257.02930809025 80065.07080851751 78919.66426025215 61915.30923653602 51728.95548159965 56345.42024614168 63685.233011373915 62106.98754721403 82983.99758137336 86359.93842748312 70757.75083819806 86294.19870391766 68384.9083465957 51696.09142734165 51107.366785471684 54217.265570166375 73153.38111573194 58884.0502692576 61665.42174672302 45345.840467567905 77909.11672272741 70293.80703043271 78113.26700903648 91974.94102642294 77351.0164804438
54111.84259247978 69934.79372562292 56154.02628704982 48209.75942814333 64550.16533648002 51257.02930809025 50966.90945194754 52636.72187205789 61484.359459797655 51728.95548159965 56345.42024614168 59303.125462117365 59789.07146776343 74027.36441638829 66394.45392680705 57136.008251268 50532.27917547633 43633.00903080865 51696.09142734165 51107.366785471684 54217.265570166375 45111.72263135483 46817.00267403556 56438.472970181836 42969.92673613852 77909.11672272741 70293.80703043271 66609.27924657307 91974.94102642294 69958.2854654183
44800.47067796637 61946.73816926715 56154.02628704982 32381.332985314286 51306.37289471014 49290.41212921823 37438.68715779512 52636.72187205789 39228.50639546876 40602.78015381208 48639.52989040083 36350.7685065817 53562.7130509792 55730.85658968726 49626.79163923141 56690.99407663831 50532.27917547633 43633.00903080865 47592.02408681833 43185.24133479783 45086.357532066504 45111.72263135483 46817.00267403556 56438.472970181836 42969.92673613852 77909.11672272741 61267.01606149469 66609.27924657307 65728.33962090369 46881.345865887066
31980.48939159959 39152.34466897153 56154.02628704982 30303.176139090152 46144.2947608697 45374.12039370512 37438.68715779512 52636.72187205789 39228.50639546876 40602.78015381208 36668.76524230038 30709.726258153536 46753.88748658167 31377.719442273963 49626.79163923141 40431.18520649815 50532.27917547633 43633.00903080865 34717.422222569585 41479.17002507081 35986.41288319743 45111.72263135483 30961.046698997357 56438.472970181836 38206.10666284197 45372.62261234842 48981.40422830093 42224.420241478685 56993.30971553852 44932.781819579155
31980.48939159959 33116.003264023224 33225.263404167 19674.593118879016 43439.52263651304 30907.492091227232 24685.08311221527 26366.923671528566 24876.588834248534 35656.88240455529 35037.08932280696 30709.726258153536 28549.505028937358 31377.719442273963 26641.677891954292 35360.55805429178 37565.48475814044 16472.191516003128 24529.525498263938 26143.88060469756 27030.767198344365 22029.65998227258 30961.046698997357 29332.668588217926 23777.206688009126 36667.98464063832 35814.95247421068 35050.910970415265 44530.007707175246 43792.47000624542
11524.950714442977 6556.248733377895 9401.113531551828 9688.43813162157 11633.716390853717 13953.558922082724 9988.164273592232 11035.997084298879 9208.593457846648 19475.32836306451 7205.048761804617 13590.628508797132 15232.055878795369 11569.21213304741 18390.03618869735 11243.72398567375 19399.17127290302 14398.74794673327 12211.544163198183 12031.981856103435 6131.525627607793 8063.501784763446 13056.390106337665 20445.25317494287 5603.3410227104505 17818.65399624594 16510.341494123422 10078.081816646854 24282.44934366513 25719.41051003597
377.28794613246873 55.63489774970918 96.54270692286059 511.57043205117736 356.99537612364406 521.9965651276412 168.12432151480596 114.6379659126095 267.9902809049661 3967.16109582204 63.43558835402689 385.61191130479006 4008.7306110895142 278.04421144184664 557.5279293464728 312.1124366378044 1837.1380760295724 494.794707511061 275.3370426438704 196.51391155169097 71.06024518332174 282.3223780389533 292.528625691818 1731.9407776310659 103.8863962888147 277.7014588709269 785.7962377198482 84.75015444180241 791.4081472990747 1705.4793816854778
1.6715377398668352e-05 1.4470520000031684e-06 2.8703819339170877e-06 9.037042673298856e-06 8.472530112157983e-06 5.004941056085954e-05 1.2961929769517155e-05 1.6225682770709682e-06 2.0560213386033865e-05 0.0014042806946577002 1.2404512972352677e-07 2.088533562982775e-05 0.0007828300965115886 1.0264459092468314e-05 7.194236002305843e-05 4.634032904959895e-05 0.0038806194982043962 1.7489911272150493e-05 3.819852167907811e-06 5.628223846088076e-06 4.6703479483767296e-07 2.100374666724747e-05 5.2477381018434244e-05 0.0005052593439245356 9.930654186973698e-06 2.3064164111019636e-05 0.00030137677509856076 3.668073304652353e-06 4.858123634221556e-05 0.00020557217141004003
1e-08 1e-08 1e-08 1e-08 1e-08 1e-08 1e-08 1e-08 1e-08 1e-08 1e-08 1e-08 1e-08 1e-08 1e-08 1e-08 1e-08 1e-08 1e-08 1e-08 1e-08 1e-08 1e-08 1e-08 1e-08 1e-08 1e-08 1e-08 1e-08 1e-08
1e-08 1e-08 1e-08 1e-08 1e-08 1e-08 1e-08 1e-08 1e-08 1e-08 1e-08 1e-08 1e-08 1e-08 1e-08 1e-08 1e-08 1e-08 1e-08 1e-08 1e-08 1e-08 1e-08 1e-08 1e-08 1e-08 1e-08 1e-08 1e-08 1e-08
1e-08 1e-08 1e-08 1e-08 1e-08 1e-08 1e-08 1e-08 1e-08 1e-08 1e-08 1e-08 1e-08 1e-08 1e-08 1e-08 1e-08 1e-08 1e-08 1e-08 1e-08 1e-08 1e-08 1e-08 1e-08 1e-08 1e-08 1e-08 1e-08 1e-08
1e-08 1e-08 1e-08 1e-08 1e-08 1e-08 1e-08 1e-08 1e-08 1e-08 1e-08 1e-08 1e-08 1e-08 1e-08 1e-08 1e-08 1e-08 1e-08 1e-08 1e-08 1e-08 1e-08 1e-08 1e-08 1e-08 1e-08 1e-08 1e-08 1e-08
1e-08 1e-08 1e-08 1e-08 1e-08 1e-08 1e-08 1e-08 1e-08 1e-08 1e-08 1e-08 1e-08 1e-08 1e-08 1e-08 1e-08 1e-08 1e-08 1e-08 1e-08 1e-08 1e-08 1e-08 1e-08 1e-08 1e-08 1e-08 1e-08 1e-08
58400.0 55800.0 56400.0 57100.0 59200.0 59000.0 58300.0 56600.0 60400.0 64300.0 53200.0 59300.0 63500.0 56800.0 60700.0 59800.0 64800.0 60400.0 58500.0 58200.0 54800.0 58000.0 59400.0 63300.0 57600.0 58700.0 62800.0 56800.0 59500.0 60700.0
