335.5969561437714 267.17388599045444 289.5359415595692 250.16883972817004 301.19112390863984 286.64148401867624 307.3630834910159 192.20908199319615 270.15259332773803 343.9626788453568 303.8316173577862 323.89780758020515 328.2167922557637 330.0273294420117 297.6954319660165 277.1482528548247 321.8302924705015 300.54985686537634 279.9597620606921 305.14050490750606 323.804148340412 263.42261444752717 284.47831127003974 305.0619399564773 318.463033078172 295.8549791371138 269.3749582283979 327.45278156721315 299.32801875353107 303.6808074950293
272.77534236241354 267.17388599045444 289.1138007846441 250.16883972817004 294.7949752361815 248.27379332809232 284.42038810923464 192.20908199319615 270.15259332773803 311.8909771230419 303.8316173577862 285.96116909483635 310.9600241207031 295.8744919656349 266.676469552973 277.1482528548247 304.3220121195882 300.54985686537634 279.9597620606921 277.6355542802562 235.71029329749217 263.42261444752717 273.8210999822618 305.0619399564773 318.463033078172 276.552053098912 266.59122397940473 254.81860738787395 299.32801875353107 279.50884446436885
272.77534236241354 205.53733121902496 245.01803136107173 250.16883972817004 259.7180780144397 231.34860550247095 223.266473363228 192.20908199319615 264.19993194826543 271.3480605616892 221.2062538651187 255.118928981213 266.24411344572195 263.5030949639372 230.19118255769513 250.8173714477507 267.2791639644315 242.82696518460466 268.83287014078064 237.9064802628743 235.71029329749217 259.91910496117725 215.53655840980082 224.6769739886945 247.92478012209995 254.96445983199487 266.59122397940473 254.81860738787395 230.05857481530097 238.73191123413335
226.66637259107574 205.53733121902496 193.33073170269722 216.78109661135113 170.54610493800965 227.55703131219025 218.61815754723114 189.93186626074953 212.01223097563388 225.29440827162807 217.90265306637252 170.1828760648856 206.70199898963676 220.1794978563396 202.1708928649457 199.56140526154786 187.83974852342726 221.43973344063295 196.88350748728408 222.54545652894728 224.66074458643538 197.11751363592782 215.53655840980082 220.09614248114497 229.97154301109003 192.66886312261818 243.03147150337327 204.07031366057686 218.40133660191782 224.56703522344378
199.54918282154335 184.61200680957973 193.33073170269722 199.49758270138716 170.54610493800965 193.0791575485323 184.77276937668887 163.23418590872063 204.89250033524797 185.03748890209295 205.3456203346684 170.1828760648856 206.69274282244965 205.61208273471186 181.2544722888672 162.5786212937245 187.83974852342726 183.0141204635322 189.54553586069858 199.39805750448238 190.60256034855877 197.11751363592782 187.11678436957425 203.9126052269968 167.7344613789295 169.57238137187255 184.71141509999597 174.08069901615727 200.59422381322315 202.00976752959332
155.2682235844486 165.08218125672067 163.8990907878043 170.08899939926755 163.85825006163805 152.71531065191868 143.704114315737 134.20497683058488 160.5517392506663 151.91682165839075 167.25863675603046 158.71311618197376 170.44656325482845 184.1289743630117 168.5435244506773 140.01523206056936 144.45891959632115 149.81814939856758 151.95646323302208 168.40324934772514 161.8925527116371 164.79893778619737 177.39790843003527 154.98299436586194 167.7344613789295 151.31601942872885 165.09536808251403 126.68735044612356 154.87331849842758 172.79507631860542
139.9284882613681 141.16291394747145 146.35333456085584 120.68293590920223 142.9065011454835 148.78631423745207 120.58204171797922 133.76652663021468 140.76554094998755 141.87716194352902 136.21037217963874 142.22490064039516 156.22416929756037 136.83215669156993 143.88309476757104 140.01523206056936 123.28146314252785 143.2841250890723 144.31258636978714 149.59340750686852 131.2200703503147 148.94644637321255 144.67441529679934 137.63671868958204 134.62336971300203 144.68755686779264 154.8558635024806 126.68735044612356 99.85575270608024 141.61561871055164
109.70535819058409 135.33218319187506 131.48476850884504 120.49099441818475 142.9065011454835 126.3624956484515 120.58204171797922 132.2924217206397 129.78711230333693 130.72959285284765 136.21037217963874 125.53183853412156 136.6785010779888 127.06130947359429 107.06975464792708 132.19452212796978 123.28146314252785 118.64949684791134 131.2879345121578 125.52419831823977 123.2117418073077 128.3414707047549 127.72197956964737 133.4646327584711 134.62336971300203 126.38363281572776 132.11628476370788 126.68735044612356 92.8062283915898 125.37198956292718
104.63943275431939 120.78053462363994 99.81772645547926 93.4362605493011 113.49877318677659 108.40666570801955 110.7365711325549 114.55422848725766 114.38264210796547 123.63220251655662 117.06071630487304 115.81089897002323 100.32212338709758 104.71195546698345 105.57645990981564 97.92198127427957 98.24221848689842 99.90317821311737 75.54912160421657 113.31317345769583 106.15743345947033 89.06944169361475 115.97307857164128 114.71513689808808 103.83861502584148 100.33763521219475 115.62603477926007 111.98574781350214 92.8062283915898 115.99136231774412
75.73638994237967 63.02357131444762 66.11117545183117 84.91709087326979 69.41014468190804 73.07584582852223 72.9916770831328 73.1963387867936 71.95264955610276 67.38215204037544 72.60904870675608 56.18944134916137 75.66555718711868 79.36154380031587 56.35724526249555 67.8651353675474 65.86852333610238 66.08670122363912 63.1497527420496 65.58624728392351 66.66482391770114 45.85599225436181 64.82263786379917 72.49507804041775 62.42765733940621 75.64246154791715 69.66918790094292 92.81924513854153 65.13956403386373 75.13387990730689
70.41478100066035 30.190248294729145 39.01393194789864 73.55606499740338 62.80983523670159 34.53177692502618 36.9588881433458 52.64573536445198 41.00469669940321 37.54954088285922 69.94897134579674 34.171110782843584 46.65041074409362 50.559816771907094 43.66152266384097 38.667875807832615 50.716053781273445 39.54392742673588 48.857747101112295 39.10235156197632 42.75655513763627 45.57842299265303 45.27623581203136 43.16537743025742 44.57672210561748 63.334288784184764 63.02896908031062 77.10183166865602 36.47091672449994 49.95393427200884
42.495557540897835 29.678585407676678 28.467461248339532 64.95777171593829 55.66104906726457 30.56329295320313 32.63378597955841 49.571215703456346 33.4414297848964 26.0279371350249 64.49649470569364 30.072745374233364 45.88503187900801 43.27293848955526 33.54786416910065 27.012814157385378 43.43177386651814 31.387518384639293 36.780160876409695 33.2927174444028 34.1063674461916 45.170198487053426 28.26142967264059 38.605513070870984 40.370774944915865 40.26283924632253 53.65517351470805 53.612046582614084 34.86770275469621 39.79715613087956
34.41640616881443 22.944813123085623 25.345463119683245 44.517483488616335 42.806169594066205 27.434659060920694 32.32385781881476 36.90867745531068 25.34558693854251 22.756605001456933 40.084025340750145 21.679500099303255 28.617829078700538 34.18454031393014 22.930156848622232 16.589218395352304 18.531993106647974 27.37387102363641 31.758240680114454 25.494285544063928 27.327741915586216 32.592041931578024 24.380895520403556 28.0792441031208 33.22516620591466 31.52828946108957 43.60869497932265 50.29394282416706 24.465064839088654 27.56674057437374
24.375571038751218 18.32766362060704 20.450102420632902 27.632419458750405 26.41536247499323 17.933274861662767 17.291667957493928 21.61235037741369 17.99576340205772 17.56116638703179 35.8736296016242 17.63885484460843 25.089172347944896 17.871311793583118 18.893179838446486 4.9747955817598495 6.9647133996537605 20.520433107594272 23.884492400347312 20.66338227818312 22.689118951604655 26.7249335319475 18.019691788389537 23.838940745902278 20.828336341367503 24.5303836673329 25.844492763890457 37.7066233850951 18.477655147978908 17.809969674980493
20.12069605274496 12.679760458806982 17.493956126510056 18.496722488691375 22.124853006879334 11.057793621031692 12.930324529983295 17.968832881448066 13.449861915609063 7.761487526476799 19.467080677468857 10.76226424089532 14.470500496176783 12.981982049482326 12.38312997438129 4.9747952854664845 6.964713399653078 16.960928150953464 15.611223129520454 11.758035857081495 16.34436352474495 20.36643535090832 16.981076894664625 17.908617801270566 17.301189397408848 19.672681407369623 25.02704546028201 24.77321450002512 13.41059535258728 16.373179507440454
14.345912650328387 9.387436233851645 12.131199427262572 11.707214787705311 17.467281809269707 5.843993437546146 10.339265281707299 11.814159202022438 10.200989811079808 5.38523944815222 15.361804393577472 7.811126150369773 13.456075409287905 9.58445093518867 10.490931169250189 4.9747952854664845 6.964713399653078 8.35804784890388 11.089989019108089 9.760865511754105 15.29749963269603 10.629340882934798 10.746751777721101 10.04740837093027 12.13512340654438 16.27650200076232 21.122042645389 22.8553397977563 11.228142115282708 11.327082499845801
1000000.0 1000000.0 1000000.0 1000000.0 1000000.0 1000000.0 1000000.0 1000000.0 1000000.0 1000000.0 1000000.0 1000000.0 1000000.0 1000000.0 1000000.0 1000000.0 1000000.0 1000000.0 1000000.0 1000000.0 1000000.0 1000000.0 1000000.0 1000000.0 1000000.0 1000000.0 1000000.0 1000000.0 1000000.0 1000000.0
