1473.7532199295965 1172.9996712972916 898.3904299359247 1989.793674457228 1364.577168798729 278.2002204517571 1141.4336926486876 1383.173780409721 1281.2891980231934 1089.686157062275 1593.0614428461895 1481.434631054528 1173.2131365803625 1297.161650478648 959.1759189309464 1804.2290503755821 1097.8619586692557 1567.4182570828998 2412.7126917417972 1456.2859297338919 1405.4477664913384 1812.6520925830355 1671.76738146158 737.0879304726864 1671.4726877271169 874.7106652933071 1932.6915876352168 1827.648024887938 1628.4065211711695 1949.1091574223447
1272.7092255185398 635.3331309890691 898.3904299359247 1375.5045253884355 1364.577168798729 278.2002204517571 1086.4144306818434 1383.173780409721 1281.2891980231934 1089.686157062275 1593.0614428461895 1481.434631054528 871.299078324832 1161.6750630320212 726.3013657142023 1069.4802691762784 1097.8619586692557 1098.1881167367965 1542.3226779661682 1456.2859297338919 1366.3392304495915 1635.472148247045 1466.9627963227467 737.0879304726864 771.0946422299567 848.7524810093855 1276.87437490827 1352.5279128779111 1628.4065211711695 1355.0036902517927
1166.6783493952094 228.0642870926754 525.2329417213396 1029.873160495782 556.0679811129617 278.2002204517571 773.563041206784 1112.7113900623804 1251.7029008658092 545.1345768751103 1033.3873769708416 763.4289796898761 783.878322019696 377.22948902150756 726.3013657142023 478.73628681299124 1097.8619586692557 838.5309950750438 1282.3930848329692 451.33600379819245 1350.9386404804263 1437.5878716969833 851.7288554228412 442.84343384265185 548.2892144641401 589.0489686433343 847.5927516552674 998.5221314218638 1177.08135450367 764.9508829736787
597.0344720471885 225.54681171206767 347.5565367253548 477.53204113976426 534.7645174759691 256.98014594028837 653.1253979303924 506.77801223050164 670.5261725251457 386.92149652198304 883.7271694232454 640.2154879948494 679.8420198888125 377.22948902150756 406.8702056883385 311.22397873469254 475.43444600240355 443.00583960071526 588.4669763366724 451.33600379819245 279.1606333577888 1082.1444915675975 752.776221371978 402.6402289564826 474.2931167813508 560.067757041897 819.1941045455478 365.676599189082 838.8673844551336 760.7670504697116
360.387459700376 195.2021384892778 269.0195394002385 263.7666222664534 393.8394290741562 209.86832821951066 266.99365669041254 316.8859357900983 274.9796425660152 246.05975680687197 226.2371631722035 301.0630305697591 280.51766355231257 279.07088976070236 286.58914952319356 299.4796830669916 293.75497148462 293.40587043276537 483.3369459960363 352.2583311196486 279.1606333577888 413.2069473620704 298.8017454397973 238.91441228214944 247.23917221883312 286.3318789373516 286.3490563920245 330.0840885610155 283.49347217834656 306.967115260044
209.74397740386803 195.2021384892778 169.9749549556327 203.1539240213924 208.7998214743361 180.86601433404576 208.58518423017176 212.39469657492646 198.27343690860744 204.39099331149055 208.12353493812134 203.90689315312648 187.9688900672104 178.78142850157792 192.71102484350422 183.42216669483332 195.8156857097324 205.28469592542706 222.4001088722257 220.1106721725937 199.21281592367086 224.2523209295182 198.3235364023758 181.71289984070836 198.7543268787549 196.12614943220342 200.55207818472763 202.1123973427052 204.17929427047147 221.52366932029918
177.64752144584054 166.30784780911245 160.84663474005038 182.34530680526177 162.40474780207205 161.65414636713922 172.5240484300598 166.35290452957634 171.89612802543115 152.7417977644218 172.42971094745735 182.81357720623646 176.6709221506676 172.3805263018421 176.15069629331947 168.81406019486576 168.44066353897597 169.20139601540723 182.29649421264048 171.33568706337883 169.7295287612519 185.4524371686798 169.66977916577162 161.65399014175773 165.23084214795472 169.34379922877906 158.9297323000551 177.94025643843952 178.2351691632266 166.48951787242777
154.54616154877476 150.325698896198 146.3354395275751 148.48609855418317 150.1501143931796 143.1158169600185 153.5413268683842 135.52253708561284 149.6972066778576 142.73462838526711 154.58009995257498 157.5823639900541 153.2031174310755 145.7827504160441 149.04371032896097 152.90463943480245 152.2649934072806 135.9120798101094 151.74555178110222 153.67828033409114 152.03945593341678 151.9873025796387 140.52403034984172 134.73673288404188 154.7399252711989 145.73808701117832 151.8994666337071 156.3820641822963 151.0026819334421 154.95316826635053
73.94430793497304 56.98393480753066 61.08377482124433 57.08680797487659 48.7114757863601 36.93927305239686 83.69657216658516 48.32334404950734 68.34639515944218 48.71328376383235 76.46090389226083 91.25802355224596 78.4745124332303 53.55877529429108 69.19568746921277 62.44694880526549 72.46311509479074 57.858293941348165 87.94605573634271 44.511336028265305 50.70393651110817 59.55540952017827 29.699516190297345 40.189365557387646 82.5041448455263 48.5120050795108 73.97832817220433 102.5128261681075 98.39650405724615 88.5937832358195
8.209781007314632 8.749616098650222 5.775852791543912 5.767986046570513 8.015998268916519 3.4173870403715227 7.6481746699105315 7.259214643941959 5.536156657410174 7.499023140376721 9.419762874457774 6.588109653218453 6.896485909178864 5.113365256738234 5.473978965612787 4.710734932084961 9.014399569451143 5.329725796349976 11.352687194246755 5.14935175189521 4.862785641417759 6.964633198351748 2.8019493129177135 3.8046163407834683 9.62536711811481 2.9314562141139504 4.6727732445069705 10.257279169046342 9.640707282405401 6.593175357990731
0.08904433684028845 0.14598395215944038 0.07615363877948766 0.11144771196086367 0.17372911279062464 0.060733548107691604 0.154306805584838 0.3276903146092991 0.15659108279942302 0.2864200371932384 0.17098611829942456 0.2333439592675859 0.2123790419168472 0.08135937513770841 0.09176408052826446 0.10957270886683546 0.20448746600095546 0.09430430268366763 0.27025412575949304 0.1469484996450774 0.07802417684843022 0.11389677237821161 0.05798271691173795 0.11537824840661415 0.3887626896339498 0.063781601554183 0.09612604597668906 0.2843018480680257 0.11735580885806485 0.08249717418220825
0.0005404754310802673 0.0019493111403789953 0.0002953478337985871 0.00047109592969718506 0.0011911095266441407 0.00018289228682988323 0.0003031025021300593 0.011591862154091359 0.0009223586084772251 0.001810136173844512 0.0003817889155470766 0.0005164300596334215 0.0007980387704265013 0.00021070054890515166 0.0005070898896519793 0.00017920190748554887 0.0008418133174927789 0.00024272968221339397 0.005237982941252994 0.0011972408160545456 0.00023175850219558924 0.0008819017775749671 0.00040123644612322096 0.00046089989473330206 0.0035410823888923915 0.00012827463706344133 0.0005020431103730516 0.0005460383672470925 0.00040483876910002436 0.0003763144823096809
3.100790308963042e-07 1.819075259845704e-05 7.832195478840731e-07 7.222033673315309e-07 2.415121662124875e-05 4.384196472528856e-07 5.751298886025324e-07 0.0005202180905143905 1.3584891348727979e-05 0.00012555152125059976 1.0438425306347199e-06 4.3186842049180996e-06 6.848692919447785e-06 1.9595427147578448e-07 4.500639988691546e-06 5.636456990032457e-08 5.710194727726048e-06 5.730680641136132e-08 0.00022750584730601986 3.5451027542876545e-05 2.864640009647701e-07 5.830349437019322e-06 4.821254151465837e-06 1.1286156677670078e-05 8.77860020409571e-05 8.637425708002411e-08 6.694203875667881e-07 2.3170910026237834e-06 3.291747816547286e-07 7.945595825731289e-07
1e-08 1.3096723705530167e-07 1.1965312296524644e-08 1e-08 1.6051080820034258e-07 1e-08 1e-08 5.512421921594068e-06 2.4988275981741026e-07 9.285995474783704e-07 1e-08 5.268520908430219e-08 4.217235982650891e-08 1e-08 5.831952876178548e-08 1e-08 4.4588432501768693e-08 1e-08 3.5570401450968347e-06 2.519200279493816e-07 1e-08 6.427444532164373e-08 5.652600520988926e-08 1.0338317224523053e-07 8.168399290298112e-07 1e-08 1e-08 2.8499016480054706e-08 1e-08 1e-08
1e-08 1e-08 1e-08 1e-08 1e-08 1e-08 1e-08 1e-08 1e-08 1e-08 1e-08 1e-08 1e-08 1e-08 1e-08 1e-08 1e-08 1e-08 1e-08 1e-08 1e-08 1e-08 1e-08 1e-08 1e-08 1e-08 1e-08 1e-08 1e-08 1e-08
1e-08 1e-08 1e-08 1e-08 1e-08 1e-08 1e-08 1e-08 1e-08 1e-08 1e-08 1e-08 1e-08 1e-08 1e-08 1e-08 1e-08 1e-08 1e-08 1e-08 1e-08 1e-08 1e-08 1e-08 1e-08 1e-08 1e-08 1e-08 1e-08 1e-08
76600.0 98900.0 80600.0 77700.0 96900.0 75400.0 75100.0 119800.0 96700.0 110600.0 77800.0 89200.0 91900.0 69400.0 90700.0 55700.0 90300.0 55800.0 118000.0 101800.0 70600.0 91300.0 90500.0 93700.0 107200.0 65800.0 74700.0 83300.0 71700.0 77500.0
