80.9138019902831 80.04477869495076 76.69838206538839 73.23328172359038 96.46854771165044 91.63313374541622 73.33526990034193 75.11868753163105 69.07247089215775 66.56772548913591 84.42208468493811 59.93833664312251 80.29251198997497 79.23287388443555 70.8222282598797 90.86386196951162 104.50094670747137 77.44629091336628 60.97252907779364 69.36116150531961 85.893429008559 100.40132411478442 49.54358937299446 61.862337966475025 76.24491646538047 97.95350281752349 56.80491553171953 88.42932649475779 103.15531123508936 74.00138382322268
66.48655915266045 73.95748041146351 76.69838206538839 73.23328172359038 94.692917050608 91.63313374541622 73.33526990034193 52.76606885487138 65.07344172383 66.56772548913591 74.02572416720795 56.032095828120305 75.83320712447392 65.19542895943096 70.8222282598797 78.79361929242532 90.84658481201973 77.44629091336628 60.97252907779364 69.36116150531961 85.893429008559 81.22632835092281 49.54358937299446 61.862337966475025 53.13576227764963 76.16575100072737 55.786262731123315 46.93880562616516 76.43350118863532 65.5959124460594
65.59266027232024 66.45452357325348 76.69838206538839 72.10695594226604 47.90824268877407 69.08745447905721 40.38290765851457 52.76606885487138 59.37201580850808 59.18590247944098 42.04128908149721 56.032095828120305 53.22623639104938 57.8710693905183 55.84428223726479 66.94154288241452 72.34757203418098 70.43151249075322 60.97252907779364 54.39151553508373 62.26265267796157 56.23552381459797 49.54358937299446 61.862337966475025 53.13576227764963 58.92832073170689 55.786262731123315 46.93880562616516 74.22423867043676 63.28132402828123
60.449945044592596 54.224718853981244 56.062512531543575 66.28851049954983 40.10498248131262 57.12971212655498 40.38290765851457 38.802703747242276 32.09472800000492 49.109375506671086 42.04128908149721 56.032095828120305 44.305299549966094 57.20755347244756 44.58484082725079 51.93567826330923 51.2261042102615 52.97145734844446 54.645930788163014 53.21189899788203 48.24584430466075 56.23552381459797 49.54358937299446 58.82599750530164 37.13231063939338 58.92832073170689 55.786262731123315 42.58200752788639 54.11067509147756 49.954211791261514
45.56946602336848 41.96338129123569 48.42288644128075 34.59752802645755 40.10498248131262 36.80586783087654 37.67124959278328 38.802703747242276 27.40988993084568 38.056132252690645 42.04128908149721 38.03465207825832 34.04361191460055 30.695007613552775 28.592812058756635 38.76300162313578 36.796359287047835 44.432300353452206 29.827760084399983 35.82368425554898 32.02495486600424 40.91935069212241 41.50336898842693 43.888293332761464 25.790285917612437 28.939871968411012 34.94252017417921 40.130772766548716 32.95031978868292 39.10840502183669
24.115393923255056 23.171032379747317 31.978493831678406 25.084572170794786 25.8123439176386 23.016035566459436 22.874636069637177 26.923104888888815 25.462980774666903 25.66629877854234 22.064602513651607 27.87608727523343 18.806071857230904 17.432640756782234 19.786779348270784 30.983456395197663 29.652305863118727 21.399587734783154 18.883265904695236 30.171789516557737 14.047748724276516 27.132596710304483 27.76322556383616 31.146282706275542 25.790285917612437 18.683225732542383 29.17001509445538 22.034979099574798 29.0283969162723 24.464453536768588
12.002320912193568 18.311611659745722 14.941645521697296 14.032860341464584 19.034187955723723 15.907687515670432 18.52748261850502 15.831164306114829 11.885595496278029 20.098764609168825 17.914547921270923 15.851433752852358 11.211755332307689 13.829931020272738 18.55602962089438 13.304721949450595 18.20855569024104 11.877171610966116 13.708373622624663 16.672021142567132 10.645879443343574 11.037165946436744 12.88759254556453 20.98166575573316 19.836755673983475 18.002283620045773 16.713078965523778 13.685718146268869 14.882250490146134 17.644415548424604
9.096524044129069 6.255721989708832 8.254240657477453 9.289708272756002 8.092264005629886 9.256361105342194 5.591134137336894 7.277714275861399 6.864329805788088 8.37842120575533 8.090148700171085 6.753772987470256 7.879321573642073 6.793873713872699 9.169346399061055 7.8336484193411025 9.63190159755436 8.153634376108357 6.100073232737941 8.179518725518733 4.916973173741212 8.362297164551364 8.83506759807733 11.50893226375797 8.668818327943995 6.351527838492871 9.192333154320067 7.578298484604147 7.4239726307531555 7.8681770258459665
2.321971074127646 3.122654301952366 4.470116229004702 3.470035536338628 3.632705688439387 4.169914363919588 2.554683836917434 3.466386908494428 2.2058805335500438 3.8323828653637975 3.0593736035708616 3.149263405778015 2.185443374660281 2.645110592574156 2.7634933536435256 3.237761263105881 3.1544768647388537 2.727260989760225 2.21526371354787 3.5435640035036613 1.461487359902776 3.0876084874583967 2.5308371193601715 3.147317220294326 3.1409513443471724 3.201618610933224 3.6398060561488137 3.4038634067607063 4.044872684007146 2.969452885819692
0.8181166099859638 0.9981515935368179 1.0162286417679525 0.6494377107719629 0.9179911840508339 1.0162898234937074 0.6218113116519817 0.7795561902569261 0.6352436559997159 0.9520552146371983 0.820315662626399 0.6071762828858027 0.7021699267972963 0.5368782110751908 1.0361570793033934 0.7895588673877683 0.8140971435742586 0.8045771787697049 0.775353837635862 0.7406055773016078 0.5105300034176707 0.5882182380813674 0.7020203983466899 0.7964861204561657 1.0015638102006506 0.7173638856902471 0.561335381625895 0.6775286511740433 1.0912726349081368 0.7387013325262615
0.2558240488871206 0.1439073301020244 0.24951551860988275 0.12494480612713232 0.23211786118235977 0.3271593437481215 0.132578539285646 0.1845584043112467 0.0927446635545266 0.27127162257556847 0.27261653465222935 0.14533591295673887 0.2308679764387307 0.29348607450083364 0.21160204353384415 0.17397213048400317 0.19299703565877735 0.2689546929171911 0.15467001060756047 0.17390098877729088 0.12664194109868276 0.1701289886620998 0.15058693644050436 0.22669558088614394 0.16924647096539047 0.18689243421158608 0.24152755224065459 0.3129998723859444 0.3347064496480243 0.23632986034738224
0.089626586848226 0.0929201102190973 0.12189447110904439 0.04650104946620104 0.10823701135609554 0.1213959982723054 0.03702661955446729 0.0786134022200713 0.02841852792289501 0.1134894024961568 0.11618254034533493 0.05004641077903216 0.09731879597291027 0.08353165013556918 0.0793275203959638 0.06547207672622335 0.07663650421238799 0.07796331979670867 0.05567393274100141 0.04389945005402751 0.03238832437637029 0.06523478426493057 0.033632043576290016 0.08930666402955012 0.07807373341893253 0.050910438584310214 0.0848879291211233 0.10014289978005309 0.14391862549905454 0.0902960724906734
0.013135352598396821 0.012526311051146877 0.020372825419485707 0.009249390669197055 0.02749810111140505 0.024930583022523933 0.008596853578410446 0.010997572754490648 0.005601809744462116 0.023461074833107887 0.026225365738355322 0.012260408778502097 0.021138836661862115 0.0199283915860633 0.019376872224370345 0.01699541735422372 0.014796049151527768 0.00933400882524893 0.01585769937241821 0.011394314206540912 0.00876489197776209 0.01260393017628303 0.009724486628897466 0.02817948927042835 0.018895872147481896 0.013096513232312645 0.014969024212405202 0.024158770992130485 0.025385972948470226 0.016843883630031087
0.0014032039281346442 0.0014057381566772165 0.0024058041500438776 0.0006294509696544992 0.0016982776627401108 0.001313221044938473 0.0009385901356608883 0.0013702750690072207 0.0007052032091223737 0.0021099410158740284 0.0011791557623155313 0.0007630309165733706 0.0020834007141274924 0.00168308805803008 0.0013428575414309307 0.0017017362454225804 0.0009138511250057491 0.0009899417894985163 0.0011397460536954895 0.0013345611295108029 0.0009631621147718761 0.0014375615771768935 0.000643025557906185 0.001434009518561652 0.001500472809425446 0.0007938705145988934 0.0010372144663506333 0.0019120295625043582 0.002344049034263662 0.0018927445667031861
1.6443864183202095e-05 2.2295071971711877e-05 3.321215774576558e-05 1.1244447023273096e-05 4.1058679244088125e-05 5.3814514103578404e-05 2.106975023252744e-05 2.6505542791710468e-05 1.6613440493529197e-05 2.929222114289587e-05 3.0418157507483556e-05 2.620487123294879e-05 4.6513003781001316e-05 3.7619316344716935e-05 2.9524351020882023e-05 4.047949187224731e-05 2.0687933215413068e-05 2.2269415126174863e-05 2.493614783816156e-05 1.645857935272943e-05 1.9602711290644947e-05 1.4009568985784426e-05 1.0726376331149368e-05 3.191045880157617e-05 4.285349575638975e-05 1.4893236311763758e-05 2.8771026222784712e-05 3.2011988992053375e-05 4.0198328747464984e-05 3.262488110067352e-05
1e-08 1e-08 1e-08 1e-08 1e-08 1e-08 1e-08 1e-08 1e-08 1e-08 1e-08 1e-08 1e-08 1e-08 1e-08 1e-08 1e-08 1e-08 1e-08 1e-08 1e-08 1e-08 1e-08 1e-08 1e-08 1e-08 1e-08 1e-08 1e-08 1e-08
189700.0 191500.0 195400.0 182900.0 198100.0 197200.0 188700.0 192700.0 179100.0 196200.0 192300.0 192800.0 194300.0 197700.0 191300.0 197200.0 185300.0 192900.0 187000.0 185100.0 189800.0 190300.0 183900.0 197900.0 198700.0 180000.0 195400.0 196500.0 195800.0 197800.0
