1786.3128535804299 2773.7000423395 834.406824778488 1139.7482660974026 1135.711944533011 1270.152901617034 3030.446319744849 1055.581781207402 1005.9417096766715 1413.315497958482 1509.8704090762205 1861.1087632273393 2937.7180702889964 520.4150461801272 1967.6542455481172 1801.4581233432637 1524.345840076048 811.4162197314456 1261.3703065817297 2266.8261287853743 1157.772136635218 927.2356256848766 1959.2573868380523 1801.0347470384586 2454.739869156267 609.0710673264653 2139.0698017131917 2086.6768773972526 1712.9092375520295 1001.1779029368458
764.3847346812954 1047.0314773486982 743.1774373464641 1139.7482660974026 1135.711944533011 1270.152901617034 1605.308580575478 491.6019575151096 758.598581444201 1413.315497958482 1509.8704090762205 1654.193986162255 1667.1748613121931 520.4150461801272 699.538831210858 215.2137163208256 1486.2576358469385 480.8290773120558 1253.0188580613717 823.122742066626 1157.772136635218 927.2356256848766 1552.4985299216873 755.6605396954187 683.8828798890322 609.0710673264653 1027.683382062577 790.7689696118359 1301.2519634430528 726.1099177635926
352.2008501266164 419.4769904451409 453.8934266065428 629.1452558825708 149.33403437284244 640.4354440499992 156.63779708597258 491.6019575151096 303.86031277223947 950.873712039102 205.92271821533495 207.9655667514064 749.1966023602586 253.64589620675565 466.32335550844823 215.2137163208256 760.9021622631753 480.8290773120558 730.9820970494786 376.26625722585845 394.13001986193774 375.18674513232475 473.8738180668406 473.2354540423089 194.44373255915252 243.04707028028406 403.7359492387726 756.7592844526625 690.8887964653918 473.2019903235316
299.5913974230357 344.9354159815398 326.5868444522573 363.4562603703009 149.33403437284244 616.1801190636564 156.63779708597258 375.65077431972145 189.67551866969586 241.0568732606838 205.92271821533495 207.9655667514064 410.4569410455042 253.07217444179287 322.1785325481334 215.2137163208256 399.2387163179063 480.8290773120558 266.3342809579801 339.49085384298144 298.834242000166 158.42347200291795 243.2951322743927 298.0355164175305 194.1553687196788 243.04707028028406 206.56729044980455 392.23313867651325 344.7158709759385 438.7111272678079
144.51505244480666 121.26339342883887 119.69171530448148 163.20257121181453 104.95415961224569 117.56677448818812 107.87236922147554 180.597346619468 147.81740788507477 139.33222073603872 189.66208805817234 75.72053074118531 75.27822276022329 103.59249056267146 145.77795509524628 101.87515039412278 231.86236560074133 219.17236306369455 103.06377269070674 162.36454484763988 178.79799145886795 158.42347200291795 104.70081324255978 122.44503905086617 109.4143477459562 167.52901886108145 155.24161342766888 181.89182065691602 100.94115021081774 95.2656135297226
65.70423425420643 105.49283898742783 59.13115858626145 81.89205735015952 35.807688290502085 46.845592618168155 97.68884921577705 59.091309154968826 92.94486094683708 74.49102676739551 76.41671777291657 71.36084864756674 73.73354115929794 58.82747988365139 69.27454130449848 68.7884833722955 46.874593261210464 78.29373201389302 86.82397076051552 69.64869122009674 96.10898031545798 70.01536019146965 68.53972907495302 47.716879758768414 66.82393183518445 81.15582310370536 70.62281525650837 88.49089165102885 53.05040868522428 56.359455213489355
22.117365331631106 34.43052331155127 27.54995686150926 37.12061392785586 35.807688290502085 36.80440630885158 44.12850335162216 33.95999826362976 31.47860172121034 38.27295102207586 36.753542586620426 31.690453857795774 36.258051359583874 41.54814338244972 33.28800768005311 47.34141626182492 31.87164886376769 54.34716127485717 45.494452138535166 21.111248145899253 39.87146341060162 52.67288728233467 30.31710719903174 18.545018711217836 22.31118466564567 52.95424644261999 31.111820938790288 40.63077282860314 38.726924269664494 48.5781371298516
15.523488506273509 16.076857132744806 21.254217088957148 19.33355876966516 15.116024634691428 24.28225920106263 21.795234785819105 17.828691939871135 21.383001736511915 18.710230766252096 20.738165415691924 20.234133157021233 11.88302596931669 16.272348063980644 14.747789121786127 21.09845499848302 26.171641312295492 15.766936301872818 18.91610768125622 11.914348180872253 16.281917033308616 22.49087219566138 15.467355317479416 14.91391690842869 11.176811739626089 17.73116789784018 16.244959117451913 14.938561001979508 13.96147220043241 13.429397109343313
9.446111809970375 11.191511132356936 9.5910142105393 9.937371057276266 9.321038059381522 10.06565142731614 11.428744911439821 12.16095715129876 11.534743802191883 9.759148705575171 8.248657263404027 9.554995462320221 8.638908453104989 9.16566276628788 10.01201050426124 12.315288052287087 10.719276935193761 9.85438840086141 9.752290035626629 10.206675645160772 8.531412067741257 9.308242055217647 9.673658515784325 8.412865565484935 9.055131666649004 10.82005867361454 9.678631156531992 9.389527532798809 9.978687578202369 9.694326488419904
8.919019832938318 4.87427025326167 7.6013471671826665 8.927641534497866 8.943868710708614 9.431515517248783 8.945583891625006 8.675871604258361 7.782513058240454 8.92921725082806 7.539023588372174 8.944440335689194 6.988986020055165 8.923488244059627 8.922001341529949 9.144888236858037 7.4957782620983835 9.018918177919147 8.954237806146523 8.947922416792721 7.418761549067085 8.899770860512831 8.930947425687805 6.86169158561637 8.917705095675956 8.963201800022773 8.94561892169304 8.932155929652595 9.10761291754136 8.932747844814344
8.916113147698525 2.4626227505406746 7.088210226994704 8.916140496318008 8.916156810414918 8.016119264382837 8.916185898458878 8.036723140348272 7.403068228519999 8.916363689206207 7.071056173346221 8.916188556623013 6.708578475264119 8.916121995320736 8.916220052295444 8.932827838000776 7.034130817267055 8.918665681712412 8.916144620789169 7.642997537621397 7.108273363457272 8.257591822093389 8.916135812080086 6.504612964012551 8.916104269730397 8.916308299876334 8.916310417284251 8.91616985084704 7.99410218305394 8.916137082294199
8.916101928617877 1.8205600396934187 6.856197198871143 8.916102087189074 8.916102969858798 7.7598181811371205 8.916101946873312 7.4942220580525145 7.133504974127334 8.916107487445572 6.991054119469027 8.916102154017267 6.630628243788863 8.916101931197773 8.916102040017677 8.57831745658467 6.965669686603405 8.916136113359414 8.916101930128605 7.489613426948097 7.096975374443105 7.4104938197313 8.916102497898862 6.303803655956074 8.916101927860154 8.916106153771807 8.91611302686664 8.916102265543714 7.977863741378087 8.916101932088111
8.916101927781426 1.4043565628272177 6.520031990460268 8.916101932229935 8.916101982356736 7.494246174105285 8.916101927871068 7.418230075241638 6.922057720809619 8.91610228964555 6.89277724036441 8.916101934374694 6.612175502568789 8.916101927834688 8.91610193691406 7.671649794776329 6.965669686603405 8.916116002327726 8.916101927781426 7.420093149452271 7.023426904918551 7.197551520695129 8.916101940600754 6.259379470908868 8.916101927781483 8.916102087827312 8.916102130875288 8.916101937506482 7.593276977338121 8.916101927813713
8.916101927781312 1.115434254731099 6.474263976508212 8.91610192782673 8.916101928314106 7.284305125296953 8.916101927781824 7.364047617945857 6.696251925948502 8.916101929765716 6.87115518883661 8.916101927875559 6.5963655657298546 8.91610192778154 8.916101927825878 7.565710274435844 6.833122345115839 8.916102176781692 8.916101927781312 7.382475763599473 6.96378118228057 6.869162101330687 8.916101927858904 6.224304174192355 8.916101927781312 8.91610192807849 8.916101929630258 8.91610192787698 7.111805782954718 8.916101927781597
8.916101927781312 0.6949369924399775 6.415462711407713 8.916101927781312 8.916101927781654 7.228124662505877 8.916101927781312 6.886494735053702 6.577880352416912 8.916101927782393 6.855407264449866 8.91610192778137 6.573951426182816 8.916101927781312 8.91610192778137 7.530621187458678 6.81221868585277 8.916101928351907 8.916101927781312 7.372055398853377 6.862904829559966 6.729610985060447 8.916101927781312 6.1745154163678535 8.916101927781312 8.91610192778137 8.916101927781938 8.916101927781312 6.9940191940012255 8.916101927781312
8.916101927781312 0.3116894828992258 6.1910594043768015 8.916101927781312 8.916101927781312 7.179720749464252 8.916101927781312 6.735256569137277 6.508558154233526 8.916101927781312 6.837269780935003 8.916101927781312 6.565017996628967 8.916101927781312 8.916101927781312 7.414882370679663 6.626739970204085 8.91610192778137 8.916101927781312 7.302937195071138 6.833750967011667 6.623634322993496 8.916101927781312 6.15267508193358 8.916101927781312 8.916101927781312 8.916101927781312 8.916101927781312 6.979330901063918 8.916101927781312
200000.0 200000.0 200000.0 200000.0 200000.0 200000.0 200000.0 200000.0 200000.0 200000.0 200000.0 200000.0 200000.0 200000.0 200000.0 200000.0 200000.0 200000.0 200000.0 200000.0 200000.0 200000.0 200000.0 200000.0 200000.0 200000.0 200000.0 200000.0 200000.0 200000.0
