144.69542303061485 120.22608158907747 119.07654755227702 148.07332051423316 110.78811016459451 117.39791379621443 120.53832619826312 143.40834970514982 135.44294387307366 118.23062457453739 121.63881863806034 103.36632222760795 83.13459954301106 119.86040826226633 129.5873345011613 111.73458377895781 130.20799182183282 144.26399837351096 107.25279163850576 141.75142558439893 128.61470614445852 131.8976947864063 129.02357532153462 127.44378865645751 142.71994079309457 132.58927876332064 109.34729679532506 118.62059839958101 128.09666558106483 120.05954587914346
113.96482209332055 104.51505824349636 119.07654755227702 144.0302505793302 109.83985184240146 93.5925190740304 120.53832619826312 129.4501551924766 99.12867173690597 107.07997214498153 121.63881863806034 103.36632222760795 83.13459954301106 119.86040826226633 127.23323133565953 111.73458377895781 102.22159926791517 122.85360413844398 107.25279163850576 128.8897746483617 128.61470614445852 130.91559078759497 119.04461395495468 127.44378865645751 110.5856863605087 106.08835647497722 83.36639778417509 118.62059839958101 100.69705107512993 103.64349495862837
100.65660402983599 89.55199481544457 99.34009640849081 98.60829560772322 85.40497267453293 86.25240464945057 106.5269335988944 89.47496960005901 99.12867173690597 98.49257194348058 110.16535659889803 103.36632222760795 83.13459954301106 109.80860446308384 112.81597354450548 73.29130384159225 88.28594524528114 116.64926210489546 70.22736501719567 95.4932309518208 101.14759627310843 114.34918755333945 102.81090960369397 108.17844410319299 95.42673714299565 106.08835647497722 83.36639778417509 86.7261055872882 91.8262145599574 98.89832404731487
75.85530187212453 81.62120170302603 77.7388137647971 88.11969296091866 69.54563656805044 72.75111029173513 97.36728136246029 86.60357465008212 89.75749005215096 83.65350565147128 88.52814407055553 61.784423622008035 68.29906342047275 83.89302565846742 83.93064998545799 72.30994337457707 86.8922499212149 55.140617914913264 70.22736501719567 85.91884080391458 80.10576840515648 89.59288981796021 91.42802629509652 82.6337811452438 86.4327275479576 99.48759074405234 83.36639778417509 86.7261055872882 66.66127349851558 82.95515025557495
61.83853839701919 58.22939436625495 61.65374437913829 68.05443771169485 46.72776923819879 59.448652898402884 68.09248064656947 60.52054498463451 73.16579494150028 63.76077858020108 59.40506034298119 55.52397880219871 59.079489094399946 53.190332933725585 50.64035454238319 67.01170977606023 55.79179845423721 55.140617914913264 63.11380490841475 65.27388864911131 50.81240052117869 69.70830617516913 71.51141721575164 57.30616538961044 60.15810387397016 69.33311621367761 59.73710110650029 56.97657487181618 53.32546739054419 53.00544807001438
40.5950124650052 38.87587876552641 38.97965078569382 45.24702651990992 34.04467876448484 36.923741657620894 37.422043164666434 34.70618241407328 47.94456178526207 33.769325041007846 34.69474214079128 30.350224380094346 42.172742833622806 37.75017319408812 38.956610332010655 40.83506633165189 36.753640522829755 41.32854903146972 41.548892739412395 35.392112954765025 38.526991322911954 42.77537908881675 46.8025023417872 41.118081430560665 39.87210995872897 50.808012988868995 38.159395797139155 40.408390459715974 38.680121370552 36.208472486796154
24.524949283452997 24.46288018198379 17.15590091972058 19.741965352667307 20.927045510017138 20.493524440571946 22.89095953596575 18.249245810279717 19.784259025908568 25.389306825560766 22.872148813063404 14.738225855749192 20.793068799139633 18.98200141629013 21.383067552426837 23.1740829271713 21.727596157495782 25.8568204128984 19.698884063689775 22.195175620643568 23.45741951816649 21.573563543735645 24.039308099448363 26.842471050196878 25.865521195994233 24.51623240350466 18.76367925040688 24.490037105755505 23.009347621158668 17.34641007717039
9.441684638558968 11.051683385886463 8.893863647290573 7.308068119771519 8.152334071103951 8.575484037939873 10.077065602675475 8.807415380110683 7.884447496976122 11.482835649300227 8.185315196910551 8.571455156796219 7.74444314011032 7.057472481798186 9.582042684860312 6.387418167511441 9.105126904923168 10.925389844463893 8.252817153715 10.762060165818639 9.899838150467076 11.052250951187148 13.167168815053742 10.017211194477568 11.691343180639933 10.90779824982701 7.441168660443623 9.110353351516778 9.206655517119202 8.320260901420511
2.3509750993825946 2.2977269702067815 1.918732897105997 1.1843817322717314 2.0544381870128063 2.0630332618242164 2.6036007336947478 1.8824766079251276 2.3134418226869684 2.685486565653491 2.194082708331166 1.5134677319606453 3.0100113372935766 2.122904176511952 2.0110857450621324 1.7145200696317033 2.898327139408252 2.6814134840647057 1.788833782416873 3.1117523697281513 2.5691007139246267 2.599839537093658 3.456631014656864 2.6557752061509063 2.7486422933013728 3.482084085723727 1.3296415845360343 2.4352720753526 2.1946326543647956 2.108460867335907
0.4437948823155011 0.7750607500811384 0.26050204274611133 0.1722880964465503 0.3651591513311132 0.42902459547929084 0.7656607241116262 0.27273238729264904 0.3659546392466382 0.9831500802240498 0.4265538541390015 0.16766588348389178 0.6803033378768077 0.31694339028899776 0.2791757460504414 0.4126856662383034 1.0276100125564653 0.5651282645319498 0.21093453263438278 1.0553129877814627 0.6141185333460726 0.5361118683732684 1.2007407757359942 0.6196692796364687 0.42595026952312764 1.2979857639546708 0.25163400375924994 0.8080144169830419 0.5819347624419606 0.523512535890859
0.12516523650538147 0.2349223117253132 0.08737958043116123 0.056665133029696335 0.13134626514465708 0.11408804005736783 0.2573473419269021 0.0742447727070612 0.1504581655887023 0.33438223625682895 0.13209499802667324 0.04395903796910261 0.2733905404205643 0.09299392072568935 0.07388593287635103 0.12730481284506823 0.32740428619001705 0.1606020263945993 0.06418908923808431 0.25083169193521826 0.21091397014743052 0.14698862975353677 0.4099409301285277 0.2051473103756507 0.10822457963604393 0.2412152838480779 0.06467927108462845 0.2738011441498429 0.17226924294629953 0.1232307395018779
0.017575138751567465 0.031136028848550268 0.009560411195366214 0.0053698464431590764 0.0182480439941628 0.017189295429147933 0.0301747113780948 0.013090683389805235 0.018325964831660713 0.054542745644994284 0.016009514231427602 0.006258973811782198 0.0317487321609633 0.012407660377562024 0.008757512153692915 0.015240484299397394 0.042864450482625216 0.022808607095953448 0.006716143506878325 0.03548112959151695 0.024653221641756318 0.021783733032066266 0.0576246636939004 0.025852782895526616 0.015157994489868543 0.0641596865897327 0.007795564429557089 0.03146376250015237 0.02647549851644726 0.01686685736956406
0.0003651866173868257 0.000568068220331952 0.00021625995088925265 0.00011786493882937066 0.0002988167450439505 0.00032587981434062385 0.0008454168400930939 0.00028492244200606365 0.00034107446685993636 0.0007502942518158306 0.0006666763102884943 0.00014241482449506293 0.000586400481893179 0.0002657037485960245 0.00033611643334552355 0.0003307634193561171 0.0010263665117236087 0.0005123473579260462 0.0001419778247964132 0.000698499829809407 0.000724541663544187 0.0005314160723628447 0.0011251333910422545 0.0007267673064461633 0.00044939299175439373 0.0018063161182908516 0.00023963217154232552 0.0007334063819826042 0.0005248102082759942 0.00039456480101307534
1.7068532542907633e-07 2.772076186374761e-07 4.134517439524643e-08 1e-08 5.6538738135714084e-08 1.0675978501240024e-07 3.314668219900341e-07 8.7227817857638e-08 9.002246770251077e-08 4.0173870274884393e-07 2.4869189019227633e-07 2.7972873795079067e-08 2.9553780223068316e-07 9.537541245663306e-08 9.261123068426969e-08 8.774929938226705e-08 4.5069248244544724e-07 2.1331356947484892e-07 2.707258772716159e-08 2.932753204731853e-07 2.0227741970302304e-07 3.0292244446172845e-07 4.255666681274306e-07 3.162625716868206e-07 1.5484681625821395e-07 6.56290580991481e-07 5.135177616466535e-08 2.4110102003760403e-07 2.1258267679513665e-07 1.9144249563396443e-07
1e-08 1e-08 1e-08 1e-08 1e-08 1e-08 1e-08 1e-08 1e-08 1e-08 1e-08 1e-08 1e-08 1e-08 1e-08 1e-08 1e-08 1e-08 1e-08 1e-08 1e-08 1e-08 1e-08 1e-08 1e-08 1e-08 1e-08 1e-08 1e-08 1e-08
1e-08 1e-08 1e-08 1e-08 1e-08 1e-08 1e-08 1e-08 1e-08 1e-08 1e-08 1e-08 1e-08 1e-08 1e-08 1e-08 1e-08 1e-08 1e-08 1e-08 1e-08 1e-08 1e-08 1e-08 1e-08 1e-08 1e-08 1e-08 1e-08 1e-08
330600.0 334900.0 315700.0 301500.0 320800.0 323900.0 338300.0 326000.0 321700.0 344300.0 335700.0 312300.0 337200.0 324400.0 322900.0 320600.0 347400.0 334300.0 311100.0 340400.0 329600.0 340900.0 346800.0 337800.0 328500.0 355400.0 314600.0 337000.0 334400.0 327500.0
