886.5194396764982 619.8379004105236 571.6491299161735 779.4276636721229 583.3192729341931 559.0035093549081 485.6386740938897 474.5737595264518 459.1826558716789 472.44742870744903 602.1348764153186 399.33005597607143 623.2939885901287 469.61955676265916 540.447743208927 562.3052964020872 567.6902892090925 401.6442518353592 512.4721152819357 691.050198437043 561.2889571044848 542.0853785056024 511.6004016293996 640.1053978010332 530.0359550782255 535.1410599648334 491.25001676531156 770.4109650110868 752.052281037812 468.6970741686591
669.4338556059288 525.5905362480103 561.9414131264875 677.1494271798147 563.1102096856912 559.0035093549081 485.6386740938897 474.5737595264518 459.1826558716789 472.44742870744903 372.2892773926469 399.33005597607143 522.2334859949879 469.61955676265916 499.3543517111225 562.3052964020872 512.9283485535957 401.6442518353592 465.54290591489644 633.546509396369 561.2889571044848 523.9073740483705 457.02154930377355 487.3593673641881 530.0359550782255 464.8374270835743 491.25001676531156 695.71579200099 557.2045736492901 468.6970741686591
413.7864640361604 400.7562643325982 512.4783005886266 507.34044602578206 525.5015327087203 471.3386599106843 485.6386740938897 450.97260914449 430.7654320529059 442.3337252931756 372.2892773926469 399.33005597607143 462.45970196324106 469.61955676265916 482.10184017393294 485.97317125002337 407.44761916598327 401.6442518353592 406.4623527668855 529.7711902680799 543.9201184408607 514.7523740584083 457.02154930377355 487.3593673641881 520.0451347325793 403.90569563009603 491.25001676531156 604.1213439323301 520.0714869738645 444.80359543411805
413.7864640361604 400.7562643325982 397.78975617974675 399.96168677990727 434.8875488633412 390.46724668583875 428.5996918107239 383.37641323519347 430.7654320529059 383.24482598634677 372.2892773926469 399.33005597607143 456.9598314559935 411.13774597331667 391.7441582810825 375.5202701078779 407.44761916598327 398.828306756438 357.7332792689408 384.73977545697244 529.4873915151065 397.7667147964744 416.2826176280191 431.0394702671774 473.92422388023306 403.90569563009603 483.00897231701765 414.6196105651252 397.3021623990562 430.33124160142916
369.5682810989965 367.26360710425706 397.78975617974675 343.8723931636655 415.13405587862326 331.8500581465796 409.79539091896186 288.5056251629385 361.75313780784154 366.95356271023684 365.7289724214547 334.0876750744351 391.9388879829039 364.8896478370971 335.96589132322833 353.56650724234487 313.09461675264265 342.8796042495019 285.16433434397686 381.5107302756451 369.347651468157 376.40009723916955 355.76466387475193 361.1208214089106 324.2036989981293 388.3613762015025 328.93004069361587 414.6196105651252 375.2751680848701 357.7391045044933
288.03635356037694 267.0879693186489 301.974434525363 296.20999217863164 295.5307037959501 274.13483080242804 365.37900795676796 256.24797422611164 283.24849313398636 265.50628897781235 256.2951345155134 309.2594527418373 346.16491230775864 302.6797283003052 276.26577368864673 275.33863940370566 277.0008914104842 286.12566625880936 282.72517085757 309.364381701846 297.11986980637494 322.95371913507006 274.00404424578437 299.84448745455074 322.1293397992049 301.1573776499813 278.223722498652 318.15825346088377 280.19000942504135 315.272048330522
248.58632368725284 248.0524025986042 252.4667148276776 238.93849893950437 251.28072265013634 250.0522926694034 272.82852173809806 245.84086655189458 234.319152925234 242.7372074652576 245.41555917159303 248.62024190414104 246.3604008453026 239.78630587615908 239.42374721990882 247.40724254086672 252.6867904710075 256.3587012413768 244.07974855332304 254.1077384830196 244.368721690229 257.30002619259494 244.29257525606727 252.8279395190234 248.04088625029544 240.16694914914342 238.66672445366703 250.06820275715336 248.99173697086417 237.9266432750569
234.0209483120775 236.069502801392 231.03720969602728 232.37865862261515 233.4850977213032 231.8906025802412 233.45782252979052 230.72159544257465 232.49058396721875 231.07125433010378 233.2239157449494 234.51726920055535 235.76338926999688 231.83388166101804 231.64644706224817 231.52627171905442 233.975848554599 233.87704727954724 233.2277472508663 232.3329691072945 232.30143357516044 231.61282078337263 233.35945022394117 235.20716433837424 232.5165098839725 231.90081828999746 234.9635659860446 235.2940488388822 234.47354592695638 233.6744612295456
229.6753788591045 229.68858996163908 229.70898629251133 229.55097352993562 229.69995422941065 229.6570592905514 230.17398293278166 229.4602549334354 229.62501218125772 229.3988489761391 230.0013265615221 229.5059433073834 229.50666032394702 229.54183198598412 229.66641113617743 229.3748941299864 229.497494599545 229.64821746728512 229.84975109446532 229.5738945199878 229.40946532245152 229.70376342167856 229.6914857535885 229.64397527445817 229.93404764251773 229.604621132366 229.38645915503275 229.87178899874743 229.70436438806064 229.6194036567781
229.29126631583676 229.29858394011399 229.29187654745965 229.28822228265835 229.29089580252594 229.2887255214555 229.30943431977676 229.28812388955112 229.29059805000588 229.28525175292452 229.288563255981 229.2916516225796 229.28868477256447 229.28791137724647 229.29197072728903 229.28490973407906 229.28935529883393 229.29005603382438 229.28713528340995 229.29155063726603 229.28602796689665 229.30401087700784 229.29044316929912 229.31859846439966 229.30385371246211 229.28627096807668 229.29470686387958 229.2893827346752 229.28863298511942 229.3147968084918
229.28439415278717 229.28440232321827 229.2843872142771 229.28438733819848 229.28438918672782 229.28439428858383 229.28440461199853 229.2843863307462 229.2843846020669 229.28438905157554 229.2843897758721 229.28440125865836 229.28438580418924 229.28438520697 229.2843850751192 229.2843842950506 229.28439106903897 229.28443242576486 229.2843842341108 229.28438934696214 229.28438367156832 229.2844146575203 229.28439001631705 229.2844471417584 229.28443888477796 229.2843875828048 229.28439927956651 229.2843869499352 229.28439360663742 229.28441061516742
229.2843827850761 229.28438289201313 229.2843827085103 229.28438270893548 229.28438271982805 229.28438282171146 229.2843827102506 229.28438271077584 229.2843827087131 229.28438281516264 229.2843827609131 229.2843830047159 229.284382708885 229.28438270872675 229.2843827086499 229.28438270954257 229.2843827087745 229.28438292662895 229.28438270855622 229.2843827128704 229.2843827085212 229.28438288412053 229.28438276556562 229.284383422897 229.28438307213855 229.2843827202778 229.2843827886977 229.28438270864854 229.2843827131219 229.2843835141598
229.28438270944753 229.28438270939114 229.2843827084871 229.28438270848892 229.28438270855577 229.28438270999277 229.2843827085112 229.2843827084953 229.2843827084871 229.2843827093252 229.28438270874767 229.28438271527784 229.28438270848847 229.28438270848937 229.28438270848756 229.28438270848937 229.284382708488 229.28438271094956 229.2843827084871 229.28438270852575 229.2843827084871 229.2843827096849 229.28438270864217 229.2843827126585 229.28438271729465 229.28438270857532 229.28438270917513 229.28438270848756 229.2843827085121 229.2843827135198
229.28438270848847 229.28438270849028 229.2843827084871 229.2843827084871 229.2843827084871 229.28438270848892 229.2843827084871 229.2843827084871 229.2843827084871 229.28438270848892 229.2843827084871 229.2843827084962 229.2843827084871 229.2843827084871 229.2843827084871 229.2843827084871 229.2843827084871 229.28438270849347 229.2843827084871 229.2843827084871 229.2843827084871 229.28438270848983 229.28438270848756 229.28438270849392 229.28438270851166 229.2843827084871 229.28438270848756 229.2843827084871 229.2843827084871 229.2843827084921
229.2843827084871 229.2843827084871 229.2843827084871 229.2843827084871 229.2843827084871 229.2843827084871 229.2843827084871 229.2843827084871 229.2843827084871 229.2843827084871 229.2843827084871 229.2843827084871 229.2843827084871 229.2843827084871 229.2843827084871 229.2843827084871 229.2843827084871 229.2843827084871 229.2843827084871 229.2843827084871 229.2843827084871 229.2843827084871 229.2843827084871 229.2843827084871 229.2843827084871 229.2843827084871 229.2843827084871 229.2843827084871 229.2843827084871 229.2843827084871
229.2843827084871 229.2843827084871 229.2843827084871 229.2843827084871 229.2843827084871 229.2843827084871 229.2843827084871 229.2843827084871 229.2843827084871 229.2843827084871 229.2843827084871 229.2843827084871 229.2843827084871 229.2843827084871 229.2843827084871 229.2843827084871 229.2843827084871 229.2843827084871 229.2843827084871 229.2843827084871 229.2843827084871 229.2843827084871 229.2843827084871 229.2843827084871 229.2843827084871 229.2843827084871 229.2843827084871 229.2843827084871 229.2843827084871 229.2843827084871
200000.0 200000.0 200000.0 200000.0 200000.0 200000.0 200000.0 200000.0 200000.0 200000.0 200000.0 200000.0 200000.0 200000.0 200000.0 200000.0 200000.0 200000.0 200000.0 200000.0 200000.0 200000.0 200000.0 200000.0 200000.0 200000.0 200000.0 200000.0 200000.0 200000.0
