1861.7240309049366 1856.800966264861 1181.600944658694 1492.2495223762562 1261.1231050853803 1802.0314191524358 1333.1406775636324 1521.5923819367745 1229.3629179823083 1536.1039831191101 1849.4447936670203 1038.9501020170856 1247.0861359744667 1222.3195514893614 1462.7315904330244 1453.0471582088958 1210.3539597316253 1397.8494005385355 1402.6509993995187 953.4061271191531 1714.1157500280578 1423.2736600519765 1532.073398040293 1456.0628425817613 1878.5973974112767 1250.0550660027147 1460.0940563838276 1331.9399954360028 1494.80546029809 1292.9134644379405
1445.886628615659 1461.3192748757428 1181.600944658694 1119.3667535649756 1261.1231050853803 1345.9518778942165 1171.411842334423 1374.1021882180685 1229.3629179823083 1536.1039831191101 1645.861563033216 1038.9501020170856 1244.480697368776 1147.9763090570377 1084.3946129915007 1453.0471582088958 1134.864428408141 1397.8494005385355 1317.7808916388753 953.4061271191531 1436.053924511456 1423.2736600519765 1238.5719322568166 1256.2490219810966 1660.1089980689994 1109.5611918490886 1460.0940563838276 1317.710649041289 1494.80546029809 1292.9134644379405
1155.009145298116 889.6310194913913 1147.6041007342483 942.4923356766967 743.5157592637661 1143.4352302494021 741.7442787502591 816.09517413824 916.1249723938436 816.1018029904671 1219.1125667917286 696.157412443592 789.058384751524 900.6860825964554 870.838817566505 794.2317855506726 834.64032001029 1117.6731034576414 1160.0034283677064 945.6470872809105 1020.4199086290328 1004.0428131379686 823.6874636704447 973.0452163313075 849.3807486728069 977.7725639028918 910.677537237158 1057.2498339474123 1269.4353715533744 949.3518431511243
659.8629549613515 711.2026545621434 536.2858263314856 892.8636740531306 598.9243996466826 602.8790932728207 566.0135480850558 561.1499247141955 723.5256826643608 630.9986781149055 798.5949781129748 561.0386505529996 609.8601115442802 531.0026629219265 555.9075123021767 514.5217646790802 703.341588640913 731.3606709142568 715.10086805121 783.9542699250196 549.3342819532254 712.3548153685479 633.8662229152578 590.8195270928709 587.0597433822945 646.6749572734243 516.8438838687066 717.5998494125279 582.0620955668933 692.056564226461
410.4447216070607 350.3300985358819 480.2282600438507 545.1066619186499 428.8311830675907 490.6415389784411 398.53819984083293 405.69098433299405 439.3862997335582 310.9895583360826 561.0139363615049 393.17131255439017 439.5696422735791 402.28255282809823 387.49000442247643 391.8174817621675 467.6895253458356 431.21032613931084 506.66434388295966 428.0051517801685 398.20669917461555 427.0702231903542 372.97801690175083 390.5215325243007 501.04624983005215 464.4432633312422 474.5763703921907 446.5147290700111 451.67827691983985 321.31758474918024
319.42376604865376 311.5144572125073 331.8625723328819 336.15130066973643 318.64149030536964 308.78023851404214 313.783367068454 319.5174289910706 320.01328992551953 310.9895583360826 345.9392776767463 331.3046135812324 325.69395431124394 332.38656301477204 309.68148157439236 321.0702834359472 339.0015852670572 348.3037365677951 334.1415812705709 339.7329970369524 287.8171433182288 323.25365414889893 339.3918691375443 339.69130262180533 336.75415650312834 344.94161050040066 340.38877283899546 340.90740493632165 339.394278630125 321.31758474918024
282.3936461248263 280.0663706818682 279.4207614299994 294.2965815650573 286.06527640782906 262.6983336383346 280.92300071393583 273.59541628648685 287.7154720199087 274.416015139288 302.2506015028266 291.67059971524213 282.3768927915312 264.336359316168 269.1467452897423 274.9966988183455 280.588739986958 277.808927799123 279.60530951952205 287.2921817466831 272.5388673682578 276.5427112875591 288.4641089375327 290.4956424977404 299.65121201897637 288.84616869741876 292.926236690781 294.868867554178 282.8930596925661 272.10020702192105
260.57004529538654 262.6452189595775 256.35599489063 260.43837091164414 257.34130359609253 250.89479073135635 257.8190969131392 253.35026554338447 264.1405120048171 259.01178082482875 276.26735047890725 263.8502423678292 255.43428676951953 254.8375419379754 255.2597950063905 256.4722391372575 257.53095503688337 256.4645304786668 256.15114682283365 254.10815269563955 263.55719203560966 260.26948192300824 262.35686199484417 265.3328790672099 276.3761353825953 263.69540113831135 264.1374050790705 265.0589478433908 257.8438198556605 265.0741302471688
249.8510736931571 252.99045887304055 247.09628371951112 249.88279389230865 244.45614825646226 242.16090328855307 248.50922159206357 246.69269982846936 251.99685915532473 247.50391838585756 251.6122064011688 247.57857695316216 246.47629837191153 245.18455369595267 245.53538495544262 246.20824790661345 244.5203370660679 247.07932839661362 245.2281410841715 250.51768164626674 246.78273815420062 248.80952615250317 253.82382711217178 246.4063691984952 248.85712581567714 250.81038970234295 251.8528016074015 248.51279338480435 248.44676183753245 255.1622685157481
242.14455895348783 248.00058719182334 241.17556538352255 244.15246224004022 242.52382526785914 239.61715265893554 244.06698196440266 241.25662429464546 243.51670923052507 241.33154950769358 248.1943951335361 244.01335707703947 238.18670186316285 242.93293252518697 239.80240100540823 242.4921856976489 239.21294133905576 241.1170099495166 240.8330878249444 243.86940606088865 243.76966394280316 242.46734574845505 249.65241075023368 240.01899663371387 245.21185027965475 245.88417977688687 241.15863472643878 245.03808912722707 243.6506702454335 246.4548390463151
238.79959876682642 244.21107545141513 238.7083107750159 240.41824211548965 239.4384451587107 235.77690320946976 240.1110290882184 237.856537901529 240.9639100733907 240.04969368855063 240.2563950972144 240.75116073406207 236.5128248098299 241.80456907606367 237.2995444958865 241.21698751960093 236.62094943303418 239.76842895030404 236.16253051639296 243.7533309544806 240.29034544464002 239.51548821393408 247.23269947654762 237.35034291352667 242.8250143145301 242.61051213533256 237.733738376779 243.10760353888827 241.1501379340193 241.56026712032326
236.31618160774633 243.5506292773216 237.85210940407205 239.29138059945444 238.0498887278145 235.4078715015621 238.71077181511737 236.63969218979673 236.33857158161345 238.14796337661937 237.43012024616564 238.14359780382802 235.80820038319462 240.0422950398388 234.93165762229455 240.7155216999322 235.72110764797208 237.0071427269827 234.17286737133782 241.88994971452348 236.16835959258106 236.12944986479806 244.90385249907922 236.696563724116 240.31662052295542 239.96519136566258 235.8561707827912 241.47989655010133 237.99744089370506 239.10109223311156
234.41764651611038 242.5509753438705 236.39720539146174 236.30009391433714 236.00111830085143 234.2206013720147 237.40817668350655 235.1361278334848 235.15328512909218 235.070169144994 236.4369398076965 237.36222308927836 235.14509726002507 239.03411300703283 234.07743361606572 240.5221020472295 235.0549021058946 236.30827852854782 234.08350813663355 240.95279226237835 235.21355899852733 234.5901478262508 243.83377658275322 235.85640501631315 238.24380893259513 239.44611606077297 233.67801450090928 241.00257456582085 235.65287641298892 236.9290312202147
233.7917179593478 240.77886697977738 234.87116921832967 235.3381517130647 234.19819385205392 234.1258233266567 235.6384567695186 234.1348058464573 234.32978887882336 234.9407223829362 236.15470944193066 235.30144125885408 234.1591615641646 238.02834500156405 233.98653236502105 239.87906116267595 234.13123179352033 234.77810701955332 233.98860218734308 240.31300849089803 234.3167639537296 234.0622946298945 243.64138481498867 235.75061707714076 234.66084267044243 238.98284445006175 232.76202062926131 240.84944562475584 234.23197555759498 235.58039003435897
232.71834114539433 239.05985875437773 233.91219064175948 234.86139697780072 234.05381753064967 233.99165560783513 231.66647359659055 234.0154915404628 233.95552622672312 234.43852431289542 234.17126150744934 234.98447151991877 233.98038767458047 235.81419835713086 233.48273728673485 239.83454031108568 233.99012241027503 234.1510163640255 233.97623509077812 240.10414252492546 233.43083969513782 233.95078302480442 243.11126789584432 234.44541340189517 233.79762847111624 235.31799076564857 232.61904513339732 238.05665736598758 232.7725418663099 233.13544395152985
232.46733048366468 238.6636379627812 232.63241744159814 234.72910373911736 233.97629399294146 233.97682974301824 229.81858658448618 233.97656298751644 233.5116707184252 234.14191566842374 233.990744803878 234.2168049253769 233.97432105576672 234.19020682561904 233.0389309743382 239.73558435534733 233.97506265718266 233.56386375182774 233.9743436585013 239.75214561730763 233.40795254841896 233.9310338118098 242.8242700919609 233.9503960336674 233.21344189076808 233.34587223724384 232.35796229579 236.0502792499533 232.03063849697082 232.32437098202354
1000000.0 1000000.0 1000000.0 1000000.0 1000000.0 1000000.0 1000000.0 1000000.0 1000000.0 1000000.0 1000000.0 1000000.0 1000000.0 1000000.0 1000000.0 1000000.0 1000000.0 1000000.0 1000000.0 1000000.0 1000000.0 1000000.0 1000000.0 1000000.0 1000000.0 1000000.0 1000000.0 1000000.0 1000000.0 1000000.0
