242.3085728978831 212.94028992061658 126.5553047252356 125.99179321441125 223.0606644851241 198.4427628798153 165.57097765913932 172.4359041223929 146.13246453779493 128.19516036976756 166.22465427043744 191.59680294198142 150.5900522686061 206.60374345306627 187.48189736234963 154.85500230506977 177.31779733224175 153.20749726969734 165.27314500533794 106.34632405185494 139.04720883957816 255.10606105643865 198.41979138736133 129.80564531800792 188.83922033206773 192.45940526352615 254.1278110110611 232.66379254453204 185.56340995413302 245.97882123428553
242.3085728978831 165.57588588365297 126.5553047252356 125.99179321441125 171.6931935386292 198.4427628798153 142.50878856040072 171.24046111511734 146.13246453779493 128.19516036976756 159.95854554768312 154.9888761802731 150.5900522686061 154.88243033889376 169.53278994003904 148.47899696489276 141.63977009975588 129.2078925333476 140.70527233919393 106.34632405185494 139.04720883957816 221.58429587491173 198.41979138736133 129.80564531800792 188.83922033206773 188.1690708540823 210.94599016891607 204.7915279486392 185.56340995413302 245.97882123428553
229.18799871782767 132.31767816497768 126.5553047252356 121.39176903176894 171.30824911469563 198.4427628798153 91.90979433423445 128.44671036519048 146.13246453779493 128.19516036976756 159.95854554768312 95.26573133993497 150.5900522686061 154.88243033889376 169.53278994003904 143.17186983182364 141.63977009975588 121.08029819656622 135.66179706262028 106.34632405185494 84.86618205182685 106.3529293309798 88.14409710176142 129.80564531800792 150.5373026331813 96.84874767123893 141.46714337859748 133.9650949401962 77.47554109115254 169.24295799820493
188.31121616199925 125.01668669998298 48.868621739102764 121.39176903176894 142.1270206170525 126.21692997067657 91.90979433423445 123.56253662099607 131.3267070807151 128.19516036976756 125.88233703790002 89.82795518647026 149.06924298886815 123.39282618574498 155.34241750090905 118.42589624662787 123.9414688266329 92.42059093608623 115.86796546374899 106.34632405185494 84.86618205182685 90.65202248571723 88.14409710176142 129.80564531800792 150.5373026331813 55.74027606282061 127.88061045948507 133.9650949401962 77.47554109115254 158.42926916327906
75.3756038728352 104.34498653108494 48.868621739102764 102.72707541118689 115.87759431375298 90.80090544357427 91.90979433423445 91.46024716102102 85.28637065744215 87.38268493823489 107.49578020263061 89.82795518647026 111.31978212469767 97.28714227776572 107.51626004638456 95.49499317188247 84.05579697999246 57.65228697664543 92.71331131999386 88.41415346940539 84.86618205182685 84.25033995118156 88.14409710176142 113.22694377532753 122.30588565011521 55.74027606282061 78.47556114111012 83.54734786287145 77.47554109115254 81.9042576556476
75.3756038728352 97.49873413749765 48.868621739102764 70.06293981060026 86.80738146128624 75.31393019518691 65.84011453675612 71.06512067636777 74.59873833252277 74.86772217562611 86.95364083948698 67.13710736827306 79.69928385607818 78.79225052779111 106.08763247436309 84.8301852592549 71.00072045882007 57.65228697664543 75.95257897357124 49.72697622503301 73.64855966868572 66.04083917105254 61.08788812508237 71.87106192996043 88.91928810414765 55.74027606282061 62.179336425858764 83.34841458247502 77.47554109115254 81.9042576556476
67.55912309590258 56.08494603547251 43.912403327933134 68.7867551917916 57.52226261067426 65.12879800322935 56.53217913629442 65.47690981432197 62.66182417636628 74.86772217562611 62.59265170614617 58.397535115713254 50.450575659469905 71.65496209796538 71.14509755579911 45.98775147310198 52.31004295743287 55.3924864708556 64.30455675144412 49.72697622503301 56.690445226297015 38.939573289326745 58.42877512928089 71.87106192996043 63.476827872641024 55.74027606282061 62.179336425858764 69.51067826147391 67.10067837918996 66.01800920354526
53.47839123066478 41.79236438333328 43.912403327933134 41.79069316395453 37.549017761957884 49.49586171411738 35.001207763005596 51.39396536128197 50.605677492112136 49.20078547038247 53.38006244225289 50.49026284794991 42.04415516990957 43.26322261308496 46.73286585117921 39.27469571391475 43.41923559473116 53.574404897834484 47.07937063209897 41.501199923420245 38.292240598448416 38.92641114638286 35.21898079413381 35.816640100284076 48.976009237502694 45.530856837408464 48.63671159076557 38.3101676534302 42.506036110756895 44.08438190434754
32.65800734826075 36.88000662495597 29.48372330340976 34.376860531153625 26.942339219089263 27.369370099782145 30.629012290475885 35.585284174248045 29.475910759220824 30.890708663828036 32.86547342189738 34.12174341848345 33.178664005977225 34.00644119792855 30.38539056641025 34.53275978921579 30.600876139639922 31.394720482338244 28.333976537763192 39.53861647965118 36.053497399537946 32.15669015165395 35.21898079413381 30.836841776530264 38.21234486494154 33.6630826573039 33.33849174816896 34.13969256371638 28.974962531142637 36.2750065470284
26.215746284425677 24.222611455784772 26.133376833056673 28.66125555885742 26.048065732418763 27.369370099782145 23.606489127374743 28.40562313855048 28.505969788212724 26.231878557253367 28.8191959042897 28.658132408387473 26.876797071518922 27.101602704510015 26.545434081000394 27.857792192015268 27.787402457760663 24.401654878229465 27.62243205192567 27.80746478627134 28.822624375240366 29.926578387999825 26.71789374977334 25.545794153433917 28.298675801764603 27.257935572744827 26.187372555364618 27.922328801072354 25.20073936226686 26.078250008526993
24.839787819267258 20.281852516412073 25.364240291993383 25.58575778168324 22.774515484310314 25.526541254579115 22.566241308304825 24.378237452114035 22.240641534132237 22.89290453913327 26.92838078378645 24.490471909778535 17.733767256881947 23.66273172665933 24.904882609975857 25.927895085595537 23.599006274485646 23.130002958774185 24.767360284442475 24.223291978936004 24.23819841372824 24.571019045259163 20.243154765634927 17.548622953748918 24.695639595922557 18.709368926622346 23.63737775333084 24.941908106896562 22.64899804968286 26.078250008526993
21.792551999364605 15.222525480395234 22.393962374549346 12.616471805567016 16.766659971486206 24.305078791979895 19.890952485616708 15.576580589655123 17.36826169625124 17.38193969456188 18.573227445567454 21.983979880486686 15.541422250135156 21.810839780119522 19.8916502786235 20.66939848663742 17.507313825004303 21.42716627721188 15.990254400340064 22.850976342363538 21.4631836065671 23.017326111598777 11.843535718714975 15.649430506600766 15.72839906153672 11.299848332852207 16.604770733572877 17.7954381029856 13.85517149676457 22.597359913658465
20.142311549434908 12.465988639970647 17.321838168855493 10.2138104619155 8.128521972705357 9.160805373310268 14.782291622687808 10.042454082328732 11.126048289150503 9.882136639960436 9.771261389038045 8.174197965560325 12.956882349374837 10.644608253252272 16.57516388399631 10.822118877794537 10.170166074695544 13.522953305466444 10.691900915579481 16.478772929413253 12.8391042710698 19.598510803311456 8.167262629473953 13.432538693098877 12.013177054514244 9.08581411768705 7.31697327120628 9.437901922048695 7.45197097374853 18.275997308334354
12.179689509186801 6.639085863778746 12.400521026312163 7.592490697586982 6.192223968381313 7.09847305459698 11.715438199462142 4.991173868973647 4.866212899157745 9.158615081201106 6.367159949440293 6.648431806674807 5.154064390026406 7.316043082908209 11.527492263583326 6.3993250447790615 8.561295139973254 10.054902595506292 9.116890465538972 6.142651388460536 5.748762430343277 12.248860657909063 4.260839992542515 5.927404844489729 9.09720181529292 6.85217955134226 7.147327657296046 7.241731195143075 5.5686474239037125 11.03198881548542
6.870087227366184 1.9724114944676785 10.049395814438867 4.9088124545342 4.033672338298402 4.604157362681235 6.777398241628362 4.353820148033037 4.825681170744019 1.2806229966979572 3.804491919805969 4.4237879104950935 2.9287013114167166 4.095290387056821 5.670444840033269 4.838890041967261 6.187826786291225 4.729265193324181 4.171037348878599 5.736601865186458 3.7136765375314553 5.325051855073298 4.16448728880323 3.6880910105521707 5.795005044656818 3.748719397485729 5.1678234652911215 3.9807258668388386 5.450870236459423 3.309329134404379
6.253384042525568 1.877957931655601 5.409218238041603 2.4102750016984373 3.2838496413794473 3.301428399345923 4.721391267670015 2.1727817380829038 4.450130162448886 1.1940887505570572 3.684115354637015 0.7465186438378169 2.9262405707736434 1.4213313368175022 4.20307928770012 0.3063625724096255 2.6832798880425344 3.071489840921231 3.3786091126189604 3.4068882718001987 3.6857944285361555 3.2405627417829237 3.2791884821892836 2.890287421942503 3.796256761847644 3.7477459997871847 3.032870435895802 2.1808536981820907 2.744323676725344 2.01655978972758
200000.0 200000.0 200000.0 200000.0 200000.0 200000.0 200000.0 200000.0 200000.0 200000.0 200000.0 200000.0 200000.0 200000.0 200000.0 200000.0 200000.0 200000.0 200000.0 200000.0 200000.0 200000.0 200000.0 200000.0 200000.0 200000.0 200000.0 200000.0 200000.0 200000.0
