28993.337987015282 30574.169345226055 16627.050800297875 19989.9724723539 10914.582829344414 45993.990805414534 47868.08957307 30851.96896443399 15945.7803235547 39775.45919692818 56726.46878124127 37809.45173554063 22739.27885461977 18294.8798708434 50924.37866826309 26572.01207555061 17100.255518702055 47466.4061916061 44668.76108320915 36412.11208108765 21040.3835607092 64183.473520956904 42800.33843329726 39324.90811430886 51712.00227310736 43152.319269366264 27239.60505152066 15957.262002326952 41413.27744270649 54059.936632318466
28993.337987015282 30195.09557966573 16627.050800297875 19989.9724723539 10914.582829344414 11830.773616605837 27256.822244228268 30851.96896443399 15945.7803235547 39775.45919692818 18685.511105372003 29333.77963925717 22739.27885461977 16038.007458150143 50924.37866826309 22330.028246413545 17100.255518702055 47466.4061916061 36710.82227769449 10734.310674647093 21040.3835607092 48655.67704877888 34851.49280397066 39324.90811430886 20514.863473209083 23234.715907023372 27239.60505152066 15957.262002326952 41413.27744270649 33377.78307380523
27715.787896582016 30195.09557966573 16627.050800297875 19989.9724723539 10914.582829344414 11830.773616605837 21439.400241224586 30826.565584891003 15945.7803235547 9520.535304881736 18685.511105372003 16605.11658171665 22739.27885461977 16038.007458150143 26674.004611653745 22330.028246413545 17100.255518702055 29727.759674263703 29330.924439824637 10734.310674647093 19512.988249486272 40093.943348727196 23088.699953741692 18803.789723247428 20514.863473209083 22236.634132597006 27239.60505152066 15957.262002326952 24431.24596710892 33377.78307380523
27715.787896582016 30195.09557966573 16627.050800297875 14439.906593278025 10914.582829344414 11830.773616605837 21439.400241224586 26762.711307559668 15945.7803235547 9520.535304881736 18685.511105372003 16605.11658171665 22739.27885461977 16038.007458150143 17689.76020473032 11480.831665178397 16166.883811907734 29624.616689485065 28507.428690669218 10734.310674647093 15451.92392583429 40093.943348727196 22649.514480807193 18803.789723247428 20514.863473209083 22236.634132597006 13341.838782430745 15957.262002326952 24431.24596710892 23292.02432564918
16616.130892634053 20296.182701892052 15699.318939661167 14439.906593278025 10914.582829344414 11830.773616605837 21439.400241224586 20410.02151976693 15945.7803235547 9520.535304881736 18085.571685238243 16605.11658171665 20725.256980093203 16038.007458150143 17689.76020473032 11480.831665178397 8877.68880812879 16886.514915777887 18063.302256494284 10734.310674647093 15451.92392583429 31903.68970689819 9142.021183020572 10003.68045888423 20514.863473209083 10022.732400956109 12034.224441082219 15467.651197851372 23273.037756965346 23292.02432564918
11219.340826652815 12369.51356126728 12279.25605051576 14439.906593278025 10914.582829344414 11305.68439063747 11942.386403421253 2391.0398375498016 11330.834951297526 7517.8200386779845 14804.352292555383 8531.040706684156 20725.256980093203 14062.697910956376 11462.43913988002 8997.721803802116 8877.68880812879 16886.514915777887 13483.033551038805 10734.310674647093 13822.407154497134 11784.231896004652 6926.427536329387 10003.68045888423 16526.87159178712 10022.732400956109 12034.224441082219 11928.531680309909 18381.970314183625 23025.474804926238
11219.340826652815 12369.51356126728 12279.25605051576 14090.993033367084 8149.649129694557 11305.68439063747 11942.386403421253 2391.0398375498016 2894.747912431221 7517.8200386779845 14262.530974570745 8531.040706684156 10476.090506334813 10230.51669818697 9941.414014204767 8997.721803802116 8877.68880812879 15729.502827956807 8717.246611301971 8794.076389893104 11014.528720236895 11784.231896004652 6926.427536329387 10003.68045888423 16526.87159178712 8275.902081550134 7940.623102701971 8126.6910163445045 11048.448211457428 18052.099897128166
11219.340826652815 11877.079571751216 7403.717209410603 10258.840458355222 6821.786977847151 10246.677402191937 9470.687017064072 2391.0398375498016 2894.747912431221 5891.785864132392 7109.685624097266 8531.040706684156 10476.090506334813 10230.51669818697 7792.042473692405 8997.721803802116 7557.70494545573 9068.135476492647 8717.246611301971 7226.363341720074 6640.951162281487 10281.513948549085 6926.427536329387 9014.683592882644 8380.567696580147 6640.707755038855 6864.3559465083 8126.6910163445045 11048.448211457428 14804.160242933813
5700.428451766814 11565.14783987942 6326.658439332464 10258.840458355222 5596.654572647645 6419.493247238155 8370.705104074119 2336.511621300006 2894.747912431221 4878.964709532365 7109.685624097266 8218.418870390531 5541.705578310654 7100.300270388572 5766.723858226119 8997.721803802116 7119.722787861874 5737.032918687565 6399.280268643642 6888.023144426146 6640.951162281487 8943.222082096974 5813.1042286278225 5612.149896247816 8380.567696580147 6640.707755038855 6864.3559465083 8126.6910163445045 11048.448211457428 12181.179175418138
5580.060911897664 11565.14783987942 6326.658439332464 10258.840458355222 4851.424171234202 1434.4898490667767 8370.705104074119 2336.511621300006 2894.747912431221 4878.964709532365 7109.685624097266 8218.418870390531 3587.896486961366 7100.300270388572 5766.723858226119 8809.495177570223 7119.722787861874 5690.058287569647 6399.280268643642 6888.023144426146 6496.969458828175 8943.222082096974 3879.5995430846215 5191.811722949384 8151.883372985783 6640.707755038855 4695.3046485606255 8126.6910163445045 5820.393407444963 12181.179175418138
5580.060911897664 11364.409708215635 6086.810247509 7227.427422068003 4851.424171234202 1252.4195012958494 8243.719078067097 2336.511621300006 2572.26660830625 2903.7887529304976 7109.685624097266 8025.190768401291 2117.9090475258654 6468.7887677044555 5766.723858226119 8774.837454388162 7119.722787861874 5690.058287569647 6399.280268643642 6520.193574363538 6496.969458828175 8279.53706173328 3879.5995430846215 5191.811722949384 7141.8877974922925 6092.142048314699 4695.3046485606255 8126.6910163445045 5820.393407444963 11108.377024730042
5580.060911897664 11364.409708215635 4982.315613887729 7227.427422068003 4851.424171234202 1252.4195012958494 8243.719078067097 1877.6175858017118 2572.26660830625 2888.26036878455 7109.685624097266 8025.190768401291 2117.9090475258654 6468.7887677044555 4913.948540962911 8403.640236416219 7119.722787861874 5690.058287569647 6399.280268643642 6520.193574363538 6469.922724045573 8279.53706173328 3850.1632277827266 5191.811722949384 7141.8877974922925 6092.142048314699 4695.3046485606255 8126.6910163445045 5785.218268365358 11040.609732072318
4615.039745564061 10698.575988231272 4982.315613887729 7010.597843675685 4718.678014989103 1252.4195012958494 5040.36519076648 1877.6175858017118 2535.133364924884 2888.26036878455 6965.050533127703 8025.190768401291 2117.9090475258654 3722.3712347209093 3552.5216180038433 8403.640236416219 6937.407392675357 5648.477123350175 6350.170114830988 6460.065583540938 6469.922724045573 8192.580217905055 3671.195328832021 4949.766494669069 7141.8877974922925 5261.635600827152 4611.117292476307 8114.342545918225 5534.521452816875 8395.68083355161
4615.039745564061 10106.406128083896 4977.4048165265285 6913.452284172976 4718.678014989103 1245.6014581571076 4321.347886606178 1844.6381093336672 2464.7978965267157 2787.350553527373 6104.786532695526 8025.190768401291 2107.842024838877 3466.0219075831246 3358.1370210212067 7319.721567192701 5456.787965131731 5642.037972630944 6350.170114830988 3612.709257989119 6438.137254834437 7645.9264011937275 3671.195328832021 3153.2909074381764 3782.766805324693 4393.822922614781 4562.747509814438 7437.097969427602 5509.142385128054 7970.564271596926
4373.8842953879985 7946.784742328899 4137.040845692136 4695.212987003373 4707.336877269737 1124.336834929231 3945.697960358496 1561.2122701140609 2387.797267837255 2750.999577594628 5949.548371120382 3326.2113105444523 1779.8384647411594 2944.2246520794843 2816.854522216426 7232.538720113758 5216.327370747261 5527.954006882488 6350.170114830988 3030.2130774772604 6438.137254834437 7645.9264011937275 3020.195137902748 3153.2909074381764 3467.2860241728526 4126.387850819451 4547.118028581758 7127.105510524825 5401.4481523461045 7110.323892131228
3778.3232790119628 3791.0174679225597 3768.182974139871 4618.591133434909 2857.8239129003073 1118.7282066392877 3565.771584686918 1512.9521683544472 2328.2375740170364 1895.710822369132 4730.491303565156 3256.4029110839 1255.764961154938 2822.7254034903995 2588.5896924251997 3609.6498865675876 4439.305787293808 3706.667210820955 2423.7334446280925 2859.9962737438054 5580.369790767647 5223.050313136353 2670.8484867088314 3150.147052958992 3461.3059424529943 1757.0097695808618 3342.4480133342986 3042.7888569024376 4603.734073574976 3638.522163052738
200000.0 200000.0 200000.0 200000.0 200000.0 200000.0 200000.0 200000.0 200000.0 200000.0 200000.0 200000.0 200000.0 200000.0 200000.0 200000.0 200000.0 200000.0 200000.0 200000.0 200000.0 200000.0 200000.0 200000.0 200000.0 200000.0 200000.0 200000.0 200000.0 200000.0
