312776198.29019195 1657467735.4761794 311073966.8045301 98211297.23950702 186194543.7615685 860734020.9923756 236645196.17277226 476362546.0375596 295407972.0413089 591764410.5637043 318978942.6069612 356560497.11089265 49750003.28414154 111820163.25368662 497669679.1438956 141776932.63155043 24077101.67367987 220753623.17173618 97308677.38358746 430988444.6997983 176901234.55814087 505701925.98433083 202906020.38651237 382850502.621216 787475914.8220822 521765406.85452646 958453977.0100297 541279246.5960692 201511516.12655616 204213752.38900882
312776198.29019195 199859675.65715823 231932369.5114934 98211297.23950702 48445697.19335127 803266107.5644825 236645196.17277226 191084112.8028389 295407958.4388826 240823028.94506246 232305195.17314774 356560497.11089265 49750003.28414154 111820163.25368662 164988599.77215245 141776932.63155043 24077101.67367987 220753623.17173618 97308677.38358746 430988444.6997983 126499244.92297356 300033686.52426153 137098168.03488198 124947305.86142406 278881347.7828778 378706308.4967532 462222285.0028374 311575207.130461 201511516.12655616 193504513.6329392
42930130.08187069 102377827.94193241 192517399.28065708 98211297.23950702 48445697.19335127 144503779.77276725 65108395.23611054 53964181.96286623 162841052.2853381 177275123.67876032 89500390.45281737 351399763.4892456 49750003.28414154 24728069.834903833 50838393.19220141 141776932.63155043 24077101.67367987 88059448.10215741 49115241.68162997 162338652.27209544 126499244.92297356 47585641.12443165 19160024.495171797 123399783.8069744 20693674.444123503 145333418.6378923 127234998.6208705 73671535.11531848 201511516.12655616 89497295.63382678
42930130.08187069 66829544.648790404 192517399.28065708 98211297.23950702 48445697.19335127 99240818.24542558 65108395.23611054 53964181.96286623 62640519.74377832 35739110.24215171 89500390.45281737 129114680.53066954 6505077.9131091405 24728069.834903833 50838393.19220141 102669168.78294419 24077101.67367987 88059448.10215741 49115241.68162997 162338652.27209544 23521446.5533982 47585641.12443165 19160024.495171797 77115677.22883797 20693674.444123503 145333418.6378923 127234983.51295213 20655649.18240665 79225952.2196008 26342827.155253563
1378805.0583983148 18833640.046417072 19117298.9282298 49239857.71244688 48167211.25293834 45412281.40091668 21683246.146848563 2729024.244197692 29434040.43807815 22299750.194731534 19408916.309987847 8581266.680847302 6505077.9131091405 19696263.12955042 27531353.78417491 1391356.1791471466 18876634.186690815 14889554.99730359 9060028.297688963 3093066.9344220296 23521429.082119893 12186492.1095927 19160024.495171797 8254166.06209793 19223535.15129975 12852421.755370224 27042094.811055545 7925240.746895025 29010059.80880905 26342827.155253563
1378805.0583983148 5903247.101197526 4609560.2700217115 499403.4747581682 8785606.269330265 9950817.675803166 13029030.6657786 1588466.667868219 6568756.359169546 370724.4326668489 2332503.8083782126 6810883.416049018 1491056.8343788 838645.1904995891 2750891.3179502697 468764.47501032037 1908811.8802553306 3623014.5462517156 2989978.2078945837 3093066.9344220296 1774904.3866935757 5124262.29669324 3306861.0125867957 2892190.8520168024 3664963.3078407254 3745566.390974205 7922772.82768101 6205401.209462337 11768054.027336715 2833778.835588958
884141.6596741218 469407.587880051 383266.93833611166 147966.81467391198 738803.1095115227 315018.7060899129 1588559.5004304063 890992.6091089284 1014423.6567777125 350591.8330806405 2263623.711416631 2681669.87640947 550946.7080201466 838645.1904995891 2432523.3993148217 468764.47501032037 1298336.7671265793 664914.8464256378 1735316.6623952102 1076098.9781006477 285668.27902002324 2289338.795452503 396353.8289787812 869572.116916409 2309495.658768132 774087.4813421279 804521.727403298 273316.3708152007 1872751.3890702694 1417841.7053979684
878665.0403417612 65437.93176784976 121879.83814525799 147938.74015241576 627222.0146456149 315018.7060899129 456185.55861120485 590583.7673167806 103895.86207610696 350591.8330806405 250733.99936717653 824844.8764738812 159818.6759767509 293590.2717757924 318902.3499933106 179563.2865566682 84558.15231518517 285186.0445664659 134498.34755643373 570976.6820941543 32636.161819529443 180880.28691748565 396353.8289787812 452038.5998041563 335810.7595398691 262480.1178520647 151786.77737774485 273316.3708152007 646833.7472628634 143358.9967626986
11768.53002020645 65437.93176784976 9376.226029257028 21743.692770306006 153371.05075341582 39656.02734055893 149681.4211440737 151030.84371430022 45842.88279160723 127421.27458236183 8586.7678337557 79986.20653396731 22709.605095976898 174192.01263430036 36942.10385583271 177825.86929051325 15761.693173634303 93666.949454527 47954.12008316307 99998.16415316914 32636.161819529443 17818.103983951372 67634.95890713246 37082.29156046832 94907.53354483489 101227.6549892066 37480.154598904286 74439.672363922 7297.533241901456 52572.33628249397
11764.737728926331 33657.67273722831 4067.209826047445 9630.47109968336 29415.88904330412 22854.24482041533 10716.086807074511 51305.23584571351 23405.817315934823 52675.37314443395 8586.7678337557 49891.23705060032 22548.086547151765 23284.914566796084 12602.093551776932 82789.63599693825 14629.641457723712 17755.954716299188 1146.4463144134388 39098.71257853975 18857.99821692215 9443.105867011443 48183.40256476935 19507.828949933657 14616.16451999162 66893.65961624295 9541.253926814052 37041.02305027173 7013.603903078749 8003.987066967045
11746.137193675733 5598.465435062269 4054.1932656702993 2574.228194296031 29396.837193760635 22810.54923587938 10695.178431277247 45598.79715698882 18714.683616838818 9353.388577509853 4624.7190521819075 32054.382972931628 22548.086547151765 17182.64905675248 12523.667968714659 15140.277443411182 14628.58569021355 12788.804848458336 1136.184453300497 6784.463098804466 8932.303273468897 7208.4599489377 48105.898226506426 3240.453467459105 14616.16451999162 19458.78687142872 9525.896581591167 37023.03866324124 6996.092651178085 8003.987066967045
6514.487890824015 5598.465435062269 4029.178541032268 2566.3098940309774 28893.740859498193 10203.908488855195 7724.635685746489 10563.21002357659 13870.844733940627 9267.744313267827 2107.979078081982 19072.895359039405 22548.086547151765 13533.15091088186 9049.49885715042 10556.812130794042 7842.490815420268 12787.547464323063 1125.8219016548364 6757.585116098122 2269.95005624503 5354.560742029545 6864.318251722403 3240.453467459105 12758.84881145154 933.5159848975536 5550.165615317474 17566.80204945148 6996.092651178085 5031.211951668406
6514.487890824015 5598.011169590775 3997.9077773157733 2560.886181630818 10695.65546286283 7045.9402590639365 5928.219040882814 10551.803492729658 3112.7207171560167 2514.388826490369 2105.7936213015646 9571.293457693655 2531.2047757745777 4378.680440762997 3607.4015636545428 10553.72614635351 4383.306648947853 5462.878417687783 1125.8219016548364 6482.276093201235 2269.95005624503 5348.012657781891 5636.318644752608 558.313616165874 5632.112972660117 919.5825710292552 5541.042213961726 17097.400497848448 2579.2016972512356 5021.99502457025
5661.785715626223 1576.9319126836326 622.3862285899149 2253.050018026749 7103.423575938272 3201.1590571235047 5858.621127498512 2818.4708159300353 1020.130639608125 2512.1645245129475 2103.4242176072703 9571.293457693655 2527.2324451071026 4377.796892736132 3607.0050775943473 3501.876451930755 4380.459875260514 3873.5898038521937 1123.5427520490812 6445.942427828706 1949.3496389146385 4674.106039799842 4832.875419599135 555.5768673254743 5630.0212906177185 915.6761039954977 5537.191170070516 5311.538009077631 2579.2016972512356 1218.91167611101
3841.9850347856973 1492.8264587158583 608.8019543408896 1844.936203655841 657.5817672151461 3191.8945609628972 768.9861320227037 2818.4708159300353 1013.5254942915913 1200.6579361283902 822.6399373059558 5405.015371985847 1447.972284343583 1139.125602714631 2198.2033042355984 2326.087053138126 2240.1986836286237 3866.568512576201 1120.8862356165364 953.918163999424 1949.3059694460444 2460.0782920400843 3653.4753833983505 555.5768673254743 692.2304998898599 914.6878561873482 2035.2427167483802 2384.700959952115 436.9869280426624 1218.7860642269748
1499.1341445245462 1492.153087139728 576.3270510010125 370.5937400067487 356.33873943790877 907.6579268060559 671.9644023686419 816.3894531034621 1011.0578977684595 958.7197906836809 748.6710778705269 1753.6238506404925 400.4345030902059 512.4904099422274 885.5704140711423 2326.087053138126 499.9922274417295 752.1855547543855 848.8116884713936 948.1995875320526 163.27613394994182 1506.1856212998828 1059.7864068948884 334.1528475263226 451.95852451172595 913.836350129885 2030.8527450181236 564.6334729059863 402.8871304032318 1215.5841986901296
200000.0 200000.0 200000.0 200000.0 200000.0 200000.0 200000.0 200000.0 200000.0 200000.0 200000.0 200000.0 200000.0 200000.0 200000.0 200000.0 200000.0 200000.0 200000.0 200000.0 200000.0 200000.0 200000.0 200000.0 200000.0 200000.0 200000.0 200000.0 200000.0 200000.0
