345.8142976672216 367.0950129588855 296.9692933254405 402.4732983220806 440.69886817789757 348.18906455564183 1096.0410683203045 685.0107033755394 944.1609330310494 361.7490682515727 449.6690176642219 399.51803619755265 651.7088866182276 227.68796137869322 412.42498284296244 318.46548527381447 545.4419942563113 400.1923386319836 584.8553500510275 286.85546719549166 392.41408226622525 190.5702269208282 400.9645834397529 995.7309928181098 240.09445334378734 235.80510854423437 145.34308798792063 233.9860490246283 879.5001774083821 1373.4196626092935
345.8142976672216 277.350279805084 277.5710424329791 402.4732983220806 440.69886817789757 348.18906455564183 291.23320657702106 423.70649769565216 388.5580049003256 285.6762133439024 377.50966040392177 399.51803619755265 335.91618920262044 227.68796137869322 412.42498284296244 266.95716033900226 347.5953439962959 215.9780293542999 180.99174510740886 286.85546719549166 244.04005953497563 190.5702269208282 400.9645834397529 602.897437102296 147.5870806268017 194.82861289139782 119.70322644183625 233.9860490246283 387.08814594810156 333.5983166930796
141.89619544129528 214.6875438205193 277.5710424329791 402.4732983220806 176.27617256774283 324.3971455184228 262.8984090585218 403.57943625342295 217.95599905024574 229.6414971190784 199.24978395714334 142.67009567776813 267.8258798644988 176.25463268457588 135.67602897593997 150.12831901025083 207.93228343728106 128.81645226832916 180.99174510740886 286.85546719549166 131.82454050627348 190.5702269208282 203.9339025222189 362.3681630508818 147.5870806268017 194.82861289139782 117.73517639173224 233.9860490246283 206.232289150802 205.03247890089006
123.74309827059415 152.90768637610336 145.87635799891905 290.49971823072383 176.27617256774283 271.06177319005155 141.67422879043215 160.48331888831126 146.30131300967332 169.63776517370343 165.6136736844487 142.67009567776813 233.0864250120021 161.38324524296695 135.67602897593997 150.12831901025083 197.229101087883 128.81645226832916 180.99174510740886 165.02326153877675 131.82454050627348 156.67780786254298 153.98775247040157 157.96713661328067 115.6161352236195 173.92136717749509 116.055345315066 151.91598354181133 142.49200563577597 169.67809747704905
114.20571705976181 122.43024235260418 137.7867249473643 127.17881638352401 114.15230503676503 224.18151784885004 126.29727558885543 124.24465914112352 118.63672526032451 161.07026663272336 117.43893010690226 139.83112453863532 216.2880934889654 124.81345219081095 129.59159331282171 121.50355196651662 124.0925711588684 128.81645226832916 151.40829472846508 128.74894437052808 129.44692293077696 121.51952618913447 126.15665832671993 125.32748394176042 115.6161352236195 108.0085513037734 116.055345315066 151.91598354181133 142.49200563577597 145.74807431429463
109.98203668078531 107.05004911612104 115.80847856849596 115.8911737529479 113.17567107942887 147.38413762592563 121.85901120089102 107.47798984295332 105.42451594079648 107.98841479755129 107.31707873755022 139.83112453863532 203.8542564979798 110.99162424868473 107.15424963527175 107.24602403810059 110.01902057620555 116.11707308197174 117.69335062135315 115.0585302043155 111.01692684287491 104.48104782729433 108.18608841101059 109.77676233520515 106.535350099879 107.96555114425246 107.39085686040562 119.9787425650411 112.74777253552384 119.90305470650446
102.01711745959346 103.59247003863857 104.90027136139088 107.03857533622295 105.35316499339388 126.54893084378182 107.11089755454941 107.02493914750357 103.02612426085307 107.98841479755129 102.29614872978982 119.41008250251161 203.5571124528783 101.50832740663009 103.02661867633924 100.94185418434927 105.1078450753198 107.33129485513791 107.34202741135778 106.58036936797635 107.51826268199102 104.17126451706008 104.76493432457028 108.46444498944584 102.99383568153007 107.96555114425246 103.85712315435694 109.17435243451882 107.9148422297435 104.96339238241217
101.06159786177477 101.65160233562528 101.1192437596751 101.83611425114941 100.69831770231758 110.49843367964831 103.0626567582367 102.35030823186798 101.15929363055693 102.93277595694326 100.44224513235486 104.88387190592312 123.40982705821398 101.33744279371376 100.90248980974548 100.94185418434927 101.48951692186438 102.48763124997186 101.72678877433736 102.3560756134707 101.41855200123291 101.58598664631472 101.0225019586419 101.94588923627589 101.10647187311997 102.32371184227577 100.88881774242554 104.69423593000647 102.1084111725504 103.02316320240243
100.57104446243511 100.410096775699 100.82451312855801 100.84785343347448 100.69831770231758 101.60931198319167 101.34339966273683 100.95434596464429 100.6723579297286 101.04033334108499 100.44224513235486 101.94369463913881 104.87745079799424 100.68145798527485 100.79624303761875 100.48544655995693 100.96884997973802 101.01441942212978 100.96763929949293 100.98504780126586 100.98722181313724 100.71606055726988 100.87949060876917 100.94718155277542 100.56010167167142 101.05392243631786 100.85556826425227 100.66526319662398 100.94334721607311 101.03533433764551
100.55514050486681 100.410096775699 100.65692042146111 100.62958254337082 100.69831770231758 100.67713687348896 100.54601301809362 100.61419411706038 100.41789447132396 100.69793556639752 100.32221072484663 100.79088227577813 101.02098299046656 100.53755902087732 100.50092471764583 100.44968994918463 100.46867890225849 100.68595720682515 100.64256897596033 100.7397955516958 100.8904433548878 100.57310082008007 100.83013281532067 100.78062074433228 100.56010167167142 100.75867842325215 100.52630012826512 100.66526319662398 100.70296364512433 100.63857752825879
100.48808517150746 100.410096775699 100.51987760108022 100.54432940696688 100.48810928037301 100.67713687348896 100.54601301809362 100.61419411706038 100.41789447132396 100.6476477783608 100.32221072484663 100.73676839396512 100.78510735208192 100.42516212719693 100.50092471764583 100.44968994918463 100.46867890225849 100.66519404731935 100.56858355949635 100.54656638935694 100.595055236397 100.50750627334264 100.73149222851862 100.5377833452244 100.4340704927854 100.75867842325215 100.52630012826512 100.55795218413687 100.63967747818015 100.49360285500552
100.48808517150746 100.410096775699 100.51987760108022 100.54432940696688 100.48810928037301 100.67713687348896 100.54601301809362 100.45216885984064 100.41405592638012 100.55007403323953 100.32221072484663 100.60743178359962 100.78510735208192 100.42516212719693 100.50092471764583 100.36526357832554 100.46763694391439 100.63754445645509 100.56663589091522 100.3897738253745 100.58966953769504 100.31013850102363 100.73149222851862 100.5377833452244 100.4340704927854 100.65342237912319 100.4975272459892 100.53070600322962 100.53336949789673 100.45541748162168
100.41229375147577 100.410096775699 100.51987760108022 100.54432940696688 100.48810928037301 100.6487754253385 100.42156505588173 100.38333545115574 100.41405592638012 100.55007403323953 100.32221072484663 100.59686593722245 100.71480530356803 100.42516212719693 100.50092471764583 100.36526357832554 100.40661938845687 100.53268944222918 100.46876224244443 100.3897738253745 100.43968854965442 100.31013850102363 100.51859450270604 100.46870049875452 100.43354251111214 100.47626497415195 100.38849692724443 100.53070600322962 100.50895654988426 100.45541748162168
100.41229375147577 100.38905021051778 100.39993744762342 100.42001901478716 100.3681792260877 100.58309781528988 100.42156505588173 100.38333545115574 100.41405592638012 100.48882900292438 100.32221072484663 100.52596112450101 100.48852780159359 100.42516212719693 100.37844703187056 100.36526357832554 100.40661938845687 100.4920224786324 100.40198687033217 100.3897738253745 100.43968854965442 100.31013850102363 100.48548166150158 100.46870049875452 100.40436043411137 100.47626497415195 100.38849692724443 100.53070600322962 100.50895654988426 100.42260155018039
100.41229375147577 100.38905021051778 100.39993744762342 100.42001901478716 100.3681792260877 100.57479279215568 100.42156505588173 100.38333545115574 100.30300778037736 100.48882900292438 100.32221072484663 100.43784291015436 100.45442683124247 100.36056697737058 100.37844703187056 100.35472018275595 100.40661938845687 100.4920224786324 100.3981399176264 100.3897738253745 100.43783385611096 100.2899316756957 100.48548166150158 100.46870049875452 100.40436043411137 100.47626497415195 100.38849692724443 100.41802600669962 100.41928562697194 100.42260155018039
100.28811108578566 100.362908194601 100.37803576309398 100.37378217080914 100.3661998255875 100.45773817891131 100.40880749139706 100.36235235583081 100.30300778037736 100.34653885339821 100.32221072484663 100.43784291015436 100.45442683124247 100.29749183069725 100.36418997040619 100.33063160763368 100.36506704817793 100.43899334569323 100.37914813296493 100.31359321064156 100.40873907038213 100.2899316756957 100.46498557418045 100.46870049875452 100.29353646268419 100.43266488346853 100.37347076011338 100.34453339780066 100.34721091316078 100.39027864917125
200000.0 200000.0 200000.0 200000.0 200000.0 200000.0 200000.0 200000.0 200000.0 200000.0 200000.0 200000.0 200000.0 200000.0 200000.0 200000.0 200000.0 200000.0 200000.0 200000.0 200000.0 200000.0 200000.0 200000.0 200000.0 200000.0 200000.0 200000.0 200000.0 200000.0
