292.20030307671414 320.95535256000494 262.7191623965209 214.27437518431498 229.5009137206498 363.34453867095726 370.87419559985256 86.39277910298597 60.954634747280124 350.6037867322384 77.07740537130121 79.88722660904978 384.97739556981014 283.3244012198538 120.24631297380938 183.0628231718547 70.14783981711344 73.45873117342353 256.48698872547175 133.039439263835 316.734966701194 431.285988525462 151.3299097557856 498.9462745505007 62.30680594377054 147.53960034382544 121.6749085856959 124.72321886904547 135.7194073778237 55.42443667657608
211.1686452161257 309.9416063641247 209.6148319221702 183.79220438985203 197.3210238362467 255.11926227817276 178.54234301164524 86.39277910298597 60.954634747280124 166.82444775944305 67.40803920972849 79.88722660904978 240.10540561884818 201.6043683400785 120.24631297380938 182.04307150501154 70.14783981711344 69.79435542443571 90.64040639524228 119.37080275347489 67.65159250176384 92.21422758446488 151.3299097557856 86.64607807175435 62.30680594377054 147.53960034382544 120.47170476626752 62.37523481367862 135.7194073778237 55.42443667657608
117.15347440273035 63.14132292750992 209.6148319221702 183.79220438985203 139.0663331519345 63.048977929561715 129.656064045349 79.30524628264584 60.954634747280124 166.82444775944305 67.40803920972849 79.88722660904978 136.03296257395732 60.41855067794768 95.21903765965453 151.13850043031835 70.14783981711344 69.79435542443571 90.64040639524228 94.10756334162124 67.65159250176384 67.90229720091656 69.65280648520411 74.41456326584284 62.30680594377054 107.87532578011451 120.47170476626752 59.958253515164415 75.15965754928948 55.42443667657608
74.45184443462313 63.14132292750992 106.02192933555716 45.53340930385684 139.0663331519345 62.351641945352185 58.50822773007121 79.30524628264584 60.954634747280124 85.65485586796649 43.086682476395254 79.88722660904978 78.46783151071259 60.41855067794768 55.66246545945296 59.39366668969433 56.480542833453455 69.00224566700626 76.28020463557732 94.10756334162124 49.35172542728333 67.90229720091656 55.24568219739285 74.41456326584284 57.2574359260002 107.87532578011451 76.98197767450347 59.958253515164415 72.8613164771914 55.42443667657608
48.97228605894952 63.14132292750992 51.73186834908665 45.53340930385684 47.656867774511284 62.351641945352185 42.855683079368646 62.87448351541616 52.33228874861152 57.2557417539565 43.086682476395254 47.67521051444601 35.68364040151164 58.52678669569241 45.40574563031123 48.27055114620043 34.533530264470755 41.40098525963731 50.849947249515935 62.11900862847142 44.293524816229365 64.83648502575306 50.73171561218487 56.753071684393035 41.28976354555425 57.21901651328608 54.16710156093768 45.814907828726064 40.159654939612665 38.465634437434346
41.71498593377419 35.16650360145832 39.715955055663926 40.165863683926545 35.81699079330383 46.499542257106896 42.855683079368646 43.77124938441102 46.07781489371973 40.415560570380876 36.68071865378033 37.063985355278874 35.68364040151164 49.8364145107962 39.523823211767194 31.724541919620606 32.06383521421321 41.40098525963731 39.13314409668283 52.90813259105835 37.006251061892726 39.8057713725384 34.80928902341475 41.62856926164841 36.282027501626544 40.51176477122908 35.85195618877515 37.59843290321123 27.360547849227714 29.882086368365435
39.60821688174292 35.16650360145832 35.941262214683775 30.589782268744784 32.200043573951916 34.97073833149625 33.771591251152586 36.68452115192031 33.025917402507275 39.9016004936293 36.68071865378033 32.151928537115964 35.68364040151164 31.65473309319259 32.677030807121355 31.724541919620606 32.06383521421321 35.45382186781262 31.27042725787942 35.557529042008355 32.81359774399698 35.72898031501154 31.997597150057572 36.896066059452096 36.282027501626544 32.44588509942696 35.85195618877515 31.281867624213646 27.360547849227714 29.152226872174197
32.749047475080715 32.42298791274925 35.217570831139255 28.14752610187452 31.178139256228405 34.97073833149625 31.217164192943983 32.281016894733966 31.567279155578035 30.517635926374624 29.95617804753374 29.269344911436747 31.953793418368605 30.852765306128276 25.49682703690587 29.42729465963066 30.110954648165716 26.74163140785413 28.19281695604286 32.46484400830877 31.318562178062166 29.14158549331978 31.009219821123224 27.282137872425665 31.036666364506345 30.40536032552245 32.56192187592387 29.693627074092092 27.360547849227714 29.152226872174197
27.656471322327434 21.20284235992267 28.389593793329823 27.02416928808998 22.955685640874435 26.40299878799624 29.359397000755507 28.187728776300446 21.75856528455779 27.39223407332429 26.628520012267927 27.039898231399548 26.354074428220883 27.137129636968893 23.601830511292064 28.95024950777497 29.158721640195836 24.718604962436984 27.086513727051624 27.105563584220363 27.108878580814235 27.49010416671308 27.28277774340677 27.282137872425665 28.763659906364865 27.6434858609 27.996719962498446 27.426018992835907 26.85823880662565 26.114604031712133
24.387288399134377 20.047552010042182 25.556427769435686 23.184382248589827 17.310254629458086 25.700487150083973 25.957855020837542 26.53445700164457 20.01458244491687 22.168430328119484 25.649909761849813 24.924512553818204 25.47700615607755 26.115113874803228 22.425948609771694 25.962723861743598 26.609310138440378 24.035850321660746 24.531670275422584 25.472249221186757 23.947584023957006 22.69400765368664 25.868882937914805 14.546908774728763 20.378431793844356 22.030483251962323 26.428195220028556 25.344983069735008 23.14762669276797 25.539429487947473
23.019528781462213 19.964128626801084 24.712135648752337 21.452541381503124 14.511362110549271 24.38197018920073 25.80360221395722 23.998705354854337 15.456938471198555 20.87060532341502 24.863547385741185 22.3853210424154 21.301878085275803 25.500323713975376 21.0920373797926 24.338225962753768 15.445139860177733 22.19724204790964 24.38626917301417 24.397001271726367 23.09130663856422 22.69400765368664 22.481384261346648 14.14032932193686 20.378431793844356 15.231816301099116 26.1398447477427 20.7670745122241 21.660094435989777 24.851157122016957
22.93089273879741 18.74068516725538 20.249843522215997 14.200082201992245 11.723667451470646 23.9270836693795 24.46509483172713 23.777986304563456 14.813873292077005 14.33514807397978 22.298287771688592 21.187991359265197 16.454771662639814 24.68795857309442 18.528138791977653 16.7182692128099 13.5826960875861 22.14008527492979 23.20402085302885 24.130931002247053 22.46626097412991 22.221013029447022 21.71825097256169 13.205251020574906 19.68600432760286 14.90393261879126 24.53243295463153 18.324013153821852 20.663744984533878 22.140853544193305
19.33470569806377 17.022167534305026 17.38122066982487 11.664946343127212 10.830145466427894 23.225360148380332 22.39690970738502 23.565200438850752 12.359874464477343 13.275163831487134 22.0345487668842 14.52715024278723 15.68525045706565 23.78497769258138 17.730605803414164 16.260887320085203 13.543058871512585 21.121280657102034 21.77921294982889 22.114110677869576 19.3858903244477 20.928793075055182 20.39092910517229 12.97996164443066 18.59731552988069 12.522889324604876 23.82203914130332 17.113167110456743 16.645736239945563 18.653519800796403
19.33470569806377 16.502630459166994 15.214636024963966 11.542557556384509 9.27697521965365 20.454060860196478 22.39690970738502 20.934012033927957 9.79904866466859 13.275163831487134 21.591428737923252 13.834798535393475 15.000652716074455 22.31410677423355 15.190165551430255 8.933528861321975 11.5364503311107 20.552920661138614 20.770973729057914 21.846256701946913 18.66625227811346 20.375161443139405 10.100636255507652 12.740259055985007 15.551780216769203 9.316377176769038 22.67257880468469 16.854757457313553 12.239814856842713 18.58686873549732
16.048090242671606 14.012072167711722 14.699154697185804 11.50660391134079 8.834873733964741 16.013966142057598 17.872945238497778 10.91356241885478 9.403743301874783 13.15918663117418 21.56189231065764 13.748159322339689 11.118404012212523 21.381128942057785 11.591296499068903 7.387587717380029 11.511920883321636 20.26636649756847 16.039139266468283 20.550915360682666 16.864145156764607 19.101668867894205 7.740989039540636 11.640253507252964 14.908115873435236 9.005697461689579 22.07580462455917 14.152886591440165 11.94843298242813 17.50458477464008
15.941134343860085 12.948951605137609 14.456384108736984 11.50660391134079 5.991724499000611 14.782628793467211 16.9381750467619 6.745614527184898 8.625953048126576 13.15918663117418 17.950158008758535 13.69712109479542 6.588942664842762 20.946415009334032 11.544627092493101 6.814866406712554 11.511920883321636 19.123361597756684 15.709046828086684 19.446571775522443 16.501835000979554 15.823919127985846 7.657510586686385 9.861948442587618 14.678688082839471 8.43049447705971 21.423452632086537 11.764629784348926 11.087776879752255 16.34403887015651
200000.0 200000.0 200000.0 200000.0 200000.0 200000.0 200000.0 200000.0 200000.0 200000.0 200000.0 200000.0 200000.0 200000.0 200000.0 200000.0 200000.0 200000.0 200000.0 200000.0 200000.0 200000.0 200000.0 200000.0 200000.0 200000.0 200000.0 200000.0 200000.0 200000.0
