6142.194655821451 5138.598895829807 6445.448400983885 5622.81110613998 5668.9567506834555 5575.545019245688 6008.071959405239 5345.847543156011 6031.568454689095 5055.629444599165 6011.542788986902 5968.735614078654 5382.23222883475 4222.666921475939 5469.027523836812 5897.9857574412545 5948.053387663 5725.490273200472 728.4313074801516 5323.0458647320265 5937.680741179323 5268.512961405141 5660.531158548875 5851.297796497962 6125.129987614007 5734.065361632007 5994.082327397893 6309.677717793456 6128.136683020824 5139.529301653475
6142.194655821451 4683.903687778032 5915.007491289642 4917.075620050603 5358.372284519496 5126.9717019038535 4920.908103191582 5345.847543156011 5849.702457932188 5055.629444599165 5850.3551989560765 4983.747802195486 5382.23222883475 4222.666921475939 5469.027523836812 5897.9857574412545 4276.7835956010185 5725.490273200472 728.4313074801516 5323.0458647320265 5633.698164095988 5246.081658730837 5660.531158548875 5851.297796497962 5690.8515776105105 5567.600249215397 5263.935139612638 5512.922652182286 5621.291771829158 2712.582975616013
4883.0721642565695 4547.043407277523 5259.509168526756 4406.630881896925 4417.453696718593 5126.9717019038535 4118.812517948851 5345.847543156011 5619.7240529084165 5055.629444599165 927.6105571351018 4983.747802195486 5382.23222883475 2577.9134953634402 5392.115421062382 4787.003194065859 4276.7835956010185 5287.296088131926 728.4313074801516 5058.061565376191 4902.198856419651 5246.081658730837 4692.191971248607 5456.597891299763 5420.336694459466 4822.531382329239 3286.398980542217 4830.353049696385 1871.2555157927982 2712.582975616013
4883.0721642565695 4220.44642527294 3563.636072858877 4406.630881896925 4417.453696718593 4550.389457415748 4118.812517948851 4766.398961395789 5117.889042937991 4492.725435849245 358.4854922753334 4700.412373909376 5091.479718662081 2577.9134953634402 2840.427985396289 4630.588371555494 4165.62908806175 4437.961462797185 252.7456588780451 4555.951397476814 4902.198856419651 4996.868223131253 2033.4808158181922 2812.9719379455 5173.686507985982 4574.467545724936 3286.398980542217 484.3107783885439 1076.2412675658497 2712.582975616013
3494.735679709751 4220.44642527294 3281.5844878586913 4203.110130429492 4170.840105555264 1231.638885985335 4118.812517948851 4354.582686583429 947.7037361817593 1457.2158659007027 232.43979410751126 3004.7866310609816 2886.5588749367635 2577.9134953634402 2840.427985396289 4630.588371555494 4165.62908806175 234.3565615917205 226.68317051852137 4555.951397476814 4871.055774927087 1505.9002153266138 217.72242139923992 2068.9545154206135 642.6060460516319 4574.467545724936 284.2499410019218 162.98054856171666 297.10898497128073 199.0857492920677
659.3856202971588 3982.9343238427773 332.76971772559 319.52750449856285 1120.8002349729031 373.9695295804695 3910.8828923714354 1820.520629925164 207.06247995939248 790.0620095851068 174.79576290389514 202.6106407358102 1248.7553903869748 343.67999438169227 215.11435639149886 4157.922981730265 170.2258066802019 160.21530048780005 177.66825894756994 452.7341708781373 1277.542861823164 267.0544123015038 154.38221595793038 384.4604740276659 189.58802965670384 3923.9729616001005 180.60698605720427 145.629796380696 194.98840671986682 167.00040789971945
289.45003449255364 423.8836511399195 170.46855595511533 149.9333965983442 1120.8002349729031 177.29447339390663 3648.399387746378 201.80121588072734 144.2756822074325 194.86511136959598 118.0593061969812 175.15870666222645 669.239714060187 169.2354424474861 156.37646004545786 3562.58288490176 141.96499737471595 124.39428412372445 114.6748174589161 174.74561290162956 291.4667302095131 267.0544123015038 114.2705330817862 186.96772757445706 133.2614243582634 3515.1574975397143 119.37842520037566 114.0551656398734 123.73899239320144 122.6825809772422
143.97099343519767 176.3269178618757 120.49824377891855 109.68991873685673 423.63937213169356 113.1645247083593 321.7773446097149 174.02178748810593 104.960213193438 150.26121179942766 101.28937500410575 125.54831032213269 188.07200772482702 114.49645214115162 109.13628518131782 2848.1432812798694 102.1385536918151 101.71304182525773 101.1867112548166 116.82719645496582 149.5530911712758 171.3459269646114 101.06107633903412 171.16699392035798 103.13759306185784 194.37769407888754 101.26098240328793 101.33679710651904 101.52294731992424 101.5350209983003
107.34234623842667 135.2349189795691 101.20250147002162 101.08420638792813 179.28660986416298 101.15467004542597 167.05054107205933 144.02840890640437 100.92632668256329 110.37542198971005 100.66945167691347 101.17387105452099 133.04555759340246 100.64102167645024 100.8271540704618 461.8977754146381 100.62722833587668 100.81664232321646 100.66930494389544 100.8807435589897 132.75299691780856 127.45742947656254 100.81326976423588 115.30644711583227 100.80960156131641 161.65295521395092 100.62017830044942 100.92034956511134 100.75554177288222 100.6599115624831
101.53936569649932 120.97375249751349 100.76416542269271 100.89027028736564 160.8998831105955 100.72208416689455 130.4661542080521 123.44096261444975 100.76822342645346 100.85648935922381 100.51674774480034 100.78749078175133 112.3506265009878 100.64102167645024 100.80733857470705 238.5002225328426 100.42516090795198 100.51228945461162 100.44610992104253 100.56584987561791 111.86514052899793 113.73508861494656 100.62746302482856 103.42528846923005 100.80960156131641 133.26488478626607 100.62017830044942 100.58426642365839 100.58809708166064 100.52049072714726
100.792573212756 110.34231134885431 100.76127147222905 100.56344243770764 117.65340163929613 100.72208416689455 116.87077789952582 103.29746329443014 100.76822342645346 100.48017176694339 100.392687263889 100.7553287823398 102.93756047340685 100.64102167645024 100.74635133835409 154.58314697005835 100.40352001548308 100.41166339676238 100.44610992104253 100.56584987561791 102.612619235701 102.8055932529578 100.48983516899034 100.898066459667 100.68319420135231 116.51631893414924 100.62017830044942 100.45464389465224 100.58809708166064 100.49448367554987
100.72550080540168 101.52797623871857 100.70128656036968 100.47544041937181 102.54876765403333 100.5971091118463 103.72832708332362 101.35114363471484 100.64814041580166 100.48017176694339 100.38464469156042 100.698033236416 101.06445232239867 100.60077968749283 100.74635133835409 109.48135791793447 100.40352001548308 100.30422841821564 100.41892812567266 100.49794682419906 100.87424158976592 100.98511430666895 100.441503315511 100.70277213851023 100.58811924665088 102.4263578141672 100.62017830044942 100.39966097200295 100.54691336001997 100.39146740583692
100.58215221264709 100.97794736876813 100.59414771781894 100.38665800484068 100.69153333644635 100.45987882802046 101.16703487979021 100.83273781538719 100.6155277168782 100.48017176694339 100.3283779134531 100.55033490280675 100.7957550732931 100.60077968749283 100.56169533461207 101.05268901574755 100.34577684733495 100.30160970899306 100.39355530089733 100.43998876640353 100.78154061603345 100.81889826119004 100.441503315511 100.69938437185374 100.57767649463676 100.96616340565743 100.41867480784458 100.39966097200295 100.5297847275483 100.39146740583692
100.58215221264709 100.85887413990895 100.47689931563218 100.38665800484068 100.69153333644635 100.45987882802046 100.8843771530569 100.73426155351763 100.6155277168782 100.48017176694339 100.32283592702743 100.49356456740043 100.6830762524196 100.5293288789444 100.56169533461207 100.93775899808725 100.33431882563309 100.29422518477804 100.36553875476238 100.43998876640353 100.60650754278822 100.70314584675498 100.34591866960909 100.6064834612871 100.57767649463676 100.83238708702129 100.41867480784458 100.30483387355707 100.50564575839326 100.38684588842716
100.51331733935058 100.57739537814223 100.4466646414271 100.38665800484068 46.21888848478602 100.45987882802046 19.118727666178984 100.70503232110332 100.56527545862173 100.44045300535663 100.32283592702743 100.48954554288503 100.54960145177665 100.52055698624918 100.48288563714414 9.430233189535102 100.32463021193325 100.2306808455628 100.36553875476238 100.43998876640353 100.45603043879555 53.992676032682084 100.32127053077602 100.59462017732722 100.55726837914017 28.209991794151847 100.41867480784458 100.30483387355707 100.4897651803708 100.34884426347071
100.47936554876696 16.237466196768764 100.44355401541725 100.37442242824181 2.660737402675295 100.45090687803804 0.3925862937899183 56.10830862001967 100.48411107885568 100.4355777602409 100.26137745615142 100.47888790959905 39.90227503247297 100.50450664603204 100.48288563714414 1e-08 100.29400118921512 100.20929479942242 100.31046710447845 100.41356337533352 100.41054860601616 17.193285367715816 100.31725136966134 100.59462017732722 100.46459185967296 0.4948520473608369 100.41867480784458 100.2969905532409 100.46633894015713 100.30640003945791
1000000.0 1000000.0 1000000.0 1000000.0 1000000.0 1000000.0 1000000.0 1000000.0 1000000.0 1000000.0 1000000.0 1000000.0 1000000.0 1000000.0 1000000.0 968400.0 1000000.0 1000000.0 1000000.0 1000000.0 1000000.0 1000000.0 1000000.0 1000000.0 1000000.0 1000000.0 1000000.0 1000000.0 1000000.0 1000000.0
