356.5464673336119 452.5588098520343 500.49138622482224 485.0495322580832 338.91097022144595 287.36332756923593 487.0374779151098 526.4737014733846 621.9008920907413 363.29214806734353 336.37353922222655 474.76492431105 398.8030957330275 227.92211867424794 452.7465823012567 603.6372788775047 413.98958299913056 498.60683408609384 258.1339268197148 407.65338257566145 365.09189316073116 411.355458792581 537.2817321674911 522.5000340143602 628.7729598613664 571.7707306680722 573.9515652185373 504.1277731672458 437.4393574509804 354.8829741014997
356.5464673336119 421.4530545531993 482.98704621156094 390.18710976935245 338.91097022144595 287.36332756923593 487.0374779151098 526.4737014733846 357.4431841887099 363.29214806734353 336.37353922222655 430.6770759257415 398.8030957330275 227.92211867424794 452.7465823012567 586.8761418488725 397.27373614309454 267.79678710213557 258.1339268197148 407.65338257566145 365.09189316073116 411.355458792581 537.2817321674911 522.5000340143602 558.7924249133671 457.0333251054981 573.9515652185373 500.6235755925054 437.4393574509804 354.8829741014997
356.5464673336119 311.9797845563644 407.92751589353156 372.9108452391738 338.91097022144595 287.36332756923593 330.93144720493956 505.9093126047751 357.4431841887099 363.29214806734353 309.67516926396684 283.84551633471165 398.8030957330275 227.92211867424794 452.7465823012567 305.6153469315195 397.27373614309454 235.3774388154402 184.1553121815955 407.65338257566145 365.09189316073116 257.305229977258 454.7472990574156 419.9409146297435 372.59451453639304 303.2733031484431 416.9870070779939 253.53175305408513 391.0207291140059 313.7049067396574
333.8421708116475 278.883827424389 344.65731280827913 370.610412777105 300.117544016779 276.8435203383697 330.93144720493956 301.27239221984973 357.4431841887099 342.5703043616395 309.67516926396684 283.84551633471165 370.6685167565729 227.92211867424794 365.5091354002425 305.6153469315195 334.24930039834044 235.3774388154402 184.1553121815955 392.1306381267759 365.09189316073116 257.305229977258 291.42044395013136 419.9409146297435 306.99482931268994 303.2733031484431 415.06567255678647 253.53175305408513 256.04840399315526 313.7049067396574
194.86079488672976 125.49126782053781 271.43764659409226 215.02758137624232 288.94352716587355 276.8435203383697 293.6343289034935 274.00121746831746 348.5844086986722 202.19817095203598 256.2784173716027 244.4059863966272 302.6010219445402 227.92211867424794 314.51005787492477 198.8210772586017 334.24930039834044 209.0078344597655 184.1553121815955 256.324114300824 364.47585174566757 254.91982934359157 214.73906769409678 255.54875966859436 306.99482931268994 245.67452820819744 225.33526780342163 253.53175305408513 234.32517194178263 311.3314696266639
194.86079488672976 125.49126782053781 175.284413216516 171.12953701419156 222.77111641656984 247.8145144408304 167.6715881756836 214.10389697069877 211.7475284605921 183.3627748861436 172.2700955403725 137.77114971406536 250.9072239046277 227.6380243648041 231.46681860270246 183.03434939094495 184.8252895831265 173.78857640800743 160.08457305742513 201.95108568470823 270.3583198878787 231.86111596412366 214.73906769409678 175.45043967462743 236.87325627950167 216.88199070290602 225.33526780342163 179.64886829133684 179.37468141826594 176.47705123079731
180.0694682500366 125.49126782053781 161.50831296529304 143.52225726930237 196.390506702543 161.80625018312185 167.6715881756836 153.4623782604981 180.20776144317506 146.4738869715493 170.97583096724702 137.77114971406536 149.1369077913355 176.35830307419656 146.30760766400954 146.0820074136077 164.80336119811363 143.78962748600634 160.08457305742513 169.56841671596158 225.96945279615056 98.23314088002007 155.41620452550023 126.7083109614814 195.00325987422684 168.12945827784415 155.99822570481092 130.77005739498873 178.34582249084315 134.95860181035277
106.54289991934456 121.37907976624592 118.09169467823585 107.56336179923028 138.27596059131292 125.48358731287681 142.773240055114 97.94392370592186 109.41641782190891 113.8080021912051 116.43205479992685 114.67706985192899 104.77820641414337 98.30379129726998 121.85546150757682 96.18183397203575 130.59941699838737 134.24381924892486 131.4901556793793 137.2017315286016 122.46069996976803 95.16850493126685 118.84298671502347 103.83787655712331 137.91701866690346 135.0200589734618 135.13625719645324 91.13510296873574 116.97120761942688 116.72163592753577
81.14340336736768 109.00743981113783 110.13221607449259 101.55712203486792 100.6052399209143 98.50115428057325 125.73876954864636 81.04583468239252 106.42149548814359 94.04683365134906 95.60337614721539 102.19357061428309 96.20902685155352 94.26717248555815 110.69396066480567 71.18937214457583 94.39344355627281 91.1653164444424 95.63215101848027 90.68757797811395 112.26896401040813 81.15531891708633 93.44965070269109 84.27890173777996 110.34657840451473 82.38078934491932 101.15495515498196 71.55032140060439 97.14833689178158 76.87101456197934
78.82562717353176 83.1016874108559 67.30535761729243 85.15935767954488 90.84740788545287 78.2597162751722 94.16552738875998 57.33498728504628 80.43826210286079 81.8574768853664 70.62589941655096 77.266928417891 78.79738167597816 64.5696614378221 99.99688942802231 67.77740425486763 69.59878778247776 89.12135665464984 76.2092446264437 69.7060621078258 85.93808322924497 63.71352906666061 74.50637513495985 69.1033352077884 82.1112923319074 74.57771982011673 76.47327428266453 61.12143958824845 78.44387643235268 54.51068717599719
64.57130108884076 69.52938896810656 52.751274086815556 61.80318181380835 82.91711987108692 67.92769234274101 69.71852842454746 56.800109571108806 60.72341996690966 75.183313181436 65.34323771504478 61.637644366757286 63.110525025357674 57.414894376782286 62.79600862567668 62.916187736246684 57.967644289652526 76.39132444893403 47.901868607766346 56.55376458078217 71.3839686696283 52.38223633617008 51.14984804234882 67.48068408216977 70.67962640231872 50.522244809389576 60.31892469913328 53.62818173939468 64.32256372076881 45.87817946747873
57.460012153236676 61.069901892910366 48.88188415997138 47.30764432106889 56.93270663017893 53.53760666891367 63.06915248296127 48.05187880481117 34.913583444863434 48.88244751711136 51.070879785174384 45.51158055704536 46.792133182289035 49.399543548749534 54.925101411403375 42.61709161689237 44.86928096922361 62.43343500512947 40.31164158701972 46.14198092070865 57.19274604485054 44.64471678083305 41.9581320055363 51.20009600182084 52.16755251617815 38.95768892374713 55.3509690527012 47.476737601718014 47.93684554387619 42.68400364499689
50.209508888940036 41.18908278235972 41.79419525557364 43.17741895442214 48.20313286522878 41.64142365853331 45.07255188919521 37.62302140813313 31.59960251155144 36.828914977005525 44.23698105491644 39.37596756911398 31.644468210997047 38.70129613085578 41.74183693330451 31.34011239192546 39.670949741022014 45.84408927437153 34.23901793602727 39.109024613919246 42.85746514094012 42.61533071355825 32.566241062769905 39.924681995885976 42.70782139560356 33.15043643886747 44.01949429655315 35.79185452648767 41.862594805617164 37.04881315930584
28.17071348081231 35.629348466851525 37.7999258602365 31.309898964522972 33.17957822415792 27.003786806594917 41.820998321529714 27.284112449922077 25.203916838175928 32.611373250758334 31.032824884577394 34.09360460931771 28.39756826883945 33.63750661454969 32.74884717741702 29.04661952136712 27.485920494502125 39.4048841331462 30.884165827583047 29.61331907552426 37.17630607119713 29.516595320163788 28.72361564222001 33.18044209068103 36.552031946985835 30.75393742410779 33.380826185709566 32.646944430628764 33.78327867810208 33.83894577309957
26.817571542045243 29.152735813616346 36.34536872301146 26.571788462689256 27.845918175577253 26.781398070197383 30.795880009319035 26.61543501836354 24.84272963331523 31.23350083075752 28.72716410117323 25.272434099189923 28.362837053738986 30.746585404941925 31.84478929169154 28.474099805838478 26.58700475189221 26.735718615077985 28.00583789816619 27.231580763227157 26.311068865587913 28.886896046865104 27.544043874733006 30.080615721416052 26.36943963470935 29.19278336206139 30.666336449078926 27.43710330427325 27.566399120007645 25.761591892675824
25.4401376749704 26.065779794766968 31.005305889541887 20.940822406249026 12.058301922412511 25.33776022714642 29.42037003562359 24.743639583645972 24.630052756903297 25.10424874574187 27.79303814122204 24.140486019690115 27.476333703969885 26.619684185745882 28.25089413392243 27.482711416121447 26.088090893047593 24.145679673650648 24.760491591073105 25.90633335493385 25.743923832171504 27.548324146417826 24.84299616887165 28.22293666603491 25.778543522977543 25.75038407624902 21.007593524786216 25.343704213807086 23.568125097352322 25.1334298870529
1000000.0 1000000.0 1000000.0 1000000.0 1000000.0 1000000.0 1000000.0 1000000.0 1000000.0 1000000.0 1000000.0 1000000.0 1000000.0 1000000.0 1000000.0 1000000.0 1000000.0 1000000.0 1000000.0 1000000.0 1000000.0 1000000.0 1000000.0 1000000.0 1000000.0 1000000.0 1000000.0 1000000.0 1000000.0 1000000.0
