8514428177.220839 7131009833.3249235 4789704478.639201 9525432190.685286 2833669285.4264226 6060565254.398043 5369697071.482628 5477558262.840898 8534562646.82124 6191230188.556406 1829233589.5798194 6903253044.004363 6423371337.475243 1973187759.1291509 4829082366.840838 2784426140.363996 3231869306.5013013 9882452621.578543 5173589594.296579 7232845122.131028 6050147970.91157 7026787341.421159 7990362557.315907 7458501567.199904 4586511049.50947 6779282126.048498 6867435405.512391 6160768224.428263 7574401229.192389 3568408191.501656
4497949211.193508 7131009833.3249235 3097591847.4700413 5346226397.060312 2833669285.4264226 2067282097.7605073 5369697071.482628 3055699470.582252 6530483430.332898 6191230188.556406 1829233589.5798194 6903253044.004363 2540333881.210678 1973187759.1291509 4829082366.840838 2326272122.3724227 3231869306.5013013 5768651286.321534 5173589594.296579 1091685772.0308928 5534194938.539324 4645197119.009948 4088160531.51479 4384790363.309819 4586511049.50947 6047248856.330858 6867435405.512391 4269500183.5012584 3049581412.7518344 3568408191.501656
2705274933.3370647 3493388757.988533 2401732407.458394 2859991681.2872205 1673074001.3459394 2067282097.7605073 2623173381.0501823 1073571131.3030394 2774594400.6857047 1678463199.666277 1829233589.5798194 5515262941.778144 2540333881.210678 1363799265.3089292 432540471.5241019 2326272122.3724227 1093727837.3721516 4439624360.438741 3425540341.3550615 1091685772.0308928 2912867590.220012 1404756774.9135616 3343843856.4472613 1060278541.024735 2393850903.0340953 2706646400.0143857 2591342018.9471827 3990796155.4117804 2787715282.725622 2674432232.559365
1439609347.7941852 1827715469.6093946 1800635118.0011563 1353679549.573229 1673074001.3459394 1059534520.5782882 1933436045.146233 844954158.5979414 1996298399.1802917 1678463199.666277 1714102875.1072645 2684310703.3367944 878166426.4528136 688470104.8380402 432540471.5241019 836956290.5639439 1093727837.3721516 616062791.0616637 2786475093.307412 783022243.6196542 1395405709.1953232 967647469.2086953 2317678319.6561837 1060278541.024735 576813233.4159647 1008248195.5377353 1536070677.616474 871601248.7984816 1309064347.064484 879789739.9798195
513261678.8936162 673954085.016442 414243470.2716821 1075324300.6974356 950519853.5603429 574183282.639848 325312931.6255909 733372794.7080425 808345111.1129187 1226550793.1390858 920792696.3431369 519713705.3437479 439061314.7023501 491312902.40739465 245157375.1254842 364781101.42232853 517482566.2795419 453313611.2905953 388460670.1649652 526997550.03034985 539607879.8711574 440192978.06212825 783068189.8359833 552653188.9652891 553395257.7871385 564550198.6071167 640230317.8787675 258999215.8377574 740086856.6389217 637878449.7824972
184692482.31902105 178070654.65336204 35247878.7705368 178630541.34754968 160205286.17973268 219364587.3846588 122741827.9893982 164662159.58005738 152825271.0848027 152228582.43749985 130351922.94768317 230292261.59142187 113916922.88609967 208306013.47842023 154462699.50696838 291609720.182517 240004512.61395383 236795123.48092687 265571409.32565683 217483426.74765918 127937208.770738 186618238.8053541 161868370.12108082 137782291.64101636 186536395.1411377 102479047.42854825 61905669.968444824 257350475.46684396 218327946.502746 137909920.0813401
75768926.00462304 65112455.16501907 35247878.7705368 44371219.641145796 21835746.21880128 52534424.3345978 47456036.57114065 34091029.72111906 53511945.096505985 50312429.87215926 46543392.769098386 61365768.341376625 59500958.20049322 68587246.6138381 28917220.310876966 63104820.97156551 56540306.56652291 38128245.76659814 90939531.10538398 66453034.85732487 46922258.25822573 24848058.390605714 35240769.893984556 64510587.943390846 24679144.030534435 94315381.81626618 43151377.077484794 38475441.72490111 65836773.366551764 45069608.65809052
5660089.39604663 14700239.504976232 17273968.16441444 13191419.484888535 16682223.595849475 8617601.38964829 9789430.591128202 12019823.925773622 11140770.219864557 12223037.040722495 6225347.80195995 16399405.548499076 4798251.570321694 7434061.295021631 19891285.591353398 12860687.67203892 8073194.8517032 15672018.182647664 24035256.39734689 19142764.852264024 11262204.351340022 4577940.925728488 6225252.830515712 7373646.010960565 8912060.623840282 13347699.521791605 14194054.203303404 10172471.960199492 11881764.492865948 9350966.223490033
754901.6922544687 2361480.2485917956 2308169.878249049 702318.5786630694 1448193.3893177048 3343044.4482012186 403184.4088457631 482626.1905315091 2087479.2411572938 4300744.699463501 319664.28192202386 946280.1827684765 2706049.724097717 1631416.2585292582 3099181.935923004 1135869.2903714878 2511917.3704571584 2329271.315965017 5141555.276834955 3820491.1096056644 571862.2345473716 570125.7975082877 806695.7759530435 723791.2235028023 2681123.512195616 3444445.1596968407 1216340.0691952202 621349.0060774423 381317.0174845154 2820006.3296580845
337.00181453236564 363963.1801586342 519.7751505619422 321.6498151918149 634.4384744488693 1272.6404118233345 243.37104427547274 232.18774002863324 1124019.0124284036 10181.643978296264 1718.6931994339461 312.8535693254953 523031.5760527593 48239.72376436156 1384096.5457980018 917.9069959601879 1586.3120294624578 618083.7300391524 1236686.614181521 1911391.6370607263 335.02990421594586 1293.7530958533498 1608.7387292006933 1463.120354290264 4254.0093853051085 2091023.3445541784 68382.24582731478 578.1797648463826 322.9061299823379 897354.3571087177
41.27167280794788 138.27079547448216 36.834296980335694 31.786161012724506 63.20592673932447 54.55243396795436 25.956411452687462 14.338905534723153 749192.1398445728 44.07205843962174 92.12470714829897 57.929544483412656 522952.96777253784 87.29203780868102 462531.85485777154 52.34701839718787 63.95700190520324 530273.0715201871 596249.1351583508 420306.9640518641 49.981668737329755 38.421804140009044 63.44134285287987 49.5952096102028 83.45959257311256 829750.2464615832 106.72345575950953 84.42077311472485 33.57096533313347 546518.0631204017
20.205348402225127 60.84441575477422 22.07195176674759 10.290122112096697 29.360839255215296 19.038373368104203 8.919833378864041 4.534408170972256 148640.6830658159 21.66831872982516 67.57860470418655 44.155315023985395 352994.8064309387 40.91824847622797 411891.81821333524 22.85937380029918 44.56614181288023 350824.7192639258 454514.12265218375 360090.4270605894 16.496448307525498 8.683083191826427 40.96528366466055 38.16572107966772 36.211393604751265 637017.0738539762 27.177372442770093 43.73535075178006 12.446852473322679 443292.72606293956
15.943359863553724 46.38349136440661 7.838326607478848 10.14803913692731 9.658824389563506 14.431622278575333 7.089768485053128 2.451055698291384 115857.86100136915 4.813418339830378 55.67249659492586 36.720794819431376 139217.38111932186 35.6551992891782 180555.0304261885 5.25994817901028 41.08758959212105 84530.33930814057 185860.0419093237 133356.07523287926 3.365076765328695 5.806945979944203 25.938523982140623 30.05886948987154 7.478978364725435 260587.9368405012 27.078582266725334 7.582392514794492 8.783867219644208 124431.64736489637
6.117141979512098 43.9242664890794 0.37238787256546857 10.136001298743167 0.3077994678058076 2.2413124405738927 7.086918997785688 0.14959729956581214 40663.87833181131 2.164092723203794 18.49276318980037 8.04271029925826 43339.57270848626 4.419737187686678 48738.700701653834 1.2547422338025171 40.95641936999118 73231.0174144242 39914.64196443102 50100.24660105881 3.243029992329866 1.1674016748791018 1.5652968889528438 2.740205918322772 7.409721748029597 82772.9707002732 27.07379171419393 7.35776506874322 1.2649247567403563 62918.87165925538
0.2989293949110561 43.92316957380399 0.3699643326433488 10.121916052256893 0.20279007421459028 2.237806913732129 7.081346313910899 0.1458838836281302 8346.596824910377 2.158691981381253 1.1812437198000225 0.22811539693316263 18520.623984028047 0.16122773682059233 19493.146842748833 1.2438232526128559 40.955268348982145 18975.42516671419 21677.623431113745 19673.810042738 3.2418611944619897 1.1528836903835327 1.5632877754092078 2.3210801960435674 7.407534067677943 8376.543577425755 27.06739445388189 7.354060362716382 1.1375584855018133 17506.527790898002
0.29612485378424935 43.92273521051311 0.36789069106066563 10.117772531641322 0.19830225694249748 2.234430803656778 7.079374523449587 0.14477228356054184 4059.193904767615 2.1571404962162433 1.1782750202207808 0.22566625996364564 10314.24610722843 0.15911480026329627 4642.06155090469 1.2375855894886172 40.95460517387983 9321.561658178221 6700.038835240794 5125.901183677501 3.2413031023172607 1.133753446788205 1.5603990327733754 2.320464007694227 7.40427871946622 2615.0767071583305 27.064627111730715 7.3474695514944415 1.1314892331031388 11083.781524531545
1000000.0 1000000.0 1000000.0 1000000.0 1000000.0 1000000.0 1000000.0 1000000.0 1000000.0 1000000.0 1000000.0 1000000.0 1000000.0 1000000.0 1000000.0 1000000.0 1000000.0 1000000.0 1000000.0 1000000.0 1000000.0 1000000.0 1000000.0 1000000.0 1000000.0 1000000.0 1000000.0 1000000.0 1000000.0 1000000.0
