2381.967158270864 3311.372634027767 2465.656661313955 2360.5350452099774 2467.671002476864 2256.899940140672 2729.658299348884 1433.8368685351043 1811.2048715326891 2920.8553690248173 2782.362364876718 2119.823127479089 3103.271479930078 1441.2458468421482 2905.8849524401776 2198.2982778406213 3105.0401322417515 1871.6321312071232 2804.174515385461 2229.3051908042025 2521.6422882467245 2209.9560546164803 2707.03989246391 3537.4228219119186 2687.4576792009516 2340.5735774277628 2526.4695493824015 3233.2012504149334 1880.6693073936344 1783.1159019369256
2259.437698195702 3311.372634027767 2465.656661313955 2360.5350452099774 1719.3578003195344 2256.899940140672 2729.658299348884 1433.8368685351043 1811.2048715326891 2348.8795547681316 2782.362364876718 1600.3615136641552 2316.825801558276 1129.1959175960817 2905.8849524401776 2198.2982778406213 2466.8217534754667 1871.6321312071232 1337.0616739846073 2229.3051908042025 1502.671365651814 1808.5767204383137 1669.0343369522893 3537.4228219119186 2687.4576792009516 2290.9190899091855 2043.4315571457041 2124.938957934565 1880.6693073936344 1043.4038797220098
1256.0475669899834 1162.9238278175535 1941.3467729710337 1676.0668838479992 1475.164285367864 1603.7017640665208 1921.6016179293447 1433.8368685351043 1530.6215190089588 1792.1984812036426 1800.6827194038924 1600.3615136641552 2215.637357370113 1129.1959175960817 2325.8933056186056 1133.7706656433443 1737.6978477227185 1542.6840220907075 1337.0616739846073 885.452593423621 1258.8763148669423 1808.5767204383137 1669.0343369522893 1967.6664653972348 1148.5107946113467 670.1883822788386 1910.6021986278793 1283.023039754812 427.42386518292506 1043.4038797220098
1256.0475669899834 1162.9238278175535 1584.332915986558 1137.1022262046406 793.4459211111257 784.2382041054775 1510.5194372050946 1185.3972877360015 590.0548923403651 1792.1984812036426 795.040379151447 1600.3615136641552 1546.3804343583515 1129.1959175960817 1506.4563450527294 1133.7706656433443 1737.6978477227185 1290.5479875299757 997.4669994312469 848.4177156639628 805.1730706471876 1559.5775098464883 1341.259824593697 1110.3949124720807 944.0756504762248 670.1883822788386 1027.179646192137 1278.7662935445678 427.42386518292506 793.3651183190696
1200.594353427321 1162.9238278175535 648.2083802105999 539.8650784523707 766.886772901195 703.7799546083629 798.2200746542087 908.1355622968035 590.0548923403651 542.2796430668259 606.6244262894618 476.2880325247477 788.3209124926848 473.2695229306794 542.856850589061 786.6616733446704 604.4890265445199 1216.6300609717382 997.4669994312469 478.657840271175 805.1730706471876 824.1384212065536 664.4301542420112 647.8160900401522 569.9694225259063 609.5674932993079 997.6506793426511 1186.3789919446294 427.42386518292506 658.1473209979754
446.99234332604647 213.02513849147044 395.0288803939168 532.7595983721185 404.3155256793443 451.03577349690295 443.48036716594515 313.24504510536394 385.93864472904033 365.21232610356606 368.7936139772087 471.1570979113908 444.540647659195 397.99537042373663 363.8183587529529 509.7411564439253 482.02385551555994 626.6405659158095 468.33550998929377 402.3772730636781 207.54426179697202 391.71407489851117 384.8319896600533 637.8428819525298 449.9723471505081 537.2649923003771 742.5438134172148 569.9341808745785 427.42386518292506 479.4761397117429
162.0339176458865 213.02513849147044 282.20821669862744 245.73914000380523 343.43422066753465 340.57010457320916 351.51502019209784 152.23129813183323 255.39550782911488 273.4708458530647 318.99598163777546 357.188118042686 251.8347457404634 253.82078360201353 274.42739120638976 271.97626914593116 269.177876586356 320.53603662398314 124.99100476351418 241.7958531706838 179.67051543644175 256.60003480290334 260.09007893600665 215.89864952956236 140.96846975058384 300.3074474786299 170.76093782915063 321.0555019300741 166.20205816942757 248.36566579252758
70.52881228899776 78.19745768143798 124.43264949359082 68.2977398318078 177.83978281798818 81.63692251612281 104.21070394150388 108.82077989801815 108.2188922380783 63.22148066144359 150.45222180970632 91.87580299154854 68.43183769961217 69.0784974229349 79.99816886638837 114.63499863237041 80.43166073476038 221.5609947931755 65.87933644347356 118.96554558908554 54.99358491649275 122.77868142133889 77.61628854837795 45.93787968515289 93.46527099802131 138.7718095876587 105.84005604521997 114.16842341963104 166.20205816942757 158.4504577095056
18.32307197598584 25.056986303842905 41.339585719474826 39.704457914094405 37.6836708354781 20.1326087228432 22.76609486025552 25.233584410999015 31.55848484006185 37.87779679858579 22.399607728989736 25.450389502780013 12.05104848152746 26.36058109817111 35.5066700703685 16.205851294238187 13.982838508169948 63.1456618285431 24.86268871614527 29.025425305424733 33.27204443113328 28.778830218157168 13.954712041857533 28.14339172231837 31.7750089383901 28.52823162381219 15.76166604793491 25.577333237793596 31.73069460919544 38.93676610184889
1.8172618751567597 3.3866400156819054 7.608542790084243 10.31284414759591 5.386227549765749 3.6433750428284384 3.601645627341668 4.015631235888236 3.3705366470097715 5.133476702169901 3.9811128272310725 4.8828950544203735 4.693729414297309 6.202990864397407 4.064139456696921 2.0314311175295643 1.3977853097187563 5.426862793711052 3.181465317880793 11.181134502294526 4.129889292687949 7.824336528368576 2.1940698458269026 9.946198459044808 2.3861476452245824 3.9113104878555305 3.8130503579473043 2.3829061783173984 6.126964648868579 2.7691893014474545
0.3521357365956419 0.2970610681695689 2.9995132896017367 2.1995587396872907 3.5837062314191144 0.4640859476936612 0.31118157612309005 0.5058268698257962 0.4648943830426333 3.778415695130434 0.5811205777617943 2.8127144250900074 0.8294047813835732 3.639807603555255 0.3410000053120257 0.1748801288699724 0.1006445285860309 3.3091120408396364 0.2399286654513162 4.754091507795806 0.2603707983938648 2.130322640824943 0.31398150365214406 2.9596373827072284 0.1400675122758912 0.1281275707626719 0.4304188691054378 0.1561612056531203 2.3216700609345935 0.29552759362854886
0.15754671083266203 0.22864608755003246 1.2329799658384673 0.9167039150185019 2.0293465557127774 0.25612785795863147 0.142525440448253 0.15074108756755322 0.20954608211263803 2.0869946273720643 0.34348094567462795 1.1142868505739898 0.4992450419817942 2.762485729778632 0.26105051926663236 0.004479091256257561 0.005512807239028916 2.941242745451973 0.050448932053541284 3.2401084363066275 0.053091357931975836 1.45544507923114 0.16950865836656703 2.501853100770745 0.0074629934664471875 0.00044455040097091114 0.2473995792693131 0.00033634743556376634 1.5375604982922368 0.06800389998727496
0.06561065093660545 0.15904271090937527 0.7719113977270808 0.5440587776602115 0.8951265544982334 0.1105789088195479 0.10985596372722739 0.049410412573479334 0.142322576244851 0.7189718888621428 0.2648338393554468 0.7462153102986804 0.39295461387018804 0.7743209849112418 0.11444440333821149 0.001087348737087268 0.0005086435293151226 0.5412198150143013 0.015486606991203189 1.4053275688072517 0.014398123455748646 0.8713581277512503 0.09407790235366065 0.6931460959744982 0.0011505943206202573 2.0041491552547086e-05 0.13805612387568544 1.110143966798205e-05 1.0179751745837393 0.01182387069525248
0.02613253326467202 0.05040256425093048 0.3727849380918542 0.36641198626909954 0.597265418394386 0.06472632209545282 0.02340916932644177 0.01134389017556714 0.06253173328286721 0.5355200367698671 0.16691025040415752 0.3755164844601495 0.17861477315716456 0.4319524380797475 0.04892323162175671 5.9311053405508574e-05 5.7273592574347276e-05 0.49333263964899743 0.004797295003072577 1.3566781292128098 0.002489521285497176 0.423111976955056 0.03970115504569094 0.6457629167281311 7.557865365015459e-05 5.878201818632078e-07 0.019650627516853092 5.278521939544589e-07 0.6518224982231686 0.005213096554598451
0.0050596464164982535 0.017983875953632378 0.17358157362082238 0.20705604899137597 0.4532903118442846 0.014178976107587005 0.005785536050893825 0.004161251164191526 0.029787257778593812 0.3283759075453645 0.12465403044893719 0.1325829773886653 0.07594722314206592 0.3123165795486784 0.013739475307829707 1.1118959264422301e-06 3.86648491712549e-06 0.25007894990062596 0.000459073003071353 0.8457772354835242 0.00027086425086508825 0.2200651886922742 0.010421121574722747 0.29073114499772146 1.5167534002102911e-06 6.472737368312664e-08 0.009401674857258513 1.8490936781745404e-08 0.4528548982392522 0.0004928486953303945
0.0005161469214272074 0.0014042947623238433 0.10646164456136376 0.03301006293906994 0.2358559976661354 0.0036909626578562893 0.0013221924145909725 0.0005190253041291726 0.007989042756094022 0.18364353601316452 0.03952931377443747 0.07126512362560788 0.016301868335972358 0.17071743095686998 0.00167719705473246 5.6324779507122e-08 1.7498405213700607e-07 0.15143643759552106 1.730172459701862e-05 0.18593846587305052 2.5307887199232937e-06 0.1498843652116193 0.0014460536034448523 0.12861858932228643 4.314460966270417e-08 1e-08 0.0037590739154893527 1e-08 0.23803917004465802 1.3895223560211889e-05
200000.0 200000.0 200000.0 200000.0 200000.0 200000.0 200000.0 200000.0 200000.0 200000.0 200000.0 200000.0 200000.0 200000.0 200000.0 200000.0 200000.0 200000.0 200000.0 200000.0 200000.0 200000.0 200000.0 200000.0 200000.0 160600.0 200000.0 135800.0 200000.0 200000.0
