108.30250917186356 88.70994329716495 108.40204098747495 117.52937478238084 90.5036589777036 97.61495256524006 111.09628055699329 103.63075253404315 95.75341330707329 102.02712099528208 107.13735658889323 91.03827863300876 113.73430245205452 114.50999271513558 111.04220483093354 95.95417132813441 128.0496291272816 114.82801460687585 93.6765683962933 83.06850389886074 83.84521971691049 113.78610524233716 115.8140496695894 114.24075366673696 111.05375185745368 108.98156068606215 108.22907821382864 95.32455415066875 85.2705777511436 108.72453948405132
108.30250917186356 88.70994329716495 89.85293871907163 79.96213681520578 90.5036589777036 97.61495256524006 111.09628055699329 103.63075253404315 95.75341330707329 82.46161811726097 97.94562276869533 91.03827863300876 87.39717957649964 96.23754105849378 111.04220483093354 95.95417132813441 124.5215456713114 93.19670215616134 93.6765683962933 75.19700262099877 83.84521971691049 102.99487739662834 106.57130744099459 114.24075366673696 107.78623327855962 108.98156068606215 108.22907821382864 95.32455415066875 85.2705777511436 89.70073130022263
89.23076905257824 76.30971925863946 83.74263216856616 79.96213681520578 76.90553060761374 91.23281583215385 88.31589621168905 83.94671003266853 90.51176047232241 82.46161811726097 89.82693528049015 58.03166617255522 87.39717957649964 79.57185946866196 78.10026243597986 77.86722166725212 83.37378364536448 74.94578633236006 58.98508519771042 74.6554643617028 78.17912347448339 65.65575015979243 70.3164720053336 76.20581533960615 86.92575024953123 108.34053531759344 97.20383847628614 93.22639764341352 83.95326464200969 88.87223305437533
89.23076905257824 76.30971925863946 83.74263216856616 76.93857143618857 65.41857415617505 77.7927394142207 88.31589621168905 83.94671003266853 46.72583432978388 81.91519916113043 68.72294233524235 58.03166617255522 77.32902187988236 79.57185946866196 70.9595609158963 77.86722166725212 83.37378364536448 74.94578633236006 58.98508519771042 64.93913559385442 78.17912347448339 63.51576889688101 70.3164720053336 76.20581533960615 75.24237081404749 89.33228718746466 79.15932742611653 80.52180069212102 82.179773344144 81.65646762270433
72.50836134970552 76.30971925863946 66.48696657868868 66.48294759265605 65.41857415617505 69.74341772446985 66.68973416123436 53.85009362551796 46.72583432978388 71.94842517053553 59.20796337928982 58.03166617255522 77.32902187988236 48.303149171786 54.3916751689178 66.91447016232223 48.932357113443686 72.11740740109235 58.98508519771042 63.870636588307434 74.10550335429616 63.51576889688101 62.66504839142783 73.87178852222553 68.7208145939145 69.46661432453584 64.26511516019923 66.08978648145137 61.312492900259144 66.31957417753074
71.9254891201648 45.87266078809955 53.67234248273871 55.829879802431265 58.43825122197086 61.277393668270406 58.31667004226529 53.85009362551796 43.878776958171215 58.294479934659876 58.9911424974747 58.03166617255522 64.27236172646565 46.67516688683429 53.53058432759519 66.91447016232223 48.932357113443686 54.08772610278959 58.98508519771042 63.870636588307434 62.4858726450467 47.5492538567795 59.87584983637112 60.61349006860996 54.50464039666008 55.58006297722204 57.45972998389527 61.66270115120642 61.312492900259144 55.93031492596549
45.40160965254495 45.87266078809955 51.766648412412906 55.829879802431265 42.950888338618824 49.89938944342737 42.287670546776326 51.19285560750393 43.878776958171215 55.32610685444001 46.11222997104028 58.03166617255522 53.225077742686835 46.67516688683429 43.442578094053374 49.10235223915936 47.50545150572293 54.08772610278959 58.98508519771042 49.41317319285645 58.15282423890358 47.5492538567795 57.990409481028564 56.836314152264094 54.50464039666008 50.019823195102845 34.059459445693506 61.66270115120642 53.81802753861518 36.70020437741641
43.53848104774045 45.11678728702566 49.646036534914515 50.81045290875238 42.950888338618824 42.22115689213524 42.287670546776326 48.05262169313005 43.878776958171215 51.05024679449491 41.801771005823184 43.239953321654866 53.225077742686835 43.564252252640244 43.442578094053374 46.91273469453938 47.50545150572293 53.15534449753284 52.16404334880815 46.712844487441544 38.977510734180555 47.5492538567795 43.63991923819981 46.76159175581836 39.32163655187003 49.11500823844426 34.059459445693506 53.21176004185065 52.51276840532057 36.70020437741641
43.53848104774045 39.11501561172213 48.46819124125386 43.621572917994285 42.950888338618824 42.22115689213524 42.287670546776326 39.248596586482336 33.550518361226295 46.67600125114802 32.17656285251019 40.75694603991212 34.9815855960461 36.656438531556205 43.38387122626682 43.11914142334433 38.101125807459994 41.14447654482001 42.902563128474185 38.4416741630788 34.45768298389771 44.544708510428904 43.63991923819981 36.296402819094055 39.32163655187003 45.47717098676253 34.059459445693506 51.07711870400203 46.453891574524164 36.70020437741641
40.93838971313505 37.99666292773816 37.162449114633205 40.38603321884159 35.907396959549715 34.04352275408314 42.287670546776326 37.89452806970803 33.550518361226295 36.08575861966415 32.17656285251019 40.084595298470845 34.9815855960461 21.107970735954837 38.54876047103346 30.557030562071418 30.238231334284364 33.75589300560591 42.902563128474185 32.092608135212004 33.166117726888956 43.10107330461142 32.46278477753617 29.807338382855278 31.49117215616957 28.43957996111044 34.059459445693506 46.84545695052168 33.922611563104965 36.70020437741641
39.573824827743806 32.509829494271685 34.68606987712201 22.894182502510944 32.63863209279668 28.37656808517022 32.55951483302181 37.02635732161775 27.89752555672635 33.60919730922433 29.33719465611432 32.18911412287014 34.9815855960461 17.288329476104764 28.83408225085975 30.557030562071418 26.10757549353218 23.945887083140633 33.355802799309345 26.731508638806076 32.85326444057296 30.075751985997385 31.332478973033062 26.998716772696866 30.906104553946875 28.43957996111044 30.22444542929327 38.25081081028827 33.59870011136604 33.37224109607678
34.920555537748555 25.225338116422108 27.676767548673297 20.87976473473634 25.522551223904088 21.920262735167057 30.751919381089238 26.615555647417523 24.111167154517034 29.610814963415464 29.33719465611432 28.284668606575565 24.93743817655411 17.288329476104764 24.373818287960262 30.557030562071418 25.244256503009296 17.468214004437186 32.474451533099 26.70998026699226 30.21493401934447 23.305961332464108 24.305618738857675 26.722817058784585 29.344162285541643 28.43957996111044 30.22444542929327 33.78930715755223 26.89661747316029 29.384583891088255
21.83934477342973 19.85472437733199 19.81116118479497 20.87976473473634 20.347018857694707 21.646440118113787 26.873637604735222 18.89008914266094 20.296568842107945 19.33008622752868 23.65736874107256 24.396074702834085 24.63925530726499 17.288329476104764 23.93426503811338 28.185287193996714 22.494907042179193 17.468214004437186 27.10030406009082 24.88102206944029 23.805437949632847 19.771053052056118 19.75710828130991 23.366652771140934 20.786598826446607 21.708501759768183 16.3795518487683 25.665286076392363 24.7065566631411 27.821818597960032
19.689809703364745 12.841485044839828 14.075793858500447 20.568077527847436 14.720395477352781 16.833674256034328 19.150442200385214 17.075597318103632 20.296568842107945 18.40514634425415 15.162798001000397 23.47252002264497 19.003068435461046 14.424504660764228 18.218758625301348 21.347024526824498 22.001580562481195 12.374104710355141 23.33381621515298 19.801885466705016 9.299382962395157 15.394695282890325 17.10599613651732 16.963092098081688 16.151386035459723 20.649409507140035 16.3795518487683 17.588834767523508 14.497447028530928 22.80100787955041
13.644829624655586 12.542543953453105 10.47394957680001 15.454315005017975 12.095066621800925 13.935090152290513 10.730371123746181 14.98440975700521 15.280193964134241 16.894086167172418 15.162798001000397 16.539771514179506 13.572567829493664 13.893387350717717 13.231770820841234 15.55265823786317 17.758996505789128 10.028911784856518 18.501118365173397 15.52284847271153 8.884431160177655 11.87970720774149 12.57371422878498 15.77265139998849 14.277007957149635 16.14064048928526 12.176946668454889 17.159660395719925 11.737760035062593 15.15878305587728
12.297812192030165 9.498439222502043 7.273076917896788 13.210870355005568 8.158445458670258 11.935291688507277 9.478602251529765 11.781448483263148 12.127233837751191 13.169426279945469 11.856765225691106 12.761319353994509 8.638130941128225 7.490613190766567 9.37824715217107 5.473873892972961 13.540699088761812 9.386663344513636 14.046933375229742 11.661450918058904 8.847030017485167 7.835374612368582 9.046252727779347 12.92406234646478 9.621285674011006 11.149051141904806 10.492468872683503 12.763359334070856 11.618900591714805 8.460486237154555
200000.0 200000.0 200000.0 200000.0 200000.0 200000.0 200000.0 200000.0 200000.0 200000.0 200000.0 200000.0 200000.0 200000.0 200000.0 200000.0 200000.0 200000.0 200000.0 200000.0 200000.0 200000.0 200000.0 200000.0 200000.0 200000.0 200000.0 200000.0 200000.0 200000.0
