10009.963543189131 6163.77077939087 12788.133282046656 7878.481890049765 7423.722405307053 9926.22717814118 9778.10626955729 5671.124836606627 6977.85161443244 8114.766673465976 6817.383390665766 5750.864144606674 5449.068468921119 3085.1473997008984 5543.8751170955475 6060.979684529806 7018.707180072176 7154.279543725599 5258.649554591904 5963.3482276004 6192.306856587052 5638.604095193061 7429.831295585772 5819.730836594478 5831.465198573587 9011.401796804908 7966.288043616696 7095.410450983105 5095.596744000734 6415.114887101322
7129.900688827728 6163.77077939087 6829.878230210195 5425.491338448707 5836.549272727947 1813.7256377354706 8587.289291389588 4754.1388532084175 6977.85161443244 6480.241822358416 6817.383390665766 3568.14765964295 5449.068468921119 3085.1473997008984 5543.8751170955475 6060.979684529806 4293.668312975086 3460.7595050647333 3094.2551796064963 5963.3482276004 6192.306856587052 5638.604095193061 4185.683756611938 5819.730836594478 5096.027396568054 7043.519687450584 6220.423668403715 5348.158030975158 1876.517660336342 3668.424843161063
3416.706986007222 3892.986778286364 4588.75911624169 4435.510765940232 3711.3606913878393 1813.7256377354706 3753.0890543346777 3884.6356997084113 4215.869771059439 4513.151999258239 3781.1257556905575 3430.156764169766 3644.49051685115 3085.1473997008984 2491.3514918365813 2427.1703059633633 3981.6496131652857 2183.0535608585237 2488.2845941598252 3061.770539319623 4435.786079412168 3212.5983280771898 4185.683756611938 3109.438446234622 2828.484347697316 3134.144176114203 2609.642541574429 4922.913943345043 1876.517660336342 2839.169464836839
2692.4369569796854 2310.8042034532677 2145.82372193572 2006.106751753391 2138.350061720181 1783.8716965970243 2007.2974775956718 1526.832119514736 2695.6415265516157 2274.023126261967 2584.3265341661972 2184.69145595302 2320.044174427223 1318.9963160853654 1279.673480247496 1093.3196709036877 1323.511853612585 1466.1920749502083 1473.3322093061722 1236.0486753077528 1877.201738427354 2255.9326693048965 1589.5812226215508 2903.178169560652 1938.4962794349249 1901.6589716486624 1657.274651089545 1793.027245504234 1413.328698663399 1729.2797230287474
793.8349765573712 667.578803981406 559.0149792306265 776.1177803393066 744.0439266164842 862.609553067653 832.9118343580674 676.178807036802 795.592136681742 751.8352666539154 829.8301022779606 646.697324676838 803.2381055519913 817.5082197676115 520.2468846168337 407.06775960465325 660.461524085347 845.5871326117453 894.7615732658819 584.8432589283012 848.6654244662441 860.9611412146164 957.2139409853744 917.816293529964 854.4968041148741 843.4505160011363 588.0336422888238 740.783194198707 636.8503167880367 709.1588881734676
247.17782855440782 191.68051587948253 192.66740001231915 267.4647998368789 278.9755078149901 310.7096420091659 260.9796528888485 253.55039520143828 192.1945082070705 299.15441790749765 265.513623699527 220.6518422079771 344.2848906030397 290.2909494057003 253.77274049168102 232.84321974018724 285.91378400906115 252.15943458378194 297.98378043058995 140.978959034941 329.07188643010386 289.22832879874363 325.7295912531207 384.55688675871056 234.1215802163881 277.35805031098994 251.93067213884888 269.12915194605716 287.25677314833547 282.4394817132261
125.69666560961196 90.7110461154748 90.75509587592285 92.16255216872003 97.03660702769764 97.54467324130286 114.76040282566555 114.69970684484667 95.97866676275095 96.81414422979998 92.5998433738934 129.69701234090758 127.70572834135953 108.489631924256 106.49783798194522 130.87237183813488 104.09022313047518 100.79417949393832 105.29228607914979 82.32874720753534 145.58218926092616 111.68453684420092 116.69556821002129 124.69390036818845 99.54710473632957 114.3412935966063 80.51712919669416 99.15704269400885 111.65343065728183 106.42566126052839
52.770943608388905 50.89647339546872 52.76027268011467 52.07337508054559 52.65329265308554 53.413096513049936 55.28108378655344 53.11865116199198 52.30161402668051 53.04488974515999 52.7956526375815 57.80214016585501 55.76785694165807 52.49169818890226 53.608566669213985 53.231422476225305 55.15461058613107 53.252341759605656 54.38508457101682 52.24144210025844 84.67258773426158 51.84281405556038 52.03501046994438 55.759107944153016 54.113706936599726 54.0889979922282 51.105241077289975 52.64146937237837 55.107802725907334 52.417889038067756
49.117846812593314 49.094867543013095 49.11338435057189 49.10371050587361 49.09838217735421 49.118103004661634 49.15325127321023 49.136816647574676 49.11220760218799 49.12747794024909 49.1147633889791 49.11320356414251 49.14304925923943 49.107897913488614 49.11317246036458 49.09814057913803 49.11997273947668 49.13346076272211 49.13947762889461 49.108135315597735 73.55277491201389 49.10552959325304 49.11450819398112 49.125261665001574 49.125452330228256 49.16863164282137 49.10946625933394 49.11821620171099 49.12577880346794 49.11549766301465
49.08448866756072 49.0844878986706 49.084497043356635 49.0844811649967 49.08449389658074 49.08449412658052 49.08460520449353 49.08449889446695 49.08456456383715 49.0845324853928 49.08450154398372 49.084534107201705 49.08449790646392 49.084490811011904 49.08452148854008 49.084483444249486 49.08449706090198 49.08450868900388 49.08457663466925 49.084512815261235 73.12457285867424 49.084555515555564 49.08448228020825 49.08448154360366 49.08449556024095 49.08459237401064 49.084545199962065 49.084533781983225 49.08452152363907 49.0845313431434
49.08447897948122 49.08447897948275 49.084478979481446 49.084478979481275 49.084478979482185 49.0844789794815 49.08447897948844 49.084478979481446 49.084478979538346 49.08447897949617 49.08447897948207 49.08447897948497 49.0844789794823 49.08447897948122 49.0844789794819 49.084478979482185 49.08447897948315 49.08447897948139 49.08447897953522 49.08447897948929 49.08452245970318 49.084478979522316 49.08447897948247 49.084478979481446 49.08447897948247 49.08447897948537 49.084478979486676 49.084478979483094 49.08447897948162 49.084478979483094
49.08447897948122 49.08447897948122 49.08447897948122 49.08447897948122 49.08447897948122 49.08447897948122 49.08447897948122 49.08447897948122 49.08447897948122 49.08447897948122 49.08447897948122 49.08447897948122 49.08447897948122 49.08447897948122 49.08447897948122 49.08447897948122 49.08447897948122 49.08447897948122 49.08447897948122 49.08447897948122 49.08447897948122 49.08447897948122 49.08447897948122 49.08447897948122 49.08447897948122 49.08447897948122 49.08447897948122 49.08447897948122 49.08447897948122 49.08447897948122
49.08447897948122 49.08447897948122 49.08447897948122 49.08447897948122 49.08447897948122 49.08447897948122 49.08447897948122 49.08447897948122 49.08447897948122 49.08447897948122 49.08447897948122 49.08447897948122 49.08447897948122 49.08447897948122 49.08447897948122 49.08447897948122 49.08447897948122 49.08447897948122 49.08447897948122 49.08447897948122 49.08447897948122 49.08447897948122 49.08447897948122 49.08447897948122 49.08447897948122 49.08447897948122 49.08447897948122 49.08447897948122 49.08447897948122 49.08447897948122
49.08447897948122 49.08447897948122 49.08447897948122 49.08447897948122 49.08447897948122 49.08447897948122 49.08447897948122 49.08447897948122 49.08447897948122 49.08447897948122 49.08447897948122 49.08447897948122 49.08447897948122 49.08447897948122 49.08447897948122 49.08447897948122 49.08447897948122 49.08447897948122 49.08447897948122 49.08447897948122 49.08447897948122 49.08447897948122 49.08447897948122 49.08447897948122 49.08447897948122 49.08447897948122 49.08447897948122 49.08447897948122 49.08447897948122 49.08447897948122
49.08447897948122 49.08447897948122 49.08447897948122 49.08447897948122 49.08447897948122 49.08447897948122 49.08447897948122 49.08447897948122 49.08447897948122 49.08447897948122 49.08447897948122 49.08447897948122 49.08447897948122 49.08447897948122 49.08447897948122 49.08447897948122 49.08447897948122 49.08447897948122 49.08447897948122 49.08447897948122 49.08447897948122 49.08447897948122 49.08447897948122 49.08447897948122 49.08447897948122 49.08447897948122 49.08447897948122 49.08447897948122 49.08447897948122 49.08447897948122
49.08447897948122 49.08447897948122 49.08447897948122 49.08447897948122 49.08447897948122 49.08447897948122 49.08447897948122 49.08447897948122 49.08447897948122 49.08447897948122 49.08447897948122 49.08447897948122 49.08447897948122 49.08447897948122 49.08447897948122 49.08447897948122 49.08447897948122 49.08447897948122 49.08447897948122 49.08447897948122 49.08447897948122 49.08447897948122 49.08447897948122 49.08447897948122 49.08447897948122 49.08447897948122 49.08447897948122 49.08447897948122 49.08447897948122 49.08447897948122
1000000.0 1000000.0 1000000.0 1000000.0 1000000.0 1000000.0 1000000.0 1000000.0 1000000.0 1000000.0 1000000.0 1000000.0 1000000.0 1000000.0 1000000.0 1000000.0 1000000.0 1000000.0 1000000.0 1000000.0 1000000.0 1000000.0 1000000.0 1000000.0 1000000.0 1000000.0 1000000.0 1000000.0 1000000.0 1000000.0
