870.0236880588218 1545.6665790733882 1471.4181793971834 1723.9149436848934 1205.1602935092815 913.8315526324609 1651.4897884572188 1486.5602984168509 1197.1533203464987 1753.0610060908684 2252.742658615547 1392.3788553955983 1041.7913604936102 1952.4454232102717 1818.7289702386925 951.1259445008004 1640.153586077704 1586.9830268693267 1258.8655909720892 1984.0117561561874 2191.1030162725638 1478.3100761384444 1887.5470745382363 1084.0730637243892 1476.2513937733302 1983.4123748591219 1483.0859899846087 1712.2079258516642 1449.5652670717009 1557.089433724458
627.9865091278948 1077.8774698032298 1131.5937394158673 1723.9149436848934 1205.1602935092815 913.8315526324609 1302.9748918551677 1343.471683038074 1135.8106019493493 1302.644482069034 1561.2454996901015 1392.3788553955983 1041.7913604936102 1151.9384636100385 1289.1461662963206 951.1259445008004 1640.153586077704 744.4531314289306 1258.8655909720892 1147.506115015959 1749.8872701056757 1201.3270526478036 1377.1592447373368 861.168719222504 1185.865885435196 1705.6573001882803 1315.138935316329 1310.8906269490053 1352.8936392076184 1557.089433724458
627.9865091278948 755.7077951174906 951.5234323057766 712.9307652187667 654.1393851785856 712.718177975968 974.9729009505127 1179.919224238135 810.1310862597225 765.8841967925259 850.3904340647418 765.4009323957407 1041.7913604936102 818.5089005838449 1082.9966015152022 951.1259445008004 1274.2186236008956 744.4531314289306 1258.8655909720892 815.4749505315694 1360.5582730784395 964.9352717979082 881.3517566135001 688.3973604122816 1023.5611153099303 1204.013102742656 1177.299714366004 1070.0884522643346 1208.6300518864864 1019.2612609423577
627.9865091278948 476.8627205185394 672.757664474866 677.5951808067684 654.1393851785856 579.0823493991111 637.8097650704412 566.6849675600524 751.6100192607964 765.8841967925259 599.1124238461566 765.4009323957407 543.5413420788195 818.5089005838449 752.5108453528951 638.6620793119514 786.290172104671 648.5508323765625 763.0583817771521 546.040272716853 931.7358093705875 810.99206574347 575.9201295447906 688.3973604122816 578.6074733235719 651.4716842679509 786.3957422216768 762.7063983507724 887.1664161250515 739.9381182021443
462.81912817305556 433.6497125889164 438.5369331079278 404.1828329651462 542.1915450255888 356.1026678628664 408.7652696904497 379.28923742953475 412.5713521013313 500.57394416863644 425.7906053170286 487.4988973159243 543.5413420788195 461.5287051972964 453.33053842343634 439.5702186373205 406.81951790252106 308.167461006361 428.01286336256635 446.1501693311793 449.5761878306216 441.5757272122364 412.58263337337667 438.5600544172298 397.1254241668921 498.3361845853292 359.1229291503937 421.9235016829698 495.4457863193493 517.9593697245573
244.23883137042458 222.53650638121326 253.69022457734036 279.30381601735735 308.9946192995112 242.10335713279983 205.6550386345557 251.94783795200055 261.4177307076425 296.5087723008819 284.49429531720125 267.282687456036 265.52905199035104 241.82550508820987 284.54029342116064 225.95587975825492 265.04837738404285 224.2112476413372 296.4685172214254 269.6703233697931 271.45817296776477 264.13802110180313 225.80959553233924 234.5121814356835 242.32929907768676 263.7187175024578 250.60285957339784 281.0111756670958 261.2816106944383 260.0218135476712
200.15979895453484 197.2226936304496 195.69646251928998 199.6493631937874 199.91993590494212 191.78939162623374 196.14813522312988 195.08213786490433 201.31702939656225 210.0579063941659 200.089737659579 205.3814720502346 210.2511542040579 205.1797651704701 201.58447696011535 203.448351343402 199.03770279773016 191.21411308958022 209.46620593379112 198.12984434372356 196.07869075893177 198.191182127684 197.85048864232294 205.81669555952476 197.2031676965089 196.02862237497538 196.70940599228788 200.57013000813185 203.6030094389116 203.17893143229503
185.21667986710963 183.1941976270855 182.85899459387883 184.6403658008362 183.76336438227963 182.634750645047 184.07209224540475 183.88348291601187 183.69717173995377 184.46399987156292 184.21059509983843 185.41094686515862 184.78694836091154 186.08955614832075 184.85161573979076 185.6618313080321 184.18517829787334 182.1336282108632 183.55285039289265 184.93636960361255 184.65623749786846 183.1653317999021 184.74130257104844 184.07038618440538 185.0691819468775 185.01713242577443 183.2040399035145 184.64614155540403 184.3865047987888 183.09566745931807
181.01419571244924 181.10521403934808 180.90270074902173 180.962347175785 180.96488422048378 180.9558956993883 180.97798912853978 180.9556953307415 180.95722131693356 180.9691730270174 181.02914857481346 181.09838293003168 180.98217277698905 181.32270700144363 181.0306174424909 180.90460740378194 181.007176539164 180.8223764499835 181.03856589771567 180.93437239757486 181.02459821221873 180.9353811362348 181.08780633171227 181.01517867094844 181.01403469819206 181.1056993751904 181.1109411073544 180.88714708399812 180.97792949638506 181.08843329085312
180.78441527778932 180.79629034561367 180.78169103412665 180.78448426397654 180.78197103552702 180.78191349271174 180.78255154753515 180.7850347774097 180.78426007846656 180.78373108053302 180.78308789962375 180.78356947715156 180.78217030322548 180.80025178229425 180.78280276991427 180.78189594456444 180.78539644434386 180.78130611907136 180.78319178319998 180.78346077886727 180.78214920639357 180.78165375893832 180.82209917309228 180.78473219331545 180.78505060682073 180.78202204087484 180.7866524426213 180.78167231625957 180.78322306859718 180.7842593601249
180.78165560121624 180.7836862377858 180.78127205070132 180.7814144117583 180.78127366626222 180.7812828423539 180.78130439609004 180.78175039844973 180.7814613180376 180.78136079695105 180.78133939009376 180.7812901739071 180.78127181068976 180.78443050796568 180.78127911891488 180.78127435542274 180.78143897206337 180.7812716777471 180.78132096786476 180.781315472585 180.78127167799448 180.78127168436458 180.78651063838515 180.7816058938979 180.78176051326363 180.78127509894875 180.78173493880922 180.7812716781541 180.7813437153609 180.78134246066975
180.781336189606 180.78144321096715 180.78127169534218 180.78129516926674 180.78127178629848 180.78127276026453 180.7812727180658 180.7813026961917 180.78129337840528 180.78127860159884 180.78128298720821 180.78127295673903 180.78127168161154 180.7815894356795 180.7812721899504 180.78127183635206 180.78128298679894 180.78127167774664 180.78127356986715 180.78127882279432 180.78127167774664 180.78127167774664 180.78179327303587 180.78130319296088 180.78134165258552 180.7812717407569 180.78133714778141 180.78127167774664 180.781276946881 180.78127985146784
180.78127977749728 180.7812980405397 180.78127167969114 180.78127313431514 180.78127168322726 180.78127171909136 180.78127183814695 180.78127841482046 180.78127552586056 180.7812731045351 180.78127232601582 180.78127175205236 180.7812716778608 180.78137775045616 180.78127170725247 180.78127169399932 180.78127469424862 180.78127167774664 180.7812727776486 180.78127238899515 180.78127167774664 180.78127167774664 180.78135869405014 180.78127416108828 180.7812856311948 180.78127170142943 180.78128068566957 180.78127167774664 180.78127226211018 180.78127369543836
180.78127198911625 180.78127676722715 180.78127167785715 180.7812720373072 180.78127167971752 180.7812716867952 180.78127169327627 180.78127205560486 180.78127187597693 180.78127173400026 180.78127172615086 180.78127168256424 180.78127167775847 180.7812864718644 180.781271679366 180.78127167884531 180.78127219863745 180.78127167774664 180.78127172264703 180.78127169023264 180.78127167774664 180.78127167774664 180.78128384940783 180.78127194406215 180.78127344049335 180.7812716796161 180.7812723040406 180.78127167774664 180.78127170586185 180.7812717252732
180.78127168200854 180.78127180848878 180.78127167774983 180.78127167935872 180.78127167775392 180.78127167787397 180.7812716780636 180.78127168818037 180.78127167973207 180.78127167837738 180.78127167807634 180.78127167801586 180.78127167774664 180.78127183338438 180.7812716777844 180.78127167776393 180.78127168116316 180.78127167774664 180.78127167880166 180.78127167843422 180.78127167774664 180.78127167774664 180.78127184986442 180.7812716850649 180.78127169037225 180.78127167775438 180.78127168159426 180.78127167774664 180.78127167842104 180.78127167900993
180.78127167774755 180.78127167778302 180.78127167774664 180.78127167774664 180.78127167774664 180.78127167774664 180.78127167774664 180.78127167774892 180.78127167774755 180.7812716777471 180.78127167774664 180.78127167774664 180.78127167774664 180.78127167778166 180.78127167774664 180.78127167774664 180.78127167774755 180.78127167774664 180.78127167774664 180.7812716777471 180.78127167774664 180.78127167774664 180.78127167776165 180.7812716777471 180.78127167775028 180.78127167774664 180.78127167774846 180.78127167774664 180.7812716777471 180.7812716777471
1000000.0 1000000.0 1000000.0 1000000.0 1000000.0 1000000.0 1000000.0 1000000.0 1000000.0 1000000.0 1000000.0 1000000.0 1000000.0 1000000.0 1000000.0 1000000.0 1000000.0 1000000.0 1000000.0 1000000.0 1000000.0 1000000.0 1000000.0 1000000.0 1000000.0 1000000.0 1000000.0 1000000.0 1000000.0 1000000.0
