4.842587197718813963e-01 6.475765339151886568e-01 7.103371337624875270e-01 6.707464916027530144e-01 6.131044492742003804e-01 5.120949637621372563e-01 4.989473501517324161e-01 7.586057449531782293e-01 6.661507755338955672e-01 4.356986213808624608e-01 5.981488213062891024e-01 6.618172617204258756e-01 6.628520764984062730e-01 9.183433650030785600e-01 7.000374887581792827e-01 6.176176075723961434e-01 6.662256438914216927e-01 6.631332359834071211e-01
9.228745544819538793e-01 5.894279543233358343e-01 6.026496938852697882e-01 5.879993316221089339e-01 3.740152121904933291e-01 5.874505378242759202e-01 5.952776775778200191e-01 5.927821966117847730e-01 5.157669087250613682e-01 6.001750004519224024e-01 1.206112539240293158e+00 6.003264645594834636e-01 5.589613814498869404e-01 5.927275223971407714e-01 5.960107561735022985e-01 5.963878742413546430e-01 5.483020291500013688e-01 6.029468327871062572e-01
3.121927066448066945e-01 3.172595716236197294e-01 4.041891315436035859e-01 3.528479527561227402e-01 3.634566250794291631e-01 3.617939354947604103e-01 3.634587450786526674e-01 3.337143629003126444e-01 3.146732902551510058e-01 3.620748751915241481e-01 3.298355608389161864e-01 3.151974069814471591e-01 5.974440561099191305e-01 3.048865231261808639e-01 8.324483252191658966e-01 3.115875026986496543e-01 3.467433961812062537e-01 5.987251722979051172e-01
2.583981090980618789e-01 2.483599390110512450e-01 4.543519124052918801e-01 2.001324815762558496e-01 6.518785682558858596e-01 4.442558753364925783e-01 6.850184274311732491e-01 6.551449358184625593e-01 1.993227550129330061e-01 3.578400368072552351e-01 2.490172035280018015e-01 2.423795818223700715e-01 3.935964707173689181e-01 3.430166267978098649e-01 6.152972998604784305e-01 8.440401563752510938e-01 2.132529221885207382e-01 2.583895810865003972e-01
6.336153842403141612e-02 2.334248984190946952e-01 9.555472949693331053e-01 2.827375958348644636e-01 4.368636353399363847e-01 2.501562783528106793e-01 1.415884848472472868e-01 2.552050245868772160e-01 2.293034782897486468e-01 1.259916416767110359e-01 1.443729951508184450e-01 1.549070006047424120e-01 2.223559754929065602e-01 1.433634582159014348e-01 1.573895900062151076e-01 2.115089428637982327e-01 2.216626111254206555e-01 2.233228607905111129e-01
2.290741464446644504e-01 5.694610773212449573e-02 2.276269731651302253e-01 2.696892231008243823e-01 2.882030240155900591e-01 1.707052307629110532e-01 1.648154996934682315e-01 2.493065212828652066e-01 2.487411364690860216e-01 2.582057222398059793e-01 2.378401745177480819e-01 2.394999247739714732e-01 1.735041480050662777e-01 2.328844832340236093e-01 2.703869438796119296e-01 2.324141336792109880e-01 2.812380419169656087e-01 5.873702867639013503e-01
6.846838436882448642e-01 3.389660960033640258e-01 3.434149059489034483e-01 4.962759590768843765e-01 3.558331197682870761e-01 3.432384212245382926e-01 4.907705092803350544e-01 3.361693547161428430e-01 3.689902519738584297e-01 8.564483114496937444e-02 3.447593400828531385e-01 3.433097530277316456e-01 3.351998688549708838e-01 4.223800274767787188e-01 3.082747048869777240e-01 3.494806739607836388e-01 3.793713403982765797e-01 3.430829010671570534e-01
5.860853160601106060e-01 5.924325011201317936e-01 6.665186774884125365e-01 6.208799721760823731e-01 4.581744808255128754e-01 4.593280067052506466e-01 3.982539726859647411e-01 6.379191272675697189e-01 4.183030315572676128e-01 4.991444601083565025e-01 6.452618059807699868e-01 3.644161497702354535e-01 6.220208447888316838e-01 4.157434327983287048e-01 6.442824031816856145e-01 4.605144323399205097e-01 7.272390687494195705e-02 6.164147623437111756e-01
8.402704132825397076e-01 8.134960257319786558e-01 8.301904906528800865e-01 8.211465887068447600e-01 8.273559057418446994e-01 8.516524283943263107e-01 8.257576476850767566e-01 1.618276957933639126e+00 8.478982491258794107e-01 3.238850159283894747e-01 8.265971513511071178e-01 8.082446958524598379e-01 1.639699045882089035e+00 1.617692510436041786e+00 8.217929742653318215e-01 8.147454062154969590e-01 8.198669918522742961e-01 1.622284153528615436e+00
6.806092963196600286e-189 7.167220080385839067e-189 7.176353962874386105e-189 6.777498827890207792e-189 6.812428812764795844e-189 8.022851675574998617e-189 6.804377087469556875e-189 7.257002263219936828e-189 1.351465848811832478e-188 7.038830128217894786e-189 7.018770649270476004e-189 8.788642124363347589e-189 6.766921596424673664e-189 8.075179787208059045e-189 7.027824230179060393e-189 6.991871080066232837e-189 9.506040315827294893e-189 7.040954207731666895e-189
