5.113961275421495811e-01 3.949016917664415760e-01 4.367430325646572964e-01 7.176799032250418264e-01 4.537031058059645128e-01 3.971550845619297165e-01 3.881049851185229826e-01 4.873835771811008133e-01 4.845579711325370131e-01 4.351413785839410298e-01 8.474456946385080514e-01 7.177385299485804504e-01 6.787327631597338540e-01 3.923831161627193698e-01 4.835105482689806555e-01 3.858190033121347007e-01 4.306925594904933430e-01 6.257944011245002436e-01
4.106973911717927139e-01 6.314787834795482224e-01 7.188648962858856795e-01 4.801849175753825638e-01 6.011532795792786654e-01 6.086159154934395188e-01 6.085669950995549193e-01 6.465123312454907900e-01 6.022963589559795494e-01 6.718477292558071579e-01 6.042670582424660708e-01 6.389569562332353403e-01 4.745308171901490013e-01 6.112188791502974894e-01 5.228888494408714394e-01 6.940056606226512326e-01 6.295515952801935544e-01 9.029846881590051222e-01
3.211895983019558143e-01 3.266981310808380057e-01 3.169028573653571712e-01 3.180986358874215436e-01 2.963075639947925777e-01 3.168163876142912616e-01 3.185777171679686215e-01 3.168589067345298771e-01 3.710015648815653821e-01 3.187191059624118195e-01 3.167623109670149040e-01 3.798019896948711116e-01 3.239694315811241232e-01 3.154487841866194242e-01 3.166124780990161591e-01 3.170338974200416771e-01 8.565453066877702915e-01 3.167813688167643860e-01
3.494435533159052087e-01 3.556750801053918387e-01 3.481870859480090674e-01 3.849294459371312982e-01 4.963080412592018043e-01 3.487174404846753450e-01 3.568941012191292894e-01 3.519969013818327053e-01 3.538370882117968796e-01 6.959353114700754794e-01 3.481849430465838724e-01 3.476705422732371265e-01 3.591355306985196671e-01 3.484516547296607758e-01 3.480387135518325792e-01 5.954287880282573830e-01 3.425059653780618274e-01 3.775673125351007298e-01
7.152899489804186439e-01 7.691042259579896623e-01 7.595859975362697636e-01 2.017847241631223199e-01 7.041482468078916757e-01 7.412988611092399260e-01 7.388302856159543186e-01 7.621305860478033711e-01 7.618388273943487166e-01 7.079162246021227789e-01 1.523832637979126270e+00 7.594808361625853266e-01 7.592279850293182086e-01 7.521673644261458458e-01 7.635903114240724099e-01 7.596598648042321988e-01 7.662153467802513829e-01 7.984395709620393244e-01
3.207879181723589102e-01 2.422305719854183359e-01 2.436002241207710362e-01 2.613687348839440761e-01 2.453473289722984951e-01 4.839770868060715436e-01 2.648698353272214145e-01 2.687662239695464694e-01 1.071463053983226082e-01 2.425183382458304671e-01 2.575204344896750430e-01 2.619141344329591892e-01 3.020791290344144731e-01 2.419967976965227141e-01 2.569622908751290624e-01 3.172956119281335474e-01 2.557810807981635293e-01 2.730773130830196349e-01
4.712453687212346254e-01 1.026992373549715509e+00 4.016340001525263714e-01 5.134869273617461705e-01 3.265901760160287437e-01 4.845422997427232814e-01 4.785324433593139415e-01 4.761339021331544297e-01 3.324444325007057666e-01 3.319736464836731682e-01 5.046571038224658690e-01 5.131948841111779736e-01 3.441518519315482916e-01 5.064140317391285784e-01 4.764951832608639304e-01 4.780059525460725878e-01 1.836831646341050006e-01 5.059622548114383056e-01
5.123098016094869145e-01 5.107248009857106030e-01 1.116984682653315630e+00 3.174990813472881035e-01 5.507229970437224065e-01 5.121482283314717776e-01 3.200499517606217315e-01 3.587594407299944388e-01 5.232044054229969543e-01 3.820556044383946470e-01 3.604228926797636290e-01 3.255243233435730077e-01 5.186405383069948583e-01 7.202266384909644659e-02 6.345412299935928591e-01 3.258448431316480209e-01 3.546812000118539365e-01 3.816758868973870178e-01
1.188124638486042772e-01 5.960985597298529282e-01 5.545975737382760062e-01 4.413912525114098706e-01 5.854300857090615207e-01 5.855365477010315844e-01 4.458703149436439306e-01 5.427586373893981131e-01 6.436218155250947870e-01 1.192319483740499120e+00 3.194070261552618972e-01 3.899666977826412584e-01 5.549858479056605232e-01 6.534235692475950374e-01 3.391643085294018256e-01 5.427070278457863939e-01 1.388065644652742625e+00 5.556898349578427432e-01
7.106067518286095508e-01 7.149890559883941288e-01 1.281451856223163377e+00 8.558463774003278735e-01 4.679569110902358497e-01 6.245593436891796468e-01 6.971050314945577142e-01 6.955702539012219576e-01 7.005259450657705944e-01 7.007614978403748918e-01 7.150759772186163765e-01 7.273502280288544064e-01 6.326707461648986008e-01 4.815552059529202289e-01 4.842872567287186403e-01 6.961276274073252557e-01 8.628682597732324489e-01 7.180868543327604270e-01
