6.362579674043653544e-01 6.706352808340810823e-01 4.436205773963747823e-01 4.097455871340424105e-01 6.088760040297153120e-01 6.420388764621066668e-01 5.958498476646333364e-01 7.335139273614090794e-01 6.392798656552189929e-01 8.157209627606208935e-01 6.983569679466641311e-01 8.601706252552480114e-01 6.439277849850719715e-01 1.373980675057512313e+00 7.386707904153699822e-01 9.322564867744993489e-01 6.909100267805827755e-01 4.108049940414501555e-01
4.138325886261013387e-01 4.219694166279051584e-01 4.057041522076938467e-01 4.439727921571277602e-01 8.858708439674581880e-01 4.499115563822468911e-01 4.075532424584681346e-01 4.458203450919906996e-01 4.220535296711830364e-01 4.182208931990618050e-01 4.088024343648627434e-01 4.159679663652841031e-01 4.722408331604062703e-01 4.427787226729039682e-01 4.492433610212732131e-01 5.832585697549539372e-01 6.106334852759431886e-01 8.144292013278557896e-01
7.369948642801378291e-01 3.990075879974831485e-01 4.486154862866725823e-01 5.250687600041356040e-01 6.263390389478583620e-01 2.453544269377569698e-01 6.153284434332858543e-01 7.394895218753011479e-01 4.453793549531319673e-01 4.476322412306618648e-01 8.797789031182871033e-01 4.478192672833553045e-01 4.087394344095636178e-01 7.586086610513258499e-01 1.526693513958300885e+00 5.816756991331102356e-01 7.922774992346264256e-01 7.367884984630739265e-01
2.763357394673041645e-01 5.714283093376530953e-01 6.148621676930861035e-01 5.185082103802239883e-01 5.244940077306621262e-01 7.808881511315444168e-01 5.770258976950606300e-01 5.748851752339013688e-01 1.190886115722067373e+00 5.949416840007878404e-01 4.351401597408301458e-01 5.653430032115136505e-01 3.894435831850167617e-01 5.344496640325332448e-01 5.322253269889765104e-01 5.836391208156204158e-01 5.488494057285540073e-01 5.670297303872201544e-01
5.796365711045059488e-01 6.943847506878702003e-01 8.097007793075967630e-01 1.615386854000098182e-01 7.177021036836704893e-01 6.998578546884868246e-01 5.855806342093425876e-01 7.338866196641417039e-01 7.621958946425553272e-01 6.976712721763085323e-01 1.097828285823780892e+00 7.087479317646711019e-01 7.467115075606640673e-01 6.777271776488469346e-01 8.340409502691744636e-01 5.623415814101266896e-01 8.428878198593924287e-01 5.612210256556322552e-01
4.931978638128629022e-01 5.118061386525900591e-01 1.117420180671664931e-01 4.909385449203309548e-01 4.841268832048137849e-01 4.945010047221407024e-01 4.673157029118019112e-01 4.954945613124139836e-01 4.912893741751838683e-01 7.558722950800830231e-01 5.121493923362725464e-01 4.684490434141889148e-01 9.104558649077229004e-01 7.539825958062251754e-01 6.335246414079116484e-01 5.162206069090928828e-01 6.520311504496317800e-01 5.338729473294417938e-01
2.538488800846641635e-01 5.731037388805964028e-01 2.542991086370302023e-01 2.816325128322487159e-01 1.725821487255840281e-01 2.557776248571038691e-01 4.758922244613525421e-02 1.716094547029732575e-01 2.525526073437736052e-01 4.184093127107620935e-01 2.548722245865971958e-01 1.718083945620871023e-01 2.637460471844592091e-01 2.091774834556471008e-01 3.021290640953973594e-01 1.811562709113315739e-01 2.543224044839920706e-01 2.844319376031739788e-01
3.639250125681245396e-01 5.038079463763022181e-01 3.996890267366219329e-01 6.647891105366232622e-01 4.714571685087348696e-01 6.672850544688673224e-01 6.687328236017051619e-01 4.864463396973141007e-01 5.359742049632558736e-01 5.576862731442784327e-01 6.177451705524363845e-01 1.180454909787187201e-01 4.976326640026462744e-01 4.834570906501177712e-01 4.582244510196814558e-01 4.207772820391556534e-01 5.508442377340211360e-01 5.137930707750579806e-01
9.154071175826140605e-01 1.736369496016939573e-01 7.764777417035734208e-02 1.114609968120928579e-01 4.438025298603076596e-01 1.595848896099429370e-01 4.481278419586300910e-01 1.899046222060923605e-01 4.812344273150858109e-01 1.343238536571673691e-01 5.042416604888860787e-01 1.139886735223062803e-01 5.000268979285221738e-01 5.048221197840997432e-01 4.979192180719851923e-01 5.753691186010038150e-01 3.892675697676926116e-01 7.134012142010737190e-01
1.411306941100884640e-16 7.829042088953615677e-17 7.279837410130789294e-17 8.150369201630769889e-17 1.223717876212012335e-16 7.065256250176796682e-17 8.398233864749644578e-17 7.221439334701559994e-17 7.062766138016179339e-17 8.429212870041109054e-17 1.247034227174371431e-16 1.381837282342993688e-16 1.375827070807479057e-16 8.138239891848991901e-17 7.111439047719019211e-17 7.196619455405343830e-17 8.144440424628207774e-17 7.090800064631867514e-17
