8.126753150976243623e-01 6.786457227277372661e-01 1.535193329333016443e+00 7.641654642094520833e-01 7.669730655288108379e-01 4.152737017973873179e-01 4.737311517608011613e-01 8.089729394062342704e-01 8.290913417200157509e-01 7.437667601652732108e-01 9.729802533688316490e-01 1.626113182916087085e+00 7.535023976974456472e-01 6.420767639227002999e-01 6.062388324325870270e-01 9.590845515802806087e-01 6.372305978445552688e-01 7.363228922033002721e-01
3.285682035654911015e-01 3.257660902967092209e-01 3.654905530703814187e-01 3.250895726404551267e-01 3.304597129471761319e-01 3.261790257812223759e-01 6.510466689017545550e-01 3.395123391280490677e-01 3.265758375848616391e-01 3.282964681442909205e-01 3.313027436511759571e-01 3.108180885272338601e-01 8.302373006909418152e-01 3.373567622006790057e-01 3.394372047389324631e-01 3.364197497171754758e-01 3.423857360128877425e-01 3.223506367130445915e-01
2.994174425164080056e-01 2.809983896434911643e-01 2.828557695324960819e-01 3.251011103506154520e-01 5.611819686258002760e-01 3.332433609654898432e-01 3.004043187663787418e-01 2.937632409873770500e-01 2.853538245656193628e-01 2.932606670147029915e-01 3.381017296790022608e-01 4.038577854039474002e-01 2.933358912494783421e-01 3.422523252868452381e-01 3.062446718036013205e-01 3.040943157897141313e-01 4.197199664416605969e-01 7.506637419705213254e-01
1.738833321414461341e-01 2.468869653740082548e-01 1.893204573544053915e-01 4.257357966355834744e-01 5.856992784046932687e-01 1.720388820862711887e-01 4.254678182402383824e-01 1.746888664900371479e-01 5.861850675048488890e-01 1.783235010163089773e-01 1.728599897654897743e-01 2.204022111791711092e-01 3.115546430223637975e-01 3.406505240104397148e-01 4.595169059891183183e-01 3.106307704145576665e-01 1.724791610188998181e-01 1.808742703594489187e-01
3.268423792330000799e-01 5.832225234545340697e-01 5.873380274003622281e-01 3.632109916097716606e-01 5.717919268171228753e-01 5.656441589008548432e-01 1.192489208976337478e+00 1.329684402525265208e-01 3.384792749802249534e-01 5.410308053380259441e-01 3.366195226812128682e-01 5.426534880952750273e-01 3.345337499137671089e-01 3.736612463224871505e-01 5.446629661687409918e-01 3.286171321264929612e-01 3.433890266886150400e-01 3.632370605890352100e-01
4.663199569575241510e-01 4.432189203292577484e-01 4.836846408300641276e-01 4.385923737399015643e-01 4.414972377823542793e-01 4.388180006348280093e-01 4.397820982313283555e-01 4.880528329663947895e-01 4.673577170825538030e-01 6.721171315583154282e-01 5.371146823931555181e-01 4.677206045629702102e-01 4.835340536941286071e-01 4.389543905359475362e-01 4.395155318631487895e-01 4.384346636278255160e-01 4.403742661031863070e-01 2.000237483981353870e-01
1.732987381320218179e-01 9.215385171092202454e-02 1.832606597010104713e-02 8.731746085165463522e-02 8.930692294071719550e-02 8.720887527482638901e-02 8.686500401334923405e-02 1.032202445915325340e-01 8.667520718795521106e-02 8.730770277621269226e-02 8.728504715473150988e-02 8.667480015445037933e-02 8.944128710116835967e-02 8.677655021584912420e-02 9.326348077463206265e-02 8.676115699108227775e-02 8.778173930675520209e-02 1.029300082418834611e-01
5.580757418861237440e-01 6.648989012728449000e-01 8.066488929396669061e-01 5.981318459506125285e-01 2.992042151593169996e-01 5.432741638700042675e-01 5.036787191210978509e-01 5.520418376267235416e-01 5.016993194167604919e-01 5.009007933492346520e-01 1.023210794854286371e-01 3.889217450914468355e-01 5.442543676983869760e-01 5.993541615352842022e-01 4.126456308330621048e-01 2.880908823014979303e-01 6.586507113517232614e-01 2.985699551791468620e-01
4.139230564787528413e-04 6.006577297304051635e-05 3.485011153387165806e-04 3.008383093771811495e-04 3.497520292878420031e-04 4.177868421550842357e-04 3.022092559076191036e-04 2.912621283141761559e-04 3.945151904591897196e-04 3.022984667425154034e-04 4.070588449075871092e-04 3.003167976861816101e-04 4.070773749960215860e-04 3.003913642711306250e-04 3.580170328590897145e-04 5.767127667366288898e-04 3.541483559939102247e-04 2.998196680238658218e-04
1.022497671983695122e+00 2.161323052964553293e-01 2.263945040064324343e-01 4.239560695532462176e-01 2.143971649066856444e-01 2.206551430493023658e-01 2.124201935222700954e-01 2.631330247278285683e-01 2.230503797130047872e-01 4.542561852180226345e-01 2.060813499117509773e-01 2.137524766621928807e-01 4.600729732389316484e-01 2.061288625682702602e-01 2.148565973569671328e-01 2.084828363140498741e-01 7.928876768414760967e-02 2.231259998604276373e-01
