6.894255278163270440e-01 7.503515620243536022e-01 7.930851745466254155e-01 1.518053499549228302e+00 1.071008264810991539e+00 9.080393511541404727e-01 6.986460788422675927e-01 7.627694647872194089e-01 1.569949153336117398e+00 6.975854497133125998e-01 6.925979857184126898e-01 7.265770816774255181e-01 7.938180242900462202e-01 7.664548155479825597e-01 1.526802320173181515e+00 1.486791948603306102e+00 6.999980093250137703e-01 3.577707679149650932e-01
1.428761384621740627e+00 6.276619356740386069e-01 6.352165562196683268e-01 6.271816307116027112e-01 6.290145281668950705e-01 6.398060983856357353e-01 6.286399975936773910e-01 9.225811674781552174e-01 6.285346433350393891e-01 7.426836810942999412e-01 6.372763973661931258e-01 6.290396797014192742e-01 6.291169643049534521e-01 6.707200525863160623e-01 6.404215319410851981e-01 7.067269586736686371e-01 6.223060490763718811e-01 8.231141831946657828e-01
3.405380112510726365e-01 4.982885768670676785e-01 5.985270595429521556e-01 4.994892128348792926e-01 4.987532459435700671e-01 3.391462956991040389e-01 5.008015134527590284e-01 1.966760589424342565e-01 5.443348635435105720e-01 3.493081440643729940e-01 4.866425281683169901e-01 7.988353038493496427e-01 3.367344065312746215e-01 5.034565901994457748e-01 4.986802717263182361e-01 4.988537502885620478e-01 2.824488272711495607e-01 3.395220603181975383e-01
1.843279541324314152e-01 2.675329979626377419e-01 4.848090564343024989e-01 2.751573229659898256e-01 1.835455820608339894e-01 1.693121896854535291e-01 4.307497976068629386e-01 4.389819386125006218e-01 9.823933668091262561e-01 4.767068821206437157e-01 4.387080062878734865e-01 2.489110334910816236e-01 2.656356807079066629e-01 2.451882969681962732e-01 1.702141883887361429e-01 1.583322407988385638e-01 1.675008514671078308e-01 2.487838631155721292e-01
2.414082945986713025e-01 2.633058648970827420e-01 3.280459723897721780e-01 4.953134757679798494e-01 3.363357786248376557e-01 7.447103062435034282e-02 4.837387452874236660e-01 2.850012292496196253e-01 2.969149577698270703e-01 4.700220351214716707e-01 3.074279726317079575e-01 5.029475998307447737e-01 6.531491528605678498e-01 2.897544111035444958e-01 2.979248793492810243e-01 5.084981160197061811e-01 3.027861053609777198e-01 5.345917438663024823e-01
6.436683360199493831e-02 1.910146654398311439e-01 2.531135769998826834e-01 1.837253705566662676e-01 1.834806571099910077e-01 1.836351824495301988e-01 1.864082507244355924e-01 3.666054145050046675e-01 1.835831872296874168e-01 1.962817528878021411e-01 1.963327020660796118e-01 1.854063705252582406e-01 2.407897793990143587e-01 1.838258658878892671e-01 1.937381842767834095e-01 1.840747201466704508e-01 2.113111100268531828e-01 3.102965325630802629e-01
1.706533688185101483e-01 4.018910782886003785e-01 2.711535539661432126e-01 2.746581773750419453e-01 4.005821916214562517e-01 4.005462496666785110e-01 2.540582914805090131e-01 5.496105886837008292e-01 2.798975448310875302e-01 4.010205156008181393e-01 2.047172193531802964e-01 2.707352113769658786e-01 2.999706335253196632e-01 6.943875847780071886e-02 2.707002983717627376e-01 2.706381945194429317e-01 2.047002142091213228e-01 2.999702078060703658e-01
3.785762598337662488e-01 3.168936800901330786e-01 6.245898813493943047e-01 3.128363528060331133e-01 3.343090862991649481e-01 3.147391615455166214e-01 3.130398137004992143e-01 3.342960686594999564e-01 3.263613767372887109e-01 3.126069686851411511e-01 3.137416790537432831e-01 3.127679302743502920e-01 7.468982007138404156e-02 3.123810106912431883e-01 3.149303017049558395e-01 3.794006483306042732e-01 3.801920684422250840e-01 3.312273778973527372e-01
3.316457582615723876e-01 3.514701573381111555e-01 3.485559392522072364e-01 6.586229419508551342e-01 3.472402987003866404e-01 9.299554569648992020e-02 3.317587354058723070e-01 1.136914577689210670e+00 3.393598674525843406e-01 4.540383541766217501e-01 3.313714413046522367e-01 3.210175695923644379e-01 3.341168325654585436e-01 3.823368683191504802e-01 3.298520975814140943e-01 8.169858521873377133e-02 5.399304781683952337e-01 5.632571437941716885e-01
1.641085587938106438e-01 2.051332415486449845e-01 2.250856676104086018e-01 1.641423826000210084e-01 2.061926415261205736e-01 1.640351415291251280e-01 2.108753977760203790e-01 2.137960661809621410e-01 2.053772945404464534e-01 2.058472438934978999e-01 3.072355641527800829e-01 2.297871231349080112e-01 2.053693799110203333e-01 1.709489662355204720e-01 2.461043826897891251e-01 2.058715236608013588e-01 2.056458221570199030e-01 2.057882183346428917e-01
