7.137687143253287347e-01 7.477868073746287703e-01 7.240385280533245815e-01 7.319674202337627111e-01 7.204395327391703852e-01 7.210641359731169153e-01 9.154462082769880826e-01 7.233389974375594722e-01 6.074768112825221777e-01 7.496440383663045548e-01 7.491759193547335993e-01 7.429021696528097518e-01 7.148845629844342575e-01 7.138839578909148553e-01 6.617533540663067537e-01 7.489110026980861923e-01 9.079433872553572815e-01 1.427135820198778715e+00
4.665272793078063529e-01 8.677985925185494054e-01 4.680081150078590491e-01 7.582685696906357187e-01 4.226436426847041128e-01 7.518492526449749302e-01 7.453965944272873401e-01 6.737382396498696746e-01 4.562677206762052462e-01 6.002268597193275435e-01 6.373093751032798959e-01 4.742230271145765341e-01 6.600407862816821680e-01 7.660751856248187996e-01 8.400727830019792952e-01 5.273545403980741675e-01 6.532931862867219497e-01 7.707834457010221962e-01
8.896746317033819018e-01 4.304766280738956397e-01 2.296707533138313273e-01 4.323634215998933272e-01 8.192888557234968561e-01 8.700972866017250285e-01 4.517630433303873594e-01 4.378898825397966599e-01 5.022186448334832187e-01 4.480528691363211413e-01 4.120315167430845804e-01 4.443326178019867401e-01 4.472237479324905340e-01 4.864366356578909700e-01 6.646117980731971464e-01 4.621812900684951764e-01 4.983980518660502401e-01 4.423613292668545083e-01
6.067800946298158582e-01 3.804630729826975477e-01 3.246970328516386450e-01 6.404260993110579836e-01 4.934827161294398357e-01 4.438796221534163644e-01 6.183323519448151728e-01 6.148019957873351871e-01 3.795337261985082811e-01 6.403008691838443234e-01 3.881865197594077110e-01 3.474852075627424264e-01 5.795298123238422638e-01 3.824396940409757750e-01 6.854017118043821410e-01 4.275007021896241599e-01 6.186511961012357563e-01 3.325318980780230804e-01
1.838443006606708396e-01 2.202028999511599916e-01 1.512072873976617049e-01 3.563369988618350637e-01 1.802368395058035477e-01 2.249866562829651306e-01 5.870670962609025878e-01 2.767359255818526154e-01 2.752853832617775387e-01 1.878469680441730016e-01 2.971308208527294048e-01 1.874047695064775254e-01 3.532714086439536216e-01 2.023653859065378258e-01 2.445244419308250650e-01 2.973146922340736409e-01 1.793432843500679108e-01 2.224239678829670885e-01
3.561204311561683711e-01 6.550631168185293562e-01 3.289774645733567482e-01 3.344112257658186649e-01 3.225446716770244415e-01 5.438818444226265481e-01 3.032648148411910549e-01 3.778939352638203686e-01 3.331573437026839613e-01 3.223362050899614140e-01 5.162258822499048438e-01 5.364847638796996776e-01 3.866572245823438614e-01 5.090711808594698962e-01 5.350269335282004102e-01 3.633553414192305375e-01 8.769403584162657750e-02 3.228961975999870004e-01
5.854871359676562248e-01 9.960810988200703431e-01 5.409441389302377390e-01 6.206448223983371815e-01 4.869278824359114521e-01 6.210801716476358481e-01 6.135488929860122287e-01 6.215846300547371861e-01 6.208492609877429569e-01 5.226630347562764012e-01 6.224963627290625023e-01 6.251505613205726730e-01 6.161995399125665962e-01 6.203130144534857449e-01 6.214889005746959683e-01 7.453482897593617373e-01 6.210841298125071575e-01 1.242699502939167144e-01
4.323200527511479319e-01 3.844301364428746592e-01 3.949498776541260359e-01 2.604508281282919557e-01 3.910659123751227817e-01 2.687117152380503193e-01 3.878809368235579536e-01 8.035846647475454463e-02 4.460735760848806852e-01 3.848897047671406835e-01 2.607505891437894574e-01 3.845863232706829837e-01 4.282051791290382159e-01 2.363159845966197325e-01 4.595766212261312988e-01 3.975968902828507234e-01 2.605748829020287927e-01 3.996581374372835116e-01
1.762587244618838422e-01 3.084437394681101008e-01 3.090654431667549940e-01 2.070124493667786503e-01 3.084521987654859076e-01 2.905186187551229149e-01 2.932727351837287055e-01 3.150411839144401371e-01 8.612392600309748403e-02 3.537014897043009309e-01 2.644703619576315168e-01 9.520261398436563605e-02 2.665958626801806508e-01 3.708954219411272901e-01 3.085484791443308117e-01 6.004600046967874943e-02 2.308427761526191668e-01 3.087197607202767369e-01
5.592039705303780694e-03 6.958257372947397601e-03 5.198870795620544674e-03 6.106375000176971976e-03 6.845339634598307695e-03 6.327752311487314096e-03 6.171365891574773915e-03 5.575183555216993957e-03 1.030239738554404073e-02 6.211980381801171167e-03 5.384006549619397078e-03 5.266222889606963706e-03 5.193810657452897772e-03 5.360852734903467226e-03 6.817096411707607162e-03 9.989571864177952329e-03 5.682896661647084124e-03 7.714808848555621684e-03
