7.789382659742598580e-01 1.396336716939530209e+00 9.153347889949554617e-01 3.057633298846997305e-01 6.014476220749469526e-01 1.532055149513067871e+00 7.380569194975167280e-01 7.687529612027714787e-01 1.569746134807458615e+00 2.697871259907083652e-01 1.539911737209059828e+00 6.172540533325170387e-01 7.635818148683690687e-01 6.973863537761580966e-01 7.412223373944927252e-01 9.020639532003402739e-01 7.394108106536810832e-01 7.517069793968912395e-01
6.017852581619018704e-01 7.451746274497788036e-01 4.724139478878306431e-01 8.569542757902385288e-01 5.874104855516779633e-01 4.641718947307909016e-01 5.080922569763850483e-01 4.396967000972354933e-01 4.833499614579043757e-01 7.966935716828968950e-01 6.001539644804022577e-01 4.998415153211090978e-01 4.622670027731751730e-01 4.311825391191173029e-01 4.666346730564305822e-01 6.068647921010041912e-01 4.353310868946030920e-01 6.411148672704811702e-01
4.182962658487452412e-01 2.842717165937965751e-01 3.251161754628963951e-01 1.146809639687636384e+00 4.182221427159903415e-01 5.488563721333360457e-01 1.647321285909435218e-01 3.250114870374961606e-01 4.917003259436114604e-01 4.941483181726353258e-01 1.679324507627295571e-01 1.637477721385056650e-01 4.914013869067442863e-01 4.202177634994836986e-01 1.625585747594838315e+00 5.710899441215118166e-01 1.639272617592769654e-01 4.265179016928457578e-01
7.201752720292654564e-01 1.505906322717401602e-01 1.357219790957987227e-01 2.526930219016584322e-01 1.281662534248151075e-01 1.357514577426598978e-01 1.275508668179189120e-01 1.539237968084830321e-01 1.282466478231410467e-01 1.319009295198000919e-01 1.281177464292855561e-01 1.538141356576272489e-01 1.549447258034838126e-01 9.524622417245226513e-01 2.543615082901992674e-01 1.499520792147333026e-01 1.697924454029988151e-01 1.797498688702344749e-01
5.617861883784331933e-01 4.872547356130796370e-01 4.070916542968815444e-01 5.660226209309474621e-01 5.538511840079712867e-01 5.985296173060661307e-01 5.911286232075668723e-01 6.074853800094998091e-01 1.453361809106775149e-01 5.683143861885561199e-01 6.057764156866877192e-01 4.218647447812265416e-01 6.041280946764866489e-01 6.018952981403510316e-01 3.857017329646114656e-01 5.990604950049648325e-01 5.994378975612260074e-01 7.207362381005458785e-01
5.138915864146146317e-01 3.724422004524329255e-01 3.439057539460110280e-01 8.636486151668312794e-02 3.801761327152637371e-01 3.221973404720567813e-01 3.814376065578463093e-01 3.441654160550414732e-01 4.044985601157631283e-01 3.239735860443163640e-01 5.790266487182265109e-01 5.598979219544323316e-01 2.801594624223656127e-01 3.061136105813760944e-01 3.238892923786282907e-01 3.801257638050432042e-01 5.522892332551893046e-01 5.614335011450118929e-01
4.583531039432336279e-02 5.512709779487309780e-02 4.467340491001686037e-02 6.045334314986583468e-02 4.482360032020238361e-02 4.458632217289050514e-02 4.782469794909884053e-02 4.813114847494105730e-02 4.469498160252468461e-02 8.396743177405142922e-02 4.808019350232954625e-02 5.052108945861252115e-02 4.807766632497513515e-02 4.345014487276864512e-02 5.501079548109047423e-02 5.729988188055504944e-02 1.943955928779110554e-02 6.570202789655647801e-02
2.692286603428819536e-01 2.705507254399748818e-01 2.706408173765643133e-01 2.692845188117604094e-01 2.692295254892902445e-01 2.763841822365490919e-01 5.388056881918980995e-02 2.694018318541493984e-01 2.694018852042374679e-01 5.384545275821223109e-01 2.705814362610421409e-01 2.694022637952960819e-01 2.692846974995438125e-01 2.735907671488307380e-01 2.694919601112159557e-01 2.706406869827902573e-01 2.763841372163916565e-01 2.692286618521522179e-01
3.590050974507721926e-02 1.794625429086464941e-01 1.947137715915238099e-01 1.703635580723104337e-01 1.793396808437348056e-01 1.577512728858798674e-01 1.703673725554752660e-01 1.557649250048980805e-01 2.984322298583759747e-01 2.982828994279478896e-01 2.029514913139998100e-01 2.979534903437685567e-01 1.706620152334463458e-01 1.622308838676320697e-01 2.996549882508841023e-01 1.703606811394713649e-01 1.727530770973500496e-01 1.797171895016448917e-01
9.420134730886873253e-01 7.674894110871726127e-01 6.950393060028440262e-01 7.547897839805672859e-01 7.034050129608641067e-01 7.825169388014788785e-01 7.823221530363189125e-01 7.655088971663293052e-01 1.344181220026134271e+00 9.369406834256706063e-01 7.845031630119918553e-01 7.884030665695642703e-01 1.566694797777308690e+00 7.698498259348462991e-01 7.212784875175363153e-01 7.643034459393425184e-01 7.831265469511692334e-01 3.760909736447522467e-01
