5.505876875359805300e-01 6.982824642702638585e-01 5.204611508861766156e-01 4.710620390708539773e-01 5.191996905592939360e-01 7.938089167902406817e-01 5.203777108974322330e-01 7.368022692556273068e-01 8.956435031340914676e-01 7.628661397241244257e-01 9.251283179262757006e-01 7.521431914609434388e-01 5.203931176167834183e-01 7.721424847274429570e-01 7.762404848796150558e-01 5.181543884755310803e-01 7.088004519975381612e-01 7.286609652906891332e-01
5.109781507286131896e-01 3.362177473845434084e-01 5.637566680826850973e-01 5.421018668016536202e-01 5.438792236710527916e-01 5.770574226387897854e-01 9.064033305021178544e-01 3.444852478256184569e-01 3.437500802925109733e-01 5.556206859348205018e-01 3.373289492979856252e-01 3.766060145196016284e-01 3.437604637187640089e-01 6.710809151445473741e-01 3.795932086767356273e-01 5.441804112247401459e-01 3.765912585207360497e-01 1.170678667220969693e+00
6.257874110480369234e-01 4.027599450013110149e-01 4.567548704742498966e-01 4.648625450465457831e-01 4.044559739078824045e-01 4.110408024583250275e-01 4.103047847747994803e-01 6.857148689238027339e-01 6.138960657957345246e-01 4.537632513352553021e-01 3.952734677247813910e-01 9.064759746624841963e-01 4.193753290852056947e-01 4.461810632481492123e-01 6.372635245367538337e-01 4.511815624271561243e-01 3.854622304091828711e-01 5.963156242933472795e-01
4.578168701546534436e-01 3.762297691023931967e-01 3.308390263494874750e-01 5.025341236741842632e-01 3.531064003040149668e-01 7.062563195269248029e-01 7.070024556516122383e-01 4.606390633856728423e-01 3.151404252247879123e-01 4.957055535698570159e-01 4.200119461378650776e-01 4.353551762950031989e-01 3.484667884997041387e-01 3.552987260420186200e-01 5.128952608258855461e-01 3.561920990930806941e-01 6.087877424715310015e-01 4.237427613244836300e-01
1.709237721089878204e-01 5.980519366734602382e-01 5.980265398002856392e-01 1.480718644416983309e+00 7.278453443862892280e-01 6.788664146434250091e-01 5.227156512956331325e-01 5.644586630912891145e-01 1.761921280177045357e-01 6.777047400271528632e-01 7.273197100270666349e-01 5.131344713767355126e-01 8.735055707644852063e-01 7.393678461763981691e-01 6.757618790630864902e-01 5.701338972776559544e-01 6.747076165459928720e-01 5.884879828693487802e-01
4.608892439699216470e-01 6.320445877449135663e-01 5.964773947507863161e-01 6.786302932975465385e-01 6.483120083758638907e-01 6.558690589749801569e-01 6.722814096962075325e-01 6.925177050724180550e-01 5.278308817556234267e-01 4.553654259313464348e-01 6.839153065676167875e-01 7.768155383634844924e-01 5.365156829480235423e-01 6.351436224207608339e-01 8.238750360832951536e-01 6.481240470592931624e-01 1.758862204247990946e-01 5.760824207358281601e-01
4.075090524881891385e-01 7.735071744725439125e-01 3.961196875365395331e-01 4.391292288540277200e-01 4.040790027811116958e-01 3.959082802592357453e-01 6.847931163467214644e-01 4.611816332659183226e-01 6.983194317636063353e-01 4.075149734166871318e-01 3.990316901180896991e-01 5.202459189851428301e-01 4.234909419537827291e-01 7.851564471616592766e-02 4.582212537234060523e-01 5.313059246012498127e-01 4.489927324188938140e-01 4.470898750580296621e-01
6.357272008726453372e-01 4.343971482680791807e-01 8.464324134020004831e-01 2.172658108444457947e-01 4.056781088978577143e-01 7.800187689594770823e-01 3.929966618273469936e-01 5.075647421748472610e-01 4.363672934499144285e-01 1.409139964164811909e+00 6.807382194601532266e-01 2.468512091170657619e-01 5.749148464232212152e-01 4.361215082494256379e-01 6.812740797749712307e-01 4.405489181827281220e-01 6.440468745975981291e-01 3.765641233074695782e-01
1.726462543435189093e-06 1.493126130008295279e-06 1.380854796141267427e-06 1.465647914362238036e-06 1.376116632140308495e-06 1.436381787138329611e-06 2.115626080927521691e-06 1.384313961510308295e-06 1.378648609745128806e-06 1.558277800641554522e-06 1.453385887405393015e-06 1.432587274461781243e-06 4.119230441714895786e-07 1.498044040857069629e-06 1.384314433652101205e-06 2.724922195562402023e-06 1.436617716786591888e-06 1.714872470391598964e-06
1.482196937523739633e-323 1.482196937523739633e-323 1.482196937523739633e-323 1.482196937523739633e-323 1.482196937523739633e-323 1.482196937523739633e-323 1.482196937523739633e-323 1.482196937523739633e-323 1.482196937523739633e-323 1.482196937523739633e-323 1.482196937523739633e-323 1.482196937523739633e-323 1.482196937523739633e-323 1.482196937523739633e-323 1.482196937523739633e-323 1.482196937523739633e-323 1.482196937523739633e-323 1.482196937523739633e-323
