6.442965506507313256e-01 7.207478587354720911e-01 8.688161334354369547e-01 6.430832907660236630e-01 7.158592874032182474e-01 5.067902326661851697e-01 8.384205241059516922e-01 7.157411797520170094e-01 4.841123939696647116e-01 7.102608858181980178e-01 8.236980513019156458e-01 7.437394963321017904e-01 4.797940402835970120e-01 6.493915089831395759e-01 9.140560203020120511e-01 4.735163439899594540e-01 7.088293375628733628e-01 6.296761369803306474e-01
7.448009397393600128e-01 8.865689929753963749e-01 7.444953862636833897e-01 7.522289593379198891e-01 6.985368955271915592e-01 7.081453609551021655e-01 8.371639626654832078e-01 5.883623402243336464e-01 9.606616269373869921e-01 7.448252656808720396e-01 1.508132420642142257e+00 7.041639885646412411e-01 6.988936609054068327e-01 7.358654617558662014e-01 7.046937366649176360e-01 7.446313716229214785e-01 6.904213641972676285e-01 7.081464388661660170e-01
1.100807950383684730e+00 5.020363834714691720e-01 6.370674053286338179e-01 3.013526842439325781e-01 3.194021586399741208e-01 8.897118497573354157e-01 3.098293015905260184e-01 6.007870782287525468e-01 5.749400078256721169e-01 5.140702585337831865e-01 3.972157779815822520e-01 6.383169037431840609e-01 6.379559379358722415e-01 5.934873174224556402e-01 2.996801404058602181e-01 6.032351092900511969e-01 3.202359193106739665e-01 6.369019435777231175e-01
4.196900353617987189e-01 4.217898517984735030e-01 4.058835949785680186e-01 4.787566391015992684e-01 2.766814593664586597e-01 4.058853623494342866e-01 4.103929952179088958e-01 4.171247173388873408e-01 4.210053000969106174e-01 4.062360243769081447e-01 4.086618333439931972e-01 4.869547349975421602e-01 7.417201696293787005e-01 4.059238916175394452e-01 4.225738787925920614e-01 4.085955588877052680e-01 4.063679904300102619e-01 4.059098298587119347e-01
2.952718589874535060e-01 2.505969616115655829e-01 1.676997819316024541e-01 1.617516410068269850e-01 1.568414331853673349e-01 1.781051472445137895e-01 1.083985374224573084e-01 1.893320792929312213e-01 1.280880386393274395e-01 2.942112521493529531e-01 2.445408825193615410e-01 1.511292925219062389e-01 1.797141508740744131e-01 2.471860128748764873e-01 4.303500413385251411e-02 2.431347900324354605e-01 3.262875272454329179e-01 1.850945470213058996e-01
3.419201259550006533e-01 9.129927124029696417e-02 2.650289135073960467e-01 4.972341468362598826e-01 3.252425489949433701e-01 2.629653836751668639e-01 3.745636357386912807e-01 3.970165220843411280e-01 2.586547732800107968e-01 3.376887504539564655e-01 3.295643251756227299e-01 3.392401152831427957e-01 3.306745366532678476e-01 2.784176166121780094e-01 3.320071854865483951e-01 3.247207327820070821e-01 2.795037790460070393e-01 3.296181625694640793e-01
2.971455111810669680e-01 1.525973710774588543e-01 1.514054420813560897e-01 1.571860406444809399e-01 1.578202442233475888e-01 1.524926648554810749e-01 1.525355604725490422e-01 1.571893750936850798e-01 1.517582555515042675e-01 1.538331741141801545e-01 1.568745669844327506e-01 3.023539473516633769e-01 1.806377707060885796e-01 3.026463200206600535e-01 5.586473263948944779e-02 2.971666843695752735e-01 1.811992483952279409e-01 1.572482654555037163e-01
2.293916800891810936e-01 2.279981439177257707e-01 4.502727598138985265e-01 2.499437158169310336e-01 2.752387317464146665e-01 2.275131625684669590e-01 3.704002020115863547e-01 2.500618452118496537e-01 2.619694353962476185e-01 9.000773283595896179e-02 1.951307162034785631e-02 4.579919025068376892e-01 4.577381126188052041e-01 3.377971085066812096e-01 8.565063068844401550e-02 3.697084970238529444e-01 5.111938297651423824e-01 5.022665865559383658e-01
6.938817159551313729e-02 7.688318919672945673e-02 5.285864484739507541e-01 8.068238298724127178e-02 1.249966664614329259e-01 2.269572451919024333e-02 1.126096055262070239e-01 3.757897311849056066e-01 1.126476136070513612e-01 6.941324191804748578e-02 1.127274545887135548e-01 7.664267555158470191e-02 1.351179037611941747e-01 3.749647541608742696e-01 1.249426093748397804e-01 7.680596280118261177e-02 2.340363109648606887e-01 1.193785639407822924e-01
2.708816562378510776e-02 3.037635440076066895e-02 3.040312875208073251e-02 3.087094887960414175e-02 3.031994563132279358e-02 2.706035263941061059e-02 3.165523475603075620e-02 3.044238155041108229e-02 5.385125805613899530e-02 3.230609013226790061e-02 3.230613434177358190e-02 2.709523758252925865e-02 2.998823137263815358e-02 2.785897034004644265e-02 4.304438686680611692e-02 3.046611001883925418e-02 4.801215228539006119e-02 2.753897374477311255e-02
