4.279629264044819692e-01 4.120009454519909520e-01 4.088762905119435187e-01 7.825804805677731846e-01 4.094014579214275140e-01 4.647422370164687733e-01 4.179339525820354728e-01 1.668721259965731951e+00 3.966266697328478807e-01 4.154315109237141090e-01 4.879748953789235788e-01 4.758284599482344168e-01 4.088005992203875838e-01 4.529707461428096327e-01 4.158835546569375485e-01 7.497564606366067252e-01 4.531186472764553996e-01 4.180626356449893555e-01
6.188296277012791391e-01 9.244286354246576964e-01 5.896211204693835306e-01 6.535500812748245014e-01 4.320949765816608501e-01 1.362572958696571357e+00 6.267841066779784587e-01 1.201460788240030775e+00 4.020141445529227253e-01 4.398968325097195597e-01 6.790129011805829951e-01 3.911810336203119243e-01 3.474347045789478172e-01 4.044376110303520289e-01 6.718089480832323268e-01 6.443593108795137026e-01 4.148919623908252641e-01 4.185206849804332108e-01
5.884447229340163954e-01 3.316100779766079087e-01 5.189577498470141492e-01 3.912258867426384179e-01 6.301518293881733790e-01 5.833380380465674753e-01 8.025897193590025847e-01 5.614240226536315603e-01 4.293854017603272455e-01 7.095200923486126854e-01 5.484985076410551219e-01 3.796460365206763554e-01 3.931367130167056079e-01 8.961456820424578140e-01 5.207639734969592427e-01 3.873038667610730901e-01 4.139977799973825201e-01 6.006240841124314001e-01
1.201830660580556431e+00 3.917683751952528159e-01 4.299915193375507538e-01 4.384325350125570786e-01 4.127079207951779849e-01 4.734983971083048249e-01 4.211027789592081128e-01 4.858492266700429330e-01 3.825138042279171424e-01 4.734857629173608862e-01 7.561861177838437031e-01 7.786265161869968532e-01 4.412782735636561759e-01 3.895788192713206533e-01 4.457441438695050051e-01 4.343902710696556646e-01 5.207421658033536405e-01 5.608945170361497867e-01
9.901633410414086012e-02 1.053866409030620732e-01 1.501047505613970767e-01 1.305890847615936434e-01 1.022791420194137518e-01 1.049082680857752470e-01 1.793421247510258165e-01 1.274510227543262375e-01 5.086964385445373604e-02 1.017528534363202203e-01 1.646587767215472453e-01 1.674936193040602039e-01 1.580860587137625228e-01 9.835321096147314757e-02 1.267230356100190747e-01 9.169641302965494956e-02 1.670965088809964749e-01 1.017581281809916693e-01
1.418142217607821221e-01 1.468650768659257311e-01 6.453542842253695566e-02 1.424686501899036783e-01 1.549861282540603014e-01 1.961346656028778168e-01 1.459110508790178173e-01 1.468221514288262641e-01 1.419165243443472613e-01 1.432585022892653437e-01 1.883835724406911494e-01 1.413965933466979075e-01 1.477809633645279508e-01 1.717544772153523636e-01 1.424637542399791179e-01 2.827559858305982443e-01 1.431877927162803488e-01 1.425464629379583903e-01
4.357019131661672429e-01 7.027873564457254307e-01 3.698252773097959745e-01 4.562047163802572802e-01 4.841578195728100109e-01 5.736898562948579139e-01 8.406198970352485311e-01 3.152980839498465415e-01 5.339481760704606339e-01 4.753917427271353580e-01 1.013755091088946042e-01 2.876383875064808526e-01 4.199152082023340782e-01 8.685051992350282246e-01 4.847846877381949970e-01 5.082011098854474218e-01 5.882329953932013966e-01 4.073430096907948994e-01
8.097788689271193663e-01 7.342877930326224822e-01 8.087862179635709747e-01 7.794320725716321618e-01 3.921131428757948512e-01 7.436462604058707848e-01 7.689383595288650231e-01 9.403812634670779547e-01 7.223349712221474039e-01 7.434288483663907821e-01 9.365811034520435951e-01 7.777080292605410561e-01 1.480015513201277944e-01 4.360633723518331228e-01 4.259233444905237698e-01 7.717017464592643705e-01 7.340757079838482468e-01 1.467865779021025219e+00
1.976606511735811124e-18 2.284035347190220454e-18 2.565831584522989995e-18 2.063742911693921733e-18 2.014773544371569797e-18 4.129121821833071234e-19 1.491230958504118811e-18 2.335315544222204162e-18 2.337279670293903727e-18 1.322586634013385243e-18 2.071395899006185875e-18 2.285057779041767948e-18 1.310033433134709249e-18 2.103618580184797027e-18 2.014776816905508235e-18 1.429547983339271786e-18 1.952385157872910755e-18 1.960824762377069917e-18
1.085897894210875890e-264 1.035979329021362658e-264 1.397550487253772785e-264 1.036146302207092213e-264 1.228369084946495156e-264 1.040978330097061593e-264 1.322398807621249109e-264 1.010230109892914104e-264 1.040165604319226357e-264 1.166663221768892450e-264 2.005044819480422540e-264 1.174838269209887525e-264 1.216181733080231387e-264 1.190325434502739187e-264 1.319949347634918466e-264 1.086902150681652715e-264 1.060012349277737327e-264 1.009617872022635242e-264
