7.463425852977200181e-01 1.084768198280754214e+00 6.009885125834858455e-01 1.497279866427159822e+00 7.434854789931187868e-01 7.464917138474115310e-01 6.330065800980375634e-01 6.911254252202246873e-01 7.416709558767626831e-01 7.463329296880596431e-01 8.206588241802419414e-01 7.654974470152733357e-01 7.133823953982105781e-01 7.567291188119688039e-01 6.181224340172148946e-01 7.698026528879671204e-01 7.000304729564038597e-01 1.543307208125546559e+00
4.075208033629458826e-01 4.332487346757997182e-01 4.321458184064648211e-01 5.785629746152525232e-01 6.097512039764780845e-01 4.330610481149007041e-01 3.946845408309089809e-01 6.437124692504981871e-01 1.217868938455974215e+00 5.670014091439445902e-01 6.115561769668138581e-01 4.342327869198828183e-01 4.080005553727766299e-01 6.357111054224662272e-01 8.815721052499293497e-01 6.009262714656028459e-01 6.072648895170229544e-01 5.693935663125658797e-01
3.464639531874712519e-01 3.578601488939704423e-01 3.727516267802957195e-01 4.254174263381519383e-01 3.218559375544052248e-01 3.536600177798323585e-01 5.187171788409893347e-01 3.762322912611845704e-01 3.579880937862009449e-01 3.517836693212957888e-01 5.205168541190052789e-01 4.146985341435581729e-01 3.542756525587208993e-01 3.400523242850458927e-01 3.418801694529567947e-01 3.220576353058344221e-01 6.328488758799749592e-01 1.785135795346639576e+00
4.968427718916852975e-01 2.817474002393579591e-01 3.071369308400634934e-01 3.106569413050144779e-01 3.105991420433695804e-01 7.531287763869822793e-01 3.318923441406458896e-01 3.145137158661039933e-01 3.051626575145749420e-01 3.066719793667367910e-01 2.894971076628896633e-01 3.067393384175102211e-01 3.091027887085537329e-01 2.436934110544171084e-01 6.189922233792130024e-01 3.143210210109542158e-01 3.159414664690826102e-01 2.665421900997099192e-01
6.443478042170088793e-01 5.696487849307073636e-01 5.994933767739125674e-01 6.221259605036885132e-01 6.145643139455692072e-01 4.288285617657667803e-01 5.975322356464859430e-01 6.927123123974259222e-01 6.229189271795523286e-01 1.104166307929997093e-01 6.086327431411401312e-01 5.681329481977286378e-01 4.843283932261117086e-01 1.403670195517499941e+00 5.972599706661807506e-01 1.209233350267285623e+00 6.908836409577657767e-01 5.713574051574404900e-01
2.250780276670630575e-01 3.890690978191128080e-01 2.334272714718395592e-01 2.210425360809174511e-01 2.202572831171257239e-01 2.415443401622865138e-01 4.404500311088306308e-01 2.946275548561291258e-01 2.213650947948710979e-01 2.215766477088029762e-01 2.203842075717812321e-01 2.203612200994307380e-01 2.401099310833619271e-01 2.446641922474645514e-01 2.250712647450099912e-01 2.212027186141727331e-01 5.147177821555311283e-02 2.228435236329366353e-01
4.103976490633213237e-01 3.752711576403663374e-01 3.566888310080042479e-01 7.129350052233029977e-01 3.637455804079149368e-01 3.585646423266325433e-01 3.570411738799872392e-01 3.585618365359193316e-01 3.661691729582865484e-01 3.619784093788501189e-01 3.662152261459304947e-01 3.692479993741000777e-01 3.584185413709422563e-01 3.564885504437111385e-01 4.050165391141649640e-01 8.387760607925172363e-02 3.565133723343754113e-01 3.772917259445831561e-01
2.749987647935558943e-01 5.179288487953932762e-02 2.435919967666577701e-01 2.467316189325297060e-01 2.736674374221147454e-01 2.424244830843579890e-01 2.747964783771992825e-01 2.600169678691025554e-01 2.431037779065896021e-01 2.425373859287381917e-01 2.603538885408450687e-01 2.664918348196807507e-01 3.868976656896578881e-01 2.422916791536062209e-01 2.653825980695027065e-01 2.441707656655929815e-01 4.845818904624627499e-01 2.424371318979836043e-01
4.368876910551919984e-02 4.366705115388389014e-02 4.377592560809430433e-02 4.876678308375047982e-02 7.103018610135708455e-02 5.103377472710203533e-02 7.090320016173072559e-02 7.108552134752109397e-02 9.753375840876859354e-03 7.100114989220715489e-02 7.372408397282341486e-02 4.819880405788397326e-02 7.088868425724655087e-02 4.627050636767661429e-02 4.822129232956880174e-02 4.876687909749784916e-02 4.366319382238670332e-02 7.092129841539221435e-02
1.923843218670995003e-01 2.567254123563952328e-01 1.718719218025853424e-01 1.793311966875097141e-01 1.737741193403782858e-01 1.721355163103201469e-01 1.717478931146559917e-01 1.747478067996186546e-01 3.434618941718774465e-01 1.807403368907721242e-01 1.821677534901194606e-01 2.324974172662369609e-01 1.668103918231839955e-01 1.827204119349204459e-01 3.475056670503731682e-02 1.741749717468462078e-01 1.737339330885259436e-01 1.735315201904255311e-01
