9.684506082929135173e-01 7.920284118737916934e-01 8.180203960652451256e-01 7.887456520068575339e-01 7.833880087100218992e-01 7.848508198618432408e-01 8.206761763411637434e-01 7.874684956513269274e-01 7.875883220552732933e-01 7.987038698641982792e-01 7.874922511712822981e-01 7.871567689228917697e-01 8.036429913425233718e-01 7.875922237873127507e-01 7.874480937927581525e-01 7.888024600712563172e-01 7.878316815894408354e-01 7.766317313429307312e-01
8.178749107524736495e-01 1.591263489683530485e+00 1.587196556316023077e+00 7.860617392406406001e-01 9.627349966831916239e-01 7.679700106670159787e-01 7.944614357277457461e-01 7.858547788203029683e-01 8.000874698248545691e-01 1.570691843613490679e+00 8.237308587652022451e-01 7.156134243951901563e-01 7.507569457965390658e-01 7.726175574148425040e-01 7.581317479427780448e-01 7.568379652284930037e-01 1.600990435474736406e+00 7.933014801759742385e-01
7.289597608729329048e-01 8.100084696453579980e-01 8.225906647818470585e-01 8.491601236537315023e-01 5.623189478832353316e-01 8.224968872750032522e-01 5.655646289889864065e-01 8.066244159606139608e-01 8.084455295442808387e-01 8.342823249623004811e-01 7.536456568093475861e-01 9.633466671998593966e-01 8.160576356088765637e-01 9.877068357789569042e-01 6.771442332598477387e-01 1.002932322614293881e+00 8.224427030303155250e-01 1.359065580719796440e+00
4.213001260511235468e-01 4.240034834307241929e-01 5.413144702840545497e-01 3.944728734834375139e-01 3.956051795473755073e-01 8.231778901823041394e-01 1.850991221034014034e+00 6.188321287864273490e-01 7.667913950074772833e-01 8.248550557935756533e-01 1.619472328457835397e+00 6.715630019362949232e-01 7.925746680711751591e-01 2.487461627112575457e-01 5.876314321228752746e-01 8.658328694538188763e-01 5.978737301722880648e-01 7.107744348931031020e-01
2.774516959827339480e-01 3.166534279207131597e-01 2.609204118444605203e-01 3.022535692934755769e-01 2.587812682524238128e-01 2.556812913310423374e-01 3.050225368153253735e-01 2.753347725610446606e-01 3.066938796592146854e-01 2.814390575498060265e-01 3.045826715874390134e-01 2.764449700013510425e-01 6.559079190776702373e-02 2.759707065732011078e-01 3.015370825159273127e-01 2.683604675823534347e-01 3.201523162622976759e-01 2.697847634304791908e-01
2.590436553342576609e-01 3.001953956904612753e-01 2.372529587295064690e-01 2.239473765548458672e-01 2.370109327019605805e-01 2.217375770260754664e-01 3.031797263048981450e-01 4.410936411983760186e-01 2.366491190876636175e-01 5.269805836593301901e-02 2.370570657040678986e-01 1.586411961854640451e-01 2.943139698683367445e-01 2.211909277060710721e-01 3.009646375788248562e-01 2.207451506488069259e-01 3.601875240867059014e-01 1.599037786433918085e-01
1.433115611227845088e-01 9.304381876727481071e-01 1.311649037818694297e-01 1.302771728022267539e-01 1.427788788068951875e-01 3.987898856749946264e-01 1.309654403092352926e-01 3.988925407016534752e-01 1.332798231415258106e-01 1.307436712367107678e-01 1.311995609321814360e-01 1.350215543810885932e-01 1.302940636944445174e-01 1.909995834305776019e-01 2.605155088150317710e-01 1.527110664419424613e-01 3.984072524814489813e-01 2.755953555762272883e-02
3.247434116430475415e-01 5.454572589601280885e-01 1.624639381476076783e-01 1.629068009101014014e-01 6.370247195229530313e-01 3.256993472064811240e-02 1.620532279310926138e-01 5.454338108181874256e-01 7.379313788063438517e-01 5.990390912476591945e-01 5.454103789013388104e-01 1.282473667375848114e+00 1.620616286721997257e-01 4.302647918167066265e-01 1.622086584977510959e-01 6.323240194354089461e-01 1.662347709771918869e-01 1.620461692965381728e-01
2.426092645412950832e-01 2.470367935980170571e-01 3.640899271717385477e-01 5.475913368805899323e-02 2.799329495061025352e-01 2.532816091959197990e-01 2.686895947067068913e-01 2.846267105619507132e-01 2.522838924066927446e-01 2.724734997192070352e-01 2.856629473856406864e-01 2.557970513907062982e-01 2.419268311266406513e-01 4.829786384798876453e-01 2.422313885633750052e-01 2.419762392235549897e-01 3.995482504013471714e-01 2.431327912082359988e-01
3.408591695777415387e-01 3.399217477929283859e-01 3.416969292221234133e-01 3.553908019870117840e-01 3.560377900039616850e-01 2.761299291452919413e-01 3.439751828641353093e-01 4.206812838392487985e-01 3.405375762674539564e-01 3.843781454154125976e-01 3.843705847934296704e-01 3.595051379751665888e-01 3.416968821418988611e-01 3.489487450502307686e-01 3.436352432223948039e-01 3.634365227474717908e-01 3.460537156255344415e-01 6.798377166486707646e-01
