7.216606975668373725e-01 1.518593739679138244e+00 7.663598759125026527e-01 6.739097230737961519e-01 7.676803129797139524e-01 7.557500970642112570e-01 7.312998031810483690e-01 7.857644855040026854e-01 7.252088516037924482e-01 9.729700882876817225e-01 9.004032008792575148e-01 7.502274208209687156e-01 7.175696350972167181e-01 7.622034603599237013e-01 7.578724334246500494e-01 9.309144464880581005e-01 7.255991713289490219e-01 7.442844242536608146e-01
4.693850922313045904e-01 4.732041009240518514e-01 4.698024416988629826e-01 8.858710838105996466e-01 6.545436834993645370e-01 6.561060554858915150e-01 6.566398789377919654e-01 4.694038348951490303e-01 5.212754338066821758e-01 4.732439147714141425e-01 1.271922315882568988e+00 4.834691675746153328e-01 5.025170867213349934e-01 5.376856944220249623e-01 9.398440047178844292e-01 4.674038346741652417e-01 1.402806404637907400e+00 6.326445582253563682e-01
5.297593652829148958e-01 2.939746651552407330e-01 2.604694290306385218e-01 2.669626338672419497e-01 2.752458915987309185e-01 2.652999518163711712e-01 8.038777217442167888e-01 2.650037561543857056e-01 2.681924169331887930e-01 2.753150477115025030e-01 2.678180998401463730e-01 2.684887922279806105e-01 2.807083978980554062e-01 2.752404210426865894e-01 2.656930104034421758e-01 2.679174599765512532e-01 2.829311578248024928e-01 2.655106470498039273e-01
2.799629733770708784e-01 4.500438761979238533e-01 3.036250730648253349e-01 4.190016476443011451e-01 3.102530761586404506e-01 2.913674906692020894e-01 4.401355954728930486e-01 2.993602198911159973e-01 3.045112440261062980e-01 3.618361279331974711e-01 2.834723721191322321e-01 5.208657888042705908e-01 7.150098844090315708e-01 5.277549395030197710e-01 3.629943595056057126e-01 3.100238690620160664e-01 4.989449530848844017e-01 4.101819108615902820e-01
1.129187301618240907e-01 9.635015162113645670e-02 1.670265918060981347e-01 1.704379916980079679e-01 3.090334899834029647e-01 1.531905157215015800e-01 1.310210905081494459e-01 1.260393501303071484e-01 9.953918568635945763e-02 1.693145636969662082e-01 8.975948055548049753e-02 8.971015434800777566e-02 9.062213979876609926e-02 1.745293398651587280e-01 1.032337138776480007e-01 9.749025194726115839e-02 9.268901686737295031e-02 1.669536060178468673e-01
5.676564414182120322e-01 2.966276632427155557e-01 3.004582321519546628e-01 5.325517896777891558e-01 4.046294007703848949e-01 5.399519884943865256e-01 3.008920134091767062e-01 3.091560286766663612e-01 5.259485986356446929e-01 2.964901867449188377e-01 3.004800514884380380e-01 1.155746228727612124e+00 1.384766145525079817e-01 5.730117112266539525e-01 5.756230348938117247e-01 3.057762267934591160e-01 5.224257693427553084e-01 2.988820475341182892e-01
1.775600453259646161e-01 3.037154943689876485e-01 1.996991959492164237e-01 1.973922691488700920e-01 2.184603518576778147e-01 4.295542074279167233e-01 3.523399527353608396e-01 1.825779391983297084e-01 1.839482426142103333e-01 2.864034480598660615e-01 1.846098788935873758e-01 2.205083124191883903e-01 2.067724963583564279e-01 2.144928591564501108e-01 1.004542541875395489e+00 1.809494308280246710e-01 2.934593510474370892e-01 1.878568246930681085e-01
2.035950633163252366e-01 1.307522147811578661e-01 1.207760613481957263e-01 2.356168727707587118e-01 1.212005155251951877e-01 1.732970357387125238e-01 1.312216036670955099e-01 1.896675601339493089e-01 2.084287651131191965e-01 9.211599067692388676e-01 3.723242072659790902e-02 1.343077177768730868e-01 1.976186216834724396e-01 4.067706151116757818e-01 1.931485529671320422e-01 2.199307913760694955e-01 1.312963660675682265e-01 1.326569221412812194e-01
3.125405254073670980e-01 1.816015003117085747e-01 1.610261101674118067e-01 1.607273151504138853e-01 2.832043572808456422e-01 1.847686396134630427e-01 1.594263137134470654e-01 2.762394889517395535e-01 2.324714327986970031e-01 2.254746603766561719e-01 2.447645836069019532e-01 1.719462657807092065e-01 1.572374947456289807e-01 2.815789828808600848e-01 1.812218525114350776e-01 3.528007219436680303e-02 2.809326821400351948e-01 2.764635905870026500e-01
5.724139114089853431e-01 6.232693563537061721e-01 6.228356523620482976e-01 4.133502056190811458e-01 4.395823537092524158e-01 5.797978380110206942e-01 4.082202223062889601e-01 4.131289421415516583e-01 5.548703579773082151e-01 6.165621886873914326e-01 4.135785334344904696e-01 6.843737712377401250e-01 4.400940669378046177e-01 1.229769450729242930e+00 4.402123663756440930e-01 4.498467230508247927e-01 4.151329457309350102e-01 4.161239831736925909e-01
