6.696998687101471948e-01 7.217248066996259093e-01 5.273181109636139174e-01 7.339774172794870655e-01 6.066697912189522590e-01 5.118118127018881358e-01 5.202004730167164581e-01 6.476291047887612340e-01 1.459627672094619744e+00 1.266766300034000814e+00 9.152373277919684247e-01 7.499213458847139302e-01 8.157333550399596955e-01 7.508786375950409209e-01 7.092679406255292252e-01 9.325671492155993558e-01 7.318091902643940605e-01 7.247770009612365394e-01
4.719669043112340034e-01 3.223890086373178976e-01 3.133427619909198714e-01 6.316246776766921700e-01 5.159884959096746604e-01 3.358892852331014645e-01 3.025095663156779358e-01 3.575337888835041777e-01 5.245144202509047782e-01 3.241593111084651313e-01 7.891921431147654875e-01 3.168545942179079034e-01 3.174096235991352710e-01 3.161462913699137900e-01 3.170842720269289039e-01 3.219310768416567270e-01 3.159161374529944055e-01 3.170472789499739763e-01
2.207908683987862553e-01 1.154178062769465746e-01 7.436780764194020898e-01 1.105974271177613266e-01 1.324142799047846597e-01 1.114106098789171412e-01 9.104233214508433703e-01 1.106199868133798253e-01 2.005112921904980139e-01 1.229345939182131670e-01 1.320555707951212576e-01 1.104342897895081999e-01 1.154028641440048991e-01 1.179273637561061572e-01 1.103970192489547308e-01 1.112933763364487572e-01 1.115230620377045123e-01 1.284926642582741585e-01
3.820461299514065767e-01 3.635143713577277946e-01 3.182369102532073279e-01 7.274820883480761502e-01 2.537490488012537626e-01 4.044902751744094416e-01 7.043355267253578189e-01 1.429198820283127946e-01 3.709361123991732345e-01 1.236443516239088686e-01 3.462563016854327547e-01 5.237636198907160701e-01 4.145339263855456480e-01 4.468704213287570393e-01 3.182863516719329211e-01 4.155617543906539590e-01 5.266150549144456017e-01 3.831892645921697871e-01
1.355655857701647260e-01 1.626018959763672611e-01 1.719868558931882951e-01 1.562629335733688729e-01 1.566999894709344698e-01 1.423977975097223680e-01 1.348423192091117717e-01 1.408813235486839899e-01 1.390306467155162928e-01 2.670650764708345504e-01 1.360276823144502545e-01 1.581480053683409215e-01 1.407058225000332174e-01 3.965204907150010616e-02 1.414233857669609518e-01 2.586135053873825917e-01 1.384831585243415097e-01 1.335877991425359068e-01
1.673216346968529611e-01 1.696674066819093829e-01 1.984661189404291481e-01 1.781625995261794382e-01 2.007912558893436561e-01 1.734507435884104776e-01 1.943725278500421649e-01 1.230705171472967902e-01 1.855123109879937560e-01 2.003549371442640281e-01 7.740460544195471027e-02 1.195372640696561184e-01 1.252451304669553733e-01 1.768193761057744728e-01 1.201838946104364092e-01 1.814119686983818314e-01 1.223652883491091331e-01 1.936867851905943461e-01
1.518770789577528202e-01 1.517676942665893147e-01 1.537039908849542613e-01 1.550575729145812209e-01 1.518429207854931351e-01 1.517954304732963000e-01 1.531959194898469545e-01 1.255265074946286252e-01 1.528587032122927236e-01 1.527199569760605835e-01 1.524288759405985072e-01 4.642917367600287587e-02 1.821197958625732083e-01 1.524652173318667425e-01 1.523205483269402805e-01 1.241141360951431294e-01 1.588970882204070179e-01 1.649347887854248351e-01
1.727962826760719162e-01 2.058270622847213349e-01 4.434871957733312331e-01 1.914382179538550721e-01 1.680751269993582819e-01 3.719278872354303545e-02 9.691422816836587906e-01 1.697570918632004267e-01 2.120245634461084827e-01 4.260494142409576579e-01 3.379839790736112737e-01 1.708078987126512294e-01 4.231768806502950175e-01 4.822177161809606538e-01 1.630409682053898524e-01 4.492239113014158680e-01 1.629667097930745934e-01 4.309433906189855112e-01
5.049419612002985502e-01 5.156143440680963641e-01 2.650919147357104766e-01 3.277688050546400111e-01 4.642235126941255396e-01 2.649495217328921570e-01 3.149566518449604668e-01 8.635111199148416405e-01 2.608841207278804197e-01 2.609782505849350120e-01 2.763253889853157230e-01 4.220104470045279443e-01 2.582746626966797576e-01 1.367912182055323611e-01 2.664818503272470274e-01 1.057994999237629630e+00 2.609653089497520062e-01 2.699894282719490501e-01
1.290905677881752755e-32 7.298848270968533857e-33 7.302460581396179773e-33 7.232360607516869151e-33 7.311171172068768695e-33 8.146154977302705235e-33 1.251270629954177258e-32 1.417518061559288104e-32 7.897360600985054067e-33 7.146580275518068223e-33 1.246784245285067344e-32 1.236382085951573628e-32 7.169296404852035686e-33 1.238042390827126361e-32 8.160840685139548703e-33 1.248039669643906961e-32 1.283904094935044119e-32 7.327994228779461384e-33
