8.301384563342124601e-01 1.086489002041182150e+00 7.969952981375058032e-01 8.024609942060428880e-01 8.295016118594178423e-01 9.581812302982242180e-01 7.993787217165670977e-01 7.950232940702575135e-01 8.050937436134092406e-01 8.048304263687822147e-01 8.072922930895429783e-01 8.448909488167297699e-01 7.426147504252834652e-01 8.008518653763024853e-01 8.414976191522619553e-01 7.863886068071118673e-01 7.971775602536141925e-01 7.971857043365899731e-01
1.618143384158166498e+00 8.555331186134471633e-01 9.454572578710576103e-01 5.899567152846739715e-01 7.795573803740940555e-01 8.066011594564804765e-01 8.556171574677248204e-01 8.252118873551108624e-01 7.662309042792934122e-01 1.647982501879298622e+00 9.763976618070099311e-01 7.802773431931642190e-01 8.449985669851918235e-01 7.767352263216753538e-01 1.020092623511410501e+00 8.486833032541184485e-01 1.902583844734571317e+00 9.498149282997908616e-01
7.609621411162643678e-01 8.290944993977684696e-01 4.782048719187642072e-01 8.114334324468374104e-01 6.656011513564731308e-01 7.611850490345177800e-01 7.581881113209082423e-01 8.378905965499966468e-01 8.221763061699078889e-01 1.675953088314567241e+00 7.628242346597304824e-01 8.792542913648092595e-01 8.230909240775816649e-01 7.064734016495721747e-01 7.642295139327928144e-01 1.528012431032354401e+00 1.024146977325878671e+00 8.221340458841391863e-01
5.163017202814801365e-01 4.553625136837918808e-01 6.882350903335693326e-01 1.385207713139610552e+00 5.653124351075206055e-01 6.711245181062980292e-01 6.935090311064526780e-01 6.901786946912463749e-01 6.448842476310816529e-01 5.492009421774162181e-01 6.815809952176239417e-01 4.890764206087944710e-01 6.440987330826681845e-01 6.806015067651888240e-01 6.783788776891238603e-01 1.492392838760668861e+00 5.977093344542762088e-01 6.909666224687699421e-01
3.336654600532926729e-01 3.272955843518796093e-01 6.823917336516633902e-01 1.420060582336634125e+00 3.300562174885702804e-01 5.636412397996924950e-01 3.387335459372753932e-01 7.030058294618155568e-01 6.742962990398059242e-01 3.976225415516356776e-01 6.911981525693188244e-01 1.564105951614588319e-01 7.245122355942504866e-01 6.803203807233770828e-01 8.427756221588111885e-01 6.241184607934814332e-01 7.064143473755993829e-01 6.588899778813724906e-01
2.727334670920785742e-01 3.676008780535902631e-01 4.689883199298495176e-01 2.716785481914428813e-01 6.223385461234511029e-02 3.917090316925987414e-01 3.909687002129293987e-01 3.736451081554810760e-01 3.957851113487872996e-01 4.155752466061287675e-01 4.594720540676101583e-01 4.819046973622450047e-01 2.765516797712795904e-01 3.918254489577565058e-01 2.528341970607267952e-01 3.910594953718254385e-01 4.185271377357612788e-01 4.131614905483751432e-01
9.620580052139394711e-01 1.419201954404675781e-01 3.582400420641790317e-02 1.416748489460750438e-01 1.383003231934040733e-01 1.376327338709973369e-01 4.155333033807474541e-01 1.828926190767670712e-01 1.535958924006759485e-01 1.413938951661503629e-01 1.534819082189282646e-01 1.466373003742183490e-01 4.674435170157651420e-01 2.750203062182815517e-01 4.124478364373930783e-01 1.481907598742041587e-01 1.570810096046311999e-01 1.413925714118843546e-01
2.925989406965923134e-01 3.737478528220917195e-01 7.441882102264821275e-02 2.525187723973135734e-01 2.314782129597987570e-01 2.857416953955186911e-01 3.388336573931080009e-01 5.364884817198244393e-01 3.249304998131348210e-01 3.032561557149204279e-01 3.740444554172115965e-01 2.833989501891372442e-01 3.961199564542284834e-01 2.924091967694298355e-01 4.541540482308814575e-01 5.495074540857934897e-01 3.648293040702836332e-01 2.945328034220049407e-01
7.973638559847373575e-02 9.742200605697430571e-02 8.792398824988040262e-01 3.675148533644859716e-01 7.921292659946424508e-02 8.283173285948222664e-02 7.972208875759098645e-02 3.711880808998768710e-01 8.023927929593815955e-02 1.075887903520482552e-01 7.938206589193474993e-02 7.976022808585406243e-02 8.229012881017304382e-02 7.921814737981691668e-02 3.681471494650533360e-01 1.075811233705205594e-01 1.581692310689722103e-01 1.581953736939023178e-02
1.629950052748956006e-12 1.778604097381394434e-12 2.950146074461439244e-12 2.677927827651884132e-12 2.408110756566262246e-12 2.651307503380278127e-12 1.505361688930906061e-12 2.232299887668235153e-12 2.235075610263708829e-12 2.408111994895528892e-12 2.260219652247545080e-12 2.234963924927047602e-12 2.373577430776860365e-12 2.231634279145532263e-12 2.248695400211606847e-12 2.316954035647100530e-12 2.318299336082554074e-12 2.235106271499403985e-12
