8.863456962805789097e-01 1.690201426613501923e+00 1.645428997565977935e+00 1.642523296883633854e+00 8.468207333066332110e-01 8.793472322927333718e-01 8.467895081454662742e-01 1.048395464265831967e+00 9.605443402253210916e-01 8.517963094634616317e-01 1.005734677893967088e+00 1.005345039689902187e+00 1.688414065179789425e+00 8.470376294572353748e-01 8.826502682813371914e-01 8.924690851342570452e-01 8.935824723691461191e-01 9.012467875161467301e-01
8.724837505035868412e-01 8.327071894283460951e-01 1.626600432427503851e+00 9.555799940579512430e-01 7.936245884263155581e-01 8.204647083183107537e-01 8.281103105129310471e-01 1.597188026010973649e+00 8.271497969060636057e-01 1.598083984486192710e+00 8.281175986954938395e-01 7.758964048927157187e-01 7.894192124799526145e-01 7.821434081302807151e-01 8.200459417173555643e-01 1.656336725285228351e+00 1.745744306976679372e+00 8.576888304612082514e-01
4.506149469821230102e-01 6.095002413740404634e-01 6.236217578973117792e-01 5.424524552462366422e-01 7.037937395319611156e-01 7.435048486838115034e-01 8.637016983731302666e-01 6.037840905857969620e-01 5.673491484956819653e-01 4.763452560161699489e-01 6.660307006930352713e-01 1.225053575767774294e+00 6.585594746158315305e-01 3.924356205685090582e-01 6.294970969559522400e-01 6.236540532874412790e-01 6.286344571194846242e-01 6.155897596367454483e-01
7.277690195132826556e-01 6.921581491218250504e-01 3.478227528720924666e-01 5.228524565921530698e-01 6.542531318176099120e-01 2.946573887570567152e-01 5.335422723667466727e-01 5.399137051168003687e-01 6.389170630772124104e-01 1.449387839993736993e+00 6.634587659074520083e-01 3.333996519224484700e-01 1.480498262934147213e+00 7.308184900583842847e-01 7.638050232207252987e-01 5.035793063650866319e-01 6.954006180027190176e-01 6.985586509404668742e-01
1.962143658131413337e-01 2.035412647967710931e-01 4.117127376276598083e-01 2.566633012004995718e-01 1.587962889277967915e-01 2.071656380429390265e-01 1.455638506278249533e-01 2.575530002112024208e-01 4.114248342224218757e-01 2.218164438973640462e-01 6.624797319891173597e-02 3.415433430507848200e-01 1.506827806965634065e-01 2.218108025648357629e-01 2.089987529410418654e-01 2.202484360278603170e-01 2.795235034559979681e-01 2.896981658016203331e-01
9.730594932161813759e-02 2.639105995029136786e-01 6.378898768943678244e-01 3.100152883566462125e-01 2.723974216063981268e-01 4.907241523999688604e-01 2.631506425544818395e-01 2.723889006869970597e-01 3.330872835938923915e-01 3.183703435583997154e-01 2.631540583125478450e-01 2.762370155602780764e-01 3.208018413228588273e-01 5.216787326908896016e-01 3.105599433106349672e-01 2.723890126315426929e-01 4.822862608741436130e-01 4.797531748459040180e-01
6.583247143541592905e-01 3.601396309131323914e-01 6.289195611718292334e-01 4.010945944649626504e-01 4.302323484404447229e-01 6.567780744920015401e-01 3.409909096111748972e-01 4.474109099999598604e-01 3.444959679821573140e-01 6.580645927610979662e-01 1.431177380311869363e-01 3.945586377399905587e-01 3.434526043509739113e-01 4.473955203280868265e-01 3.581371784365198208e-01 3.880009835318811162e-01 4.473322368557849371e-01 6.185969641907341776e-01
3.961059173703387892e-01 1.810016281298175156e-01 5.559061191371063027e-01 6.047188607383453124e-02 3.969220606042263011e-01 4.498212879003745113e-01 2.549315086768846883e-01 1.218784466145049900e-01 2.526218206634920360e-01 3.960890548847374459e-01 2.826802412399780362e-01 1.523048359226498727e-01 3.020426751940350485e-01 1.548807559199717465e-01 3.123264443201307361e-01 3.125493648773089439e-01 3.145325750592252168e-01 3.062076746221754076e-01
6.681606889349780976e-02 6.500113930214296287e-02 6.544799849236800082e-02 6.564017748269476704e-02 6.498983127195483156e-02 6.687010655488336008e-02 6.794396238238269159e-02 8.964996549873160275e-03 7.753127006804841348e-02 4.437017853156604436e-02 6.085963497300092562e-02 7.865650478834647352e-02 7.787179114230821653e-02 4.042694325599901356e-02 7.467486942394491178e-02 5.541934089941931429e-02 6.499394266185939961e-02 6.615332793891640084e-02
1.453893248463498655e-01 2.303330659481643006e-01 1.226374628545812834e-01 1.418201184178262686e-01 2.409122767789816377e-01 2.174850303460977019e-01 1.387650477242994285e-01 1.268662987382563057e-01 2.228781889249835668e-01 2.183207403753626430e-01 2.167732960093594619e-01 1.485424544793511603e-01 1.280103586718436548e-01 1.272783256623303272e-01 1.412009173894722969e-01 1.460508017900046251e-01 1.275953183932927171e-01 1.763694950667482608e-01
