6.876947518963151262e-01 9.106948260252342164e-01 6.203938047350813223e-01 6.092268838826777611e-01 7.385678003819384774e-01 4.868291319026851194e-01 4.035596130940315995e-01 7.559288651799307424e-01 6.300467884359295390e-01 4.446240152297286086e-01 8.029699092657638371e-01 4.434118241930533610e-01 6.154354226569183073e-01 6.874536401077827596e-01 8.868450795754281302e-01 4.530991008926461561e-01 6.951908205012896635e-01 6.669661829199456937e-01
4.071841186236130339e-01 9.051484333147931105e-01 3.711625208687123201e-01 5.670228916275129594e-01 5.677011686291512094e-01 5.970407312957858315e-01 4.120780241645104480e-01 3.671182264184469357e-01 3.954232844746373710e-01 3.913723864460995072e-01 4.082552555416290030e-01 3.964508951578428197e-01 3.676966065790768234e-01 4.062456937377831867e-01 3.670780677866865016e-01 6.013823298587614996e-01 3.935031433084091868e-01 6.169954643297745900e-01
2.662595722260513442e-01 2.771418581298382700e-01 3.937423907710290161e-01 2.410575058019732986e-01 2.660679621663746275e-01 4.008379205736064543e-01 2.664325392127926406e-01 2.794907369602394054e-01 4.695309004072035219e-01 3.913353473440355779e-01 3.914081969436744579e-01 2.756250465921217807e-01 2.664677892239136758e-01 2.410303464798385087e-01 7.527271042478738128e-01 2.360294517306904538e-01 2.780571677308291689e-01 4.032576054040560853e-01
2.482556660767649415e-01 2.483278406287545148e-01 4.465838999247401797e-01 2.425606440916365514e-01 2.543098039152699164e-01 2.425504462822347662e-01 2.307794844836057735e-01 2.308457591850583135e-01 2.425458368254433394e-01 6.973304002935296619e-01 2.421827829267436394e-01 2.972042776496634509e-01 3.008996425863907920e-01 4.393289813476901617e-01 2.438609052875297944e-01 4.559533113923174841e-01 2.307437114038621839e-01 2.874681385259679756e-01
6.171594507541636188e-02 5.522010064798980045e-01 2.749174768215983389e-01 3.008251954890433510e-01 2.995942964291918864e-01 2.770878578114461810e-01 2.451567165520690816e-01 2.449105972827111677e-01 2.747558613892038260e-01 2.459566910360837799e-01 1.429407880983624701e-01 2.486977796756414671e-01 2.408184278479090501e-01 3.923051471907482157e-01 4.181947694069711452e-01 2.809845776382512428e-01 2.484112378552819633e-01 2.611910153085845732e-01
1.547823857940093806e-01 1.565015377723157353e-01 1.600159779428184659e-01 1.543966105350975948e-01 1.542292804993613264e-01 3.083730183204843600e-01 1.598460943233448728e-01 1.553639648783148031e-01 1.598149950829254040e-01 1.968150112913834293e-01 1.552576467656056336e-01 1.925718991404237745e-01 1.542815820712658270e-01 1.544790620668179959e-01 6.277510240200302738e-02 1.552444202500539439e-01 1.541916751202472846e-01 1.555820864542947213e-01
2.532113892105873898e-01 1.268516888434092493e-01 1.304625965973779667e-01 1.313028304772058397e-01 1.269818865528555552e-01 1.303423066682881659e-01 1.269745922149359829e-01 1.267897125492404853e-01 1.307119937657669206e-01 4.992277588375336472e-02 1.472457810864724603e-01 1.275736573509199667e-01 1.323907688105291081e-01 1.266553467143928247e-01 1.269636470265020078e-01 1.268558399265814485e-01 1.326161644961423303e-01 1.266778775726224437e-01
3.289756181681377512e-02 5.812766791444436837e-02 2.983057379625321526e-02 5.819092616641008756e-03 3.290042295180536924e-02 2.991597658147675254e-02 3.301884922402326117e-02 3.351402140436938321e-02 2.921810981318254119e-02 3.295155362395724846e-02 2.921727140762097816e-02 2.985017343904624448e-02 4.826864667110206120e-02 2.987004792495060942e-02 2.983995451361580453e-02 3.481432239626792297e-02 2.922400631926529851e-02 2.922027989429235723e-02
1.804241751179678221e-01 1.430627321804363861e-01 1.203585570977482033e-01 2.487032988185934046e-01 2.362295397305694544e-01 1.335167958282715561e-01 1.258581944349852488e-01 1.191051414710127543e-01 1.173439879376710487e-01 1.535417936674295381e-01 1.296661648243339071e-01 2.229377781387039403e-01 2.347496910856726460e-02 1.879568598674427327e-01 1.552163094085489692e-01 1.201348803493662992e-01 1.647915303203554838e-01 1.861069078945988275e-01
1.762219815036172754e+00 9.521687163271651544e-01 9.115523793786565188e-01 1.929611041709385910e+00 9.186787245140285441e-01 1.792714657442467496e+00 9.583250529539006912e-01 1.113837200095731061e+00 9.552047482279026891e-01 9.108092150678980259e-01 9.144346542126933208e-01 1.717950189965640195e+00 1.064925366896965597e+00 9.180639452309901083e-01 9.864356378973417883e-01 1.795655820521825374e+00 1.929183747925369730e+00 9.657588882711449774e-01
