4.524520882266709343e-01 4.333913214211216891e-01 9.409139203214157421e-01 3.983069124516351867e-01 7.940587603193564048e-01 4.170472983394289956e-01 4.066202744373488831e-01 5.575503664096208567e-01 4.583799291059408310e-01 4.168043451989564274e-01 4.012327603848918622e-01 5.479566284587135128e-01 4.268929472620767718e-01 4.283130491821006136e-01 7.375616163556533156e-01 4.092662045338989474e-01 4.016788645531856883e-01 4.625232017201461043e-01
6.745492041958933704e-01 5.742876589805968601e-01 1.045520246517685825e+00 8.386613359912258314e-01 6.419850658108912089e-01 6.527464697429794516e-01 9.506111312287165438e-01 7.129743395346568313e-01 7.432187437145201248e-01 6.465790601522184433e-01 7.699537059354593094e-01 6.417668588576841415e-01 6.424806668508036278e-01 5.494004356127267785e-01 6.838526951566724632e-01 6.685290423772644042e-01 6.910549575138128509e-01 1.337905036426819017e+00
6.532053991802538873e-01 8.060293752191710626e-02 2.856516365580286099e-01 3.350931948580233577e-01 9.260856073269145561e-02 8.190432465224008196e-02 1.501810295881607915e-01 8.897776496141367175e-02 2.776574447941644874e-01 3.846340098042924094e-01 1.404176108884329088e-01 8.328249790983420497e-02 5.293750065997835375e-01 3.695983709567539077e-01 2.800622179457576411e-01 1.365736210716251564e-01 1.506242865310397361e-01 7.075229851447003560e-01
4.402075795211534137e-01 4.414338096661635791e-01 7.928140876220929334e-01 4.755263992971109355e-01 4.417626128697083043e-01 4.330191173238281399e-01 4.899311297929004327e-01 4.351933145320588947e-01 4.875161411375722453e-01 4.904927051485727940e-01 4.783684194244615107e-01 4.383705040141671061e-01 4.632067805715177622e-01 4.875722492767713967e-01 4.352308560478070909e-01 4.875899160742647176e-01 4.442090659147645559e-01 4.703029487336189973e-01
4.468999227083691461e-01 2.087587095066994469e-01 2.115126711913181967e-01 2.226890891361775759e-01 2.083866277252379717e-01 4.373822506588232600e-02 2.126280210386659875e-01 2.068582964609961550e-01 3.625320425530416668e-01 2.875418918323053297e-01 4.451714795684025283e-01 2.570257113389475268e-01 2.094750859638297713e-01 1.978342688010306383e-01 4.601318104223492966e-01 2.856855094664494388e-01 4.459102575097427801e-01 4.861705977106517418e-01
2.572935199275530049e-01 1.551117184994187381e-01 2.571988685109251049e-01 3.016633748409772720e-01 2.577114671684271330e-01 1.544157710171741582e-01 2.572595533098577247e-01 5.769106561773965081e-02 2.661917429446824523e-01 2.577848231825544123e-01 2.850784384591451559e-01 2.577276955183662732e-01 1.690538839029784302e-01 2.577320799444393629e-01 2.416694221286931898e-01 2.425454616707646838e-01 2.450545985269271532e-01 2.595201374872966316e-01
2.210868511514449963e-01 2.261866937182402393e-01 1.571758176338059754e-01 1.541684590993529502e-01 1.625828207472714282e-01 2.662050401537545130e-01 2.277409667541531180e-01 2.434756363680065372e-01 2.240271280786338137e-01 2.161183144747156060e-01 2.884996954386606083e-01 2.207892832165926356e-01 2.251166735040403544e-01 2.237824220391168573e-01 2.174490675947969853e-01 2.202563122824340858e-01 2.221488927810289782e-01 4.490475427522904600e-02
2.999199683119101456e-01 3.948271418956570411e-01 3.050115224580005613e-01 6.434049093585594847e-02 2.929566106406145121e-01 2.928576927037628841e-01 3.229826491306122538e-01 2.983620549814440248e-01 2.925729165725423631e-01 2.927239105159804566e-01 3.055781652446030172e-01 3.436786336477583581e-01 2.925731184769712612e-01 2.924243528259407032e-01 2.980758782979622823e-01 5.850226232486669398e-01 2.809809670447717123e-01 2.926783195482310362e-01
2.541492702359111622e-01 2.772135063301786606e-01 4.619047391226919763e-01 2.476061512418464838e-01 4.554648826774730930e-01 5.242860339877833953e-01 3.499833697268003307e-01 1.079524587346485820e+00 2.703676689613669915e-01 3.186408637589057680e-01 2.331166046597830666e-01 2.734126159896919095e-01 5.554161036439892590e-02 2.472357320196919284e-01 2.417992962692042114e-01 3.324926021012472588e-01 3.879834050593852224e-01 1.279748092658929304e+00
2.220665143551427412e-01 4.220997776655506795e-01 3.166351086581792318e-01 2.720723003243781246e-01 2.190881492753041782e-01 2.178242051920264433e-01 1.663454272267583522e-01 4.363595424412089474e-01 2.931894192119537390e-01 2.228386925361678095e-01 2.276821042542095108e-01 2.341647424783816489e-01 2.714507387791234017e-01 2.287899699801684283e-01 3.483410887922219201e-01 2.671918676186627595e-01 2.110367994423505422e-01 1.681961964833367240e-01
