4.909116841696313793e-01 4.428353167679928704e-01 7.208952902172620636e-01 4.352388741563020802e-01 7.212136103887245575e-01 7.028624335068992535e-01 6.675096621687008902e-01 8.433156690701205660e-01 8.958124685699028200e-01 6.632081775499816256e-01 6.479699406966906716e-01 6.969440356381020329e-01 4.687445356170880650e-01 7.440552311702375299e-01 4.732332694014759755e-01 5.852515592778574360e-01 8.683828235790351791e-01 7.455297046372379999e-01
4.530156691309735195e-01 4.196454323706613754e-01 8.387474053062193846e-01 4.194667983210492723e-01 4.389411734777112772e-01 4.692903301111357450e-01 4.983400828003482497e-01 4.116806886856290149e-01 4.724614483327865821e-01 4.206167995564411566e-01 4.217143663289513178e-01 7.185235718826088469e-01 8.658002507308404372e-01 7.316814404931569760e-01 4.217546781345347662e-01 4.198473496741356170e-01 5.931585140003271528e-01 4.309480603750879824e-01
6.678929115656900839e-01 6.282624290515994581e-01 6.718335464268123669e-01 4.137660141595223551e-01 6.404654421439393008e-01 6.561668731947581934e-01 2.791250716082405714e-01 7.168358509129755252e-01 2.558200143010790351e-01 8.605283459860071371e-01 6.769401910149482893e-01 6.742863828531893144e-01 6.827687621718662170e-01 1.054231609354002730e+00 6.726114454801700449e-01 6.561590037108048223e-01 6.794679447211982026e-01 6.368884724218309978e-01
6.799774077809671580e-01 7.572605427540608503e-01 2.827036322892435005e-01 3.316365634755828462e-01 5.279345639480256258e-01 5.589137729097473084e-01 3.506522011029787889e-01 5.191523217206779339e-01 3.032167540534936312e-01 5.665737414614864242e-01 5.512012646398533056e-01 3.932572749569392401e-01 2.901970597248603734e-01 3.494496138134673968e-01 3.778159895699937376e-01 5.562775785294111763e-01 5.648724907567431730e-01 3.838977872999190244e-01
2.379971146762948631e-01 1.225227743669102254e-01 1.225116116602047445e-01 1.984258467223857514e-01 3.449498186583381254e-01 1.842813356000332359e-01 2.163200666689887586e-01 1.984047254987463260e-01 3.785398614095895620e-01 2.043764659915876525e-01 2.599496161130706029e-01 1.915207770960642431e-01 2.011989258931665137e-01 2.065209666624012730e-01 2.022044734438633584e-01 1.767076941369352117e-01 4.963675740415676024e-02 1.984292033888188644e-01
1.412687146096641422e-01 1.376421730939839105e-01 1.369437239961669439e-01 5.060742613439510318e-02 1.376770607878488872e-01 1.595474511525636907e-01 1.367353781756045494e-01 1.412721599270236050e-01 1.409976022481001512e-01 1.376377938130420586e-01 1.689960107914284249e-01 1.376911612412499986e-01 1.376555171423746171e-01 1.640791379165341957e-01 1.377040844390941265e-01 1.620935623877683418e-01 1.412729888340095163e-01 1.593769789470694809e-01
2.301081460633526699e-01 4.627982647587133846e-02 2.316072357985531349e-01 2.315362981454203994e-01 2.347405240569550577e-01 2.557169545773347874e-01 2.311150994345332610e-01 2.740384693796000803e-01 2.404709175067663018e-01 2.295629224098883758e-01 2.216604152454179077e-01 2.319674238451255865e-01 2.318682641453520821e-01 2.332393336541368767e-01 4.630789209903739545e-01 1.871108361475529447e-01 2.338983860661020264e-01 2.302740151175426409e-01
5.577964601018563229e-02 5.415055639965846851e-02 5.410274164143029363e-02 6.671766057317640719e-02 5.442067433207321836e-02 5.449570699934448009e-02 1.079235511369207728e-01 5.459395939641420448e-02 5.440667878465451496e-02 5.466683373184038491e-02 5.615277617049650727e-02 5.444534482283397425e-02 5.768103988678927041e-02 5.465062702229147445e-02 1.291616133534869912e-02 5.425380611344300663e-02 5.643961291972686423e-02 6.602837106435752168e-02
4.755255687249837493e-01 4.261957144805909037e-01 3.844191894305259982e-02 4.761318436713239954e-01 4.773530183655533832e-01 1.922073887810479276e-01 2.213956255802203843e-01 2.297436141472137816e-01 2.217984419507587901e-01 1.975156572899553209e-01 1.952252565000701101e-01 3.424565902787117255e-01 4.321803947436378968e-01 4.863652116827954508e-01 4.355812162167432833e-01 9.759709391996846950e-01 4.857018397553199418e-01 1.944468830381188840e-01
2.024189180581708047e-01 2.176516258036055029e-01 2.146306392790263695e-01 1.889434988746911681e-01 4.004497922755551609e-01 2.032214291042507837e-01 2.103148721323242210e-01 2.036427340687878562e-01 2.051061467738017063e-01 2.638510513632801313e-01 2.019113585846464276e-01 2.041862275281258743e-01 2.003262045724265306e-01 2.189550072243290069e-01 2.090411534845716401e-01 2.003982914662965631e-01 2.113361194233817630e-01 3.050637852354617374e-01
