1.782028486428609781e+00 9.081645837192167114e-01 9.067153393726473665e-01 8.875413725012701871e-01 8.880241579187717615e-01 8.884735595400533592e-01 8.195934597320337911e-01 9.548810053437815082e-01 8.886148426270749079e-01 9.229100907512098884e-01 8.908939334828402945e-01 8.161317806173744582e-01 8.941371619734448384e-01 8.722466646130726531e-01 8.191315683955058269e-01 1.722841401943390194e+00 9.200089766811465619e-01 9.203692588166330069e-01
3.093301531076905753e-01 4.169848914837567255e-01 2.633841588285927848e-01 3.093414994641241478e-01 5.258862904122291182e-01 2.733857200948194843e-01 2.724076528928853769e-01 8.644078171457000304e-01 3.099421918399393183e-01 3.510423221410866601e-01 3.181560221084624995e-01 3.082694962464148092e-01 2.721907473995789362e-01 2.758042405959809096e-01 3.079899408052653165e-01 3.510197178965537290e-01 3.198088541371909566e-01 3.690016331711847286e-01
5.078053402830619012e-01 2.633261853671005626e-01 3.311831243109095158e-01 7.803408203642688834e-01 6.272522991649206459e-01 5.030395595294832045e-01 5.842976038903315850e-01 5.225300560342601708e-01 8.356351111579674029e-01 5.463172806296557882e-01 5.970518317002172504e-01 1.454191463781228322e+00 6.883044933747399785e-01 6.377192679297546407e-01 5.847397114403322105e-01 6.208699194650825204e-01 5.724003736639360351e-01 5.006865527943931138e-01
6.616234701161040066e-01 5.916557645500388762e-01 6.064225583527976804e-01 6.674982661550439289e-01 4.975421230416252061e-01 2.177115952477197136e-01 3.450918612663971818e-01 5.403921729394490781e-01 6.071807210589876824e-01 5.271865999656690782e-01 7.527098417304811662e-01 4.474500238896859106e-01 6.640080385835092081e-01 8.045033517808368728e-01 5.155305950761784883e-01 7.095673642623241406e-01 5.117988877460530883e-01 5.677830383560176220e-01
8.475554614339445014e-02 3.095772909737390943e-01 3.051649746521178930e-01 3.809803914925514734e-01 4.471935204230899075e-01 3.049191209852743500e-01 3.826466615704159357e-01 3.777670276273811245e-01 3.734849295561435412e-01 4.386177563020601244e-01 3.920488595503627827e-01 3.301269051889758055e-01 3.442554753610659324e-01 3.978106662229561885e-01 2.875443339511816188e-01 3.775400861108064721e-01 3.863870969517829712e-01 4.391330829599134900e-01
5.357985689545356062e-02 5.382950464252485995e-02 3.817854826797431600e-02 3.636544123467673473e-02 3.225826505105838099e-02 8.329461156661513987e-01 5.349283410037372621e-02 5.670683170886768598e-02 5.355299044096022837e-02 4.068833077924151331e-02 5.347893801059117741e-02 3.637679268170412178e-02 3.637924074360795318e-02 5.348231280962906925e-02 3.225815068342571118e-02 3.225815179713326791e-02 6.417402898226728936e-02 3.646463918725140196e-02
1.109640761189774338e-01 6.969087906289389567e-02 5.803997108214169892e-02 7.052054235448972086e-02 6.972922514592312659e-02 7.783960116202207069e-02 5.809872820494262069e-02 6.070931682531516271e-02 8.185253575356926659e-02 7.580457704307622113e-02 6.822422987627321800e-02 6.974150058848563316e-02 5.804188245944431890e-02 5.808726220422862768e-02 6.998142367424121935e-02 5.808847084338916028e-02 6.827414344866647444e-02 1.432672164050736302e-02
3.804412353400311586e-01 2.867107526521306959e-01 3.797041507931090409e-01 2.760678177099215591e-01 2.779587227502367530e-01 2.867585379054004568e-01 3.374597847350404023e-01 3.028877384903391756e-01 2.886373191306059183e-01 2.818590029223775328e-01 2.897241707192781401e-01 3.804526050172526430e-01 2.805490097340854749e-01 2.814757326411241323e-01 2.812805363411486903e-01 5.558001641201106846e-01 6.892928379712746911e-02 2.898170288545372508e-01
4.742089423341677712e-01 2.836152222393461542e-01 4.752629740328578878e-01 2.479202667585629905e-01 4.742271946172402219e-01 2.838698081615824709e-01 2.478327543277293599e-01 2.856717190115700133e-01 1.596492631646480864e-01 2.735322643852513003e-01 2.403019128906547508e-01 9.501813044835809297e-02 2.856213879341539807e-01 2.457104223492314332e-01 2.593915774546814990e-01 4.240993451613948029e-01 4.767954228593768162e-01 2.476233050284132320e-01
2.393630189367711436e-01 5.371711858411605256e-01 1.464988678423187196e-01 3.129816411119683006e-01 3.323513091929528041e-01 2.350973147151663445e-01 2.351959885491507474e-01 3.243326591104266909e-01 2.785003149817226187e-01 3.823029924940671842e-01 2.674146465343077983e-01 2.779792862046238655e-01 2.767766550169738493e-01 2.525527745745317909e-01 2.914240374514316945e-01 3.029550995917080214e-01 2.830744563529928315e-01 2.688021216126917912e-01
