7.986069014655859943e-01 4.927499075152085295e-01 7.990960914297075002e-01 8.018706870378228269e-01 5.535428369555723815e-01 8.083267628888267664e-01 5.434627922007611023e-01 5.439793225105409302e-01 9.594378250390506180e-01 8.029777534096426139e-01 8.311393852443389463e-01 5.434269018051959277e-01 8.026128248770145746e-01 8.032391712913539150e-01 9.406044299427492872e-01 5.448201811062255429e-01 9.578965294775755313e-01 5.434815015343922306e-01
4.647043079198169835e-01 6.728523895832034807e-01 7.619762034393926520e-01 4.646330758133709882e-01 7.577730451661632838e-01 6.743855210955145285e-01 5.424855820352526559e-01 1.314229879186767480e+00 6.200208550508633509e-01 7.358051974300278131e-01 9.002927855254233558e-01 6.844121550547248578e-01 7.326784096270332336e-01 6.512952197741573857e-01 9.045107450082304767e-01 6.726912394763026048e-01 5.139627931354253665e-01 7.645759450961067127e-01
6.065473375177586890e-01 6.066717626672534225e-01 1.216184347810882915e+00 5.762849710539591497e-01 6.341633222824699656e-01 3.914011479238924118e-01 5.949188376449190407e-01 5.715515879515854492e-01 6.002867140015586411e-01 6.814431785986289070e-01 5.695721854959537866e-01 6.757491162659831074e-01 6.080766693861925365e-01 6.021218180366850747e-01 8.618906369687056035e-01 5.390405371405075918e-01 3.697670526057623697e-01 8.441390728055008230e-01
2.268801873304587824e-01 2.234009244957488594e-01 2.237822539147900358e-01 2.261429268506776613e-01 7.931303491149480633e-01 2.257145361881197909e-01 2.262097494363906613e-01 3.668189897767250018e-01 2.142233633263162518e-01 2.345795840537928667e-01 2.339918040630813434e-01 2.343874692091586498e-01 2.688042119272938679e-01 4.520430707674472637e-01 3.054410073517289659e-01 2.411417873278887125e-01 2.305452104929129331e-01 2.762894900943547727e-01
5.202163239351735857e-01 2.822781649440961327e-01 1.117831679560193220e-01 3.175991180460616126e-01 3.819448604278091186e-01 4.018692950292396260e-01 5.208363821240350466e-01 2.801363715173367797e-01 2.758959796523240970e-01 3.377669842936659172e-01 2.497219865674884520e-01 3.169603955226056313e-01 2.727279642234557988e-01 3.601344906081682673e-01 2.630653803105773569e-01 2.644081099287569070e-01 2.691298415219024465e-01 4.049476120824235803e-01
2.205473734540589481e-01 4.523653218235302864e-01 1.846750768701576895e-01 4.198305546472571592e-01 4.615044048789305187e-01 4.390176150165355784e-01 1.856440953275699246e-01 2.851739452686655740e-01 5.101342772927162095e-01 8.938461680225698314e-02 4.548130498179153158e-01 4.467087961111343986e-01 1.846997973182051833e-01 1.024547626965419234e+00 1.844411006770309280e-01 4.610249925345137889e-01 2.447942183451946030e-01 2.220161361420956991e-01
2.268285860580094015e-01 1.900547457539138174e-01 2.221037931509509955e-01 2.503773041864133519e-01 3.684824315564345643e-01 2.503943278305613696e-01 3.682668297384270595e-01 2.503820752076350020e-01 2.504589358778160357e-01 2.503787248443361535e-01 3.782929275297754468e-01 2.268145736523071165e-01 4.418448094032800810e-01 2.503930297993207654e-01 2.507087343788712008e-01 2.503788521108915033e-01 2.507172395713864743e-01 2.503748341031753477e-01
1.401726229656800327e-01 1.269937313939910606e-01 2.804809476104500390e-02 1.343844746654868638e-01 1.999507232936388879e-01 1.401729965672601219e-01 2.061024562660474235e-01 1.403204393490300461e-01 1.401729974561002623e-01 1.401730703701732639e-01 1.401732553063531894e-01 2.119992235745201958e-01 2.062478727117674215e-01 2.061363619425060634e-01 2.473641096301443243e-01 1.401631317252841069e-01 1.267579630863295836e-01 1.401640480112856801e-01
3.327912367231048441e-01 5.317268517351727564e-01 2.840290059490417351e-01 3.170363920483371123e-01 2.694192190674355447e-01 3.252133970145610897e-01 3.566465469697717161e-01 7.141944931780018491e-02 1.451505518677680129e-01 2.924520977112288200e-01 2.694080223412929076e-01 3.566557073845793013e-01 2.836214517328232709e-01 2.840302584084689608e-01 3.278636312530078256e-01 3.754646264382899834e-01 3.372892413272249867e-01 2.822546956204567414e-01
2.087902018747633537e-01 2.706382312102508236e-01 1.891695071574784337e-01 3.004184792588311392e-01 3.690647509440869722e-01 2.522221654715511852e-01 1.997161145145825989e-01 2.723617003386611390e-01 2.147342583639010871e-01 2.709177422903877308e-01 2.558484585528287281e-01 2.647232998925990177e-01 3.626330919707687617e-01 2.042053791063175305e-01 2.076365770142456491e-01 2.988958615955194520e-01 3.403628059862323085e-01 3.299191334843669110e-01
