3.634782778661174718e-01 3.584684389517481251e-01 3.595289778601924446e-01 3.493233306825632711e-01 3.910133830052228143e-01 3.478293606406867577e-01 5.575210486480498551e-01 5.927674596752534608e-01 8.621103109942857001e-01 3.556827347040313891e-01 3.479162767065915318e-01 1.217590370150202661e+00 5.596462228040465225e-01 5.882111901355938643e-01 5.949570245114563782e-01 5.526589352463983085e-01 3.486089634703464779e-01 3.580659560863465041e-01
5.814885357592375348e-01 4.332901445327601020e-01 5.270987768331700796e-01 6.203873305995151188e-01 5.719203546024935747e-01 5.540069977696002734e-01 9.423558256084992868e-01 5.776108478968358106e-01 4.773816964949472719e-01 5.998761845203005594e-01 5.595222743244401276e-01 4.791504518425051540e-01 5.291476996393714716e-01 7.272511654460551700e-01 7.887418111320460001e-01 7.642991488412799184e-01 4.330781575533749761e-01 5.746104261380888811e-01
3.471977363808305128e-01 3.948720981064677282e-01 3.408958073647156417e-01 3.631779711640470421e-01 4.021298988371644345e-01 3.447903783824247670e-01 3.301652239763588903e-01 3.824425208767358586e-01 3.660929832221245794e-01 3.212442734275799405e-01 3.323682354344095202e-01 2.884643586913271385e-01 6.627801979221655815e-01 3.415394617306501956e-01 7.760015711194006016e-01 3.347874936188168782e-01 4.021299811635615229e-01 3.323972078731540769e-01
1.302001711290921571e-01 1.762328170261627247e-01 5.553854471498904655e-01 2.481943038337242613e-01 2.488041244894286241e-01 1.255063189903667942e-01 1.490792117190649080e-01 1.333410504662045637e-01 1.692639399581072346e-01 2.489833120733597749e-01 1.262812256391357135e-01 1.333970734579735251e-01 5.999048044302409677e-01 1.788568577403818471e-01 1.530232425919231254e-01 1.490941502352278458e-01 1.498488381251908697e-01 1.708086108918905333e-01
6.948591750520355381e-01 3.834181134278233927e-01 5.883333519401419132e-01 3.388773205402575983e-01 5.879977157296550905e-01 5.567434798176946753e-01 3.995287544583995820e-01 6.038249390257918181e-01 3.551883810390037421e-01 9.292819707421507980e-01 6.043136329322852385e-01 3.593467880261149161e-01 3.090690002695232197e-01 3.143883027436243371e-01 3.521830825537259346e-01 5.430319520279796031e-01 6.049778580803951700e-01 4.229512711017652804e-01
6.168613376710215812e-01 3.289061186479308452e-01 3.568636086576632005e-01 8.810994900222668402e-02 3.225202978116096797e-01 3.184932956690562644e-01 3.560943817572921888e-01 4.627544467944903483e-01 3.177684025360283382e-01 4.027254322594380209e-01 3.361693738571441825e-01 4.304549828319653715e-01 5.536063472069860936e-01 3.562801884090838755e-01 3.324593685364608531e-01 3.665601489639765398e-01 3.154300129527170538e-01 3.445362941529355738e-01
2.696330849767777371e-01 2.541876603750627961e-01 2.160970413758446229e-01 4.272271143292185602e-01 2.453067946696987078e-01 2.536503057962001817e-01 2.241171589107329165e-01 2.259756595192183026e-01 2.210288956830054052e-01 2.245899095800384937e-01 2.389244127697821851e-01 5.780989739248951209e-02 2.626280823760341332e-01 2.516587333718108832e-01 2.443483669135555481e-01 2.906137432229686235e-01 3.187913648904661112e-01 4.029004678700384146e-01
6.119437060087348779e-02 5.355151426796777442e-02 6.336187841801659004e-02 5.943188992651463054e-02 6.151518741395679835e-02 6.196262608638018754e-02 5.595261365546971150e-02 7.396847743551329679e-02 5.413466117467785610e-02 5.454978788467815254e-02 5.909348622318271599e-02 1.215609887703766184e-02 6.957237036521715656e-02 6.118913373354385038e-02 7.322489166011930672e-02 1.061499469403219958e-01 5.799878390552307139e-02 5.907821158118188587e-02
3.350277074886210404e-01 3.727847571529113169e-01 3.232916462315263972e-01 3.348215433588359602e-01 6.451654568737522077e-02 3.482019389208739213e-01 3.414718089079810670e-01 3.044039560569360980e-01 4.391084465004688742e-01 3.697091670069642122e-01 3.586087175675987671e-01 3.850865290669518992e-01 3.125202706752163717e-01 3.050393390062185461e-01 3.678472659403336231e-01 4.225849741779190705e-01 6.558611167951627907e-01 3.542820627577919490e-01
3.423698286576538213e-02 3.469482033175046165e-02 3.091254915638783768e-02 3.427199854106226240e-02 5.454918492684510123e-02 3.426996006873252176e-02 5.104515393207589846e-02 3.428666509366546516e-02 3.605080327036218335e-02 5.473928493289664798e-02 5.832680833241353502e-02 3.610729075173959440e-02 3.672683401317161644e-02 5.102247079511157413e-02 3.447872110705909460e-02 5.200862782139102636e-02 5.132076912114839906e-02 3.093634379714060856e-02
