7.347854999794770636e-01 8.253802314603615464e-01 7.808359693799241663e-01 1.324215992102902195e+00 7.346067560856613943e-01 5.672877786643683029e-01 7.926265940848535863e-01 7.906677043351192369e-01 5.350443495855596865e-01 5.705751735310040651e-01 9.758078382688015751e-01 7.802869090642553518e-01 6.438024484202782283e-01 5.710491889698813273e-01 5.256037665184780661e-01 7.819185809490654115e-01 6.762321297011408827e-01 7.824441453920921719e-01
4.941819105510109056e-01 4.888390923730267512e-01 4.984402981136990540e-01 5.003029960329754555e-01 4.671125091255744488e-01 3.156163647825155905e-01 1.001441218887742179e+00 4.984395908498601147e-01 4.992407786404605141e-01 5.006375979691549682e-01 4.985259350096131747e-01 5.002438121880657951e-01 4.575043821491001639e-01 4.669982116743074951e-01 2.269561500372922480e-01 4.888064610217245365e-01 4.562266858414760762e-01 8.971306051460005149e-01
2.120732115045569910e-01 1.366620205559221923e-01 2.103614061531326185e-01 1.312389045158984524e-01 2.104088619570198826e-01 2.190821624153038716e-01 1.315839089529665662e-01 2.136406793257684678e-01 2.486035461227263932e-01 2.112815644901819001e-01 2.210503620550710313e-01 2.559001495906514378e-01 4.238488196852597256e-01 4.264195433479542330e-01 9.438347348794414726e-01 1.592297307524823957e-01 8.095246543385011817e-01 2.076408777077490830e-01
1.698947010617714581e-01 1.700419480902418123e-01 3.200881073458763382e-01 2.963711370709419812e-01 1.090159465597299926e+00 4.700576356184505977e-01 1.700066073349600637e-01 5.822571714235208473e-01 2.811494914687728275e-01 4.948712175348067843e-01 6.804533467232013466e-01 2.862836030202135507e-01 2.474858496113926387e-01 1.581460948933366972e-01 5.232330779925682407e-01 2.396353793039172064e-01 2.396724575704422544e-01 2.379963039184881946e-01
6.531036433544291642e-01 5.152534952552234593e-01 5.701621202167279634e-01 3.384795346048066200e-01 8.625620920311438677e-02 6.961361673619929080e-01 5.193118809799031066e-01 5.746900307954955212e-01 1.349638095303938190e+00 3.380486226535405203e-01 6.512494019383835431e-01 6.574674450563374739e-01 6.515410236762939622e-01 2.316980672973277255e-01 6.516401608511753762e-01 6.608354982583433124e-01 3.397467964483708025e-01 6.582317965508680535e-01
5.116989620497317537e-01 5.528020521832803791e-01 9.024593092826503626e-02 4.131223314005476599e-01 2.921394987059697246e-01 5.331778710091329421e-01 6.171584890310359839e-01 5.524267455949221084e-01 4.527286745367206100e-01 1.105828478725045416e+00 4.875483984568496076e-01 2.017435749265188982e-01 4.211134719713593988e-01 2.916314710843068148e-01 5.532515071254648920e-01 5.011510928774931539e-01 5.541326835498312509e-01 3.234765134630018801e-01
4.776204758501459424e-01 5.745421875090344077e-01 4.800805162875473320e-01 4.163194458555655175e-01 4.185429433278680666e-01 3.899290120583518426e-01 4.599446656964410463e-01 4.329412583917698898e-01 3.265072872489342970e-01 5.643138450059331790e-01 3.154704150372681926e-01 1.603735312715108274e-01 2.894804582621431921e-01 3.241930830402999231e-01 3.846516146066541464e-01 8.338359647116247442e-02 3.457292796184364692e-01 4.673872881202364993e-01
3.574435495135864782e-01 6.822540626521781393e-01 6.157840410054080671e-01 6.657846902925155241e-01 4.384634724192661426e-01 8.076086714810215561e-01 4.452219596743300922e-01 6.025794020288631758e-01 7.076638369966135045e-01 3.120365821448314869e-01 6.184960541717809956e-01 4.552859055859073689e-01 5.661320451533069509e-01 5.631120601411544468e-01 1.211753596181144088e+00 3.547336598972270494e-01 8.890402651281630042e-02 4.359394246160012698e-01
6.463285465187620926e-02 3.018368211464825812e-01 2.647213312232974958e-01 2.914127752077694811e-01 3.284158777172410115e-01 3.011344820273458289e-01 2.926056702631001372e-01 3.010950801204773652e-01 4.637669147996617558e-01 3.234065135278132996e-01 2.946353842361088549e-01 6.004636491442175705e-01 3.104179234232993800e-01 3.173615857694346842e-01 3.089370535725325939e-01 3.030694159116901765e-01 2.831365288720829043e-01 3.029961053080159061e-01
1.025845966776004203e-01 1.187064518053298628e-01 7.715975620144985281e-02 8.782274785526897332e-02 7.768424673753973608e-02 1.300735065493374421e-01 8.615573713757510022e-02 1.520552012898014893e-01 7.870795225911142445e-02 1.186777650222287928e-01 7.775593792768523138e-02 1.174466253067778382e-01 8.471236206196781915e-02 7.824600543085062643e-02 1.083872061743365034e-01 7.775997355658460786e-02 1.172350871547492013e-01 1.193961865638763220e-01
