7.445534008104424117e-01 4.260458040808753899e-01 4.205605812386050690e-01 7.217773867212312622e-01 6.577250366709032070e-01 1.028994854047628138e+00 6.035265962378054683e-01 7.225830001034700967e-01 8.592663391896608882e-01 8.145703539789479475e-01 1.098641438884414345e+00 6.394005889305334200e-01 1.449572937251369265e+00 7.624062091514512973e-01 7.054677061525250759e-01 7.811514508560033487e-01 6.480523382445779745e-01 8.240149509245291437e-01
5.453871516386081808e-01 6.190243858150904499e-01 6.365213825102651324e-01 4.294608343896679781e-01 6.104509193638040232e-01 6.184996085199805371e-01 5.948954420608533189e-01 6.357432715025577163e-01 9.029576019091588579e-01 6.079990769942139606e-01 6.256718223611381635e-01 1.255766079601776886e+00 7.032306799315326540e-01 6.263092207323416316e-01 5.728736517617408763e-01 6.340562120733785889e-01 5.744722238743525944e-01 4.023486122566082290e-01
5.615488817761610241e-01 4.910882227340455097e-01 7.068366770924836562e-01 6.894893947100632081e-01 5.771321820081747322e-01 7.601303173924078838e-01 4.910099260628181805e-01 1.360081359549150770e+00 5.605461469305039746e-01 6.222253655188504373e-01 4.139909098635463636e-01 7.620669118251558460e-01 6.393236827293438118e-01 1.822731455980548532e-01 5.821096274207600008e-01 7.348301540869794923e-01 1.483823219929843784e+00 4.080441990190150081e-01
2.486175988889806066e-01 3.220815646708233282e-01 2.847702088052661562e-01 2.547447101061918184e-01 3.147411158525342256e-01 3.276357213659278345e-01 2.923330720667721150e-01 2.801860940268947608e-01 2.752830521408971554e-01 2.701132106166530544e-01 2.778376214871424721e-01 2.715789739582746831e-01 8.153982615552114455e-01 3.713086527573531415e-01 2.839363942676254027e-01 2.905092123595064968e-01 2.768682059038043430e-01 2.790631457097868529e-01
3.525539394193065168e-01 6.472141879797856934e-01 6.833850666222403003e-01 2.781994249029146396e-02 2.852485179873989057e-02 3.345330129297738875e-01 7.028738849520369536e-01 7.028870357074668007e-01 3.174433685629862723e-02 3.261950311938325436e-02 7.759725545057856166e-01 6.353712424451023466e-01 5.722886681491069494e-01 7.050266109866374364e-01 7.029315766046592140e-01 3.332787303957916447e-01 1.291861850924250987e+00 2.055096185464827530e-02
1.579479892074945324e-01 2.008489004980754666e-01 2.207520175562441844e-01 2.861582663764490886e-01 1.844222897206742595e-01 3.141566943166673176e-01 1.670762016874938749e-01 1.660706494704361214e-01 1.586673821448152943e-01 1.586891689321398291e-01 1.653906865635217938e-01 1.699494693081960439e-01 1.662807435340844520e-01 1.604974342049557134e-01 1.587834713856595414e-01 4.779081419085522836e-02 1.605640139287309587e-01 1.626625138596816400e-01
1.121876106807136730e-01 1.485916021364874773e-01 1.189583973646804738e-01 4.990447524265811952e-02 1.438970706553167611e-01 1.198053833048158129e-01 1.134192199437077386e-01 1.494375755895959168e-01 1.199272245411623777e-01 1.190510638073542238e-01 1.121310491557134942e-01 1.229403237151709682e-01 1.204129657586623936e-01 1.699616317814128807e-01 1.202013462281651818e-01 1.134519317995461296e-01 1.192834706274186057e-01 9.481509062048752712e-02
4.332570548766462304e-02 2.355549331744292152e-01 3.180066250310576992e-01 3.156118273273808561e-01 2.083539956891060640e-01 3.177116167666578783e-01 2.226106431103335725e-01 3.921062178805286291e-01 2.261911712142434805e-01 3.014531079080109977e-01 2.720706315852683965e-01 2.012134281342108921e-01 2.890316924636997520e-01 3.158276386796762814e-01 2.191054339351004021e-01 2.154540710849356944e-01 1.970476462812021101e-01 2.892269374912232460e-01
1.939993822107444754e-01 1.939869249358371350e-01 1.939870211409218947e-01 3.879741269854516256e-02 2.327843099587274533e-01 1.939876634480321715e-01 1.939876707378619669e-01 1.319111091328967755e-01 1.939869288139121906e-01 1.939870912298580774e-01 1.939275607442275950e-01 1.941958162815345668e-01 1.939869308751832333e-01 1.940178817513752707e-01 1.939874059773066539e-01 1.940034414793854189e-01 1.939754536574196109e-01 1.867221893519994125e-01
9.451376403668693138e-01 1.022208746637525589e+00 8.661487291866067917e-01 9.702300642558900901e-01 1.700607292650702096e+00 1.898347022178930699e+00 1.704895771632202184e+00 1.869841514477401878e+00 9.344119759831878147e-01 1.061715306297103867e+00 1.020416195050218855e+00 9.307258324678298056e-01 8.655824182817002388e-01 9.100291555855783976e-01 8.984293144085504501e-01 1.728987024227194080e+00 1.658386033725767650e+00 9.584453317951102669e-01
