7.820592749744126326e-01 7.225130586278507572e-01 1.499919385965052809e+00 7.112089489360619021e-01 7.685945184051453660e-01 7.488700605518523457e-01 1.209635628027953658e+00 6.055578768980776072e-01 5.698646182607076671e-01 8.857178033159376351e-01 5.636030742264612758e-01 6.528438493399495446e-01 7.101268244417371367e-01 7.362819408019115608e-01 7.365807871417227037e-01 6.884206677990686307e-01 8.757441385235794629e-01 7.092179013980691726e-01
7.371932727526142592e-01 7.350954870557910859e-01 4.985656797574045673e-01 5.874043171997642698e-01 7.017577395554959185e-01 5.308412752864384299e-01 7.670735066719401862e-01 9.463678027118399561e-01 7.822073569233376489e-01 7.434034613150146686e-01 1.472519444220831364e+00 8.988468004216422225e-01 7.346819401983374354e-01 1.528943844893501325e+00 7.620184864675959568e-01 7.441202384301829342e-01 6.501685969533936849e-01 7.294514446760627102e-01
6.942600536230646435e-01 5.447806090770969112e-01 6.566101603991038038e-01 6.260195089236435528e-01 6.116546311568307193e-01 9.323788817990367184e-01 5.705039515346687073e-01 6.101982316229708214e-01 8.237947020046532121e-01 6.651106898894862951e-01 1.236343165758136076e+00 6.648421745333913391e-01 4.361333372271660735e-01 6.702365425787962794e-01 8.022283118720623385e-01 4.371638877071059026e-01 5.791765449948103051e-01 6.568438156840898934e-01
2.839357639079976292e-01 4.698594030977692459e-01 3.388069739909295719e-01 2.174565275809730025e-01 3.578004464325567624e-01 2.990285476158324740e-01 3.379196144779839650e-01 3.302038363169793045e-01 6.031285326465690710e-01 6.981565321852265527e-01 2.548269450355080679e-01 2.174530950281544084e-01 3.391016233487730847e-01 1.122412918484740230e+00 2.380231220642249901e-01 2.178245573964140980e-01 3.089970174987876628e-01 3.096551660805786366e-01
2.586061005606877239e-01 3.320440746526000519e-01 1.872587524680571491e-01 1.846455316495860255e-01 2.585731110942476874e-01 3.095822865515983069e-01 2.711542576493519152e-01 2.592543745544740319e-01 2.738035431425852595e-01 7.089495464301362460e-02 2.716293786919902198e-01 3.268640620127160612e-01 2.606907898058374862e-01 3.241595234938674519e-01 2.579862678541221532e-01 2.615027789477804010e-01 2.591856569618989359e-01 2.718080472325437036e-01
4.465259957739567964e-01 3.115133883801838310e-01 3.943357487199394829e-01 3.784513260286282432e-01 2.660764259279912447e-01 3.033628143948974287e-01 2.879798188659906666e-01 2.899610275816865701e-01 4.697243123754625271e-01 3.785063310033949247e-01 3.966502644674249067e-01 2.863515889628039379e-01 8.495259387598362577e-02 3.934092001405274930e-01 4.119452721947136076e-01 4.000419222668294417e-01 2.823518237432692812e-01 3.895429615068418672e-01
3.524980678418992985e-01 3.633358055616963123e-01 3.267696296306436543e-01 3.206055246639261114e-01 3.219626826078468285e-01 3.331490800892074056e-01 3.219614584561817372e-01 4.828071376959084393e-01 4.866591530801676058e-01 3.220276035254258096e-01 4.912221314959944185e-01 4.807531123359564673e-01 3.271982797089524331e-01 8.107552908525546276e-02 3.285698188601108294e-01 3.192635730204661515e-01 6.406705029783249516e-01 3.288606346099372524e-01
2.281945523569286205e-01 2.099539637850801055e-01 1.971034648731671002e-01 2.176196484845295820e-01 2.353506102603035166e-01 2.028278058486318314e-01 2.016893470703449986e-01 1.961247811948451936e-01 2.049939160977984898e-01 7.832317546599783242e-02 2.638334387987006924e-01 2.660764926205868020e-01 1.966490360680987759e-01 1.960887808233339746e-01 2.029409864710875477e-01 2.349676360290953447e-01 1.966844974342037422e-01 2.314754379068579282e-01
9.486198692231141705e-02 6.007462444019603942e-02 9.441915238933613896e-02 9.416091479282262533e-02 6.036601598446536543e-02 9.546214757965466868e-02 1.010886142929252191e-01 9.564641044841989959e-02 1.160031621619305314e-01 9.493750519579942371e-02 2.020943977942023587e-02 9.490425594041397572e-02 6.572875549668744100e-02 9.431566011208059042e-02 6.600912737205535952e-02 6.587476632526198528e-02 1.172393958501566219e-01 6.948696754473362991e-02
1.286534364501264460e-01 1.224726811393181403e-01 1.188296585580269904e-01 2.104733708900183853e-01 1.310165559924263423e-01 1.098382512350628282e-01 1.207691788285436552e-01 1.773964558430363991e-01 1.063082046799004171e-01 1.211962134972281169e-01 1.396609041127297446e-01 1.980361936895623787e-01 1.421178137763776939e-01 1.209292962459570242e-01 1.219399714955176350e-01 1.211153210183633644e-01 1.301466338698928915e-01 1.105069165926753638e-01
