4.777211907065666563e-01 6.407711041370013350e-01 4.132276259681977315e-01 7.323482287783040778e-01 4.947445348543725308e-01 8.688192393234280830e-01 5.037195537286858205e-01 4.911362624725795767e-01 6.409676657814399325e-01 3.073631534235094498e-01 8.728569370198260291e-01 6.892461929640234519e-01 4.950251349928131983e-01 7.127566262527182950e-01 6.832607512389280435e-01 5.004110044613305774e-01 6.912974695109437295e-01 7.032394422525513056e-01
4.155103240629244299e-01 1.850171106456689474e-01 4.539881468349373783e-01 2.305416405808325686e-01 1.350284008400108315e-01 1.728743586259689491e-01 2.512775603542800607e-01 5.030326814919159339e-01 1.727570751156774498e-01 3.047245089286337860e-01 4.650711211826717428e-01 4.536168491549081305e-01 1.321980619918863842e-01 4.492208242212026303e-01 1.856257288403552752e-01 7.406674427043964393e-01 4.238051933986244912e-01 1.036980926150623761e+00
4.085065874806498298e-01 4.612053545534445798e-01 8.704621973967323623e-01 6.204920896411429965e-01 3.308974809909883685e-01 6.417133168130559895e-01 4.629817443047566927e-01 3.417784800734255946e-01 6.468648950986680690e-01 5.971600513101695817e-01 3.546312908912041539e-01 5.943146616492244183e-01 3.225351120428736063e-01 1.319285779804793446e+00 5.931017491818292298e-01 6.228659206891005162e-01 3.366114656652177128e-01 7.531792994939180419e-01
6.493169688810370710e-01 6.567896487927018523e-01 2.476111376345196957e-01 4.533992014017435568e-01 4.408879998420158208e-01 4.846222645279115726e-01 7.710880283317039785e-01 4.714455589448764417e-01 3.698569148611706159e-01 4.086537959546667764e-01 6.646757984962868848e-01 5.610744835126091346e-01 2.614212244308901645e-01 2.135213403959639045e-01 6.598091303200209756e-01 4.152837472999144630e-01 5.778069311763980309e-01 7.989479899290192755e-01
3.043274066906669351e-01 3.025904128488489109e-01 3.013628290187771452e-01 3.275074514402496195e-01 3.090558176673219304e-01 4.486104981555121829e-01 3.023496322923483470e-01 3.317602087011920498e-01 3.444918117010117298e-01 2.844057186156582206e-01 3.022280800578970306e-01 3.032598812308878733e-01 3.098141268027725936e-01 2.131427961129728765e-01 6.044404857950944621e-01 3.073453528322548367e-01 7.152290803393568375e-02 3.284673962460602503e-01
2.411734054333847244e-01 4.809481303872125690e-01 2.763252108797732420e-01 2.408751506859641012e-01 2.405325246358633040e-01 2.408572630162764128e-01 2.423400795404986874e-01 2.407799533346542398e-01 2.517858689207527201e-01 2.500721846100605883e-01 2.434685605686713050e-01 2.413278590516468869e-01 2.423089704135676092e-01 2.424207193731781063e-01 2.407733889532379379e-01 5.220710410755025066e-02 2.879578203462100916e-01 2.459436088996421188e-01
5.341787504693560340e-01 3.681199639380714483e-01 3.698580572184578252e-01 3.689394861269354453e-01 5.248356844670909460e-01 5.876052915958092093e-01 3.081741720798261142e-01 6.636182778856680731e-01 3.327958130223620525e-01 3.332151762603008383e-01 3.056765623240768615e-01 2.972137029128728569e-01 6.608917934672114969e-02 4.057119593102758159e-01 4.266578907043273028e-01 3.317081624338600321e-01 3.323796051466615387e-01 3.416424473779275939e-01
2.746089216598174843e-01 3.021057185600470874e-01 6.066983208540887018e-01 3.017068516900286990e-01 5.137147318789646588e-01 4.686474437899343370e-01 5.013109655369423212e-01 2.384632466465654854e-01 2.897091961347545430e-01 4.962507072952239140e-01 1.085354883195615017e+00 3.012245278929409076e-01 2.563768088332228356e-01 3.366560004509125958e-01 2.793714168587752011e-01 3.964428613246985256e-01 2.003977048425709673e-01 6.624636818135022642e-02
1.207300738238268889e-01 1.852554930247234666e-01 2.258884283046578081e-02 1.188592286347878446e-01 2.136481544381614028e-01 1.761122371120624752e-01 1.507963300663492101e-01 1.769256679212104499e-01 1.206567593082930046e-01 1.218809078701511561e-01 1.906293013124842894e-01 1.240035842117550718e-01 1.220489853666879704e-01 1.138778439298317319e-01 1.328517909675805408e-01 1.221082237516692565e-01 1.097272923251474547e-01 2.094474284499507899e-01
3.624893681798843081e-01 2.268417464401434325e-01 2.077858206797401630e-01 3.500647977261083788e-01 3.691672316171710211e-01 3.731053813666262986e-01 2.941113567788223859e-01 2.099249936743109446e-01 2.438987538922549048e-01 2.366767605072446490e-01 4.015754439147160570e-01 3.145113993474082936e-01 3.592699235383860490e-01 3.624380453828701110e-01 2.424086285853389033e-01 2.711824408153740706e-01 3.624458714233528278e-01 3.260708431755991454e-01
