1.512339636601467863e+00 7.624337226757699204e-01 7.782029588829388889e-01 9.117301294026722847e-01 6.111649989147782680e-01 1.528257575005909308e+00 8.856688693483122377e-01 8.262166360329157300e-01 7.412463518473242363e-01 8.401698588246796495e-01 8.426486782331384928e-01 1.039105833161787729e+00 7.286427537972817170e-01 7.797969218864632124e-01 9.587368041253055972e-01 1.526177320792768022e+00 7.389488067120012493e-01 7.910056979617748896e-01
6.922876437421441320e-01 4.672750845403664810e-01 4.767902576887100285e-01 7.556895513339769721e-01 1.266423269761494774e+00 6.612335180917098265e-01 9.191651237980571487e-01 6.832277656286824818e-01 8.513182829542156327e-01 8.900482530790274627e-01 6.755409638433378383e-01 7.620434383860889005e-01 7.093547758484533006e-01 7.309617805316774852e-01 5.289537852776341476e-01 6.834363461847667853e-01 1.446881339554697776e+00 6.610396789366025372e-01
3.301153831545213246e-01 3.624735579382317163e-01 5.545630782791669544e-01 3.873998028719966014e-01 3.226941179887591327e-01 4.195598649986004292e-01 5.690703547051888522e-01 3.491351263414892991e-01 3.733388694621149195e-01 5.833306478938699025e-01 3.672925712643533847e-01 8.928246619150647101e-01 3.284576643473942625e-01 5.838039784839571533e-01 6.043782284122931614e-01 3.292556890386988955e-01 4.257875995023563953e-01 6.245328273775127004e-01
4.892529155918136086e-01 4.068231685810980158e-01 5.026667388060778174e-01 4.611526381122158513e-01 3.438931407356843328e-01 3.634356721585670913e-01 3.547491262360933373e-01 2.929091716615074836e-01 2.788475272873652266e-01 3.440027152448129066e-01 4.069396184411598894e-01 3.636041926700391835e-01 5.785581873098679662e-01 3.418277300200667779e-01 1.053259880315841501e+00 2.679753606904121677e-01 3.439941064722186193e-01 4.901031050003596401e-01
3.133267361921919791e-01 3.203025765988259943e-01 1.076648882273229801e-01 3.193520694192891196e-01 3.260481661112390461e-01 3.264396430420470896e-01 3.185947273232063170e-01 3.184960541075245177e-01 4.954383346257061893e-01 3.668719215562318281e-01 2.725939399643344530e-01 3.324800787959319437e-01 2.726452029234897600e-01 3.537793133448464689e-01 3.185023118549162868e-01 3.210688585304254383e-01 3.190624373158787996e-01 3.207672505430437249e-01
7.903991570867641148e-02 3.533003569545607042e-02 1.749548674961950712e-01 1.599067426845907358e-01 1.290977394470887718e-01 3.953553770990293759e-02 1.564322666936132367e-01 2.099282372917033734e-01 1.612587810098080887e-01 2.323729744239524664e-01 2.100726106277171767e-01 4.101113336889503080e-02 4.735916389513913916e-02 1.530415413549753301e-01 1.291594230088618234e-01 3.028054479523850095e-01 4.104918778115961009e-02 1.868487498272530800e-01
1.521462272664465543e-01 3.045280338464364384e-02 1.392050410525748627e-01 1.805970341552797231e-01 1.355915683975086883e-01 1.536619905833312427e-01 2.534920310771470731e-01 1.317317280706660487e-01 1.362475516803192677e-01 1.681637120942271468e-01 1.292324559869285350e-01 1.336801315354389508e-01 1.312259718595174540e-01 1.354767478112153256e-01 1.324783287711719937e-01 1.655663651289692728e-01 1.300999235788902475e-01 1.548220093316923229e-01
1.330210777855460047e-01 1.954140459595655466e-01 1.023712045958189293e-01 1.204697101869457165e-01 1.179691425395791166e-01 1.179792274493996485e-01 1.063674087485129149e-01 1.329844482035996700e-01 1.004089097739163383e-01 1.956930210300862338e-01 1.173450507715285002e-01 1.065597434686709477e-01 2.660352594775097085e-02 1.022047128098013402e-01 1.013423723222311584e-01 1.179356094081414064e-01 1.204685468860830083e-01 1.201259633253297376e-01
1.077043031926544908e-01 1.502601358444551338e-01 1.312212052110317273e-01 1.009412642873012689e-01 1.072096583802865516e-01 1.923259693941174464e-01 9.967364211382659378e-02 1.008795429169122709e-01 1.502617628482416368e-01 1.075549436903511374e-01 9.642209481308605667e-02 1.099531802955660831e-01 1.011137491591149046e-01 1.345491361948151776e-01 1.510706409386431137e-01 1.129838516600511211e-01 1.993582839132891985e-02 9.832564190818234018e-02
4.042520828048351000e-01 3.920000147633121435e-01 4.406274360444282223e-01 4.050849219346684960e-01 4.422632120762362562e-01 4.064879743233024700e-01 4.440751781371777840e-01 4.068219119918596305e-01 4.158609349145755418e-01 4.657454526683538765e-01 6.572888523523405802e-01 6.653137911225621703e-01 4.337196254783516336e-01 3.771078891512338882e-01 8.114253531536198549e-01 4.785236269206380455e-01 4.126811632674465824e-01 4.335839159562293599e-01
