3.658054104033507947e-01 6.791369563868014936e-01 6.680087535679454236e-01 3.655597427871820626e-01 6.833567915121218084e-01 1.379890813496799762e+00 6.784179843525517395e-01 9.219357980014072362e-01 5.977957462194043448e-01 6.683264871706448007e-01 6.290107297016606092e-01 3.754774240820272224e-01 6.872744437350861713e-01 7.130268802758296109e-01 6.832398412301774471e-01 6.863996788056916376e-01 4.281427075373411828e-01 8.554143866490592218e-01
4.286560493640999558e-01 3.657742312975362786e-01 3.662244424554465527e-01 4.303904859831108043e-01 3.754396496299244879e-01 6.116118367840829295e-01 3.720974048080757379e-01 4.048050370558252675e-01 9.136984695001000301e-01 3.662188738874830873e-01 5.242406909138804805e-01 5.641748000355515380e-01 5.254913209314213685e-01 3.734396797640159305e-01 5.617620978032908940e-01 3.672261204717385819e-01 3.659613557629126657e-01 6.363196809954729805e-01
8.621732012078389129e-01 5.688818401610161724e-01 4.126545588670426645e-01 5.998997921914056564e-01 4.375884847090080187e-01 4.810974447513061691e-01 5.843194811831046165e-01 6.420246226870955919e-01 7.171981201556554275e-01 7.755804504046476255e-01 4.739896175460219796e-01 4.008614179476756578e-01 4.189436750571627899e-01 3.920240357570390910e-01 4.447274444592332898e-01 3.921690304467762012e-01 1.225894737453480099e+00 7.555725576967154966e-01
1.539254685501089792e+00 1.603659953562113216e+00 7.949591250409706600e-01 8.016169510505761764e-01 8.015145790307269813e-01 4.245180737452001751e-01 8.017289135759155805e-01 8.337575517772615186e-01 7.384905097543122965e-01 1.602723744451045373e+00 8.017783814370949003e-01 7.951359663039474501e-01 5.094400829014038568e-01 8.017773139968581431e-01 8.013872504478896097e-01 7.953359802501782649e-01 8.018202589595992968e-01 8.082209958067382294e-01
7.949624926548461146e-02 5.131022715081965391e-01 3.390374342693709964e-01 5.038804118786563979e-01 5.037562006297929829e-01 5.034176634699467634e-01 4.488956955872851484e-01 6.178853659007597088e-01 3.500751230243053791e-01 5.145338736261227952e-01 3.498492546300456807e-01 3.496423704883976358e-01 5.127565003023298873e-01 5.131842635037952016e-01 4.579395190535326954e-01 3.383533591195177492e-01 3.486373221042849413e-01 5.130094988044435755e-01
2.223485174237020967e-01 4.510955236261660617e-01 2.224050410580200865e-01 6.383584385280276219e-02 2.220595551273928381e-01 2.169231267067845137e-01 2.157385322315289733e-01 3.799593733735004975e-01 3.500200971146715245e-01 2.594312114960832250e-01 2.455987745916918819e-01 4.500962480960182255e-01 4.312168810585576550e-01 2.160929979250851840e-01 2.461030026710723240e-01 1.016898697420126396e+00 2.120342423682738120e-01 2.224087452674169130e-01
3.721629963254411422e-01 4.731424200205546216e-01 4.246612963601033020e-01 5.540228247960437002e-01 6.872313709018788019e-01 5.693139868257353076e-01 1.069710033829133766e-01 4.830925601102827871e-01 5.228167564173576976e-01 7.082681961758535705e-02 5.070399697353625834e-01 3.317430316777008059e-01 5.721136861107296578e-01 3.482466414507061625e-01 5.595478451785197427e-01 3.452268783785478190e-01 5.696853814525347781e-01 3.913123253806293222e-01
7.124911430421519698e-02 1.055904857514362860e-01 7.128006066860088918e-02 1.049142559795055579e-01 1.257314741580114748e-01 7.206203355827456303e-02 1.048191669989488317e-01 1.425532137493558914e-02 7.509128511921810134e-02 1.053227395309556669e-01 1.048052666247346609e-01 1.054610110193048150e-01 7.124887195663479056e-02 1.047997165013282161e-01 1.048037145976545292e-01 1.048972409894042696e-01 1.048944209745123618e-01 1.053313060985675703e-01
2.746215394048862612e-01 2.766345888924184315e-01 1.246421290284997763e-01 5.984389552411891744e-01 4.532147206904216241e-01 2.957078674265051221e-01 3.000681711243523009e-01 2.940444419747377247e-01 3.328689410970485096e-01 1.763791485142593984e-01 2.459122334009752053e-01 4.951408417933626516e-01 2.977254070743844960e-01 2.581125263267488590e-01 2.573392804307688131e-01 2.993764728924559471e-01 6.589293921856295699e-02 1.091856145727276184e+00
4.381513133183926878e-01 3.282839206640675855e-01 4.792430138403196427e-01 3.537654837024296062e-01 6.122864195848681801e-01 4.441856794493619365e-01 4.078007959453029407e-01 4.188981190960682777e-01 5.724821066536565084e-01 1.168408214190700622e+00 4.373651475082890872e-01 4.237689386611850906e-01 4.948582652037577523e-01 5.898206651519238841e-01 5.666284975185954531e-01 4.207094875227645470e-01 4.387590288361841173e-01 4.374151898708049657e-01
