1.641315868845962589e+00 8.802106276530885509e-01 1.051133624823475499e+00 7.418438417409669583e-01 8.727469172733834935e-01 9.361838817676831903e-01 1.813577043320234727e+00 7.563659802245920050e-01 9.155789253732832256e-01 8.768249792648141749e-01 8.427296772516461587e-01 8.801198033970496493e-01 7.659535923245667233e-01 9.705311186801305334e-01 8.364917874757853422e-01 8.771182736649821843e-01 8.524454245750194836e-01 7.868599522502054411e-01
8.596412079529125450e-01 7.455744895432540043e-01 7.954013487544092653e-01 8.305470005302939551e-01 8.210130842988391242e-01 8.445970798278614744e-01 1.615551154638809050e+00 8.446565252532243218e-01 1.691190581749385968e+00 9.082417098087529617e-01 4.569132487051343894e-01 6.720811012892713432e-01 7.496023498994313083e-01 5.038301772771290876e-01 9.247190972381367224e-01 8.127485691342651863e-01 6.852832537025895787e-01 8.205365632988141922e-01
7.906712996500913082e-01 7.884718096565267453e-01 7.899173567051017697e-01 7.814139124087758903e-01 7.903917501765894693e-01 4.867992674108728712e-01 8.216632862391531900e-01 8.756722691792864222e-01 4.868155311936236962e-01 4.260805727102507379e-01 7.886248189379684304e-01 7.903853811096240856e-01 4.171720922384378749e-01 8.180604261883697159e-01 4.259441521348288906e-01 4.259545891216652280e-01 7.903827770707265721e-01 4.868010317537601050e-01
4.906415579971860619e-01 7.335791386620965637e-01 1.278490251472042649e+00 7.546765629069741577e-01 5.127095619661342640e-01 7.343340462817200542e-01 4.264154867737944832e-01 3.062779693925183899e-01 6.373365133132412597e-01 7.361552501719450525e-01 4.205385696354235203e-01 6.299934247799393594e-01 7.274944166683652291e-01 5.350421835149034022e-01 5.053659560505623372e-01 5.039941639460995271e-01 8.312295579760258235e-01 3.779329453318572285e-01
2.178495237031864706e-01 2.555896437988322001e-01 2.482473120974794945e-01 2.230835297944305240e-01 2.515697397472282937e-01 7.117477176585002008e-02 1.943703836395968554e-01 1.968526369050348224e-01 2.102439955959234941e-01 1.946521114407009367e-01 2.374305150575395373e-01 2.246115737160762071e-01 3.619892124544410450e-01 2.458849918194522532e-01 1.940386317292714935e-01 1.897246287276310728e-01 2.177674151939912872e-01 2.384111351270358781e-01
5.049240549900951835e-01 6.523910393402446717e-01 6.669143852105623438e-01 6.687058778954579896e-01 2.366653498619863960e-01 1.336727600967121621e+00 6.682444355806319569e-01 2.712939622555136099e-01 6.397130496321277171e-01 6.511237182755775788e-01 6.732630892719129179e-01 6.717763100303523194e-01 7.076589333234938328e-01 6.321170699663927195e-01 5.827759920174174768e-01 6.313986109996188034e-01 6.666159056633822466e-01 8.542836706206188846e-02
4.180112372557144296e-01 3.893218654354058672e-01 4.886383196081187652e-01 4.706461156392834355e-01 3.700451596631476048e-01 2.770988786313014485e-01 5.148331757842199430e-01 4.435415713200014376e-01 1.141347365145986420e-01 2.523524009925224298e-01 5.211583925585607791e-01 3.549141301398344162e-01 4.185412837577044409e-01 1.044587581054248870e+00 5.159935235903432282e-01 4.257170252178564263e-01 4.871980752485950417e-01 3.829788788155067958e-01
1.212560840910980597e-01 2.664291287225282745e-01 2.664967219842535040e-01 1.783838544648266577e-01 1.588022376486306619e-01 1.592252418285054483e-01 1.888701065527533252e-01 2.623073866852342340e-01 1.428515041978103972e-01 1.580925285648387690e-01 1.407930600137788923e-01 1.578241734090525816e-01 2.272321465405773844e-01 2.623528966819024255e-01 2.624824292632491063e-01 3.175215714317776439e-02 1.593197519004149187e-01 1.401327852257737983e-01
3.482653611447091846e-01 3.475674945563002605e-01 1.785012592245867613e-01 2.154664628926719616e-01 1.808394564158096740e-01 1.772751589773438052e-01 2.114944429167912587e-01 2.074974091502392037e-01 3.941500415592867623e-02 1.771379167580180714e-01 2.988597359922737229e-01 1.942195113243894711e-01 2.279963457832754892e-01 3.311770706957439248e-01 2.874911824856519749e-01 1.961335526981157207e-01 2.207432171123094866e-01 2.812651792167760734e-01
2.825730261614439742e-01 2.831651885451071937e-01 2.869714518523547864e-01 2.830405322213142005e-01 3.300886861614320544e-01 2.820494078690572448e-01 3.476356009370794031e-01 3.403229947879097272e-01 2.842685486444425091e-01 3.024883982420880080e-01 2.839259682126266116e-01 2.827746293753075069e-01 3.298096774576894097e-01 2.827891860178269878e-01 3.389962043612813059e-01 2.861109842539726889e-01 3.756387612938588694e-01 5.640557272408339706e-01
