1.599307189907809734e+00 7.999400832683052354e-01 7.885194047986477939e-01 7.930361836517456631e-01 7.780028588126286504e-01 7.939724154064892181e-01 7.994382732065155039e-01 1.545312736740276360e+00 7.708355596511351493e-01 8.279631750764601117e-01 7.419512943852771825e-01 7.318471254375183976e-01 7.993909704391504167e-01 7.936535742454833287e-01 7.983083105076183017e-01 1.096851887485105648e+00 9.545241770071122289e-01 9.392503549152958486e-01
3.486000767133898837e-01 6.118872092513834016e-01 6.128665378181683554e-01 6.134709019651729545e-01 6.574545649045923090e-01 8.997959767271014320e-01 5.835590569989878018e-01 5.843168194735323118e-01 3.932681460255212369e-01 6.126366766422204346e-01 6.083187943554435595e-01 5.824742600270124138e-01 6.751493762622217121e-01 6.142429296666844785e-01 6.144672226939855708e-01 3.584889766552140644e-01 6.152520896110764692e-01 6.126581832374543568e-01
3.262292500437117271e-01 8.334429733001333940e-01 2.999941556433601275e-01 2.407996784659007239e-01 2.585554705253698682e-01 2.603223528355396166e-01 2.578222478557187225e-01 2.812262949760524489e-01 2.589995435956140568e-01 2.706092071654773723e-01 2.785156489216708553e-01 3.356991547973598999e-01 2.858496570043955742e-01 3.086146277534930760e-01 2.661788420265393529e-01 2.598009282941616260e-01 2.770346160643442079e-01 4.294003343264492512e-01
3.829039961506551237e-01 9.892104083925266911e-02 3.896877319187035948e-01 3.792392778222181127e-01 1.591913638388504082e-01 9.860381557178013456e-02 1.115324407734658990e-01 4.357045676128159517e-01 4.465035734623533092e-01 1.091442460226920708e-01 4.352781200338425860e-01 1.969932783158752643e-01 4.352640364189730438e-01 8.985846338251779475e-01 4.491846469027401811e-01 4.487372911665552522e-01 3.791596453187807136e-01 7.630703608135851468e-01
5.422897006739316739e-01 2.776635140747822361e-01 5.513556452987611323e-01 3.287192474026767730e-01 3.372175865406051298e-01 3.482818325983088048e-01 7.022304842530108226e-02 2.768651799811697733e-01 3.301930383879092545e-01 3.244601495511638678e-01 3.243803036944534757e-01 3.325099154136432755e-01 2.777616320635306613e-01 2.773690341051686103e-01 2.762472525364904619e-01 5.040603267503807050e-01 2.920699116525017347e-01 2.783726274280740043e-01
2.059282316724280748e-01 2.234259590585655209e-01 9.642823799995535461e-02 2.092377524373938424e-01 3.573018798098419602e-01 2.031501303318204998e-01 2.076920514449181188e-01 2.262742944626258690e-01 2.058880801247198189e-01 2.027346361443576050e-01 2.092450573246232848e-01 2.225173174237406459e-01 2.292332936512596064e-01 2.233402535982961790e-01 2.057611406434995405e-01 2.058845309317159089e-01 2.083014442063645943e-01 2.058746724627560087e-01
3.738125272452377246e-01 1.298663829881287757e-01 3.640526147683799119e-01 5.726640264088698196e-01 6.993643403130404002e-01 4.587786620501327350e-01 3.521685477752167781e-01 3.959600609157412077e-01 5.886137549657638468e-01 5.810713607990296570e-01 5.740641714574938881e-01 5.300927223073179650e-01 3.647806647838995331e-01 3.627565190914947557e-01 3.644488896954792834e-01 3.745354968443912469e-01 5.748051776530658241e-01 3.831239687545260342e-01
2.719422970409527962e-01 4.786698081570471830e-01 2.668547797636890428e-01 4.745657669127875122e-01 2.557221660142293129e-01 2.760867730161175593e-01 2.596002209299165808e-01 2.917733285748377314e-01 4.729983463114121878e-01 2.718502832097580701e-01 2.523467896764776675e-01 3.387848431295219509e-01 1.049291128800378115e-01 2.816614755426055106e-01 3.258846457988726630e-01 1.060587517330262131e+00 2.538746849094852820e-01 4.755142268021128049e-01
1.027896029080770379e-01 2.671904637898797064e-01 3.011797563246910725e-01 3.425750217327042102e-01 2.426662514669707671e-01 5.188644883198544333e-01 3.374003585623538415e-01 3.802731019019391090e-02 6.293942871776235792e-01 2.494531054998434805e-01 3.077280334357134772e-01 4.678323891925119105e-01 4.763019572076363506e-01 2.547608561847110042e-01 4.681973028179124974e-01 2.692349965076970553e-01 4.924150212068886256e-01 2.587702675338179326e-01
5.487221909349824234e-01 6.778920287359480046e-01 7.326683331532375387e-01 7.621093247233006185e-01 5.014454993602022181e-01 4.980858758952267928e-01 7.586609856792686513e-01 7.146189358073689046e-01 8.683992544893093246e-01 6.613679606967920455e-01 6.510465202848825239e-01 5.235424681619431642e-01 4.919614854912813806e-01 4.694424563488249214e-01 6.516394465085999510e-01 6.779805011391324410e-01 7.465641005582699385e-01 6.840037839247220530e-01
