3.784636039391811035e-01 3.862202786716709135e-01 4.952269775306950561e-01 4.513362235775027487e-01 7.041823342112630835e-01 4.059137389212332248e-01 5.278147734265006275e-01 4.644046901751633372e-01 4.284573580019299111e-01 6.616060625416331220e-01 4.840887932270917515e-01 4.288109789533220972e-01 7.411749299516567913e-01 6.479904384895698310e-01 4.842740108611975902e-01 4.481340693818651744e-01 1.420021480684457327e+00 1.024119514709056045e+00
5.199634874276429786e-01 5.639188848497540540e-01 5.280773055880717548e-01 4.972029402261585185e-01 6.119074007034588369e-01 4.825156586660575009e-01 4.714997882623470637e-01 8.067799892649312188e-01 9.275797488562399495e-01 4.652478757194171144e-01 7.630270477485455727e-01 8.409740349186713981e-01 4.651106241928092411e-01 4.968728478654381164e-01 8.244750767576015660e-01 7.651955022231966552e-01 6.058796669214631114e-01 4.764243702018228777e-01
5.706928783559868101e-01 6.017036070030132855e-01 3.704317696716070696e-01 3.703314884893658121e-01 3.516829333267356694e-01 5.830817816697357880e-01 6.961572596515839262e-01 5.532049036473597470e-01 5.614417535533262615e-01 3.983321933898416600e-01 6.446771703307729862e-01 5.802214600438780900e-01 5.519118862225255162e-01 3.695954793003980998e-01 7.781657112889549532e-01 6.830334061384883970e-01 7.188612458524811233e-01 3.709962490645974942e-01
1.467326654818096321e-01 1.172580193303108809e-01 1.566808132907260287e-01 1.481371694834394959e-01 1.481438703903891485e-01 2.313337990413175671e-01 1.481328102415414016e-01 1.310968275895981749e-01 1.755169123039558576e-01 3.486926011102040035e-01 1.519824258942574779e-01 1.218665291924807825e-01 1.334459136379681499e-01 1.565519043123807519e-01 1.218781768983189517e-01 1.574309893882501754e-01 1.470370921939096742e-01 1.467056011942815819e-01
1.723376198455837949e-01 9.474729400646486610e-02 1.049277774008355035e-01 1.854965120731641992e-01 1.158263038168036996e-01 1.165411763355974073e-01 1.741418001695863582e-01 1.167612316174318210e-01 2.919724244520212689e-02 1.703145148183813351e-01 1.176868734187924426e-01 1.213611279750974603e-01 1.050922934701637584e-01 9.534270555485849230e-02 1.173111356336307698e-01 1.302598223948462641e-01 1.226238378901794712e-01 1.231265236312717726e-01
6.041325052738448775e-01 9.521430918829266732e-01 1.821291181047300922e-01 6.298532761625716958e-01 4.140827159550452552e-01 4.128367684300296991e-01 4.118103940532774621e-01 5.404233018824898815e-01 4.757959832795710664e-01 7.641550631366345048e-01 4.755559968053576503e-01 4.213575900598526824e-01 4.734785334534564738e-01 4.635039554629175607e-01 4.755685396565888512e-01 5.936289438418002051e-01 9.953256933177329069e-02 4.734815531713429948e-01
5.098370055316326921e-01 5.598856808315768596e-01 3.054173158693038737e-01 5.564398022089396267e-01 5.558472387910270429e-01 5.566208429874774932e-01 5.619686299116276595e-01 5.590110188034699279e-01 5.277434477780778010e-01 5.346724103241012882e-01 5.555834640384845757e-01 5.523921336484085565e-01 1.113266515727680650e+00 5.537008160380326727e-01 1.175382870219216225e-01 5.506306025385163672e-01 5.566875958925097123e-01 4.405441136125752832e-01
1.923210213838391081e-01 3.527109295230761443e-01 2.372212445091544941e-01 2.213965638695418736e-01 2.195668849306571524e-01 4.698468303499903076e-01 4.839085595384990390e-01 2.509824679457448027e-01 2.195332492299642557e-01 3.826303310625329690e-01 2.126721499668516868e-01 9.295556376961881806e-02 3.603898890098521379e-01 2.976001406523969828e-01 2.181872283641052013e-01 2.345324059898460933e-01 2.308743823154689734e-01 4.695141019914120806e-01
2.845330059099423492e-01 2.494687243444430047e-01 1.431951938322260087e-01 1.795381717986132553e-01 1.934510652929231633e-01 1.717856437317006602e-01 2.845127625871343713e-01 2.628883599328824539e-01 2.897717636448464140e-01 2.031198338180237317e-01 2.066060366992286956e-01 1.974246990292315429e-01 3.161740691784191704e-01 3.178009993938103461e-01 3.478332168030165983e-01 3.859246738692205525e-02 2.756481085653066931e-01 1.768774988014173433e-01
4.457356415935744276e-01 4.345344177048228174e-01 3.976748986298494493e-01 9.725220713969139064e-02 4.457353489441027716e-01 3.783215228362830085e-01 4.346849646409262080e-01 4.484346731220998361e-01 8.970938074399964490e-01 9.712540023789006938e-02 4.457353463147950556e-01 3.782858715515229897e-01 4.457424419536510363e-01 9.721124236393341445e-02 4.457816647518689779e-01 3.783720229471246865e-01 3.784044380175035083e-01 3.790785121997127805e-01
