6.104602492967974303e-01 6.104139270144479656e-01 3.631582236561934351e-01 3.631871978963040482e-01 7.260516162165465692e-01 3.645164233313106239e-01 3.838392212541196780e-01 6.953771971679937325e-01 3.634636219979253680e-01 8.671381986597130886e-01 3.698592577941234860e-01 7.703275038732728675e-01 5.396718055345828269e-01 5.384229647759651849e-01 7.018699587613442814e-01 4.113417505633290561e-01 9.640114509211406002e-01 4.079504679359568509e-01
7.096240041956681788e-01 7.561517518179279307e-01 7.587851635267157668e-01 6.915624494910772579e-01 8.534606416336083523e-01 7.692926352977185189e-01 7.946822786527726334e-01 9.127683227011852418e-01 7.477263160922313912e-01 7.091592269980880880e-01 7.693225059963867407e-01 7.577786515551023783e-01 7.722115934356656997e-01 9.351521235036318602e-01 6.471342726214448504e-01 7.709194684363533945e-01 7.683783892093152268e-01 1.542879571140207240e+00
5.122341543150490395e-01 4.010392448631363016e-01 7.460494253903910966e-01 4.605290114341023533e-01 4.343512501111920776e-01 3.581538470785819994e-01 4.025215992973685264e-01 3.961165586067357802e-01 7.084857652779981141e-01 3.994509241715415993e-01 3.720948934332923841e-01 4.412656273403835483e-01 3.878546756062001277e-01 6.756707452292194382e-01 3.867327978169644576e-01 8.736328532901673771e-01 7.233513715909114516e-01 6.731373224118532006e-01
5.921566951910761656e-01 3.604641201502711834e-01 3.627954858968016616e-01 3.555964475026661686e-01 3.614954218366674965e-01 3.188025217938804112e-01 3.686767113649379035e-01 3.334009439069136049e-01 3.162110405400760937e-01 3.233091479590614603e-01 5.768945018656895796e-01 3.687196574109555813e-01 3.241547100929368375e-01 3.107770851302998349e-01 3.173682970866408271e-01 3.354061804893965215e-01 3.114386491455424788e-01 6.226980995890566417e-01
2.058473404769390891e-01 1.968218045393596294e-01 1.759044293015019911e-01 2.049937036599830953e-01 1.956381175233578018e-01 5.113182947427356156e-02 2.038029596322512016e-01 1.998979173325686753e-01 2.196495185277137496e-01 2.376554644414561879e-01 2.026833656705952502e-01 2.424359035753208547e-01 2.344106494014616959e-01 2.118784601431707992e-01 2.416410017204612681e-01 3.216876230097142075e-01 2.098448786991548021e-01 2.323290387253141576e-01
4.415164920317932729e-01 2.219957700959854507e-01 4.297301284117477915e-01 2.513290364899020135e-01 1.465627697306845223e-01 2.527177395635035739e-01 1.015908449037413952e+00 2.727964782135534616e-01 3.763514943253674638e-01 4.297226027529844061e-01 2.320753315757483615e-01 5.975434477256812149e-02 4.945410335049857942e-01 9.047647477710077379e-02 2.341880175046291979e-01 1.984872377009456734e-01 2.877727966653769731e-01 1.946726398794837720e-01
1.269051410293401683e-01 9.878282403302271475e-02 1.003430103652983851e-01 7.492421352174896687e-02 2.623443202295080295e-02 1.163576586446238570e-01 1.129740384982149126e-01 1.158383426860951221e-01 9.420968435421334108e-02 1.119467663926935475e-01 9.896977843120542684e-02 1.186711292328066769e-01 1.100053010488109134e-01 1.163737682279057661e-01 1.357332573873860637e-01 1.254147521780445418e-01 9.936357321874120241e-02 9.855792675561678151e-02
4.277776384934917769e-02 4.529399740434889715e-02 4.303067714475897199e-02 4.249242928270277608e-02 4.560187579624167681e-02 4.400171388117009308e-02 4.253112198983786257e-02 5.767813047728427567e-02 8.494879531705587863e-03 5.645769814693193250e-02 4.501701771347270398e-02 4.277602591517970509e-02 5.015331866533280503e-02 8.493930957050073449e-02 4.278177268710854630e-02 8.147511462927624348e-02 4.247540716734525545e-02 4.404967265916622660e-02
4.448014028627359506e-01 2.498757670146384002e-01 5.460409556809259213e-02 4.995776414787684860e-01 2.591807437760053623e-01 2.597303594247437619e-01 2.049918560179057048e-01 4.596583977958872413e-01 2.638094681974157973e-01 3.824486233057013962e-01 4.930746717310262039e-01 3.836818635709510761e-01 4.400034984721289955e-01 4.332575786957016395e-01 1.033736850585133815e-01 2.192218368694210662e-01 2.960761618497244618e-01 3.836992096744972769e-01
6.464526171366604679e-01 6.485534329871720516e-01 6.515103018799913714e-01 5.525108459434506791e-01 6.380436648197365113e-01 6.952145398410169985e-01 5.273753398242306822e-01 5.374402201757811914e-01 5.272682396128087756e-01 6.386020495640787331e-01 1.352473054295336263e+00 1.075663316920880241e+00 4.882924218999317167e-01 2.841976884107406676e-01 6.485727964748819740e-01 3.205008650817620097e-01 5.117387188770869955e-01 2.752813934930999906e-01
