7.275253483049022307e-01 8.988377189080107854e-01 9.159275816293362960e-01 6.849910379305089725e-01 1.464199410594842821e+00 6.915159210698584857e-01 6.711900559657766330e-01 7.596622299420945357e-01 6.746856414370778765e-01 7.100817503222720539e-01 7.276786265575088120e-01 7.030956328195354654e-01 7.313076932750673942e-01 7.104120119738096539e-01 7.243131602381076561e-01 7.103049114020031363e-01 7.035291514962359605e-01 7.329205455669863811e-01
1.417817193264600206e+00 7.081077577837803227e-01 7.057156140898949159e-01 6.601346174906087549e-01 7.058868353071170443e-01 6.915542278609698723e-01 6.923061088177738798e-01 8.685235177200222312e-01 1.249750422698413521e+00 4.513118893448666569e-01 7.060501787107036353e-01 6.641415779486683491e-01 6.270132818800964181e-01 7.007110072450357663e-01 6.924545651593430051e-01 6.940906391631139760e-01 7.056419300773685288e-01 7.111183852576905551e-01
4.087040614344327194e-01 4.078777576720321041e-01 3.932214596106577420e-01 3.934968319447157414e-01 3.972197219954600178e-01 4.124366648703026161e-01 4.711110283667246934e-01 4.391399899502145820e-01 3.962959422016077426e-01 3.959513148762150436e-01 3.946806676931096658e-01 4.178580125670926515e-01 4.071123741130912022e-01 4.714615143444226830e-01 4.461588935376363807e-01 8.152319971820300992e-01 3.931089971120010906e-01 3.963117890050266712e-01
1.604928625644309603e-01 4.727137953123988767e-01 3.504636131837956525e-01 3.508646101459292344e-01 3.520221596829758992e-01 3.555215063106914597e-01 3.478049006067595594e-01 3.691799105973703199e-01 3.468583448696096472e-01 3.325762178187733342e-01 3.519814127628361766e-01 4.215257651792807536e-01 3.461676533421449431e-01 7.030134026130924196e-01 3.515984319747805231e-01 3.578356695710067648e-01 3.589287699798454079e-01 2.239471053490129371e-01
3.229753183071519818e-01 3.109405236631527236e-01 3.499382291553190250e-01 3.411503738204659242e-01 2.988849397635559568e-01 3.529185220224821951e-01 3.169836959861091485e-01 3.167643854562642858e-01 9.391693651858382119e-02 3.411877320688149196e-01 3.146145136845047707e-01 2.841906047113634259e-01 3.170962938716555546e-01 2.539298799878541013e-01 3.472095802493833649e-01 6.343610625747916343e-01 2.908187458382535118e-01 4.062166850607406010e-01
2.979792707230895510e-01 7.846547752565050105e-02 4.765183553307318354e-01 3.018197169036948013e-01 5.135786181139398998e-01 4.229893677347865144e-01 2.596790589479794353e-01 2.881504069247646793e-01 2.651074976378890447e-01 2.640806741336921837e-01 2.570242318006124571e-01 4.820662018545014416e-01 2.587223112666375835e-01 2.571082832915625449e-01 2.567922701960923537e-01 3.268675227572193087e-01 4.820491062721363185e-01 2.658379436602967272e-01
1.348786408305270301e-01 1.193297053911026029e-01 3.803664969689612985e-02 1.145667024998802824e-01 1.425199692265573526e-01 1.137789542511671026e-01 1.022812400521534437e-01 1.334002429416938362e-01 1.332789507381992311e-01 1.308232670837686240e-01 1.124153599996226965e-01 1.141264223008720546e-01 1.152331816259874464e-01 1.127747896425645296e-01 1.038321911877534975e-01 1.131827151810925192e-01 1.243602836629952996e-01 2.033089842240551615e-01
6.605809022411428533e-01 7.667796033104086195e-01 5.909064357196645023e-01 5.672840327156796203e-01 5.031710378979001863e-01 5.327982882135766651e-01 6.518240925243559136e-01 5.406260287067534698e-01 6.605144630838258868e-01 1.331570252729788573e+00 1.276169326867402642e-01 6.618541799019077576e-01 6.628159466406248201e-01 6.492013683164742366e-01 6.600763476491495751e-01 5.749757701697492118e-01 6.636386411125914098e-01 6.371908949679763179e-01
2.718130950608070306e-01 3.382712247781944348e-01 4.759658402352215933e-01 5.428391202400336540e-02 2.869841988253671317e-01 3.491856593603497316e-01 4.992775899907890835e-01 3.045278753145871375e-01 3.362723257698960744e-01 2.643275051842929879e-01 3.295844535849482004e-01 3.004183936812407363e-01 2.707844759304479099e-01 2.834916627303545322e-01 2.777603641024676828e-01 5.117002945064026420e-01 4.792308108340603834e-01 2.605439892463217721e-01
2.683226916202798747e-66 2.312493754899759215e-66 3.015457853825653281e-66 2.669741633338327436e-66 2.383594964463028486e-66 4.621049999386392170e-66 2.482132965912268648e-66 2.679691893966652400e-66 2.480943015728656178e-66 4.320738814801600162e-66 3.153738803307060134e-66 4.320055735929583212e-66 2.760516493236937791e-66 3.221559764775510965e-66 2.396128583151597872e-66 2.731783537420637892e-66 2.862282223329970108e-66 2.790108461881984003e-66
