7.859585181251412811e-01 7.526481776354616571e-01 7.938947777887870316e-01 1.603556334216655443e+00 1.587025055114745786e+00 8.324284429291031184e-01 7.983272114126068741e-01 8.011261661549531343e-01 9.474474308837382841e-01 8.016731554506386637e-01 7.790170279908010809e-01 8.033784501695173663e-01 8.009724232045233316e-01 7.823206729509530888e-01 9.468530385250686354e-01 7.870183604099045827e-01 8.049610278865613200e-01 7.879751390350542284e-01
5.951573386566744173e-01 6.116849631725786995e-01 6.695454381887551154e-01 5.862070976605275874e-01 6.739351902706137709e-01 6.478082725655833762e-01 6.109931894798181773e-01 5.924739998956320974e-01 6.070311561150609769e-01 8.368129312867480518e-01 8.920671421305702564e-01 1.190372403196270801e+00 6.080087814613721608e-01 6.610252872621280584e-01 6.377248475489047941e-01 5.792085088154919070e-01 5.950685804789133115e-01 5.933871772862732152e-01
3.751934447444547072e-01 5.767968041350205466e-01 4.502069257303927818e-01 3.418042654592077234e-01 8.596858809859225792e-01 4.511536647521851018e-01 3.753142806892420524e-01 3.384916260863656823e-01 3.902742226287733152e-01 3.757223057051379267e-01 4.237544704907951765e-01 3.758450269291858659e-01 3.395852464526257219e-01 3.737591131228389374e-01 6.749204900635221716e-01 3.997429655613981003e-01 3.347138451127767977e-01 3.348452967584346629e-01
3.721861333342320610e-01 3.456503251018918643e-01 3.294339529230125851e-01 3.457679989208248261e-01 3.320068183687940877e-01 8.916955593863311602e-01 3.838891175498854724e-01 6.780991022824385261e-01 3.798761477645200002e-01 3.820727957608650582e-01 4.950241468396035516e-01 3.459635957084967739e-01 3.836983429642857324e-01 5.559839660940631978e-01 6.110220858608322869e-01 5.523383640283674456e-01 3.833646366186729826e-01 3.840779701404526958e-01
6.477248708384188980e-01 5.976482453767389957e-01 5.399293222940647619e-01 3.387347088124033623e-01 1.351629406929748312e+00 5.842745234490068773e-01 1.832968275698138028e-01 5.774387902955844254e-01 5.281909591355609113e-01 6.464109632264833927e-01 1.894097042617378657e-01 1.879883924027945796e-01 6.752257471470539674e-01 6.928230256478268290e-01 5.773111016511907057e-01 6.323411070843897308e-01 1.276983204248393955e+00 1.397120224747859518e-01
2.970729324133691285e-01 4.882146286835754578e-01 3.827949333458262604e-01 3.064190714029167983e-01 4.312503347424028743e-01 3.495974734814298324e-01 3.326114784092591981e-01 5.928114653235557752e-01 4.995362433650117895e-01 4.350462260361738220e-01 3.174815852922368564e-01 1.094478825045687997e-01 3.621552900595366720e-01 5.063466560787935888e-01 3.479891032326318800e-01 3.034482666886009206e-01 3.073268584327067954e-01 3.021790862924655929e-01
9.209142037565032357e-01 7.766925254754795116e-01 4.351451030621654170e-01 6.970727711347719513e-01 7.144915225430760186e-01 1.550947433445649448e+00 1.445865468980776392e+00 7.272668499576011580e-01 4.208529006533340278e-01 6.808810979930577378e-01 8.176004823289928503e-01 7.680424382072906786e-01 7.634315920661712829e-01 1.573580222871460155e+00 6.459059259556466648e-01 1.674474769464052992e-01 7.199821481373399612e-01 6.415491719854981012e-01
2.695443366053018042e-01 3.585642940279595292e-01 3.208661738688788345e-01 2.617275249225867184e-01 3.001387744125471602e-01 2.963801765430256197e-01 3.163556250281909232e-01 4.981935098546784735e-01 3.079555257276443414e-01 5.071905416781822273e-01 2.598402930421605528e-01 3.231933421321427913e-01 8.037195999223488430e-02 2.631418647804100730e-01 2.897802784857281821e-01 2.644453584154843329e-01 3.738329936371352358e-01 2.954865724657425585e-01
3.541940365446822891e-01 5.356288823002838262e-01 4.123753819379852303e-01 6.905849738390376080e-01 5.302617945282311895e-01 3.452927451171383111e-01 1.061283131971340471e-01 3.454094370640998224e-01 5.282425952852001227e-01 3.766028008150611450e-01 3.546121363770753376e-01 5.278047103036018761e-01 5.643401153469969067e-01 5.278934376879940160e-01 5.278045196880726264e-01 1.146865045289430229e+00 5.643283956327675988e-01 5.278718058480911246e-01
7.140121855417852973e-104 5.219803597952616974e-104 7.260916330177261955e-104 5.597953264638818729e-104 1.026279064467854297e-103 7.140284454944853617e-104 7.277788262639092624e-104 7.568420336911174505e-104 8.562135594430809175e-104 5.538845963481149793e-104 5.539100164563382435e-104 1.027955746446047347e-103 7.140149709760675167e-104 7.140258144074784940e-104 5.538984198872623084e-104 7.153862104077643230e-104 7.137477344866431362e-104 7.760509923477951280e-104
