7.596132045383905407e-01 6.843281460007244466e-01 7.488066542116051938e-01 6.394750809148674886e-01 1.529161833907448642e+00 7.303358641638173498e-01 7.610468103845441368e-01 7.514935786547124463e-01 7.012556289592547509e-01 4.925009523974076542e-01 7.534281133344983283e-01 7.683020670705209554e-01 7.618931412755851618e-01 7.571983907765047483e-01 7.610422387456681204e-01 4.320505493783018958e-01 9.416563500404059317e-01 7.639563724781455178e-01
3.663173312940173343e-01 1.341293838618473178e+00 3.322048300142427801e-01 3.267856068271255965e-01 7.741211958518920966e-01 5.505971440615693435e-01 5.020697177397933642e-01 6.564654712136397396e-01 6.559381961918729909e-01 5.155413275695365227e-01 5.431128791689906476e-01 9.162736846518376721e-01 6.011339728592027809e-01 5.039609512360933019e-01 5.426093763672892312e-01 5.993305031428681762e-01 3.058031909712146112e-01 6.692658754335841786e-01
4.324710722470268554e-01 4.325173058706759943e-01 4.324754488625447424e-01 6.635311373455087258e-01 6.657937776147462294e-01 7.174110400575164359e-01 9.405614096439454119e-01 1.365687299033656821e+00 5.863474948162720191e-01 6.387081854597566055e-01 6.053096902298702453e-01 4.563773401215214798e-01 6.654240252906521436e-01 1.188560825850812686e+00 4.388293595094548971e-01 5.493890110377188662e-01 6.965339423000348473e-01 4.385919404132279098e-01
1.198112278992788382e-01 8.841755392770885846e-01 1.146997455308558234e-01 3.844562397115977581e-01 1.021381565250237128e-01 1.026014695038422048e-01 3.741470153442222890e-01 8.204833845334291720e-02 1.039032483396156725e-01 4.156524555657842845e-01 1.292913884297281157e+00 1.177748451204292612e+00 1.020796248446344257e-01 1.021386231022247404e-01 1.020796309231132293e-01 1.023820733935541655e-01 1.224928417988611351e-01 1.020803151028012445e-01
6.476643900421905076e-02 2.114894643937225982e-01 1.839125794881619758e-01 2.767538398869227034e-01 2.012071761220932953e-01 2.158244270495836004e-01 4.370591424332535557e-01 2.277353170416318850e-01 3.604983778713881648e-01 3.379148764677433192e-01 2.119102816991273452e-01 1.838759187332894007e-01 1.957399056699095641e-01 1.827924552598245433e-01 3.088720244068220433e-01 3.649224667093269314e-01 1.863157969182390183e-01 2.807468131653907406e-01
2.564977423262668754e-01 3.083712953465419515e-01 2.585623024968686234e-01 2.650222150642818630e-01 2.566135528405482646e-01 2.530151051248887284e-01 2.588204096681926414e-01 3.070104523813697028e-01 2.976281941812111698e-01 6.273146864752277008e-02 2.251281748350421053e-01 2.670508276148096938e-01 2.526519779427101042e-01 2.615691622174546316e-01 5.134242353886642185e-01 2.492924841824974147e-01 2.600036173455277932e-01 2.663781685999966342e-01
2.331600788570182756e-02 2.456268232851944663e-02 2.547511235286947437e-02 1.186218152928074192e-02 2.740870007984468754e-02 2.399330638853141087e-02 3.678372091956063489e-02 2.452312718533082581e-02 4.449501058187975422e-02 2.453073204694232456e-02 2.309723758081253311e-02 2.547388557245413437e-02 4.618267581227516322e-02 3.662064325161465406e-02 2.395372446662261123e-02 2.709572859207068016e-02 2.420728337571428912e-02 3.685013266398107223e-02
2.004970362552572216e-01 1.114815656073932099e-01 2.024491297675741208e-01 2.131454120724868978e-02 1.065745670078076246e-01 1.115103456700372586e-01 1.240666248588128684e-01 1.099206677823816869e-01 1.095212525088609251e-01 1.247299366177827967e-01 1.060098057944312278e-01 1.065728424089899262e-01 2.116821919914053107e-01 1.988265570279894034e-01 1.245902378881935946e-01 1.072797494564542153e-01 1.096382436581464226e-01 1.245031139855610480e-01
3.689713958804817784e-01 2.865266970950480774e-01 3.794068283746552805e-01 5.510422561614577441e-01 6.702727115242970157e-01 5.502807137506623425e-01 5.563105600758118108e-01 5.041507681425707599e-01 5.473269950620879287e-01 3.686248445008422081e-01 5.490639564118325877e-01 6.632142237231927751e-02 5.040202125687697210e-01 3.254300408764045360e-01 2.866389832555094608e-01 5.019659608684645669e-01 5.067781632384741330e-01 5.041379606232399002e-01
4.833716366216773141e-01 4.709541906974815118e-01 3.589898943692142463e-01 3.217053540106362131e-01 2.767298578749022853e-01 4.844185908856633027e-01 2.620028003309489706e-01 5.246062903587258575e-01 3.153216172567068210e-01 4.842398506310718331e-01 2.616590225712929763e-01 2.678922826538571722e-01 4.028687657692506807e-01 2.639389893035063439e-01 3.775784906330592605e-01 3.320748318883444683e-01 1.051546158796295760e+00 3.150768500552280083e-01
