5.507832603488523882e-01 5.497394437949122414e-01 8.734794386656035137e-01 6.825450946625910564e-01 9.050565555332399370e-01 7.140326220609790608e-01 4.894093866144819671e-01 7.839435982976246109e-01 4.714843413303460018e-01 7.318036086221584302e-01 1.469736595118389610e+00 8.447575808905616324e-01 5.282903514727050887e-01 6.324483656906026985e-01 6.826900002669878953e-01 6.456971010967669233e-01 7.095451275927012746e-01 5.121078017189464315e-01
6.415480901362540234e-01 4.158813895378604686e-01 6.735482855467406216e-01 7.585994404757089304e-01 6.669897383643009769e-01 6.325557716638259276e-01 6.640344146446955920e-01 4.571746842955461965e-01 8.328173273396983767e-01 3.697602583467176629e-01 4.990170265405742822e-01 6.892548857111538974e-01 5.386629995421297057e-01 4.121661834805924740e-01 4.025327555406008062e-01 6.324314055099787835e-01 6.419323024076045714e-01 8.759306977847387543e-01
2.778625197754746035e-01 1.961535286289140811e-01 1.823480944056850572e-01 1.921156672824874956e-01 2.677337488813191224e-01 8.319657239055695541e-01 1.703491599651079935e-01 2.133430439425256786e-01 2.771996535166790787e-01 1.701487229936757828e-01 3.141554258240586428e-01 2.316229938757853324e-01 1.840331522788017649e-01 3.201790889266131757e-01 3.158401220946968624e-01 2.099212211091118774e-01 1.823532204650636368e-01 2.181160500324649809e-01
1.561976044094054994e-01 1.995344931883934192e-01 1.518118494094265747e-01 2.900395941231664887e-01 1.807125656333234409e-01 2.657513668826961828e-01 1.779520972797049849e-01 2.690334333621838825e-01 2.133853902197739849e-01 2.833429969409766436e-01 2.611766690463196428e-01 3.450620646804216651e-01 4.219488654604804934e-01 4.145148075634483287e-01 2.657217469308239544e-01 4.219612847927570187e-01 6.954156795543450231e-01 2.695879318754969001e-01
2.435781557243026640e-01 3.190251750119821872e-01 5.164666174139080912e-01 2.435192846376203479e-01 4.659013323899942050e-01 3.475560589379823040e-01 4.303164119816631494e-01 4.904726325665946796e-01 6.277534304801378751e-01 2.208830464061689591e-01 2.208931567424848863e-01 5.149573898121456716e-01 5.119564779759467887e-01 8.837963756403280358e-02 4.672682800356539046e-01 3.504862051770373244e-01 5.165343752702571400e-01 3.601032414908968970e-01
2.060792005412272199e-01 2.080415879716624450e-01 7.218020033720284889e-02 2.058804982705548237e-01 2.057684111103076363e-01 2.058233582834943787e-01 2.058128884166479378e-01 2.075906352310370184e-01 4.116467518635100742e-01 1.731462305547980529e-01 2.059395819467725319e-01 2.078901612880569572e-01 2.058680499951820453e-01 2.053357994990542834e-01 2.058211769504694477e-01 2.058226116218843105e-01 1.990696885029884788e-01 2.060415263916525741e-01
9.599619339385734307e-02 4.357806651349802607e-01 5.848759599663618802e-01 3.950804682765199360e-01 9.374335166570610389e-02 5.594711972565952207e-01 1.056026082817060618e-01 9.340480538492107465e-02 1.064948135100575177e-01 4.696898871872138281e-01 9.797830025545770094e-02 4.564919574463649488e-01 4.449465281894568469e-01 4.692360697557038107e-01 8.944891309017840575e-01 3.770068439126575965e-01 4.920531132630133753e-01 4.669943837684130683e-01
6.545232803247947873e-01 3.693681155236722136e-01 5.017829150763638557e-01 3.693825442657461822e-01 2.950211982490015261e-01 5.356906382522816923e-01 3.696575984408546067e-01 3.708632210262127193e-01 3.239396789078313743e-01 5.382451614807596263e-01 3.345699143362610428e-01 3.325038174021796578e-01 3.606240342191931458e-01 5.030365806291136055e-01 5.369562778947469806e-01 1.005077674736371413e-01 3.692052629656676355e-01 5.460940177708142329e-01
8.852168023001687480e-01 3.738511603378252834e-01 3.711654253814584692e-01 4.285794406931848766e-01 1.094231184417718550e-01 3.734183442843071465e-01 4.295374524653622905e-01 3.722586116428725500e-01 4.399117442765379526e-01 9.939287734724071288e-02 8.752304549696585112e-02 3.730750334145761515e-01 4.286793250166501257e-01 7.459182365278334281e-02 3.863174268728669647e-01 7.373272690167690380e-01 8.697310341449855653e-02 1.644517128403569228e-01
2.985600307960036837e-01 3.303977828676640804e-01 5.549085771879121998e-01 5.490340850796509020e-01 3.698525331255908544e-01 2.918230261178095808e-01 2.837164387356351791e-01 2.808742905567578330e-01 2.805937973700637356e-01 3.107477635852287090e-01 6.710365688296793252e-01 3.764884344502273938e-01 5.523226666160995224e-01 3.137907827412388384e-01 4.223642955691616074e-01 3.116386288948017613e-01 2.996065707969660652e-01 3.672443890776165287e-01
