7.761238199531310666e-01 1.430457500742638777e+00 1.576844576486626348e+00 8.184355084505201550e-01 7.032085693096187251e-01 7.457988276495819413e-01 9.337188362542180320e-01 1.573105714284523504e+00 7.741471383879542367e-01 7.385110231043925388e-01 7.732759321540210173e-01 9.114628024468175438e-01 7.149523491120174379e-01 7.153994940167869299e-01 9.425026390654751562e-01 1.520632810981953797e+00 6.772083411117758578e-01 7.159871016582053382e-01
7.797951765566298876e-01 9.466269727953757762e-01 5.353111485832695582e-01 8.577533585067724786e-01 5.456728936624776205e-01 5.109971440036293888e-01 7.908005682220495824e-01 5.349475093906035372e-01 5.355397767057099578e-01 8.222147993618293960e-01 4.747055159033071181e-01 7.865026847974024848e-01 9.395410100807732867e-01 9.378295194468688756e-01 4.859988732660146526e-01 7.959251456705427330e-01 7.831539756088620186e-01 8.552391504187520921e-01
9.264282946984555567e-01 9.580554589449334912e-01 9.230203803292709175e-01 1.846052138056041514e+00 9.104274930044267133e-01 9.223633592432188832e-01 9.191998731322736926e-01 9.223663704749895942e-01 1.079253331184261366e+00 9.195202512893980717e-01 9.235831468481190409e-01 9.235807691545345754e-01 9.221047019762581565e-01 9.229645901656142737e-01 9.228817988266745376e-01 9.228451146198336508e-01 9.194425160309036560e-01 9.549668517413125723e-01
5.277605066623587415e-01 3.912935767459905789e-01 2.670233771946886603e-01 3.915513420669770039e-01 5.395023711316886406e-01 5.147747332150433008e-01 3.922150883294924228e-01 4.005407116228253406e-01 1.091286985418969513e+00 5.147788976526171956e-01 3.200425236986318978e-01 4.950658751362383425e-01 4.011971636156390075e-01 3.072705401744774134e-01 4.947055072104212803e-01 5.316476023965606146e-01 5.158828879004982992e-01 5.161128937383054893e-01
3.319298448998715401e-01 3.809781889916183939e-01 4.232656653104710509e-01 4.521662254209125598e-01 3.327899275202619855e-01 3.334291939665049997e-01 4.059009361620653511e-01 6.249020801264022484e-01 4.081967219232430777e-01 1.477847815389482233e-01 6.091094583232747883e-01 4.231312344966032812e-01 3.787900519863624527e-01 3.327929353766766463e-01 6.404336476449342674e-01 3.281871640394634082e-01 4.239285834391932073e-01 1.344666534903324606e-01
6.784448454339694901e-02 6.608833831888734356e-02 6.611940391244928994e-02 6.612745852104534583e-02 7.763743993101208940e-02 1.049941241985982571e-01 6.571343941096802199e-02 6.592161384789302359e-02 6.636855676617135769e-02 6.963257233270438162e-02 2.107153511807494800e-02 6.566013761956882022e-02 1.312453465021002907e-01 6.591504882578197444e-02 7.266920324796243003e-02 6.696716236534705491e-02 6.848663400290894154e-02 6.687860029167946863e-02
2.587692927000074250e-01 2.496291801968351654e-01 2.498488470673275730e-01 9.138367145755769971e-02 2.599467969105925258e-01 2.570437590532630989e-01 2.490529437556642245e-01 4.997998272987221324e-01 2.519778650292008870e-01 2.461795505362230907e-01 2.537751856946309226e-01 2.736809984637937898e-01 2.527089752208885876e-01 2.470223644258314200e-01 4.531208807370712965e-01 2.586000776082278962e-01 2.530851261963065202e-01 3.143037698602279550e-01
1.597331839411626209e-01 1.727159516160768071e-01 1.966133917891595417e-01 1.592710500014129782e-01 3.060474860931811647e-01 1.857604135580293858e-01 2.197168675614808997e-01 2.157270251637614378e-01 2.260049632120991747e-01 1.655567947377699356e-01 2.486837884306482005e-01 1.785394975658121941e-01 2.157232360251673253e-01 1.637616976313702455e-01 2.507204798659685707e-01 2.515232099731286586e-01 4.701761394119659959e-02 3.173495625467999126e-01
2.121852562369385201e-02 2.121542944833340605e-02 1.306867608448956594e-02 2.339001538942114128e-02 1.288412322711993130e-02 2.281184535772980138e-02 1.660936962826460930e-02 2.131003789628946321e-02 1.527504695736762660e-02 1.180978631573670161e-02 1.369777525730281852e-02 1.350804973659460936e-02 1.359763284797358557e-02 2.703588552529546680e-03 1.443879795291298784e-02 2.132983804899883304e-02 1.493689746187683992e-02 1.305799259852536906e-02
3.242934167945286106e-01 3.227775896927360666e-01 4.899693419074903633e-01 3.244845219509229217e-01 3.261729419423567422e-01 2.754679549371513714e-01 2.703382426286751183e-01 2.754427892757558283e-01 3.247957420185600408e-01 3.330122158394301923e-01 3.100497817766184050e-01 2.694010557423835994e-01 5.307310088659930036e-01 3.662717637718607144e-01 3.577629339752597115e-01 2.917768099476624744e-01 3.893315207364453912e-01 2.908293731842353513e-01
