7.399816356563128084e-01 6.126875871555160780e-01 1.407766807849702539e+00 6.864172785282467437e-01 7.847096500838210975e-01 9.120863000480449179e-01 6.544777291263682573e-01 4.385253509007405737e-01 6.558620372568709778e-01 9.189056306872454005e-01 7.292644378781452108e-01 4.874095465256169657e-01 7.061384615006104370e-01 6.855460880232779886e-01 7.010678298472338144e-01 4.762760124419687102e-01 1.505204202775977773e+00 8.596254951026807145e-01
5.876340519091015624e-01 7.260507554021750076e-01 7.164804608132927521e-01 5.251779325681683597e-01 5.915263257870837510e-01 8.325514734182262178e-01 5.770611302096845252e-01 4.642105415735644502e-01 5.860253335317822110e-01 6.003794279841431214e-01 5.885224251110146021e-01 4.223746547066029033e-01 4.624611271574828875e-01 5.211853125101921780e-01 4.522111737877114734e-01 6.555563466460724298e-01 6.043372318622409756e-01 4.505998150219686638e-01
1.181168789615141712e+00 4.380667337542323292e-01 5.551331842060931443e-01 4.189811490198521726e-01 5.599282546754653644e-01 5.185700692832988512e-01 4.179520895994373597e-01 4.190180790636185981e-01 4.314244123921218144e-01 5.792873078274820564e-01 5.296888290438607205e-01 4.216024761795137410e-01 5.857400880307042090e-01 4.152995890506264165e-01 8.148871467750432585e-01 4.372593145806181747e-01 4.972549286146175640e-01 4.199477232327546994e-01
3.133819332524990786e-01 1.257063712199920191e+00 2.646721215158344132e-01 1.105162291535171093e+00 2.584088944023841261e-01 4.405608461365435602e-01 2.570589917609950592e-01 3.108750058098506686e-01 3.217250563005171204e-01 3.056296761641588700e-01 3.055144624617821547e-01 3.172515373879967182e-01 3.563224086465854867e-01 4.933527785648148534e-01 3.051406290031360991e-01 6.347467310700022347e-01 5.031876688032043132e-01 3.066841403591102355e-01
6.438998972793256170e-01 4.121607084116111208e-01 6.690939228217631651e-01 4.498698376758422102e-01 4.142295708102142759e-01 5.780996864778621402e-01 6.639823460863755189e-01 6.679805669763635434e-01 4.140479187086775203e-01 4.182266644965535463e-01 4.267364537756617171e-01 4.582928987987087144e-01 4.046276277775280872e-01 1.053090290124436695e-01 4.639021871573121847e-01 6.409125242480853135e-01 5.287636083495453887e-01 8.029162952315597179e-01
5.721026046447186264e-01 5.376515387746070296e-01 5.744115926082798973e-01 1.250044344365406901e-01 5.805712862325128620e-01 9.090111063069844510e-02 3.731719745456714143e-01 5.410362645197794862e-01 6.824467552288113747e-01 5.672074681661111173e-01 5.305042180868951851e-01 5.724316115749095157e-01 5.728457325917514220e-01 5.656004742036558897e-01 5.659473994845043432e-01 3.822759695311843675e-01 1.148970702641283204e+00 4.352705881410996458e-01
4.855372776094046133e-02 2.310177116765827765e-01 2.328284125247522263e-01 2.290622709116537647e-01 2.281967758505985266e-01 2.736903579524213592e-01 1.624303088234789194e-01 2.495880355736603551e-01 2.289244501635445128e-01 2.421683292954938671e-01 2.350958715568535473e-01 2.332903751175403884e-01 2.331114275091746291e-01 2.907678897448854882e-01 2.282448898904395340e-01 2.393734171503722197e-01 2.427455444896897685e-01 2.401738561331001054e-01
3.310968364413694465e-01 3.819110530220848343e-01 8.334755392288357989e-02 5.039030853148315225e-01 3.930027397238950448e-01 5.321542407646187023e-01 4.087596815209973422e-01 4.654277175061549143e-01 3.869519516884031285e-01 3.897160346044258317e-01 3.924206037267037317e-01 4.564635485287771299e-01 5.038434372281841434e-01 3.236646886426042258e-01 4.087403594216975078e-01 6.047817359722628128e-01 3.782102698817948472e-01 3.522208041468166129e-01
3.470638721326417819e-01 2.185788956984984766e-01 2.345629067965532832e-01 4.740052002710153783e-02 3.449570294793641856e-01 2.125331292622564816e-01 2.274837740101375849e-01 2.518510105900987894e-01 3.470976604535807031e-01 2.345629065477078390e-01 2.371527284645332523e-01 4.128584509888909015e-01 3.667063849170092427e-01 2.341246877642075286e-01 2.067941253336729734e-01 3.584460303445966556e-01 2.144466642438391801e-01 4.065528378606571014e-01
2.739816651986762103e-08 2.737137655251342218e-08 2.742284253449906088e-08 5.464278353084220716e-08 5.464668065330480941e-08 2.771520608775181247e-08 3.278739717796197811e-08 2.739506200021364888e-08 2.736771328410940074e-08 2.865660160092191447e-08 2.732341733374003368e-08 2.754744985752008795e-08 2.733901114146468746e-08 2.852657442278797348e-08 3.353948194770579541e-08 2.733975232917911450e-08 2.738978662890168123e-08 2.733927803936783825e-08
