6.838790129068825774e-01 8.003244800864135478e-01 8.168025485374955652e-01 1.463636498765246152e+00 8.215717809222273793e-01 8.154666151894687243e-01 8.210426297561743691e-01 9.867061796447789135e-01 8.002536694108683957e-01 9.421583991477069375e-01 8.232898535513555327e-01 1.653768323423699727e+00 8.137495721410603622e-01 8.264866478579181441e-01 8.267848381359114152e-01 8.262386470269823535e-01 1.626427948831602022e+00 8.137483502947174818e-01
6.657561571546012358e-01 6.626980869214602610e-01 1.205829302420273752e+00 5.663836236923632805e-01 6.837126517819415161e-01 5.635961597640494203e-01 9.071718024157688909e-01 6.750677222634674512e-01 3.785711861370075759e-01 4.232064847786293771e-01 6.293078428449153661e-01 6.070612063739557751e-01 5.939828812500046462e-01 6.630306296947831024e-01 4.052374407237726572e-01 1.359894846391228818e+00 3.768954787126333472e-01 3.823217810146224416e-01
1.623278657400718528e-01 2.680483613174311497e-01 4.506058829277552191e-01 3.054132698178150251e-01 2.355710522595974854e-01 1.028345083119258208e+00 1.549682046988618001e-01 1.549473104532511081e-01 2.469088068939425673e-01 2.254152208884577790e-01 4.402316425331065375e-01 2.355488380793072378e-01 3.123553202317765343e-01 2.260129323980991922e-01 1.639521677860726612e-01 2.340043981267947160e-01 3.012559472835152907e-01 7.799127295774803681e-01
1.776641275080209081e-01 2.189449209121628326e-01 3.006532450002011303e-01 1.631084691649700436e-01 2.146461804382907013e-01 2.289226670373971928e-01 1.908980713995857836e-01 1.919092552256577711e-01 2.088206117934346961e-01 1.612040168979005372e-01 2.379225673252796935e-01 2.403516119730187139e-01 1.967963825846469339e-01 2.060941079132104781e-01 2.278060231554812354e-01 1.998537168442089396e-01 6.826437533056706197e-01 1.825501195055264925e-01
3.864437526167596726e-01 6.843071414918141526e-01 3.532519010572231499e-01 5.611763396615478960e-01 3.439274065973841332e-01 3.510141326864821276e-01 1.271781028818640968e-01 3.437057453170246912e-01 5.704536599358621674e-01 3.421526432220646785e-01 3.495456802115024519e-01 5.239326150905161406e-01 3.436814207516705189e-01 3.433141455121823671e-01 3.494865138110302971e-01 3.864539170847137717e-01 3.859368682724013677e-01 3.922035399919797105e-01
4.706209413745167380e-02 6.170512373232539538e-02 6.910223092351067131e-02 4.257170632168534585e-02 7.979411820397805388e-02 3.171582031711739358e-02 4.705619644807058216e-02 6.162593724521418098e-02 6.917581845308952426e-02 7.170612518379566869e-02 6.162145764410955490e-02 4.548435369922820132e-02 4.697763440881495833e-02 4.706663845596092272e-02 6.013193739583787972e-02 4.227300163000682204e-02 4.255557963086284423e-02 8.290046750946991616e-02
2.859657877100637013e-01 2.607770371295629053e-01 2.049648607372481224e-01 4.311048662287303435e-02 2.196716699224617320e-01 1.775609574671557778e-01 2.839963002001476555e-01 1.886225062698367594e-01 1.652121494824618786e-01 2.022312884527554255e-01 1.770521308727821541e-01 2.725098254516026275e-01 2.069618868181707927e-01 1.861668837327646875e-01 2.114515663409282098e-01 2.645728546429727546e-01 1.861631464312666906e-01 3.124091161541528994e-01
3.506258486694298626e-01 3.182792425954757976e-01 2.997111586964362195e-01 3.227002962002750164e-01 1.697202069029078442e-01 3.181701736779708467e-01 3.190422872279842226e-01 3.149440986238077334e-01 3.349298665124924579e-01 4.775278512000890596e-01 3.199736227733233074e-01 3.251191712245636301e-01 3.844269833043895135e-01 1.272520288565798241e-01 3.181092064634992722e-01 3.351084217958280598e-01 3.539601274440057344e-01 1.634377335989817270e-01
2.993008925029283507e-01 2.387407218774326711e-01 1.624149345426344759e-01 1.659822123688088347e-01 1.589409070701161830e-01 1.744914164029633397e-01 1.579897657478041562e-01 1.881944271077360675e-01 3.323398237010202066e-02 1.641172479132081974e-01 1.958463733819914010e-01 1.863947636564409205e-01 1.619536292538915345e-01 3.053491982034765018e-01 2.055362086005905198e-01 1.957667313966420519e-01 1.966151886947759830e-01 1.530196269120593922e-01
7.387354187969130681e-02 4.575674200826382321e-02 6.746865922999743803e-02 4.973470067396473099e-02 8.868951203073993650e-02 4.572881036360749302e-02 8.519911744287758659e-02 6.979840162074903154e-02 7.444127828941876635e-02 7.404318312407953684e-02 7.344092016340122986e-02 8.515869680635743122e-02 7.677758639660750561e-02 7.022157657504610184e-02 8.608060331079431249e-02 6.906293234668461900e-02 6.507224128768089588e-02 7.346089001662770013e-02
