8.710865700750881624e-01 4.427345783051734318e-01 4.782018360598283002e-01 4.002974147730496424e-01 4.428682432036064043e-01 4.657442022323353692e-01 4.096383686743363395e-01 4.278098926989639672e-01 5.692418880256990832e-01 4.438244893813757530e-01 5.811789162790620411e-01 4.098118896319908888e-01 6.024793755216877322e-01 4.104942671182155722e-01 5.804018549139645655e-01 1.212362569632559950e+00 4.601409165434067750e-01 7.948311471219901003e-01
2.600885780798600222e-01 2.916593860460225396e-01 3.257883506405384599e-01 3.006683112005317238e-01 3.654005154640852515e-01 3.436405714398723665e-01 3.371777976563338219e-01 8.374501783296247615e-01 3.472780981076963314e-01 2.938672563656050674e-01 3.724802042052388074e-01 4.329499951482754794e-01 2.494325736186202014e-01 2.994734371024012076e-01 4.626252867259240675e-01 2.429605509340853897e-01 2.506691433975601901e-01 4.375139594700084289e-01
3.436521124201298294e-01 3.365689953890260711e-01 8.349472081333768614e-01 3.443844209819176272e-01 3.380718758888046627e-01 6.679791798156579086e-01 3.411288598767515112e-01 3.549756183827634803e-01 3.581108567815151633e-01 5.098712937205787110e-01 3.707145981424437853e-01 3.426280549050038648e-01 3.365615807543136939e-01 3.246730310287287979e-01 3.435203051072910352e-01 3.556032662115282683e-01 3.250531672455383436e-01 3.240365029424562282e-01
3.670518218081319506e-01 5.078622332357498603e-01 7.223515662611053045e-01 1.882997020042050940e-01 1.491862256024091005e-01 5.182213726052087299e-01 1.175560728448088232e+00 1.223926092075023758e-01 5.610782446039783711e-01 3.684349457802225114e-01 1.539410429565721272e-01 3.683371945154050864e-01 3.707444248914558704e-01 3.928001345094105923e-01 5.091400859716567195e-01 5.874627176734024125e-01 7.499080964547144568e-01 4.223012470637799165e-01
4.881282198069578637e-01 9.803698609269010378e-01 4.456449919684530858e-01 4.487796816799695665e-01 4.372633396192258659e-01 4.783066575179045765e-01 4.795334028820837369e-01 4.878872688580320194e-01 4.778512098976515077e-01 1.831666684828511249e-01 4.358398164261970686e-01 4.321578993347748865e-01 1.138087622230409962e-01 4.139230339856944663e-01 4.798362321577495648e-01 4.599724966702491979e-01 4.468840357773661287e-01 4.900931760411132987e-01
6.091313673320705724e-02 3.045766019498389460e-02 3.049182929113746984e-02 3.160823227150488801e-02 3.063264663031283960e-02 4.937827449344085740e-02 4.954901562142024346e-02 3.401727991950538599e-02 4.825193658097529092e-02 2.072148080802967834e-02 3.050258009112526841e-02 3.507807098911656235e-02 3.621847936048053218e-02 3.112617443197552430e-02 3.121812796364724363e-02 3.066338365757871609e-02 5.245552074715055524e-02 3.115602507207392707e-02
3.178601562517482382e-01 2.928713398145075253e-01 3.416754243087020138e-01 3.402454681872529862e-01 2.862575928330846065e-01 2.843005931291258670e-01 2.932220848976050398e-01 2.854689873149512946e-01 2.856196319927296612e-01 5.440822628615776813e-01 2.726313266696450688e-01 2.778846761709971025e-01 3.202411274049929979e-01 2.973900955846047189e-01 2.911243864054595121e-01 3.450796997893521012e-01 3.303156389635287793e-01 2.300500427087035504e-01
4.395588237060528147e-01 8.775928590636514204e-02 4.388350399963057424e-01 4.404614495188820533e-01 4.437102810368841466e-01 4.358407158077608479e-01 3.659813853646171067e-01 4.635483458125111422e-01 3.664465724759169429e-01 4.389768760801008862e-01 4.389317292927823466e-01 4.242833000999169935e-01 4.395621102114140033e-01 4.473706043995900328e-01 4.437104225326650164e-01 3.659778898906862477e-01 8.775031015313398131e-01 4.390929705636063551e-01
3.532207333036959662e-01 6.046776386343204468e-01 2.698629105811376494e-01 4.876725315890054202e-01 2.708046502827084479e-01 2.710245326773330077e-01 8.046603476994114157e-01 2.613159187460003530e-01 5.251986899996906322e-02 4.873966242454229048e-01 2.694888685921876803e-01 2.592032386995771209e-01 2.597521902793062387e-01 2.701178431404835378e-01 6.519704288409715609e-01 3.840559830347959336e-01 4.878345360895935401e-01 2.702936665919904446e-01
1.455637007005912434e-08 1.305018141548367722e-08 1.218067757220970743e-08 1.221751336156101886e-08 2.436086330779090317e-08 1.221005248116577740e-08 1.442352718856585806e-08 1.408809215042465525e-08 1.218161602861851972e-08 1.265542492427178332e-08 1.232851720788762114e-08 1.219810520495252212e-08 1.441570856988984610e-08 1.219889977670919468e-08 1.227041872149241166e-08 1.219828942346598310e-08 1.227045107150197674e-08 1.588145542594109669e-08
