5.657308191348840998e-01 5.534301146602773613e-01 5.899818787200610259e-01 5.198784523111643630e-01 5.596295421935877368e-01 8.970736972915697161e-01 4.676778324267846232e-01 5.915841898346234640e-01 4.644433457260488951e-01 5.996321121087134776e-01 4.679880581020515740e-01 5.124682511846762045e-01 5.832426082579752480e-01 5.946389797628376384e-01 1.197718856539629950e+00 4.462595953464967846e-01 6.235860883871759963e-01 5.982969312512584903e-01
3.190564537236033060e-01 2.762317629498838301e-01 3.956313860438117613e-01 3.958417948629340266e-01 4.005597121762828339e-01 2.389753157403179951e-01 2.515878734407116513e-01 2.680245301614281872e-01 2.671403125046891147e-01 3.975676883935056471e-01 8.772759857568021014e-01 3.379189706820264760e-01 2.749634720690765644e-01 2.524093016506387399e-01 4.084414271126852736e-01 2.827301770457515406e-01 3.943277630406641365e-01 3.930909370608409725e-01
4.523504261418248573e-01 4.070155507199115785e-01 5.331453308936285884e-01 5.582804943242308804e-01 3.046862520128602592e-01 5.415348754119284624e-01 7.893774415642755837e-01 3.014930727772331953e-01 3.226971441916283156e-01 4.285643143404068711e-01 4.829724726850545546e-01 4.918353613569141913e-01 2.931991250352498635e-01 3.095005776743370296e-01 2.861034007633435627e-01 4.286149614926932361e-01 4.302510968780577372e-01 3.094799412576700881e-01
1.936844397426083775e-01 2.588540290656527465e-01 5.048629235428612194e-01 4.502698275909902126e-01 2.144125941081245768e-01 5.049452150813447115e-01 4.500199245389447378e-01 7.293610787501508819e-01 1.386694351377802725e+00 1.012628114269218838e+00 4.945526184133833270e-01 1.243370552924677908e+00 1.896679359931105480e-01 1.920856820575103097e-01 1.917803359240962957e-01 4.455817421803154321e-01 6.471156360256299367e-01 5.040938344595961018e-01
4.877669418690714354e-01 6.436375050006681864e-01 8.847555944824463392e-01 4.853561497390561086e-01 7.192858674851173584e-01 5.286512679081890598e-01 4.989427467017277240e-01 4.463271425493859912e-01 4.856408692089164147e-01 4.198767753517184675e-01 3.740694369015126752e-01 1.501832938541561024e-01 5.095517794277508727e-01 2.868351676227918201e-01 4.443724235475085549e-01 4.838435109277748891e-01 4.988863516588349367e-01 4.365665879117603398e-01
8.440027024679258583e-01 6.538284087037879999e-01 3.686078771264388321e-01 5.563937784219805671e-01 7.189152585370787163e-01 5.796220929064435090e-01 5.557299267242846730e-01 5.185756843239553993e-01 6.912955217984014800e-01 5.236679330561108126e-01 1.372986602548473822e-01 1.112087185960933811e+00 1.449069326130463464e+00 6.896643800085449083e-01 5.583261248861214332e-01 5.464016748864327644e-01 1.360524324978545252e+00 6.537225751231883208e-01
1.872920668754229911e-01 2.715128879618768920e-01 2.714213207666695271e-01 2.730652356931712044e-01 1.870115248129907148e-01 3.253134494978532909e-01 1.845362723889593659e-01 2.714790310357056424e-01 1.858767301768153579e-01 2.774904212152624616e-01 2.717554044905228228e-01 1.671366909025037706e-01 2.717938707653769770e-01 5.676564180199425436e-02 2.728203804662619469e-01 1.936338602435168088e-01 3.171530084117788473e-01 3.255811076750808053e-01
5.989599247028417617e-01 5.656041760385873696e-01 5.552834106856170404e-01 5.653754543051832115e-01 3.806033831776369780e-01 3.493315681066749279e-01 3.787608674103358775e-01 1.218926544631782960e+00 5.587461100843239548e-01 6.076362388510359036e-01 5.990538808378602642e-01 5.697566353516423376e-01 1.198103375259331888e-01 6.075694983726707132e-01 5.650911839686267868e-01 3.509534320852807365e-01 5.969400142702007139e-01 6.003400232261285607e-01
3.315964124882263553e-01 4.822277866464231844e-01 2.980738831913981035e-01 2.493422057827061611e-01 2.495306833349801023e-01 2.296142392696625401e-01 2.507585429819644274e-01 2.634365964760427281e-01 2.393886973799987938e-01 2.433922387445301705e-01 2.401517155714932295e-01 4.634571568696147503e-01 5.663994410895970694e-02 2.779948200370509492e-01 2.860704586097390090e-01 4.515346788422947011e-01 2.786195309900034167e-01 2.516205140836269005e-01
4.040998923536777421e-02 4.506678997059948566e-02 3.854196812951269507e-02 5.267418276871256577e-02 7.341591985099650552e-02 4.509525184925992219e-02 4.513396067223887642e-02 4.509949109433658565e-02 7.614646958195366022e-02 4.974817836118053394e-02 7.450106716305673893e-02 3.812917712770529793e-02 4.506695255136970030e-02 4.506575954112676530e-02 4.506573686623764619e-02 7.338050633853285265e-02 3.952271314787285383e-02 4.509064469914107753e-02
