7.562116705841850361e-01 7.149981331276816787e-01 7.551159208787774357e-01 7.273448380448821471e-01 9.436873518827459950e-01 6.782185899960141429e-01 7.870010319715826652e-01 7.171167754489178314e-01 7.572822863378265712e-01 7.259413542054122814e-01 8.726701080656786846e-01 1.515869577890733844e+00 7.544774856362533866e-01 7.279281507612973545e-01 8.921288105803319990e-01 7.234019889721544638e-01 5.198386794524862964e-01 7.493451189540433210e-01
3.715849094043492951e-01 3.292719708249507993e-01 6.082764157589154452e-01 8.680574140885268797e-01 3.181196877179874316e-01 6.115349457667751398e-01 3.655555389258535737e-01 3.951227509742774036e-01 3.490824498436754242e-01 6.290615277968489849e-01 3.262262352762062556e-01 3.982772984723874088e-01 3.278734734415453822e-01 5.599321018652272386e-01 4.035314698538886580e-01 6.025049515662672661e-01 4.380703472194054093e-01 3.353449907055859880e-01
8.667018048772722194e-01 5.105270600510615209e-01 3.062063699614218093e-01 2.600779262720965268e-01 2.705538126493406414e-01 3.129525608703662143e-01 2.425376241551066847e-01 2.397873752135533387e-01 3.481347089186846988e-01 1.661997324930607478e-01 2.528894947430433415e-01 4.618455713066224599e-01 1.870952686579958613e-01 2.960784858209544179e-01 3.428547268517392332e-01 2.965754157938132463e-01 2.962145078516444929e-01 2.283298242142251244e-01
2.360360451502705736e-01 2.313408549790314239e-01 2.618016671702897979e-01 3.059323357541401389e-01 2.361454712387582588e-01 4.154320735721320768e-01 6.197080005490522847e-01 2.951431809915888160e-01 2.639446918744988713e-01 2.372056768737353383e-01 2.391482744507780756e-01 3.391693138430247334e-01 2.634481425051745096e-01 6.180497824783943717e-01 2.301423337734903873e-01 3.021426961636103914e-01 4.600306498616928419e-01 2.948925487735953310e-01
6.068549412147229427e-01 3.978933581168600520e-01 6.145365735528571793e-01 6.133694835831401404e-01 4.182933285806763601e-01 3.806879680075417882e-01 6.079419531667433763e-01 6.079805091157320929e-01 4.204458349207061407e-01 6.145154554447256334e-01 6.179849101723429161e-01 1.273215238335952126e-01 6.033844595004599354e-01 7.420029461005134275e-01 3.711086650402891096e-01 6.159526893122193592e-01 1.210758309914615749e+00 6.134852719481521666e-01
2.179724361910669317e-01 2.147215431172375399e-01 2.120942096142826028e-01 2.119654169930894061e-01 2.173228867472336845e-01 2.200065163897450271e-01 2.638459299246103118e-01 2.216381569846177235e-01 2.212502497446132144e-01 2.212158174500717944e-01 2.104730703439338657e-01 6.996299646496624558e-02 2.459082432259338258e-01 2.134001109685519926e-01 4.234284809234802882e-01 2.198685682662509244e-01 2.199746125839490973e-01 2.532763757540957839e-01
6.885307147088775004e-01 4.267519754200800319e-01 4.321404316519296684e-01 4.060664000722536970e-01 4.004524727528497863e-01 4.057879062980869200e-01 4.431433751301346868e-01 4.956803034062706725e-01 4.789149462488132558e-01 4.679595994137484283e-01 1.119325645823716353e-01 3.245758980665418014e-01 4.118986523656691379e-01 3.977674853075219286e-01 4.121823294279010064e-01 7.749810702545623098e-01 4.379430202201534672e-01 6.830787460956704304e-01
4.915363974063261532e-01 1.995746329900948690e-01 2.682246818735103955e-01 4.325484706078298602e-01 4.628042376566210425e-01 5.062318992136266571e-01 4.344747161029617333e-01 1.918172123450873900e-01 4.856344078083377758e-01 4.971054493060814705e-01 5.897901704746301155e-01 4.877302649333556950e-01 4.867934393801539583e-01 1.915989968450851899e-01 7.522291139870084242e-01 4.967307456957177902e-01 7.512935207211698385e-01 4.656973022393777750e-01
4.112315095031742196e-01 3.967058887042912985e-01 3.933297872394466710e-01 4.238288625200367643e-01 4.640003898236765845e-01 3.933687534989958601e-01 3.985647221243080462e-01 7.861831837578682203e-01 3.931062096536446782e-01 7.866474736179812632e-02 3.942239982647497420e-01 3.965635381159249295e-01 4.226767524612020099e-01 3.977777499272905359e-01 3.932214769265504617e-01 3.937169433021778242e-01 3.976089421025249537e-01 3.961812682943684494e-01
4.436750890029246564e-103 7.087782639101567756e-103 4.355183487732377426e-103 4.354971009248358703e-103 4.809175166666293729e-103 4.356559476780980729e-103 4.814078867193184685e-103 4.339875788577184627e-103 4.358579419177566707e-103 8.672096766321313533e-103 4.361455585134453129e-103 4.431749240972932382e-103 4.336250033646540502e-103 4.336854042942158819e-103 4.336209733839413866e-103 4.336814396300650551e-103 5.075515032986459844e-103 4.340090653521829696e-103
