5.241174509221482314e-01 7.937371490224465198e-01 9.420245814238533688e-01 4.708689713890423789e-01 7.369957279081855717e-01 9.205767651404618279e-01 7.826712795488216523e-01 7.835860878467006962e-01 4.240919426214079246e-01 4.559324638933451856e-01 7.118967375745768322e-01 5.723829490328322667e-01 7.851132389637340836e-01 7.837411313191779971e-01 7.838151465647617000e-01 8.176081181879204518e-01 7.648448848251644394e-01 7.940343001835459269e-01
4.917224305364076287e-01 1.403762891660306489e-01 6.017290319890560291e-01 1.834414269463079949e-01 7.258192088890218496e-01 4.140570806945303439e-01 8.947849154121845228e-01 8.258491941388469704e-02 1.685070634413857737e-01 4.837118724057694052e-01 4.305846732517183417e-01 3.650613550734619350e-01 6.133776840205074077e-01 1.955206295608040157e-01 8.105113176625720894e-02 7.759654681420200539e-01 6.373344905408819816e-01 1.318009106381939466e+00
3.655868589676972147e-01 2.989769521759418902e-01 2.895542487154083577e-01 3.256075652803687159e-01 4.193298258289721581e-01 3.606582215008493630e-01 3.530321710516989842e-01 2.876876339607195576e-01 3.209464764334959419e-01 6.530008981198002216e-01 3.520330074034617729e-01 3.549023501550986892e-01 7.859568324564710773e-01 3.225814173334346502e-01 3.220225636642539691e-01 2.864564001528226433e-01 2.882135897455436746e-01 5.713018014962356617e-01
2.781470372045998785e-01 1.631548237177251059e-01 1.630816969770357283e-01 1.714849082770737443e-01 2.412855152227122713e-01 1.616240700202605796e-01 1.696811074117425544e-01 2.398128547370547703e-01 2.410110205151373142e-01 1.631349278671622438e-01 1.457918415328136597e-01 1.608605292060127645e-01 2.414702680864887485e-01 1.654963304235683441e-01 1.709003161705587304e-01 7.068169036894379476e-01 2.437507229688817278e-01 1.588171096517356495e-01
1.502674870402597174e-01 1.414773585688093305e-01 1.522859985692287532e-01 2.213563760558240889e-01 3.746319678271439746e-02 1.262787143068713758e-01 1.639852372158650262e-01 1.580851400491685155e-01 1.473651522324457841e-01 1.690958390471699324e-01 1.680233225985754142e-01 1.473150391722473085e-01 2.334407617469680951e-01 1.472041341303632067e-01 2.353208928555704516e-01 1.473570039535847254e-01 1.639787947574827820e-01 2.328541524925656636e-01
2.426690205824450774e-01 2.427921032182275562e-01 2.582123668551831175e-01 2.427876318700295244e-01 2.427849947991341240e-01 2.427796994703572686e-01 2.443673686002059420e-01 2.081159799140208932e-01 2.614721456238335295e-01 2.427270781207683248e-01 2.521267396280180151e-01 2.426854161528176346e-01 4.854441198219940912e-01 2.448911823267630183e-01 2.446174070612575913e-01 6.774821651420415147e-02 2.981560677513156454e-01 2.438854753148697041e-01
2.456576639557445652e-01 2.336289302728287165e-01 3.619492612920474084e-01 3.062109648074843871e-01 3.370265255150284855e-01 3.686950591172403202e-01 3.695333773888764273e-01 6.376244625829760593e-02 3.657438811657890421e-01 3.699262599656849559e-01 3.112636895081220545e-01 3.353861768966450718e-01 3.335223795569484118e-01 3.363100886374221221e-01 3.695219557152378820e-01 2.987860430194687056e-01 4.250787332867216328e-01 3.558020977375972449e-01
3.775119656332397433e-01 2.834696026948009817e-01 3.231168291253744274e-01 3.571883701896994556e-01 2.756177871932290468e-01 3.260170403157915953e-01 3.738823967491456401e-01 5.817963917898008597e-02 3.787779669086678846e-01 3.678803602507588755e-01 9.506442547434788837e-02 2.587971778944675449e-01 4.720379230521585812e-01 2.533745282086627970e-01 3.680090240849840932e-01 2.764898306147801077e-01 5.160333114989186232e-01 2.125991288900219711e-01
2.603676670561803075e-01 2.842343373605187296e-01 1.960022291978580911e-01 2.597576865818528313e-01 1.575062037149376204e-01 1.722451948572438218e-01 2.082158809945980349e-01 2.745949730622296303e-01 2.671228112556245926e-01 4.241947414196734628e-02 2.166015966209769994e-01 1.745370237363583210e-01 1.952399532740182186e-01 1.535047515824956577e-01 2.180508607548612976e-01 1.755828139197767590e-01 1.738996742308387966e-01 1.530332476321616397e-01
6.089649511158510276e-01 5.962439174116257457e-01 1.721299379495960236e-01 5.237106929883368345e-01 5.654716759456638320e-01 5.937044652049150439e-01 5.982215859350020759e-01 6.186367995056112346e-01 5.186297364168725998e-01 6.086073413327663939e-01 5.830109869834371183e-01 1.753833291158027607e-01 5.560737128428340226e-01 5.810094367214844180e-01 5.962919892501292729e-01 7.717674171512762804e-01 7.306834717202672635e-01 4.699363859193418369e-01
