8.562107164946486382e-01 6.323511435739386233e-01 4.387540947427031046e-01 6.347110750563588200e-01 7.542289385074131269e-01 1.566705077560152093e+00 9.097611189753940231e-01 8.011973679720488795e-01 7.464838632607757596e-01 7.736940268394302267e-01 7.532359996792001855e-01 8.327618237201755980e-01 7.127284610114578145e-01 7.532641821374624902e-01 7.778423084060596127e-01 4.851586442681301570e-01 6.527788760731131346e-01 7.990657387568081971e-01
1.230992167073284155e-01 7.707616653372573179e-01 1.230614059473808392e-01 2.330992905094946832e-01 1.411144423278047622e-01 2.368295336362633285e-01 2.149237020444206003e-01 1.338037640928032845e-01 1.208271847363096285e-01 1.877855021764412713e-01 1.926741109733972612e-01 1.345333387412269710e-01 2.403921990788056018e-01 1.391382264447393602e-01 1.877227127497023973e-01 1.231022049778760369e-01 1.899030229455296870e-01 1.873725831480736181e-01
2.677114358150656237e-01 3.072299718250719458e-01 5.101281488792857033e-01 2.728873397712173188e-01 4.871983877781329575e-01 2.117555268995039985e-01 1.068657831003022807e+00 5.257805259482172255e-01 2.677125027209136809e-01 4.976592194550370496e-01 7.835109807117509595e-01 2.893112370896168128e-01 5.762347564067075156e-01 1.849870463742215587e-01 1.908397542702530703e-01 4.644627406008884907e-01 5.269195870928728986e-01 5.256487252684317601e-01
3.353001545679969442e-01 7.571106155228726209e-01 3.697900531891482601e-01 3.283609051987089744e-01 3.286196214182016129e-01 3.275818709031984022e-01 3.203485323110328298e-01 3.289817204524070338e-01 5.450257584377923292e-01 3.272553308042213116e-01 3.275656429135074821e-01 6.544829674449988977e-01 3.273737885051626328e-01 3.718540183794205034e-01 3.266882524441077629e-01 3.326286562855028661e-01 3.286100570674065913e-01 3.618715656176079154e-01
3.174278476267325955e-01 6.543517179856720434e-01 2.723147075092127167e-01 2.722244255428853399e-01 2.781060316536954069e-01 2.706243906144339406e-01 2.730578273723679450e-01 3.253534514864507843e-01 3.905331046257731753e-01 3.175227129249070246e-01 3.599023216375742962e-01 3.671812366758810398e-01 5.007630253852203284e-01 5.179864092408155152e-01 8.181173114383964717e-02 2.726909731140976234e-01 2.790127853729495455e-01 3.696396694869056865e-01
5.515071622996643441e-01 6.514248441616460328e-01 6.354183752938529217e-01 7.110407931823351513e-01 4.226889905761675448e-01 4.825258308093171022e-01 1.802003031987954307e-01 5.725904195558502163e-01 5.758258359819427019e-01 6.027232997462095287e-01 2.710516039046678705e-01 4.417722359650267938e-01 4.816791178793834727e-02 1.173892202562036635e+00 5.778783050674275446e-01 4.934142111754052373e-01 5.073486540155698332e-01 5.799098811087372018e-01
2.701643528799131388e-01 2.569981631534304922e-01 2.585128324690118551e-01 2.704011775348218460e-01 2.589997859470208885e-01 2.556239692800945096e-01 5.045173052728825214e-01 2.626706751418993457e-01 2.681098340269414959e-01 3.010806751896158984e-01 2.815406779314700292e-01 4.211946871611184084e-01 5.094550606375283230e-01 2.617433890403313979e-01 3.121747628867380664e-01 9.957497535310412540e-02 5.165233170008516339e-01 4.778628667248812634e-01
4.071701771722809338e-01 3.459476161576116038e-01 3.504558094958744041e-01 3.442064255683053298e-01 6.729121711539119699e-02 4.577088015324414227e-01 3.365292362000399939e-01 3.955111650844929105e-01 3.921799134737777859e-01 3.447123988932390137e-01 6.691356836163309119e-01 3.588757086573015620e-01 2.682762900660049521e-01 3.406030293007775156e-01 4.098126606428030838e-01 3.996031930129309018e-01 3.349861269113445505e-01 3.605568860393853492e-01
1.133734061442105978e-01 2.354625610884605869e-02 2.112414623583562800e-01 1.160235624665037907e-01 1.125053876099861572e-01 2.413713317631211164e-01 2.427604842727446866e-01 1.364325942569888928e-01 1.220975710940099268e-01 4.421748906957605474e-01 2.411866439083331648e-01 1.177476391496233010e-01 3.281120049916226855e-01 4.430774112084078231e-01 2.412164515512469631e-01 2.082427992314159759e-01 3.000086802223962401e-01 1.135340106914028979e-01
1.916905261859809806e-01 2.197575687028953118e-01 3.211596163966990991e-01 3.769312148321929401e-01 3.157608771776048706e-01 1.908343374854325203e-01 1.961839068291001686e-01 2.286496603046405118e-01 2.109339104666639042e-01 3.782526921109342632e-01 1.988615089483186660e-01 2.176692708627156192e-01 3.312451265839324033e-01 1.958192287257695674e-01 1.921600623931382923e-01 3.812699138576775004e-01 3.162363133237283130e-01 2.180265977826453816e-01
