5.986925485671824587e-01 5.972709210324962381e-01 5.783408180191758063e-01 1.053816982560143778e+00 5.937562363435151536e-01 5.368088675445898961e-01 5.309881884424775267e-01 8.813111413570329233e-01 5.376823621220645499e-01 6.230464861479561023e-01 9.130807424894038515e-01 5.800942611434660723e-01 5.415748895470037239e-01 8.571350023160694276e-01 7.846531584191354103e-01 5.368189031493517671e-01 5.466851988458717448e-01 5.379175640864495289e-01
4.922662231263723598e-01 3.859381557627278858e-01 2.686787261844254537e-01 4.333868326248588865e-01 3.949996443927158429e-01 9.153484292521796295e-01 3.374916134409124968e-01 3.255598037633489206e-01 2.999302211400399765e-01 4.099478630968264037e-01 3.902554550298777958e-01 3.960843644704356015e-01 4.651643496288761503e-01 3.777971036086557599e-01 4.566451956344390606e-01 5.634868653879507860e-01 4.927705580905369365e-01 3.160782411791593915e-01
1.201024608989804399e-01 1.644238302953765496e-01 1.528350627383611160e-01 2.199999034544408982e-01 1.242196946520670447e-01 1.195185359961458138e-01 7.593225829746428346e-01 2.109989130083487763e-01 1.208799542815509609e-01 1.882459206069991287e-01 1.843029843044790839e-01 1.882216302319336676e-01 1.119037366501992314e-01 1.295605665942835549e-01 1.881754463007163647e-01 1.830075978336564990e-01 1.241385807844911232e-01 1.246979418745703810e-01
4.069652017690805756e-01 7.308471708707753312e-01 5.389244410476918823e-01 3.547502103429134301e-01 3.506002023844735360e-01 3.466229125117527565e-01 3.426214057249402645e-01 4.348619580094014170e-01 3.432739149335231610e-01 6.849056462684626201e-01 3.817375476619966346e-01 3.466630598370266103e-01 3.606706193910918512e-01 3.521506541255445821e-01 5.193372100521933543e-01 3.425973415060266092e-01 4.549526652111378633e-01 3.453668744306847560e-01
3.408552296881543486e-01 2.928870809916558349e-01 2.549890687940018497e-01 5.091056805142959441e-01 2.709376275393807765e-01 9.433653825236011647e-02 3.689218330690109404e-01 2.596067076245332506e-01 3.089696837471244684e-01 3.403808845647705028e-01 3.137677950869952603e-01 2.906434679406054156e-01 2.866762235264131986e-01 2.956580224799027490e-01 2.488117271425843158e-01 3.038603867595963126e-01 2.666277680869117428e-01 2.632718244312414191e-01
1.967830589123987783e-01 6.806328673505712690e-01 1.672340707732709597e-01 2.322269575727451407e-01 1.783361288145023371e-01 1.685510839494034907e-01 4.189767975468973171e-01 1.747700311457403566e-01 1.704516862262225319e-01 1.685577607684900503e-01 1.911976012775790934e-01 1.219103056000131691e+00 7.871071420449451961e-02 1.653822216798763733e-01 1.679808238167193879e-01 5.227322966132194049e-01 5.209009339752491696e-01 1.682277658789253505e-01
6.568459277630024629e-02 1.998294892040020920e-01 1.165814263908597770e-01 6.585538054231676597e-02 3.570991554779064936e-01 3.631425488768547094e-01 1.018590880736038040e-01 9.792838576285575747e-02 9.679607736350136216e-02 1.141746896626427837e-01 3.632471856603060045e-01 9.805010133917063664e-02 9.563321151210714410e-02 3.654010834113946005e-01 9.522923795326025675e-02 9.585958872700053868e-02 9.765680582989577641e-02 3.631342317631474637e-01
5.223621400704248074e-01 5.508383957352029625e-02 8.204612121824073068e-02 3.386647983218801783e-01 2.202715268373927060e-01 7.433206360184474448e-02 1.024579544918843288e-01 2.223773779517304316e-01 6.292468715102131904e-01 4.768313922779401914e-01 8.492261375748835772e-02 4.639615540708288965e-01 4.691210767244153867e-01 2.483927388917380741e-01 3.498428721902242522e-01 1.070211806998863535e+00 3.569117441008399783e-01 5.238278761556771634e-01
1.033770960345698625e-01 1.005950076973348428e-01 1.011256199212085399e-01 1.024313452248739598e-01 1.103352276236489182e-01 1.024109977780060382e-01 1.010216219913510072e-01 1.013702929180177598e-01 1.005978622786038307e-01 1.025370620552141093e-01 1.009911846623613996e-01 2.010519960616721780e-01 1.022115458420951167e-01 1.149034093430825743e-01 1.008294330043905951e-01 1.013282250445021460e-01 1.011231552488976865e-01 2.029934742720541224e-02
8.185186949567344605e-01 8.226514967219346053e-01 8.248426919210021246e-01 1.006607521007840456e+00 1.703287519042267828e+00 8.782070063985275565e-01 7.957089241925449086e-01 7.187540549367963383e-01 8.120442480857199552e-01 1.656063195334362748e+00 8.444266646646496621e-01 8.818934589009029823e-01 8.516355722610664536e-01 8.325735844450734557e-01 1.622608420836471499e+00 7.925982587601815288e-01 6.575416948141634688e-01 8.034850853484187816e-01
