133.32337611624496 120.22608158907747 119.07654755227702 141.92881703066018 110.78811016459451 119.4196760824791 120.53832619826312 143.40834970514982 135.44294387307366 118.23062457453739 132.4380066463815 103.36632222760795 122.07850597817276 141.9743400551297 129.5873345011613 121.2782162228765 130.20799182183282 133.75622130460556 107.25279163850576 142.37829741111773 128.61470614445852 131.8976947864063 129.02357532153462 127.44378865645751 138.54192076245306 145.68604504931045 103.70767192087476 118.62059839958101 123.73471737035948 138.55724025213965
133.32337611624496 120.22608158907747 119.07654755227702 141.92881703066018 110.78811016459451 119.4196760824791 120.53832619826312 143.40834970514982 135.44294387307366 107.99097230862026 132.4380066463815 103.36632222760795 122.07850597817276 140.23246675999042 129.5873345011613 116.05090557627261 130.20799182183282 133.75622130460556 107.25279163850576 142.37829741111773 128.61470614445852 131.8976947864063 107.82958696997821 127.44378865645751 138.54192076245306 113.94197015475686 103.70767192087476 118.62059839958101 123.73471737035948 131.11705134198144
117.80557469283622 120.22608158907747 116.05330782633177 125.63421629890206 110.78811016459451 113.69162811140359 120.53832619826312 98.90992969528043 126.89916731524931 102.4617514170701 132.4380066463815 103.36632222760795 122.07850597817276 116.15613575636814 104.44439085758961 95.2905808521491 121.44492434308643 113.4328475223399 94.53263719613915 102.2656904097571 126.74559983207814 93.4935504990824 107.82958696997821 107.1128202853638 116.53052584721149 102.41086740349874 103.70767192087476 118.62059839958101 120.25050527203803 121.27008184688634
92.79656368548763 120.22608158907747 113.48697768460238 97.17079187917875 106.15014852973638 94.11200196158381 100.64305371474268 98.90992969528043 108.15642779161544 79.21639383522427 108.85519875455316 102.02209294298598 73.86573850001207 100.20181002864024 92.54715820951742 93.39513517105843 91.00446580635321 90.55201365002904 94.53263719613915 102.2656904097571 96.9682345181867 93.4935504990824 107.82958696997821 107.1128202853638 106.767249065089 89.45350453367087 94.70620606094883 106.93759388997057 105.14077457198516 92.44859541315304
76.21280947260937 80.23696714157381 81.44197953984542 93.10887338229827 91.63864365436552 67.61670319915322 100.64305371474268 84.32990435868146 80.62653981552705 79.21639383522427 94.51547884955869 66.93603654024253 73.86573850001207 89.20642814095606 86.21315342148819 79.84348008789266 79.05603923746582 76.21705671213522 70.06061720662012 81.39499101977322 80.50709414539688 93.4935504990824 71.85205767424293 79.06220256645747 94.66898197648152 64.83465732911259 82.94017563536909 88.2175427262564 80.90931516980527 92.44859541315304
64.61290121034665 73.75713974424832 64.83368539459264 60.15278185954196 62.033815249230884 57.90079535192126 71.66413547616048 66.50654235184606 67.21771856454654 63.893232551337974 75.75566458992898 58.884728160230225 73.411785954587 62.87051372696658 55.64059302531598 52.39701898587032 62.615791216429216 64.98121834832273 56.970745496928316 63.035988921973285 65.51908171417517 69.23405875312562 49.2934891152338 57.35998022494073 69.97212868272027 57.79631964869873 56.641593830711486 73.16233979296965 60.74932456964473 60.82169704776538
42.67000434600527 42.518347963244196 40.25472442563819 43.33741650232412 33.85928065985195 47.073154937533445 42.68663827171031 40.046386089859766 46.78030245735749 31.52281956575564 38.41133464964889 26.29612742169934 47.22901604853064 42.31937871872924 50.98340757594519 42.45683553694607 31.44576181803552 38.525950068754355 43.44611964831347 45.58107148051192 32.81027766545935 39.7221429461822 32.735207020085 33.52224041930208 44.55865356385527 43.71615044629357 27.400035126359512 52.58288085535298 35.55439316144793 32.74278451036821
32.96226711102702 23.476092139050706 21.035528823936147 18.554938114888273 25.34733439525337 22.464551467512365 19.451730466400022 18.563315016781985 20.728195252772593 19.116293371517372 18.15617496788775 14.38216916603892 25.06341727301094 19.216366933290487 29.115082670811262 25.90578944620256 17.493018026690834 24.008046958045725 24.766747584044083 22.664993594891143 21.830563766190835 19.910129748318013 15.857375914790964 15.38279888900729 28.64165845210107 21.53573986938477 19.190243231513477 18.738749874091354 17.673660591305975 21.98852117307888
9.302160445795607 7.394115734684419 6.8769561783803965 7.4445554906363895 8.452285303207645 5.450549501381602 7.1304032944788105 6.724567656680506 7.205514832438894 6.161021201847461 5.378335972548371 5.488554822019523 6.2451747297437805 9.009783387623656 8.840189796859363 5.578856382500021 7.293938529409388 9.424204160143177 8.990023668755725 7.241037363633836 8.805446871643767 6.3533268640100005 7.052177947225687 5.38865416100964 11.074556827175115 9.168173047595246 6.911127227377165 6.59135078698057 4.9169786463651235 6.622345735884323
1.4669443858916793 1.136772848288615 1.104447349012048 0.9105783905249609 1.311464971704595 0.8207533168549617 0.8316015141982689 0.9140161750659672 0.9586514730159479 0.9427584488471439 0.4703994364066375 0.6225039881582006 0.8746828630090704 1.0986426215123402 0.8693998938899767 0.954627929093931 1.4680480776746663 1.0519577913908051 1.3713628780858471 0.8516891561732791 1.002248342686812 1.0368567121734031 0.8843184049809452 0.6395992534602328 1.0694344854464362 1.0107786233412526 1.6110054268676777 1.2077553260099876 0.865517276595142 1.0207564864026608
0.035203041447175565 0.04330155612251474 0.04153392833620728 0.03759457192757054 0.0378884906069743 0.026101826127501226 0.025419403906994376 0.027871605845462 0.04150772528305424 0.026795424490273945 0.01901278132220341 0.023733265649411805 0.01744452777791139 0.03211564047990123 0.01214663137034222 0.02324204795161222 0.029171297101243 0.016523520225632637 0.038819106133814785 0.023720430486605437 0.01644913215818633 0.024751651389124163 0.030829915754225112 0.015746450537790224 0.03661915243276326 0.041008673933106365 0.024199058659519324 0.028116227056443677 0.03132580883288938 0.021632686576595006
5.990947443024197e-05 0.00011205009798231913 0.00013152834560514748 6.205749150467454e-05 0.00013111406997268205 5.5291108083110885e-05 8.988202819182334e-05 2.9888267476962938e-05 4.511514703153807e-05 5.91936551472827e-05 4.159288778282644e-05 4.258891851804947e-05 3.318656058581837e-05 9.434949117803626e-05 3.561232404081238e-05 0.00011195481829417986 5.6327695915570075e-05 2.5912686623996706e-05 0.00013385111242314451 4.0976346554089105e-05 4.192350127141253e-05 4.088866307938588e-05 0.00011238868808050029 2.5649583676568e-05 0.00012265239467978972 0.00010192447052759235 7.898093235780834e-05 7.129880088996288e-05 0.00010425923596812936 3.531255526922905e-05
1e-08 1e-08 1e-08 1e-08 1e-08 1e-08 1e-08 1e-08 1e-08 1e-08 1e-08 1e-08 1e-08 1e-08 1e-08 1e-08 1e-08 1e-08 1e-08 1e-08 1e-08 1e-08 1e-08 1e-08 1e-08 1e-08 1e-08 1e-08 1e-08 1e-08
1e-08 1e-08 1e-08 1e-08 1e-08 1e-08 1e-08 1e-08 1e-08 1e-08 1e-08 1e-08 1e-08 1e-08 1e-08 1e-08 1e-08 1e-08 1e-08 1e-08 1e-08 1e-08 1e-08 1e-08 1e-08 1e-08 1e-08 1e-08 1e-08 1e-08
1e-08 1e-08 1e-08 1e-08 1e-08 1e-08 1e-08 1e-08 1e-08 1e-08 1e-08 1e-08 1e-08 1e-08 1e-08 1e-08 1e-08 1e-08 1e-08 1e-08 1e-08 1e-08 1e-08 1e-08 1e-08 1e-08 1e-08 1e-08 1e-08 1e-08
1e-08 1e-08 1e-08 1e-08 1e-08 1e-08 1e-08 1e-08 1e-08 1e-08 1e-08 1e-08 1e-08 1e-08 1e-08 1e-08 1e-08 1e-08 1e-08 1e-08 1e-08 1e-08 1e-08 1e-08 1e-08 1e-08 1e-08 1e-08 1e-08 1e-08
141400.0 148650.0 146350.0 140700.0 145550.0 141450.0 141250.0 136750.0 138900.0 141700.0 139700.0 142850.0 139450.0 145800.0 136200.0 142900.0 145850.0 135250.0 147050.0 138100.0 138700.0 137750.0 148200.0 135400.0 148350.0 143300.0 145150.0 140000.0 141700.0 139250.0
