356.5464673336119 452.5588098520343 500.49138622482224 482.15464714107975 411.9359657101277 391.8170054683187 487.0374779151098 482.4846060562245 621.9008920907413 363.29214806734353 336.37353922222655 474.76492431105 447.77565554803004 227.92211867424794 365.91743197351843 603.6372788775047 434.35273357465303 624.7189467907574 258.1339268197148 705.9508853831812 424.49504299912905 411.355458792581 680.3586093783315 522.5000340143602 561.0520019623827 587.4727588024698 573.9515652185373 504.1277731672458 437.4393574509804 626.6296721535841
356.5464673336119 452.5588098520343 500.49138622482224 307.415781465349 411.9359657101277 391.8170054683187 487.0374779151098 482.4846060562245 621.9008920907413 363.29214806734353 332.1962595554819 474.76492431105 428.1513027950168 227.92211867424794 365.91743197351843 372.5205211080088 331.2546546612871 493.7417215849132 258.1339268197148 445.54524541116007 424.49504299912905 411.355458792581 680.3586093783315 392.29192506319714 491.87866090077523 561.7854264656758 573.9515652185373 504.1277731672458 437.4393574509804 452.50844028331903
356.5464673336119 452.5588098520343 500.49138622482224 307.415781465349 411.9359657101277 391.8170054683187 451.09100209721464 482.4846060562245 497.89981100186014 363.29214806734353 332.1962595554819 474.76492431105 418.2673982705019 227.92211867424794 365.91743197351843 372.5205211080088 327.620969390287 493.7417215849132 258.1339268197148 445.54524541116007 424.49504299912905 411.355458792581 478.3535783577181 380.24620024181195 249.48859201042296 444.5314683342822 358.94150909996733 504.1277731672458 437.4393574509804 449.3551756591032
356.5464673336119 452.5588098520343 295.5846534176958 307.415781465349 411.9359657101277 380.4940742894255 333.8127078522389 389.90560253641206 497.89981100186014 363.29214806734353 326.55976593527384 361.16826479312203 401.41515853680266 227.92211867424794 365.91743197351843 305.3367421012031 327.620969390287 268.0839305475788 258.1339268197148 250.42862061809728 413.00121624913754 360.2621125258979 453.90650359687015 380.24620024181195 249.48859201042296 444.5314683342822 358.94150909996733 317.26441975844773 361.71697016568623 449.3551756591032
356.5464673336119 366.18412467348844 295.5846534176958 301.7084817514633 253.03773971411465 255.82192022968047 198.08701585284916 389.90560253641206 414.07085630442907 363.29214806734353 247.91841220322567 347.4504733007434 345.599465393369 227.92211867424794 285.8976400042079 305.3367421012031 250.41493134766642 268.0839305475788 258.1339268197148 250.42862061809728 338.9282395339601 323.4745231247862 359.5754669556727 380.24620024181195 249.48859201042296 310.1338216827917 340.23845544394817 260.4883815260132 361.71697016568623 403.5957767595464
356.5464673336119 338.82996828831074 226.13208018281057 181.04236149470444 253.03773971411465 246.3916496556226 198.08701585284916 264.95689016385313 389.15309151958945 278.579131047858 247.91841220322567 236.33219270593509 261.0774616037047 227.92211867424794 230.8786649029339 305.3367421012031 250.41493134766642 202.26486160667764 258.1339268197148 209.68800654387178 217.17196317623802 196.8708010614141 310.143817553354 262.07542310617373 249.48859201042296 213.1526530581682 269.39017935800075 216.50355618136518 255.47122424555346 322.31577595879935
181.85339007577477 217.93092679526399 163.89544998878455 181.04236149470444 224.03601716887488 187.7529542906359 198.08701585284916 224.7610087639723 232.06909715748407 237.75329716534043 170.72726901878832 211.57249637553423 200.76326073595283 200.85804686493293 220.73058866864903 233.57810110314404 155.7291544184027 198.0536117511374 202.86814557846537 209.68800654387178 169.57828500494134 171.02315855140705 218.01606270976072 140.13569495357706 200.43387137192576 190.97752582512703 219.4875190551802 206.3569008629529 247.4485733882184 271.46399242512643
163.32038444363343 164.47922090300926 150.83661687004587 142.18692975546628 141.03650785271975 176.29598745299563 127.9852903193837 192.47470302500733 183.64103540234782 136.44012464905836 108.08281167236282 104.49641487518284 180.54562389404373 199.19185855132991 167.62964689544697 169.70922640379422 152.6515084059938 162.11815763685263 166.92303295947113 185.48563235719257 105.329136855647 131.91785492200643 190.51487737576326 136.54254794366625 147.56537843053638 140.45305635931481 132.63286239049603 148.10706071348477 168.24136909602703 181.40757750945386
88.1166437556908 90.45952556550947 79.88889637898228 64.50353214099505 60.83850719651264 95.36009740379359 85.88987686441124 102.4820936068777 77.87751736797463 103.57193987526125 68.10740394619597 54.92835072217895 92.79346999427253 102.12824191351183 115.06663358553806 105.29431917107559 79.03446330917859 104.63782112909712 89.51778532177423 116.45734150666249 51.80242793577736 92.83170503733527 90.33826669410291 81.74819351685665 97.45026780092894 91.00882680121322 94.20863948814122 88.18365316549307 91.68501006825727 113.31115260099614
57.412664798494916 77.83429724223333 60.34120573406244 58.20002581072413 48.81078013709703 51.61534039383105 56.93036203900692 67.44311460812514 52.36230363365257 59.7834263880095 54.82071145405598 46.44829603995504 52.73368800679327 55.60343263443701 61.66241818943854 55.587970372719155 43.45148351090802 56.558969708612494 57.95532133524557 58.01758946243672 28.62620548667246 59.213183951446354 47.055666931561746 63.96070291008073 75.41290174108099 56.619835263619734 34.33420624535529 69.80783396939023 61.00193621510198 69.54716758901668
31.95935619800389 65.90831667265275 40.20154614942794 29.72732093216041 24.898236240809638 27.933075716248595 40.29605105574751 36.079892635219494 34.14282915362128 33.656075190482625 31.132489199026622 28.25490746197852 31.069561012089025 32.70733447569819 44.347068063422284 36.45577901891306 30.931956225413387 34.18529172026069 36.54295699224758 30.496641275592765 24.18211071487508 39.95236394932431 27.141876267507087 35.92970166610189 40.20021622238119 33.85681059693593 30.329852930386778 37.82870559401954 32.92297070225709 44.103071620419314
10.752103425086489 64.54513193186449 26.12076090358528 23.331587797479187 23.94715699495123 21.44860809626948 27.608555961631055 22.9945787719048 23.943914811837203 21.8213077532032 23.594171729266236 6.284378521129611 25.614027072512954 23.450824429992053 26.23928768139922 22.50039085897015 22.879510447666917 23.698411826288975 25.94672632679749 25.70272730271836 22.660701395999922 33.74431903536674 21.557438252281827 24.838018365970584 32.17793427253969 24.019106145528212 25.68702137509308 26.35893238635208 23.375853823371017 35.37604486354758
1.307339368060184 64.53886122146241 24.54863698814961 21.844578862590197 23.946215370083337 21.20571560045937 27.40081069081407 21.49996852029335 22.648113028792977 21.483025852197443 23.35493221072852 3.2972053766181944 25.412769868333044 21.685091813687222 26.082054792225563 21.839809002005495 22.86729036024053 23.173742812753517 25.896822831403597 25.28697553666848 22.509130043270716 33.49425285141524 21.49635349190271 23.20575130691941 29.0987910669769 22.58297119927215 25.573269725928867 24.93091759015715 23.129980361513844 30.198441008386453
1.3071323163694615 64.17562163673074 24.54859504685828 21.72974985534006 23.809690964788388 21.204316150974137 27.400798387451687 21.499968480398366 22.59720142017568 21.012690399545136 23.354932210728293 3.2970504342602 24.123407551973514 21.057142826200106 26.082035442623692 21.619210806728233 22.75893464388423 23.058018266694262 25.587085255219336 25.28696289846107 22.508001855652537 33.493046887526816 21.486913843732964 22.85651181958019 29.09877557615164 22.582970789765568 25.573169767879335 24.930626493409136 22.57538756720851 30.198391514043124
1.3071323130750443 64.17562163673028 24.54859504685828 21.72974984961138 23.809690963749972 21.20431615088478 27.400798387451687 21.499968480398138 22.597201417914448 21.012690398307768 23.354932210728293 3.297050427261638 24.123407541736697 21.05713678678967 26.082035442623464 21.619208914358524 22.758934643883777 23.058018265183364 25.58708525521888 25.286962898338516 22.508001855652083 33.49304688752454 21.48691384363633 22.85651181957951 29.09877557615164 22.58297078976534 25.573169767879335 24.930626493409136 22.575387566524796 30.198391514042896
1.307132313074817 64.17562163673028 24.54859504685828 21.72974984961138 23.809690963749972 21.20431615088478 27.400798387451687 21.499968480398138 22.597201417914448 21.01269039830754 23.354932210728293 3.2970504272614107 24.123407541736697 21.057136786789442 26.082035442623464 21.619208914358524 22.758934643883777 23.058018265183364 25.58708525521888 25.286962898338516 22.508001855652083 33.49304688752454 21.48691384363633 22.85651181957951 29.09877557615164 22.58297078976534 25.573169767879335 24.930626493409136 22.575387566524796 30.198391514042896
1000000.0 1000000.0 1000000.0 1000000.0 1000000.0 1000000.0 1000000.0 1000000.0 1000000.0 1000000.0 1000000.0 1000000.0 1000000.0 1000000.0 1000000.0 1000000.0 1000000.0 1000000.0 1000000.0 1000000.0 1000000.0 1000000.0 1000000.0 1000000.0 1000000.0 1000000.0 1000000.0 1000000.0 1000000.0 1000000.0
