8514428177.220839 8762992550.537495 3697266564.232117 9302924334.032923 5514568372.853028 6060565254.398043 6969154545.122518 4992576622.107486 10337203380.226402 5705684598.680056 1829233589.5798194 6903253044.004363 6423371337.475243 9305640798.398397 4829082366.840838 8653033184.07653 3231869306.5013013 6172451390.067844 5173589594.296579 10003369577.298073 6050147970.91157 7026787341.421159 6908897686.068177 11191691746.981102 9600216321.753534 8960021166.474934 9614646084.426497 6428263332.410677 9217857107.12528 3568408191.501656
5367145359.384009 8381318040.582302 3697266564.232117 9302924334.032923 5461331727.077968 6060565254.398043 6969154545.122518 4992576622.107486 9130638892.305792 3339892144.3386807 1829233589.5798194 6509384611.436583 4147675467.187967 8581326037.900049 4829082366.840838 8653033184.07653 3231869306.5013013 4365340853.411325 5173589594.296579 2801663229.8224683 6050147970.91157 7026787341.421159 6908897686.068177 8899973011.21118 9600216321.753534 7839619561.486746 4517939157.758016 5870081820.79696 9217857107.12528 3568408191.501656
5367145359.384009 5418209695.988984 2720212761.1527724 5468584069.62157 4391394699.858486 5666679458.211348 1122386946.4805589 2933665146.14085 4889739445.389269 3322130240.108244 1829233589.5798194 4396884816.827988 4147675467.187967 5435720209.872183 3196771455.5845695 5486997234.990722 2141638254.7072825 1228285720.9108655 4048781858.369248 2801663229.8224683 5792654450.952635 7026787341.421159 5472286614.5375185 8899973011.21118 1941043526.693003 6369161998.098305 4160895917.9168606 2022434614.68307 4679112611.492906 2832651133.278127
2275739664.7468543 2663027895.3501573 1688804774.5584066 1690218965.8988845 1040817163.5655876 4399247897.543435 1122386946.4805589 631095382.5827581 2083485799.3012831 3322130240.108244 1829233589.5798194 1485842155.5492597 1940256085.927743 2749093888.6518316 1936944881.5565305 1726032058.1962454 1700261315.0190706 1228285720.9108655 1089064489.9160123 1411953474.3809993 3307554596.252585 2626029071.352287 3908767794.8756795 3837211817.6267047 1941043526.693003 2090263420.6736047 594204167.9391917 2022434614.68307 1377153790.6971474 1757922787.7229
403253467.7812231 1068683620.8143518 771603629.7010058 1333971567.4978764 1040817163.5655876 1674763333.2535565 950116995.228847 631095382.5827581 2083485799.3012831 836618034.4403151 626479646.1623707 614818667.144922 1748690090.124009 738454660.6051937 1189535449.6015615 1173220539.823947 487059503.91423446 769794702.2052343 1085280930.2937472 914285776.8023355 947269334.1817874 533350312.1313515 2420306326.8717446 1776491775.9116256 864383750.7938865 1219522852.7789855 296835664.44037974 1757727404.3741083 1377153790.6971474 670906570.4587308
398194505.4118177 395904585.4149708 338912553.65587544 195343363.59856793 221036060.6986695 429031094.4635737 275013150.6152396 253675126.82735723 944678061.4091187 235540768.12335965 538485160.8767221 378200493.9198735 859976763.0877048 344182651.79462713 307380037.38459826 513298399.5664271 363772610.61572737 300696218.3876901 540213821.6684855 567162867.9258851 395982195.80721116 140622798.16820487 443780311.6294363 586681815.5267432 139307760.65821445 359953032.3400613 121222410.31389941 464210064.19826543 722836417.7214357 268149949.73886484
142713627.75432846 282368606.7127076 39883509.11710979 69723446.05159402 42951838.746406525 85080347.63361172 72345142.45745502 78166429.22407843 88571738.79525933 72434940.40038593 148727363.75012103 34229068.964866355 264581493.6333693 121656249.20640793 73762014.39600927 176865309.90448406 108101395.71763878 35947750.28607783 205531431.44492006 82975798.13328621 59384375.0638443 66619064.245845996 145237319.65758878 159721919.14529225 36804090.72761733 117736137.87556101 19657292.721477933 63287246.99926417 337923879.555601 80427892.1262658
43433623.82093535 32615032.542486552 6443134.672653262 3593151.330206428 12902786.937126962 9775978.335367912 33388718.662765816 16329602.422477406 12120853.87083802 40698353.83074898 20638145.050125685 23883272.783743173 33572950.691992775 20941882.19302434 17285443.511135712 19582931.40402451 9744144.20282145 8357909.845212691 29197695.159069642 16190930.376489159 11296532.705168296 9515967.972192558 16568192.945266113 20256704.44273004 8494817.547460897 13680542.656570656 9411578.614820432 6075639.607152823 41929666.04845938 30843458.68088872
2651544.115330955 7852354.335963019 436042.07426099776 3205887.3354125614 1062007.4186937602 2278482.2710904675 5119561.910980359 1451941.3721134078 3642237.0399428196 2946517.7982649454 3982346.479595183 2827013.6251584142 9579547.48822448 2182783.281295428 2581754.880860552 3839995.0287690707 1294654.6560076394 375872.4425987312 4913799.943490773 4313270.624226767 1433331.6723474404 3694947.4299998996 989776.5755668746 3364421.235512819 873159.7301748998 2032789.3244175382 455406.3866004336 460358.31927249965 4608497.135296044 1510260.786892662
97073.7900541579 115604.78265631782 32669.227723817137 48261.79674014795 47980.00965651019 47230.291913420086 199940.19225786603 56456.94017102025 128736.75364867545 165329.2046960556 89910.38574205713 73745.23570433362 359390.43150396907 208870.30436342442 141972.25306203234 78631.380272086 73662.29217518578 32343.786746286416 37563.896255738546 82048.92916322092 25069.422463876508 78024.04846092088 35308.92355688148 85864.73188756694 59031.24401042353 41222.39734470917 28694.156471592563 36953.385052335725 214027.9072422205 152498.2202063171
399.64211507084747 1724.999300352013 19995.339323967044 964.8159900870146 13357.695836643461 16430.58524405659 3109.1250591560874 514.8610988870196 10255.677249977487 18718.609388203884 4010.534546842924 411.3056557623627 2371.4134940848026 8910.29369434335 2815.719078617779 10136.586666927988 2397.394205000546 16682.925850296117 1700.5462271246652 1041.4398351528907 15972.820743907934 3349.2345136279127 21537.66141473542 795.1496553512516 12802.628123387087 17566.255793360284 2038.0435427256125 11042.898803212482 1141.3582976829198 1231.0253825657446
35.617064551750445 106.78805392946333 5520.178263900088 35.20029314148428 10053.368644577009 6701.083523994426 101.4216280887772 65.69217720596635 3697.548610828091 8062.866074543759 165.9847673549384 57.0457877211868 92.13462811151999 151.01952673971414 139.43843933593644 241.4473995597691 752.2841426613118 2603.589834373259 42.809957235685715 76.60642476996122 11360.690154097978 127.20467466251716 17003.111938457925 53.7613546844359 2615.5110553693585 1230.8405645449097 617.8582524944368 770.5381730811969 52.30092990081744 49.102152891727656
23.734377033389364 83.7530293433017 105.9428582430046 22.34106066837444 1065.362720825854 58.48479189746649 57.97364173491587 41.976498615231776 935.7177133312225 59.331767433277264 88.40064283773108 44.10541233910499 49.02663124441665 25.815236401083894 117.26198195601114 62.81430207685844 51.284133711411414 59.116146056828484 23.178096822619636 43.835574312453446 98.4586650946444 97.08719435288958 2129.099088559073 41.834638250368926 55.906765247505064 48.225464856991266 412.8762210313985 86.34414296109594 16.15379611204594 30.545622655683474
15.544126747266091 69.51718323745422 92.29477414603389 12.075128986791697 26.23809563689042 34.74608741097336 49.99593970056776 32.02036034402977 176.0149466652224 29.666749347162977 60.4376674814489 33.6549721629076 37.85628644094959 16.00925698285573 104.9019782469511 37.09498121603997 38.59707562631593 35.01476745811078 8.099111698459637 36.488386313391175 43.558642076763135 86.81107578457386 52.48510217705575 37.69703810203191 35.43928936698035 30.225942774954547 339.752639554134 75.54857370133914 9.547590891009577 15.9321520690944
10.213896838515211 57.268362220430845 87.84334072604611 6.8134444270110635 24.698366884674442 26.264314868155452 34.168971012056545 24.897218300923896 143.06636137572286 29.392804740916063 19.644520307974517 27.392481097945165 30.671528657437193 12.926751978778384 96.14470222821046 9.179534926550787 30.77407999234015 24.483553387260827 7.487786446934933 34.42400662836803 22.805796722974492 83.00673599996821 29.54193042734414 33.02751696365931 22.124750418600115 25.705469835743088 227.42536683789058 54.304921091395954 7.402243749268109 15.39388779893602
10.046023130880485 51.60046091323784 36.30725967646322 5.904936504517764 24.269815392065084 14.800705670938441 23.250030745613685 23.181807499782735 117.80615062492257 29.392804740916063 9.567704210684951 26.918853721565256 24.60153922046902 10.178982452047876 91.07242166465835 9.11508055156537 13.559778888047276 22.32220008494778 6.472723092194201 26.160218691214595 12.141090686995767 81.05490681022366 7.436720358442244 6.236571378456119 5.406806947220957 19.280773820339164 160.6824265292064 19.9144743736324 4.1772240520820105 14.422104589742048
1000000.0 1000000.0 1000000.0 1000000.0 1000000.0 1000000.0 1000000.0 1000000.0 1000000.0 1000000.0 1000000.0 1000000.0 1000000.0 1000000.0 1000000.0 1000000.0 1000000.0 1000000.0 1000000.0 1000000.0 1000000.0 1000000.0 1000000.0 1000000.0 1000000.0 1000000.0 1000000.0 1000000.0 1000000.0 1000000.0
