5473.38143840024 6163.77077939087 11420.502454713018 7878.481890049765 7423.722405307053 4226.877266923993 12221.832138193266 5671.124836606627 11248.263604386473 9177.249597244809 6817.383390665766 8186.749667569733 9763.583699156432 8377.876555525996 6589.955640003484 8707.140882259027 7018.707180072176 10505.382492407423 5258.649554591904 8371.371548655148 6192.306856587052 5638.604095193061 11514.108386447988 5819.730836594478 7942.941484980671 10662.423802422203 7966.288043616696 7095.410450983105 5095.596744000734 6576.917463582401
4436.632399842141 5371.46303341356 11420.502454713018 7878.481890049765 4646.951611901502 4226.877266923993 3814.385160211259 5671.124836606627 11248.263604386473 9177.249597244809 5478.631238181938 8186.749667569733 7129.609637142241 8377.876555525996 6589.955640003484 7512.093561157391 7018.707180072176 8062.237692044655 5258.649554591904 8371.371548655146 5876.834958834788 5638.604095193061 11514.108386447988 5819.730836594478 7942.941484980671 10151.824286948648 7966.288043616696 7095.410450983105 3687.9071825138412 6576.917463582401
3691.590074621029 1942.651311489848 5212.732678619703 7172.246668140512 4646.951611901502 4226.877266923993 3814.385160211259 4833.510402188383 6690.6083606607945 7349.011619772973 3973.487105779178 5224.667467350592 6747.341220258376 5139.314984580719 5824.886647700124 7512.093561157391 5541.434893106406 8062.237692044655 5258.649554591904 8009.36243115188 5015.003809844529 5638.604095193061 5463.208948918241 5190.22311105791 6011.084512428307 5222.948907551606 7966.288043616696 7095.410450983105 3687.9071825138412 2675.754485697395
2320.880431431793 1942.651311489848 2367.9189420422044 4162.610064277442 3443.572340035067 3651.364927108797 3814.385160211259 2135.4100247527535 3039.0086586808006 3725.9632560633236 3973.487105779178 3914.1873301216474 3624.593806545809 4042.162983589941 2016.4148027152469 5539.8045038492055 3828.549962844804 5171.670869357435 4788.0343397647475 2525.0500192100326 4424.672588902276 3819.78722933069 5463.208948918241 2996.0426683120763 3916.0593969837882 4045.704764116468 5606.031339050252 5361.760715171055 3413.127946976018 2675.754485697395
1707.5920759883293 1502.6541654110065 2367.9189420422044 1535.8640758645247 1301.3464317884514 1767.458351037651 2043.922255489616 1653.1585016365307 1490.192349554442 3397.847246176655 1887.4909679609946 2036.8019925301114 2471.5566160594503 2063.984873572957 1885.462899397408 2255.47086525199 1071.5284905678811 2855.302481080313 1099.1313476305163 2034.9892523419448 1484.8817115663157 2192.468779537491 2301.126985454433 1551.2220804709898 1757.9578256099135 2281.6565426351735 3584.673000097432 2966.6640142592873 2245.982331570535 1465.3186229424837
821.3972754686947 406.23141169124904 424.88299785021263 863.0784092006816 645.783001268806 532.6822716162363 494.0385158001478 941.955499341371 882.9518694971421 590.5829425000858 600.9032264863441 891.1879185017119 1010.0242982923273 1021.5440068021117 1082.0197772247564 855.7185362276527 834.3746503897094 1077.7402665491138 719.8298768028399 973.1350562326345 532.7293952839773 873.3644850160488 1041.8849949007222 423.19133861856255 890.7108863458097 1748.85377310262 1128.463879501043 801.7823401762789 524.8683335749531 783.0700676800193
418.24473533998616 175.44715080131584 370.51478985141944 351.3945591631232 341.386628941759 217.62772489888607 299.1270018009518 433.5407120529893 298.53689949560953 248.23098831278662 231.03828925899802 307.19251068082554 338.10597343237146 262.5893690376224 375.8382424075795 207.06009253652928 210.85681144468344 404.04943187679874 278.1390224335496 414.9556210352165 411.31838851317184 274.03212585734695 276.14303975031055 201.59417581349305 384.1822732061436 321.51444681510566 517.1597296127044 399.1098749180986 269.5582848329957 377.8553409287716
122.27643408451308 95.28483480134861 147.42427190063052 109.10424692859124 152.33334035680457 96.90178979191887 151.98170826306887 143.49483571505425 152.56041351119518 107.85524096757541 121.59446426368527 166.2213539793279 114.89895135413349 162.78570598038766 201.68568495872205 100.32931121842228 118.88575096083787 141.60339162948117 109.49309131462525 153.39710173203412 149.51095799418295 143.46941092404631 155.26935044076993 130.22619488079977 150.6502213497945 196.13107118976723 149.5937630576375 101.39918885726223 102.0004152350798 135.37913428559432
55.9881964419439 57.05849044102416 59.42845251960517 69.38424268557816 63.345049150334034 56.20197377402877 59.43583331433757 57.21714772014042 63.15341759354544 57.679649020391594 65.79226853125039 61.94909107232303 58.393454285799294 63.64413672405311 71.66449406788456 54.35754237698109 54.01260721107036 64.12855839083431 55.94799499396834 65.56965813039858 57.59779299761351 62.321792459724065 56.03326320443631 61.425120196368596 57.02518449655366 57.65195106940405 58.56480131714625 63.151449384528064 59.57807752429801 56.60282365445141
49.211313420582485 49.16218124588477 49.189308787072434 49.302338545184966 49.20419325757763 49.151267093411775 49.245054311709396 49.24401573017707 45.18196057644542 49.17888087194507 49.24787069913276 49.39835680609718 49.162733123918485 49.36359773633973 49.50013190118375 49.19828324878438 49.12918417909191 49.280291744197825 49.20964747167227 49.39788573706454 49.26336532503302 49.2671095101997 49.12550007735166 49.265476966666654 49.16564380541354 49.16194361885266 49.25298692217518 49.39441206675235 49.25895001327234 49.17455331202734
49.08500516479046 49.084643931800144 49.084718673364534 49.084923874031006 49.084561780773186 49.08464870239419 49.08510777363597 49.08457002021686 44.89568129268963 49.08464706583078 49.08521726778537 49.08481196699546 49.08456189272988 49.08548965826867 49.08480403514926 49.08465777351756 49.084621684920364 49.08492891843588 49.08476386642644 49.08572816898965 49.08463538886838 49.08452071466314 49.08448992588637 49.08485746914158 49.08472929248882 49.084647371285826 49.08476769564328 49.085002972980476 49.08524246177001 49.085598837527414
49.08447898443575 49.08447898082932 49.08447898165849 49.08447898092095 49.08447897975361 49.084478980558686 49.08447899159188 49.08447897989896 44.89546931749601 49.084479000202236 49.08447899097678 49.08447899242344 49.084478980557776 49.0844790242723 49.084478982622954 49.08447898116805 49.08447899807334 49.084478980406516 49.08447907779225 49.084478996077166 49.08447898579914 49.08447897993943 49.08447897960184 49.08447899176781 49.084478981973234 49.0844789812208 49.08447898395741 49.08447899502994 49.084478993734024 49.08447900704061
49.08447897948122 49.08447897948122 49.08447897948122 49.08447897948122 49.08447897948122 49.08447897948122 49.08447897948122 49.08447897948122 44.89546931745133 49.08447897948122 49.08447897948122 49.08447897948122 49.08447897948122 49.08447897948122 49.08447897948122 49.08447897948122 49.08447897948122 49.08447897948122 49.08447897948122 49.08447897948122 49.08447897948122 49.08447897948122 49.08447897948122 49.08447897948122 49.08447897948122 49.08447897948122 49.08447897948122 49.08447897948122 49.08447897948122 49.08447897948122
49.08447897948122 49.08447897948122 49.08447897948122 49.08447897948122 49.08447897948122 49.08447897948122 49.08447897948122 49.08447897948122 44.89546931745133 49.08447897948122 49.08447897948122 49.08447897948122 49.08447897948122 49.08447897948122 49.08447897948122 49.08447897948122 49.08447897948122 49.08447897948122 49.08447897948122 49.08447897948122 49.08447897948122 49.08447897948122 49.08447897948122 49.08447897948122 49.08447897948122 49.08447897948122 49.08447897948122 49.08447897948122 49.08447897948122 49.08447897948122
49.08447897948122 49.08447897948122 49.08447897948122 49.08447897948122 49.08447897948122 49.08447897948122 49.08447897948122 49.08447897948122 44.89546931745133 49.08447897948122 49.08447897948122 49.08447897948122 49.08447897948122 49.08447897948122 49.08447897948122 49.08447897948122 49.08447897948122 49.08447897948122 49.08447897948122 49.08447897948122 49.08447897948122 49.08447897948122 49.08447897948122 49.08447897948122 49.08447897948122 49.08447897948122 49.08447897948122 49.08447897948122 49.08447897948122 49.08447897948122
49.08447897948122 49.08447897948122 49.08447897948122 49.08447897948122 49.08447897948122 49.08447897948122 49.08447897948122 49.08447897948122 44.89546931745133 49.08447897948122 49.08447897948122 49.08447897948122 49.08447897948122 49.08447897948122 49.08447897948122 49.08447897948122 49.08447897948122 49.08447897948122 49.08447897948122 49.08447897948122 49.08447897948122 49.08447897948122 49.08447897948122 49.08447897948122 49.08447897948122 49.08447897948122 49.08447897948122 49.08447897948122 49.08447897948122 49.08447897948122
1000000.0 1000000.0 1000000.0 1000000.0 1000000.0 1000000.0 1000000.0 1000000.0 1000000.0 1000000.0 1000000.0 1000000.0 1000000.0 1000000.0 1000000.0 1000000.0 1000000.0 1000000.0 1000000.0 1000000.0 1000000.0 1000000.0 1000000.0 1000000.0 1000000.0 1000000.0 1000000.0 1000000.0 1000000.0 1000000.0
