1421.325157060045 1749.0517880649559 2852.02933534158 4461.543457706947 1332.9969101646802 40784.023687841705 338.25000051595543 3126.516992985713 2363.153342973944 4521.421520790942 4935.219285566062 46669.21546623456 2794.0370877316664 1924.8569990232918 623.7722092580475 12791.480067456212 1034.720725107482 1003.5617728010052 800.2753668438704 18165.31749852994 8646.460711257954 1005.984892325007 1679.7131335257527 1194.6661323795934 672.983187774727 1557.4295085295953 1979.2124813451364 60445.8591337909 1765.8489571976825 2567.849591347851
1421.325157060045 932.1965998099286 2852.02933534158 4099.0104645384135 1332.9969101646802 40784.023687841705 338.25000051595543 2227.768470447676 2363.153342973944 4521.421520790942 1436.0156571911984 5727.409747902501 2076.1844215662786 1924.8569990232918 623.7722092580475 4473.123426522718 1034.720725107482 1003.5617728010052 800.2753668438704 17313.37764746272 7391.727082172918 1005.984892325007 1679.7131335257527 1194.6661323795934 672.983187774727 1221.4029834076746 994.1761379457134 4450.529658882698 1765.8489571976825 2567.849591347851
908.9953716618193 932.1965998099286 1648.9827653356679 829.1693034016052 1332.9969101646802 1038.6088886322732 338.25000051595543 2227.768470447676 998.290541468557 1232.0796649701506 1000.7237394027779 877.3882725498552 360.660730733915 688.7559359624684 623.7722092580475 1039.6301316128047 834.1680696813519 904.4997922053503 698.4436687047228 1179.11143449695 804.5596843471512 579.4771006418628 1679.7131335257527 1181.353263799313 588.5979547542283 866.3807780818288 796.553973842696 646.809961285966 867.9962523844229 2567.849591347851
722.5548123767958 517.73788592441 560.2661296961601 602.9581593330131 622.8585338155035 589.8141225338122 338.25000051595543 929.8088125315435 370.4370698018415 806.0590412620095 782.4239498042543 419.4936033799004 360.660730733915 490.704522488953 396.0222825275778 497.36755875916197 612.1492360784114 505.82057006775676 279.54502404757386 844.8966381590772 397.6274599973044 579.4771006418628 1190.7524665915025 400.2164245728886 108.12395490122299 864.6548356720782 503.90202926805705 480.81600115937044 469.1244041483692 775.2437044995818
148.89188347611707 278.4299845151272 328.8276846931144 292.0800972746583 93.8415775943281 341.5233241272954 256.57716124822946 357.5762100962852 209.32247791858026 267.77590658914824 476.7772182582821 262.67573948199697 360.660730733915 479.5467495468997 225.63616520465803 125.31572354388163 254.9159520005619 372.30178342692307 242.2458117162214 220.03809228253385 397.6274599973044 329.86456399645886 150.88451445606233 284.4424442574241 108.12395490122299 196.21819779567477 503.90202926805705 360.97133198653137 230.89622450054821 281.095515653019
90.22796480626766 194.58399963877764 152.64523703167697 107.16831315181162 91.48871395528022 61.39581478558512 178.83847184618844 130.19724601940106 209.32247791858026 188.9802156526166 158.84808874413193 128.08278947283316 251.88109651298146 155.4502954267914 114.68191074476044 125.31572354388163 118.21309567586013 99.55929527544095 237.03684433664512 200.68608828886454 58.68586235608518 89.11116247436894 150.88451445606233 119.79736765498592 79.10453647846634 154.23449114324148 201.04611015957607 79.7541805600481 118.6345413489862 212.28913108716642
78.97201138583341 96.80963288447629 90.31379880785653 86.08469416707976 91.48871395528022 61.39581478558512 138.2479850792497 73.54405002621252 119.53762000450615 76.30710184438749 109.67352241595427 98.59234173942104 81.54753301412848 114.906143193758 114.68191074476044 116.30546721096562 118.21309567586013 83.47780309459813 71.39895736417066 83.35597978820851 58.68586235608518 71.35513335076712 72.58842855924559 106.02350144193588 69.62799629121946 112.99898059444877 60.44747409244019 79.7541805600481 49.703490828230315 110.41674247886203
42.30789299159551 79.45023332510755 56.32530841069865 46.12571951998643 53.19075669162521 61.39581478558512 52.4136834419769 60.88629901501599 105.721303969558 58.11163079765993 75.13063948239005 57.334707379420706 54.52014778415196 57.02080184867418 60.671778741123035 46.883016283172765 71.79040012713313 56.03349620429208 57.7308509780205 76.37441494308268 58.68586235608518 49.8864222336224 61.79740109801196 68.2484690627034 69.62799629121946 43.788489248924634 57.53981885311532 69.42061951724008 49.703490828230315 50.56781192904555
31.956213886709065 58.07084395868287 48.57563913249032 37.39399050082966 35.56675125292031 54.008197838950764 52.4136834419769 41.15421973823004 49.61303102209695 42.7692762039469 53.33940161838473 44.96059515754041 40.22005531889681 46.57716671950266 49.839827844999036 38.45425947630247 57.06396294051592 48.20953128966721 48.50679314589979 58.16770205359035 42.22369823488225 38.8552548430539 45.220994680676995 49.17485416039972 43.44630717032942 43.788489248924634 44.33980540109587 45.935938141938095 49.63950462665207 43.817974096719354
27.63917388334903 36.458831722897685 35.86544493966676 31.851061419726648 30.778064307398836 33.67143549474167 32.6517149644078 28.61017393185739 33.626092965298085 30.730733562957994 37.144811426628166 31.04937225924823 28.90614663522092 33.23801938505994 30.836638852726992 32.955341732002125 39.531940768571985 33.62311259487251 31.7380217305963 32.00760383793249 34.779588241262445 32.94641216993705 32.89134133119887 30.88766828684402 32.29941284709457 33.76477358446755 34.793030591222305 34.03846776329965 35.962599498676354 30.97626929025364
23.867692981920754 31.290934869357443 24.97233117462838 26.762584543399953 27.757132110885777 25.001570340175476 27.793076266855678 26.205972378266324 29.465974313419792 25.20805378591558 28.10186360468697 26.92016809936149 26.162065178850753 28.555808388345213 28.178043658032948 27.02454031994739 30.307748423900193 25.981060597452142 26.980174585388795 28.76178843519574 25.76320122207244 27.206972090561976 26.484592554406845 26.94968498339449 24.707955799027786 24.05487221812882 27.715149184790334 29.765612753340974 27.437643363492043 29.240142204415406
21.757848353289774 26.54443093852842 23.03205071747925 23.599698385038664 25.975480900470757 23.180817054077124 23.727144958233566 23.622138828345214 24.17332850670664 22.4615311191219 21.98324808396137 23.280005020819317 22.95217500388935 23.062126902432738 24.603476093343488 23.09935021579622 23.319962296456197 22.021826517281625 22.606683503645854 25.038460789874534 22.526189469916517 21.61429964385934 22.957544324483024 24.584370782409223 22.67357938150917 22.05827473631416 23.743741024478823 19.679524786164166 22.840271156127983 23.11071695563578
21.55088440102736 23.651793303633895 21.989688947035575 22.145431834702322 24.43651546802903 21.223129113958294 22.69711096402807 21.541997279091447 24.060152491871122 21.707154699611692 20.969205288791727 22.831192200252644 22.678263626066837 22.09478736512574 22.71785798839028 21.700215880473024 22.45429070021919 21.404084949604567 20.644589519956753 21.45683459790098 22.323193476508095 21.01429756262951 21.176612775129342 22.3975310466094 22.47665328268522 21.465685543050313 22.211717802858402 17.725872969872853 22.66190158558402 22.983713831857585
21.55088440102736 23.542503255212978 21.531674533584464 22.145431834702322 24.436515468028574 21.22186806288164 22.69711096401852 21.541997279091447 24.060152491871122 21.70715216165945 20.964863361409243 22.721798966485494 21.65830203214273 22.094734295568742 22.258439809208085 21.70021471722248 22.45428997199815 21.40402158267989 20.644588536482843 21.456600340180103 21.80530320418893 21.01428008266521 21.176612775128888 22.3975310466094 22.47665328268522 21.465685543050313 22.211717802857947 17.72587296974416 22.66190158558402 22.615422514306374
21.55088440102736 23.542503255212978 21.531674533584464 22.145431834702322 24.436515468028574 21.22186806288164 22.69711096401852 21.541997279091447 24.060152491871122 21.70715216165945 20.96486258345385 22.721798302742627 21.65830203214273 22.094734295568742 22.258418093223554 21.70021471722248 22.454289971997696 21.40402146651695 20.644588536482843 21.456600340180103 21.80530310324366 21.01427999897487 21.176612775128888 22.3975310466094 22.47665328268522 21.465685543050313 22.211717802857947 17.72587296974416 22.66190158558402 22.615422349892015
21.55088440102736 23.542503255212978 21.531674533584464 22.145431834702322 24.436515468028574 21.22186806288164 22.69711096401852 21.541997279091447 24.060152491871122 21.70715216165945 20.964862431826987 22.721798302742627 21.65830203214273 22.094734295568742 22.25841789941478 21.70021471722248 22.454289971997696 21.40402125818173 20.644588536482843 21.456600340180103 21.805302923683485 21.01427985828741 21.176612775128888 22.3975310466094 22.47665328268522 21.465685543050313 22.211717802857947 17.72587296974416 22.66190158558402 22.615422046142612
1000000.0 1000000.0 1000000.0 1000000.0 1000000.0 1000000.0 1000000.0 1000000.0 1000000.0 1000000.0 1000000.0 1000000.0 1000000.0 1000000.0 1000000.0 1000000.0 1000000.0 1000000.0 1000000.0 1000000.0 1000000.0 1000000.0 1000000.0 1000000.0 1000000.0 1000000.0 1000000.0 1000000.0 1000000.0 1000000.0
