292.20030307671414 353.9421151513693 160.97996865320647 451.2152411360994 229.5009137206498 363.34453867095726 238.4285673528807 86.39277910298597 291.60942753026484 199.2388813043758 77.07740537130121 363.27677463821783 196.85250622422882 282.76593310109456 120.24631297380938 112.51703214149984 537.5218551325047 82.58983669988538 182.39267055868777 202.97203730325782 313.2005723411753 462.02467255215197 231.32422701610767 342.46655783680126 62.30680594377054 170.04481699841654 103.27126000372573 462.36314357828724 388.93024105289487 124.23174541742219
172.49420630915438 353.9421151513693 160.97996865320647 182.35114392129208 123.79967902990347 135.8479151556753 200.50849704294615 86.39277910298597 291.60942753026484 199.2388813043758 77.07740537130121 286.0533508013855 196.85250622422882 112.42919364495674 120.24631297380938 112.51703214149984 140.7934938591884 82.58983669988538 182.39267055868777 202.97203730325782 67.28147987266539 82.93536087092616 72.33749843092937 259.6952784511468 62.30680594377054 170.04481699841654 103.27126000372573 111.73421898268816 246.01472723629422 117.59774686889568
172.49420630915438 68.47519271100919 129.9071391784255 174.91351077764193 123.79967902990347 66.48973820787705 162.37616108555585 86.39277910298597 112.664492936452 199.2388813043758 64.5945283631363 96.76379614513871 196.85250622422882 54.292369506059 111.77339075985537 112.51703214149984 140.7934938591884 82.58983669988538 103.96152272428071 202.97203730325782 67.28147987266539 82.93536087092616 72.33749843092937 76.02925650621728 62.30680594377054 170.04481699841654 44.128289755989954 111.73421898268816 82.85440876121356 85.49619997924628
76.91061214161618 68.47519271100919 115.35600664324511 88.75580560635717 79.51175563316701 56.68009998447269 110.18105714129842 86.39277910298597 46.542683699428835 73.46971044731754 64.5945283631363 96.76379614513871 131.23833728022646 54.292369506059 79.71418201335973 67.91820330413202 92.6050991565171 73.52384205125145 68.92575116228181 92.37649969369204 67.28147987266539 68.49119088110774 36.12612600242301 56.15585295822393 56.29852715976767 56.66725533368708 43.17076132532475 111.73421898268816 82.85440876121356 59.65117420618435
55.91402857652474 60.3187265681745 59.688792216577895 38.097597045081784 61.22872762662564 52.09340574311 43.02357002702365 37.5421526863538 45.21723581819742 73.46971044731754 58.54022254068923 67.33309286169833 48.89163521489854 46.82341166890592 48.91837342510007 67.91820330413202 50.18366126811998 44.47631374830962 50.33463886635991 75.66398592810447 52.75955444134206 53.38648392047662 36.12612600242301 44.67242869769052 47.94037792079507 53.183855535318344 43.17076132532475 50.9933980378828 71.44329521496866 59.501511124946774
38.90173749251471 50.15831000934122 44.84275233212338 38.097597045081784 48.48880263825322 37.896460216300056 41.98429876163027 33.59755248552801 43.3396110869453 43.70785627828809 39.98877793904694 40.85100298744965 37.28096773633615 44.128289654317086 42.740167322100206 46.02227640603678 40.84354613444293 38.7907826897449 46.75006984583888 46.787111035746875 45.91980610391738 53.38648392047662 36.12612600242301 44.67242869769052 36.82725237719296 37.00066944240325 43.17076132532475 50.50239006791071 51.66070440861222 33.10675878147731
34.9355243707555 33.66330100627283 37.36573525797712 33.37199659735461 34.42677079574469 37.08542826102166 31.40891735653713 33.59755248552801 36.16273378936512 42.41410049416345 39.98877793904694 39.71931226966262 37.022756200689855 33.005971318521006 40.07928120147699 36.87593369139722 30.71273977241117 38.7907826897449 38.592568267484694 39.481490411598315 44.563241609970646 36.94619634940909 36.12612600242301 38.37189145615412 36.36029041475831 37.00066944240325 36.61213960722853 40.36412861463259 43.78740595913678 33.10675878147731
33.56767689261278 28.176507522969587 29.956412751220796 30.50318247579071 29.903394365345775 31.934260921016175 31.24386989188406 30.448540618586776 32.49829722929826 35.91271984199557 31.96103400292168 35.31193487243263 32.854911563135374 28.939427226197495 28.917058520009505 35.20790234294918 28.60342922271502 30.494822712020778 34.39523969761922 30.817404654893835 38.99135235020867 31.261938562207888 29.451070465814155 37.400796602512855 32.00228477378778 35.32562935421356 32.28328755120992 35.1343736844251 34.907721479675274 32.476136714241875
27.267956363535177 28.176507522969587 28.30861811035811 28.358571572168785 28.250222331505938 30.002430895801353 27.50043036474517 29.56613636308157 26.976243181199607 33.30081148872205 28.565029722773033 29.563572455458598 26.576260489184733 26.565175499559246 16.179170564450487 31.59209691253045 28.60342922271502 25.274687344936865 26.774142842006313 30.817404654893835 33.059664682870334 30.826558160261357 29.451070465814155 29.290444457258673 29.483265404827307 29.91136873415644 32.28328755120992 19.560185608560914 29.59218221853689 27.013894747227823
20.905566463942705 26.404593050554922 27.199359838420605 24.9679211809339 24.806739997030036 26.646062414301923 18.856134083948746 24.953801522136928 25.790800510161716 28.98762162810044 25.49231024907749 26.166040607715786 22.49722502167333 14.722517764319036 16.179170564450487 26.882705668129347 26.82984518605599 24.970622225453553 26.003594675700697 23.131815031029873 27.460360458194373 26.528983779515784 27.477629695213636 20.124523521340507 24.698420391178388 25.74209973624056 27.43453535294975 14.60916286737256 23.927049896808967 25.58208777503205
19.088307512306073 22.93563817822087 15.208223183098653 13.90379443465099 16.008264051379683 14.819868747953024 15.303564849426948 21.655893093750365 23.3997640025932 26.901832896584438 24.37619424899276 24.845384415775698 14.701794422452622 12.909302063580071 15.724766808269123 11.85510602252998 18.950269915711488 16.33073561644005 20.849683659022958 11.276787164063535 17.876339815759366 24.06149541812829 25.661443716081976 20.124523521340507 19.346339869900476 23.472357591257605 24.28589915619932 14.10654725219274 17.126483017786995 23.145309851946877
2.5881278750016463 10.214690404701287 2.6790786137330542 6.365333846566045 5.9796512050465935 10.357301147784256 11.26820636367438 3.4844565954754216 13.404596201787626 10.347484060407623 7.430907170697537 14.04542893788448 4.001533254629521 4.301278749660014 9.023517076794633 4.81023279571491 10.90427797329221 13.904852333194867 10.08717730151102 1.6248607721145163 13.465639199733232 23.474183113608888 16.8023544600519 14.835361463158733 6.759498047789748 11.020544005048123 24.050064025701886 11.259579113199834 4.281732821786591 14.939547699187187
1.2706283741317748 1.3119123286496688 1.3940290430778077 1.2961464688210071 1.1174569353761399 1.562978777416447 10.796698763694621 0.38986202393380154 3.700713040532264 0.9598123846772069 1.1924130625534417 1.5055768125507711 2.3606440370153905 0.8295330540904615 1.8617985930964096 1.3628863967351208 2.7022810586518062 2.286117802204899 2.905295525348265 0.9569176545755909 3.880508298402674 12.497424722576397 1.887835589514907 2.0156091192852728 1.4563748314094482 2.0190791338841336 9.884024614110785 2.1253012315019078 1.323146588124473 8.96877474709072
1.1044583031089132 0.6922852699744908 1.0983843357635124 0.1554756403961619 0.20468290390545008 0.08961087535908518 9.71093472037819 0.07802555944090273 0.9927311639903564 0.49545994283107575 0.8021808956236782 0.5044436358607527 1.3605872269567953 0.21535755448348937 0.4582475274128228 0.44242327911524626 1.1819078714597708 0.4977743730073598 0.6315999208218273 0.7791123302499727 0.9529242029957459 0.9984138870499919 0.9121133530525185 0.6243943396516443 0.8057853927780343 0.5274047281441199 5.944102715996905 0.38235773166024956 1.1022196865815204 7.129643521421713
1.0935873962039295 0.03281906365282339 1.091826181334909 0.04890011411271189 0.08555958975648537 0.0029007283492319402 9.710833417506365 0.0762631137754397 0.73120016741359 0.4191278639318625 0.7759851734699623 0.4759771082694897 1.3594289528382433 0.06529866398886952 0.056271405684128695 0.04654147181418011 0.7177573915082576 0.12322348920315562 0.09297350161659779 0.7721550591136292 0.818805526597771 0.38539391780022925 0.654837618743386 0.042628380528640264 0.7958234074062602 0.3840189546713191 5.631445995022204 0.11881890292215758 1.0968109057535003 6.957648899125161
1.0922901745152558 0.027382447015497746 1.0918226091598626 0.04889233376206903 0.08553327366053054 0.0012439440479283803 9.710833417506365 0.07626309477382165 0.6964473250695846 0.4147452326169514 0.03709005746213734 0.23715500289335978 1.3594289507177564 0.06528528889475638 0.020524661083527462 0.03479640690420638 0.7128093929832175 0.12010118927946678 0.05931867135041102 0.7721408945731127 0.817750047381196 0.3681508136078264 0.6361171175708478 0.015895080172413145 0.7958234016141432 0.026493155826301518 5.516871531622201 0.08644590879976022 1.0776348160948146 6.911110056672442
200000.0 200000.0 200000.0 200000.0 200000.0 200000.0 200000.0 200000.0 200000.0 200000.0 200000.0 200000.0 200000.0 200000.0 200000.0 200000.0 200000.0 200000.0 200000.0 200000.0 200000.0 200000.0 200000.0 200000.0 200000.0 200000.0 200000.0 200000.0 200000.0 200000.0
