6182.50286812278 5939.362235743829 6196.081198785032 5271.173623382018 5668.9567506834555 5586.278441162682 5399.444603849176 5345.847543156011 5169.645236283054 6097.684755178427 6404.913371907845 6039.140905946293 5382.23222883475 4222.666921475939 5469.027523836812 5907.402785473068 5894.264666278483 3073.415312357244 728.4313074801516 5519.728544315314 6080.533184281285 4649.701303833157 5660.531158548875 5695.091882162333 6181.893851002658 5734.065361632007 5275.278517335887 6126.241333617534 6128.136683020824 5139.529301653475
5186.781789329642 5841.4446752174335 5735.15629765408 5271.173623382018 5668.9567506834555 5586.278441162682 5399.444603849176 5345.847543156011 5169.645236283054 4427.609501106912 5707.205414359881 5711.29123310562 5382.23222883475 4222.666921475939 5274.373018945189 5603.5577827884945 4850.181861882406 3073.415312357244 611.6004255818825 3713.667469124037 5377.9671089534195 4649.701303833157 5660.531158548875 2268.2402928178963 5606.544492606928 5534.304165678881 5275.278517335887 5081.194021983671 6128.136683020824 4695.660431586757
5186.781789329642 5402.719561664391 5107.325762684988 5235.744582981542 4894.711365228092 4847.825099456677 5166.992871506488 4864.055425694254 4960.932780084016 4427.609501106912 5707.205414359881 5416.390241768705 5382.23222883475 4222.666921475939 5274.373018945189 5200.227628261106 4850.181861882406 3073.415312357244 306.34333796039164 3713.667469124037 5341.329124842194 3805.3123607518955 5660.531158548875 2268.2402928178963 5521.191230838449 5534.304165678881 4839.5519663001705 2310.80266975984 4900.702992852659 4695.660431586757
4594.91759361903 4938.433113506581 5107.325762684988 4611.612061827964 4596.044133462911 4408.4915114733185 5166.992871506488 4162.166434496443 4780.246703258438 4285.861270344645 5229.781573902068 5352.312092629592 4332.531330710264 4222.666921475939 4923.781735642561 5200.227628261106 4850.181861882406 2465.2002709250373 306.34333796039164 2113.3009563918686 3376.846364115896 3799.1951206332797 5160.47110784739 2268.2402928178963 4903.793700505577 4936.7356813597735 4839.5519663001705 2310.80266975984 4897.072663419708 4681.601605815789
4102.325573855468 3958.5325776601003 2311.2378356385534 4530.148911316709 4505.97199637772 4408.4915114733185 3953.3971449484216 3605.4365819729237 4455.753848830184 1321.5414169644764 4503.487030322314 4367.490050469869 4332.531330710264 4222.666921475939 3380.3197107168335 3765.3454663202065 1679.8381175906634 863.1446905113517 209.34888516126784 2113.3009563918686 769.8256119355715 3799.1951206332797 4641.485801787986 1802.8990342881316 4274.130140639889 514.2071686808963 4640.729954493076 2310.80266975984 4528.871014292998 2701.141636376151
3855.0471873537263 3686.6247145207826 1345.5365018186862 4272.637488797761 4140.468700024503 3761.9171987685295 3697.0327961845387 3422.520121584914 3732.396163261612 355.6956654689552 3916.0299353851788 3274.493929621407 3949.3467008361113 4157.761176088879 3376.903462102109 3630.6526246464528 342.49553052308147 863.1446905113517 170.7405735158054 1007.1194256986696 356.1994623502851 1675.2600237334304 3692.095331029531 660.3913458168677 3738.3874257959924 514.2071686808963 4132.71276683146 2310.80266975984 411.64335829492666 643.7943894874197
2923.705917161832 2998.270617580445 185.85079960076382 2776.609497109269 3420.1945921438983 3255.8710716644127 3271.862316460155 2569.918784261088 3336.6630610293087 154.53874628121002 369.18591771769206 3187.7098474264094 3347.0099761730853 3174.4751557985655 3376.903462102109 2194.1934422952363 138.6281884568989 318.3177392834905 127.56995851763895 233.63162927270014 207.27026742128965 208.0744617202763 1872.1649884140634 153.4806126187027 3063.2503269117915 480.75919066173856 3361.089168240317 245.85485177769897 200.8374032484221 405.34369677492396
2417.992807015571 2935.4059069260466 120.50922583832335 411.1687163165784 2417.103770822174 2558.0011797630286 155.6223619976131 1961.4941217316 2655.9263531710258 109.45390337246954 145.33827658598693 310.05033331379445 2570.4269784207618 2436.445510854289 184.64113463720014 146.62100960180805 103.72228857012169 129.7780084910819 102.14905727718815 119.50612714487079 112.14576204679861 116.54059166652996 178.74524298499045 108.59347125209115 391.4248224761941 384.60648606192944 3161.311333073543 121.36442625954214 114.42123029000868 215.51927067440693
1537.3196492540692 161.372068958422 101.09715466999023 102.70067782842534 1244.2800885357983 1889.3430850288132 101.26615854359534 1094.2269482057263 229.36248107913616 101.23108361979439 101.0731974246637 110.11881209358171 1734.1247135351314 2290.945432430901 118.6851131911676 101.43051476046594 100.95769990003919 101.29583255427087 101.04670376033118 101.2608515112247 101.11722495079084 101.40564150904856 101.18885917438956 101.18633824107746 112.36586724117205 103.33993840966059 1700.8141501761465 101.31818902601208 101.58370401697857 101.8141244602607
582.844860160003 101.24817414756035 100.65243733453508 100.91868717973193 621.1268069002244 694.7142051501087 100.78030549439654 460.65299927777187 101.03853065854037 100.82460309632643 100.90458192067808 100.69776047472851 881.7256730266604 979.8121479306387 100.99283201418211 101.02571180264022 100.84179128188225 100.85403459499184 100.94372106732226 100.8809976709872 100.81356572001641 100.91905507553611 101.02131302332373 100.62107717371237 101.08297171332924 100.94388606966231 791.5955550850035 100.76785320174213 100.75643374225683 100.96636202118407
160.80426131076683 100.9335200249152 100.56365018588303 100.82413925263108 174.0175302810726 266.0897042980605 100.58627800041359 277.26216066445386 100.74847759306658 100.55290616298635 100.82514494820634 100.69776047472851 396.8965081110059 397.7973573490258 100.69300765811931 100.83976228822621 100.84179128188225 100.65319118921252 100.94372106732226 100.84660090388752 100.6247493209894 100.85755558095207 100.71697803184225 100.62107717371237 100.88695808423518 100.82096918750176 105.70482736990971 100.70165788231861 100.75643374225683 100.68869532397275
75.78023613740424 100.78116635424203 100.56365018588303 100.64549485716134 139.17892634063128 214.8748967509141 100.58627800041359 246.42907993892095 100.61303933320505 100.55290616298635 100.57285822845961 100.58629951078001 349.67017150517904 317.3467864832928 100.54885424255554 100.57010267522446 100.37260643189029 100.59424343168484 100.67174477138224 100.60328736050133 100.49883416079138 100.59998558565849 100.52625481867562 100.62107717371237 100.78321872882952 100.54348069804564 70.81064342028594 100.58570087823591 100.6768141006487 100.60095566054133
72.21104131679976 100.72655522656123 100.53623095335979 100.58008286386257 97.89526559314845 214.8748919414461 100.58627800041359 246.4288459000395 100.56871334451489 100.55290616298635 100.57285822845961 100.41579681852454 349.0254457626379 306.18208892904477 100.44056880846483 100.40936792607772 100.37260643189029 100.35019284219698 100.5113503300804 100.35974206011997 100.49754364496403 100.48272621071055 100.44729925862839 100.40610606849987 100.75160832577649 100.47372042691586 65.79747758298618 100.48588777611758 100.45102698120809 100.47732775937493
72.21104131677066 100.6704939526062 100.45324190307565 100.40276954476576 97.89526559314663 214.8748919414461 100.37954912546456 246.4288459000395 100.40479381095065 100.40619394549776 100.50193078738494 100.41579674754712 349.025445762637 306.18208892904295 100.44056874926855 100.25542597297135 100.37260643189029 100.3110285341636 100.38376325475292 100.27860247832632 100.36745847253997 100.23713094296818 100.3761442545574 100.30345851309994 100.64653320848356 100.37155308414276 65.79747758298618 100.45449727269988 100.34401903707703 100.40256372845761
72.21104131676884 100.6704939526062 100.36190695064488 100.31952269794556 97.89526559314481 214.8748919414461 100.37954309654333 246.4288459000395 100.40479359643768 100.28287088611341 100.38951713900315 100.41579661848937 349.025445762637 306.18208892904295 100.44056863774131 100.25541490541536 100.31947663041456 100.31102809892627 100.3099511106866 100.25842887565932 100.3093078214788 100.236900276921 100.37614372269627 100.30345851309994 100.62411780112961 100.32725576637813 65.79747758298618 100.39033810103547 100.31477651726073 100.3533327377022
72.21104131676884 100.6704939526062 100.27168236856141 100.26643266016436 97.89526559314481 214.8748919414461 100.37954309654333 246.4288459000395 100.40479329993286 100.28286983006683 100.32921565357765 100.41579638328449 349.025445762637 306.18208892904295 100.44056843322278 100.22465368563326 100.3194765424746 100.31102714269264 100.30992433853316 100.21527869264537 100.30930779563687 100.23690017864692 100.3761425638454 100.30345851309994 100.60309585135974 100.32725576637813 65.79747758298618 100.23834862854346 100.29255137485325 100.30328756368317
1000000.0 1000000.0 1000000.0 1000000.0 1000000.0 1000000.0 1000000.0 1000000.0 1000000.0 1000000.0 1000000.0 1000000.0 1000000.0 1000000.0 1000000.0 1000000.0 1000000.0 1000000.0 1000000.0 1000000.0 1000000.0 1000000.0 1000000.0 1000000.0 1000000.0 1000000.0 1000000.0 1000000.0 1000000.0 1000000.0
