117.26549179223866 86.10847711197607 100.81899726982056 125.12951604517275 115.01373238593567 97.61495256524006 122.352551887696 112.10562676752966 114.57082469285433 89.76060165686658 109.98438058853742 128.59904065986564 107.53149095165361 119.64733311607222 128.3380459549512 124.13348570723963 128.0496291272816 110.04035819036926 125.27719207425423 124.00240005714409 137.507307844769 126.12236763230453 130.14117401000908 134.7484388797734 124.29383884582194 141.98267460643058 108.22907821382864 115.3801225064343 85.2705777511436 91.59650895762263
114.05740555763418 86.10847711197607 100.81899726982056 122.45084852891591 98.59874649874814 97.61495256524006 121.59095454328201 112.10562676752966 114.57082469285433 67.36501833152204 109.98438058853742 128.59904065986564 107.53149095165361 101.60246236871069 103.13039601870548 115.49930584435879 121.83487469397528 110.04035819036926 125.27719207425423 124.00240005714409 137.507307844769 126.12236763230453 95.1432268960848 131.3969178015883 124.29383884582194 105.65056037227328 108.22907821382864 115.3801225064343 85.2705777511436 91.59650895762263
109.87716883661187 86.10847711197607 100.81899726982056 98.01619403802624 98.59874649874814 97.61495256524006 111.96608348400798 100.65660709201211 85.27908940587804 67.36501833152204 100.73854261585439 116.53405021952403 107.53149095165361 100.08798281427858 103.13039601870548 115.49930584435879 89.0183433060098 110.04035819036926 117.61532709585572 107.34098110002992 124.80738792713976 99.48163907852529 95.1432268960848 82.37183716673053 115.32483438709073 105.65056037227328 108.22907821382864 115.3801225064343 85.2705777511436 91.59650895762263
95.04053104343768 86.10847711197607 85.34344197345649 80.09177270604232 67.68630447334965 97.61495256524006 111.96608348400798 100.65660709201211 85.27908940587804 67.36501833152204 90.03871331616699 109.08478888322156 89.23371857919551 94.11213392301784 103.13039601870548 93.8559246121697 89.0183433060098 74.28975224359101 105.03898688537049 101.78631644715313 97.39842930685757 93.60355198751267 95.1432268960848 82.37183716673053 101.1016798454491 105.65056037227328 82.38453455186436 110.46628960048258 85.2705777511436 91.59650895762263
74.24023224509335 86.10847711197607 85.34344197345649 80.09177270604232 67.68630447334965 76.71356222665452 90.99042474194391 58.52016404235451 79.84724660747202 67.36501833152204 84.00993080680894 78.07024636985079 67.88061422613782 94.11213392301784 93.58009771902334 93.8559246121697 58.57386249859951 60.93217371388812 69.38139090339735 66.53526843668374 84.56828180336902 93.60355198751267 95.1432268960848 82.37183716673053 88.64792463044273 86.46992762872162 82.38453455186436 91.34989645893245 81.4649417149883 90.15154790092333
74.24023224509335 86.10847711197607 83.23215688192943 70.00037196699941 64.7373104877629 76.71356222665452 76.4269760710448 58.52016404235451 79.84724660747202 67.36501833152204 68.7226313403579 78.07024636985079 67.88061422613782 80.50085431281832 67.21349420463673 85.95318861816088 58.57386249859951 41.15387878446995 69.38139090339735 66.53526843668374 61.925207590744435 54.32136057084881 73.38927105723769 62.54475699493594 82.57589396864785 73.00603797489316 68.51820290946114 82.35054130386243 80.8486186223248 85.49567641396914
70.54460127861807 62.91559839591571 40.05251357984241 66.45591130970047 64.7373104877629 66.01357361491239 76.4269760710448 58.103944918973184 79.84724660747202 67.08944130838415 68.7226313403579 58.34535798798106 67.88061422613782 75.11102942310094 58.26792355261125 74.4451269623213 58.57386249859951 41.15387878446995 69.38139090339735 66.53526843668374 61.925207590744435 54.32136057084881 69.09489267884851 62.54475699493594 71.46129714171889 57.359635872271156 68.51820290946114 54.8158964553071 46.90370761110364 72.04997308289035
56.57875917968295 62.91559839591571 40.05251357984241 62.92311455498077 60.388044098761156 66.00306766235622 60.440539386770524 58.103944918973184 75.81606744364103 54.62074317880979 65.4148434355302 58.34535798798106 47.63770259826265 48.48217216150772 58.26792355261125 42.87672835575347 46.52783816738429 41.15387878446995 51.88006831079292 54.945323558209 61.925207590744435 54.32136057084881 52.1213638935169 62.54475699493594 71.27555680935768 46.61995984372459 57.330613303981295 54.8158964553071 46.90370761110364 55.618460031733434
35.59263829969973 43.03174729345017 40.05251357984241 37.62295492600208 41.52591180434888 61.00096552092043 50.07140554200453 48.93915282452065 57.542548017213335 54.62074317880979 65.4148434355302 48.636661414715036 45.19012391338879 48.48217216150772 58.26792355261125 41.10562435101224 46.52783816738429 40.88581970934047 51.88006831079292 54.945323558209 52.68020251871906 54.28010685943127 52.1213638935169 58.11665726998558 59.641789540260106 46.61995984372459 43.73180996875885 46.76489185068874 46.90370761110364 55.618460031733434
35.59263829969973 43.03174729345017 38.41608315685971 37.62295492600208 39.26240807446493 47.439914622335436 37.93321752144777 46.50683650886083 42.13660546513108 52.05635494830733 50.56906913022169 37.2575227389957 45.19012391338879 42.98851299439218 49.00025574585618 30.63349295880107 46.52783816738429 40.88581970934047 46.574326040359324 52.44528826981832 52.68020251871906 50.3382931239737 52.1213638935169 49.64428960371231 36.76908904172899 46.61995984372459 43.131009641142555 34.68060019920381 38.14420380246929 53.00981426460612
33.4424709841436 42.508834852886935 38.41608315685971 37.62295492600208 39.26240807446493 29.205434935586595 37.93321752144777 42.876089396443035 42.13660546513108 49.04857768167062 42.71739659375385 37.2575227389957 45.19012391338879 41.37860935410845 31.029165491527806 22.749553040938622 37.766703706214 35.33553263270801 34.39350665174118 45.02007767562293 37.23629167888839 33.753311668683295 38.89315685886925 32.75081818295121 36.76908904172899 46.1519413463152 41.49724154109697 34.68060019920381 36.66878103294425 53.00981426460612
24.889237063953033 39.00482278945128 36.3569245585702 37.62295492600208 36.7828043690165 29.205434935586595 37.8158508246288 33.865339474626694 42.13660546513108 43.125993673448875 39.26615206669874 37.2575227389957 34.32141516914248 28.68697189510874 31.029165491527806 22.749553040938622 33.49865611822179 30.30367135823451 34.39350665174118 27.760142383943503 31.882030030580836 29.549360869652674 38.79084232457433 32.75081818295121 35.28258419806582 44.25842474376441 40.41261227870268 34.117265163365346 36.66878103294425 43.07493180820745
22.862448381198305 31.760642356446624 27.8262528419026 30.569831028803605 33.27048451330643 29.205434935586595 25.09699898202723 33.865339474626694 28.87530805469555 27.870673533524837 31.68719010339987 33.71184521420605 25.758947521317054 15.60785538686548 26.200207637778135 22.749553040938622 22.322893739609185 22.79667306612089 21.781644784467517 27.19103894862485 27.54234018231068 21.72650677388185 35.24682197206164 25.85458545132326 34.631239436795795 31.868229841028096 24.858053132370856 24.670111901542782 25.861888917308193 26.847091802899058
4.688692414579464 8.985920025958762 16.01234303733372 8.834924746525985 19.648168444260477 24.169692768015693 10.026148480245752 16.641191917684523 16.94897403734558 15.796460579043696 17.195263105342065 7.351024947038127 10.960076944958132 4.974796286135756 10.074929440821393 10.679903155915099 16.24751894523581 8.95471373976443 16.114236330171934 19.75533611692049 12.999488552125513 6.964716194596008 13.588979974137601 24.339217579715523 12.353771475037888 18.56750277579124 13.604789048822454 11.389795935264488 14.241500386458824 9.057174977646696
3.9798362283731876 7.3682489693575235 8.738526071372576 5.969754342559781 6.053521268390796 9.305929401516892 3.9798362283731876 8.954628395950408 7.140698920713362 3.9798362283731876 7.959667418927438 6.964708361833914 10.944544612722666 4.9747952854664845 3.9982065857822136 9.94958591079012 3.006921803086243 8.954626476020508 7.9638898608626505 3.979836228377735 8.954621440391406 6.964713399653078 12.934457666574644 6.139045873528971 1.9899181141865938 5.969754342893566 10.94454754600747 5.969749304740731 8.954626476156932 8.471446770393186
3.9798362283731876 7.368234599109314 7.959667418929371 5.969754342559781 6.04820755208118 8.95462647639954 3.9798362283731876 8.954626476020508 6.964708361833914 3.9798362283731876 7.959667418927211 6.964708361833914 10.944544590207101 4.9747952854664845 3.9798362283731876 9.949585533113805 3.006921803086243 8.954626476020508 7.959667418928461 3.9798362283731876 8.954621438201457 6.964713399653078 12.934457666574644 6.139045872743623 1.9899181141865938 5.969754342559781 10.94453955238805 5.969749304740617 8.954626476020508 8.471435557911263
200000.0 200000.0 200000.0 200000.0 200000.0 200000.0 200000.0 200000.0 200000.0 200000.0 200000.0 200000.0 200000.0 200000.0 200000.0 200000.0 200000.0 200000.0 200000.0 200000.0 200000.0 200000.0 200000.0 200000.0 200000.0 200000.0 200000.0 200000.0 200000.0 200000.0
