1507.8324425808278 367.0950129588855 296.9692933254405 489.97717991088894 685.741054362742 221.90404312311784 1437.1696246667884 636.6837926963344 200.36583837853914 689.8757803150434 277.3131447905416 266.26639470708733 2105.429926234994 240.7927005819056 412.42498284296244 730.7699722120651 1522.4279289736396 934.208635256769 720.3285265464497 286.85546719549166 2279.635189081295 203.34022822816496 306.04206054938913 1117.459740316765 342.23168097301095 261.5223726646568 182.8419000171998 1534.154564680729 2466.5509679869047 1373.4196626092935
1507.8324425808278 197.82098234697287 296.9692933254405 342.84179456450283 685.741054362742 221.90404312311784 1437.1696246667884 534.9968280519015 200.36583837853914 689.8757803150434 205.93319833143005 266.26639470708733 1909.6720917196526 240.7927005819056 412.42498284296244 300.940783186938 407.2361928763398 934.208635256769 316.5253523938554 178.57957850168123 2279.635189081295 203.34022822816496 265.34553314218147 1117.459740316765 201.32890666829917 261.5223726646568 155.99718740219532 962.1618944765946 2100.4552268268 1373.4196626092935
1507.8324425808278 197.82098234697287 235.83386235953049 179.68005877591577 685.741054362742 193.3029813542721 625.3071553705913 534.9968280519015 200.36583837853914 687.6501934225575 205.93319833143005 266.26639470708733 287.4823623915845 175.5908684791575 218.9372228615057 292.6280179651758 407.2361928763398 802.9335677108775 267.8179327584853 178.57957850168123 1014.0222834444894 203.34022822816496 265.34553314218147 410.15235327881646 201.32890666829917 261.5223726646568 155.99718740219532 962.1618944765946 444.4021961847834 187.89946297754796
1468.7793539900968 147.44557075972534 235.83386235953049 156.7805454062218 685.741054362742 193.3029813542721 479.4655797877617 390.55319616631596 200.36583837853914 314.67162087573706 152.62101964144813 266.26639470708733 287.4823623915845 175.5908684791575 134.9325183370879 292.6280179651758 318.4643186049402 543.8610747042735 261.18268320369725 178.57957850168123 1014.0222834444894 203.34022822816496 265.34553314218147 410.15235327881646 154.05604365754516 178.36816746810928 141.5591891959989 337.2178151117255 345.7480310976689 187.89946297754796
1468.7793539900968 130.61327947235213 144.83291982429273 156.7805454062218 685.741054362742 122.77095836618446 198.16908083283033 128.15701179313464 200.36583837853914 146.1574455296718 136.72852538302732 161.17740469335922 287.4823623915845 164.67102529358635 112.50484290745408 255.00411002973715 161.99519057861562 255.53770211546316 261.18268320369725 155.11957324563582 437.92868743181543 141.57809627689403 265.34553314218147 410.15235327881646 128.01970682739693 160.09756496592263 130.9483261206633 216.5119103667139 345.7480310976689 136.01975556901925
271.5744767583419 120.82916502674834 129.1399257563603 135.12620192511758 140.60144509949214 116.99755942398633 128.0594367821268 125.43865413266622 125.80196667444261 125.56283954768332 120.07435803528188 161.17740469335922 137.42163492124382 117.47418063737268 112.50484290745408 196.4022444134921 145.79783287422697 148.0709529888718 125.56353391545008 139.9817942936811 169.14473859863165 141.57809627689403 265.34553314218147 289.1886796636086 112.27217934088048 118.23776256684505 112.8308471976934 161.20676833904508 158.60941793265783 136.01975556901925
147.2234636995504 109.89279567966469 109.6594766170947 108.39047056226991 140.60144509949214 104.10887105597794 107.70009135650116 109.58058206466012 113.69217348153325 102.42861680586384 109.50990299831301 147.79421019997153 127.490614162768 112.9318351834795 112.02474407859609 195.24755573492757 110.91353999507282 119.05153572515565 122.39439921802887 110.19923542594279 136.66769494946766 125.70899115537304 245.2626687722627 204.9361794860506 106.52577885447317 107.71915276082655 106.47003586806704 120.12215346026505 128.75051855341326 111.28887379443267
108.96396150382043 101.25419732195587 101.80339876619246 101.53827048164294 126.14606440957232 101.4960321221647 101.62484070573919 101.93887582180514 101.94578314777618 101.78047553713122 100.91620911638256 106.56608311635773 105.79425426616899 101.84753192122889 101.86051282147264 106.80390784055771 101.28293692787884 105.42439303326046 103.55635341289917 101.68485496580297 109.96535282066088 103.29481067125789 180.17040842092229 137.07884435690448 101.31187875009255 101.42423018460659 100.823230405103 103.34611216297071 109.25084825134627 102.39043369469573
101.33207204946757 100.67273444600187 100.79748154683648 101.14186372364838 101.06730444844743 100.97478685421265 101.04309013386546 100.61473673075534 100.91779222454352 101.09764614507367 100.91620911638256 100.97654005290269 100.99293507068796 100.88291421777467 100.59662222381485 101.57409984447486 100.87806186711578 100.88049033829338 100.65370602302528 101.07071218786223 101.29962697024803 100.92340148046424 107.89506372979031 104.38874463992715 101.05341130518491 100.86560251690253 100.79908680141489 100.77704316817835 100.84618261045534 101.08627961607863
100.56334005628923 100.67273444600187 100.69847868940997 100.84161687651567 100.83163425854264 100.54032781740989 100.57005259606967 100.61473673075534 100.66597668286067 100.78138382286033 100.65643735528056 100.77370333181534 100.54386521673496 100.74031856765396 100.59662222381485 100.85663292439722 100.67406717060067 100.87940377965833 100.64061492563451 100.72694262567893 100.79748152273623 100.7137299627343 100.9519622306916 100.90666109371887 100.76219794374128 100.62526746133153 100.59512746467772 100.77704316817835 100.71469413093291 100.74149273467492
100.56334005628923 100.57979330573471 100.64616772764839 100.55052135815868 100.46239319199003 100.54032781740989 100.468156030498 100.58929305580568 100.37144109541987 100.55622788247274 100.58213215724663 100.57218124565861 100.41730823066473 100.58073737980385 100.48245456425593 100.69422760822499 100.66297736644128 100.47338068902172 100.56533308671214 100.4941268816965 100.60596349425305 100.51007538701379 100.65142794485791 100.71587123682275 100.47047331330396 100.60319082601609 100.59512746467772 100.62600685103871 100.6475065088066 100.5304965575906
100.56334005628923 100.41577284639152 100.47661626457466 100.54082487434789 100.46239319199003 100.45284216362552 100.468156030498 100.51039507547284 100.37144109541987 100.42097994762798 100.45130654901686 100.55167266003173 100.41402528976687 100.38034400718516 100.48245456425593 100.47535780721182 100.40845298910654 100.47338068902172 100.56533308671214 100.47004188870642 100.60596349425305 100.50145562913121 100.42614253388683 100.62853139397839 100.47047331330396 100.41446152374647 100.59512746467772 100.55220798574555 100.44172801460672 100.5304965575906
100.44092182180293 100.38421589712743 100.41473731566339 100.38549957044734 100.42811748206395 100.3795487397656 100.468156030498 100.48152240170748 100.37144109541987 100.42097994762798 100.42337930699341 100.35074074561089 100.41402528976687 100.36722052507685 100.47827495480851 100.42920390486552 100.40845298910654 100.26847465498759 100.44229399169035 100.47004188870642 100.49463760263325 100.41445156587679 100.40970749570897 100.39537372832228 100.40134121339361 100.41446152374647 100.37006623921434 100.34754898442634 100.35711782801263 100.45033866239555
100.38685782757602 100.38421589712743 100.3536896068781 100.35604669622808 100.32609192123937 100.31422273902217 100.40538637397049 100.39939086104869 100.37144109541987 100.37866470568315 100.3899436859615 100.29993627289696 100.34497717025488 100.36722052507685 100.45421835002799 100.39911813274148 100.35612697724173 100.26847465498759 100.38464703366571 100.35758579518506 100.29716528081963 100.41445156587679 100.40009948556963 100.39537372832228 100.36694773086128 100.41446152374647 100.37006623921434 100.34754898442634 100.35711782801263 100.42748075686768
100.30878271920301 100.32896147383826 100.3536896068781 100.3384322128286 100.28918592755508 100.31422273902217 100.40538637397049 100.38342644673321 100.3480164355069 100.32670236946433 100.34265893836391 100.29993627289696 100.34497717025488 100.30169408294205 100.39867510989598 100.34275652754332 100.35407658692611 100.26847465498759 100.36924975913007 100.29231905862844 100.27857052038325 100.25301744334729 100.35581022937822 100.31400494347918 100.28452790621168 100.32109648491996 100.37006623921434 100.32014955704017 100.29001190454937 100.33678812266635
100.27647600075761 100.24663405464207 100.34594669786156 100.28944135092752 100.25116462936512 100.27533096699972 100.2889764633951 100.31930345058163 100.28820953359536 100.25622497967152 100.30419750077272 100.29993627289696 100.33160306779519 100.30169408294205 100.38259704677148 100.23822220497414 100.34210389719146 100.24355900407636 100.32435196418919 100.29231905862844 100.27857052038325 100.25301744334729 100.3034787253132 100.26613021766116 100.25970466196713 100.30754652071982 100.29393973400374 100.30344337506222 100.24275867255119 100.32399310251822
200000.0 200000.0 200000.0 200000.0 200000.0 200000.0 200000.0 200000.0 200000.0 200000.0 200000.0 200000.0 200000.0 200000.0 200000.0 200000.0 200000.0 200000.0 200000.0 200000.0 200000.0 200000.0 200000.0 200000.0 200000.0 200000.0 200000.0 200000.0 200000.0 200000.0
