8562.452088899578 9612.530520625087 13040.349852243397 14231.891436203572 12545.76753140963 11838.689449139903 10479.424413080742 11363.313123570646 15502.632819922128 10143.043919286683 10553.153345678733 9620.274626924864 13929.075893652 13476.589488618352 13060.21043433063 9525.461879542934 13059.958635629475 13233.368104904577 10811.05672102289 10961.073125644289 15921.92655709594 13671.579034482333 8323.137800183076 7292.082492146339 7129.328763077076 10328.693669334374 12492.07820562686 12360.29002685374 13846.319501383987 9954.80931123588
8562.452088899578 9612.530520625087 11948.208419007575 11083.405834989024 12545.76753140963 11838.689449139903 8249.44149123096 11363.313123570646 11860.342407031361 9870.213678304248 7677.247229744795 9620.274626924864 11454.227001842577 13476.589488618352 10137.713491714394 9525.461879542934 7948.534575817401 12290.339226574739 10811.05672102289 10576.254079094188 14458.933996585914 13035.132781388149 8323.137800183076 7292.082492146339 7129.328763077076 10328.693669334374 12492.07820562686 12360.29002685374 12932.583558269083 9954.80931123588
8562.452088899578 7524.782535164584 8552.280880807284 11083.405834989024 8437.727354616496 11838.689449139903 8249.44149123096 10573.177202797911 7433.816043964496 6886.675896502478 6667.972925750626 9575.299647530059 8911.198241790624 10440.401751966649 8881.326242597232 8963.6235297073 7948.534575817401 10579.106681313226 7081.989263643976 8324.954848151963 12160.442409372863 11596.141512133328 7659.672066286665 7292.082492146339 7129.328763077076 10328.693669334374 10272.299438215185 9921.226783890314 9666.740439460422 9954.80931123588
6880.513183143938 5098.449977145655 7316.275584838719 9376.590108962797 6752.6692276242575 8668.792435727952 8031.296210201912 10347.542642950344 5269.653824637038 6597.456773771673 6576.522620149422 6705.255583108821 8911.198241790624 6470.251715601173 7276.391935985395 6277.7071411866345 5495.400761675788 8859.895135326968 6783.254125624562 6995.966773868164 9504.224844153341 6965.337292625918 7368.391353144496 6821.610155322796 6428.368059631732 9030.904615940528 8429.270346795553 4959.384069197712 6859.141032689047 7932.637246065835
5914.447851024219 5098.449977145655 6078.584593964932 7273.738987286077 5978.805444360089 6887.739550970153 5849.174551995575 6413.55469728332 4501.154731641715 5038.92739191497 4934.028210595796 5608.515297585687 4745.874550673586 3855.342281549747 3821.8964238172775 5490.933533931173 5101.218354960807 5480.610293810441 4010.256526504926 5632.016637889252 5427.411926172763 6052.79673748449 5174.257836375891 5417.155714923623 4076.1937712450253 5133.722775896532 4325.522059127531 4520.773826695174 5105.04448441257 3476.456558880296
4696.875543068222 3776.475705676421 2376.935272187554 4818.34349021375 3663.0780050725807 3180.959152236095 3724.2642268329546 3706.4261456818367 2362.8230697678155 3368.743124755032 3350.126658021494 3621.1611688806533 3804.6369403506615 3698.775179025921 3498.040826695219 4037.6447738862607 3335.742175246781 3303.3426774938625 2916.602864116365 4085.480233151604 3584.01095288985 3793.4791589749284 3125.846838763946 3195.876777478098 3582.460809957206 3420.6001835774414 2709.5025575895834 3130.9032953155047 3315.0496613831156 2093.9680357918696
2158.768903183838 2268.994449291098 1893.819532444084 2301.424479349721 2175.3751449172787 2279.78535502096 2089.021453553938 2316.0073900138614 1326.6052410286702 2190.8139794036906 1945.0848562919664 1866.5322720091845 2280.1520743458805 1795.3646124833795 1845.855012858161 2274.943390655244 2037.0803454072147 2013.7169842872809 2116.3628498491344 2427.3112545735503 2171.8083553707856 2023.4283506058991 2014.1604358542372 2092.629909515679 2082.9895163405536 2649.475139320889 2060.2240623240286 2205.2024384657907 2448.2513650448127 1093.8811506242237
962.1162877472971 1075.1222468543701 1205.8830169918133 1591.3563332637204 1316.1737396103213 1249.4215768998438 1127.793925305822 1156.8244573297757 895.4826789845301 1280.1515622368443 1030.3795819947286 1213.576084082927 1432.1193753977354 908.7084006308451 1032.468885070899 1390.8835159913301 1134.6922001390258 1249.9048791604555 1087.1073196841626 1278.589576978481 1319.3264848341146 1230.350537218107 1218.3996349871568 1086.9853675051963 1198.196242091335 1435.634812984039 952.3649494677961 1146.732312368299 1400.6160549239012 759.4835050830593
694.3524326436373 496.5407276225769 530.5306609593122 633.8016844637614 605.8379824694921 607.6500271047189 526.7895431091974 520.1817320142 726.8416841464846 595.765400008318 506.34506510754454 542.8330727367079 628.2103910828082 716.1588056128326 494.76428255681094 524.6581391968894 506.1480617710731 547.6855856260518 495.23846966731253 558.6411291058603 589.3079396425237 518.6938299738285 528.397255041843 493.35224941707975 508.0336389176764 609.2765137528768 725.1567906187511 499.38098426757006 622.2227233714839 680.9223901875839
430.5794374725697 314.9327984981701 315.5657627108626 329.2437333555845 332.9663307161918 320.24904059669825 316.2857973774703 326.6614834680913 558.252994047129 316.4619510124694 319.21541770079375 317.36578448534055 319.58924161537334 564.1732417581725 318.38187019987026 314.5001817168072 319.4054362705383 324.2508689093338 314.29373659477096 314.46071351470937 328.2630105038711 327.8126991051299 317.0550968974976 311.61241660980613 313.51116284952786 329.78105581432646 540.0674386717455 314.7227444581372 326.129446998154 428.6556081127019
400.1094785905848 300.07200953112897 300.07704776234095 300.11156727930256 300.1063277883527 300.1184039249765 300.07568870693876 300.11491805280593 400.76042591107716 300.07929583340865 300.1085738799379 300.10353856975644 300.0762184931664 401.1765766973408 300.07777285754855 300.0641510830965 300.06710757232077 300.08886657896346 300.07682791309344 300.05230868795115 300.1196005691095 300.14656662211337 300.06580453511697 300.05694279822455 300.07853982312645 300.1656851784837 400.800343845272 300.0818969360521 300.11398172571444 400.08422738250647
400.00000813035194 300.00000477861613 300.0000086191567 300.00000861328726 300.00001136525225 300.00000954295365 300.00000708043353 300.00000799157124 400.0000527888028 300.0000057147172 300.00000865997754 300.0000080876166 300.0000038691501 400.00006696521996 300.00000735253025 300.0000024502765 300.0000054611887 300.0000081566095 300.0000041975122 300.0000064904457 300.00000752105007 300.00000897045356 300.00000503267756 300.00000696311463 300.0000047648764 300.0000117075174 400.00010976724025 300.0000037348782 300.0000078811004 400.0000069162984
400.00000000000045 300.00000000000045 300.0000000000009 300.00000000000045 300.0000000000009 300.00000000000045 300.00000000000045 300.00000000000045 400.0000000000023 300.0000000000009 300.0000000000009 300.00000000000045 300.00000000000045 400.00000000000455 300.0000000000009 300.00000000000045 300.00000000000045 300.00000000000045 300.00000000000045 300.00000000000045 300.0000000000009 300.00000000000045 300.0000000000009 300.00000000000045 300.0000000000009 300.0000000000009 400.0000000000073 300.0000000000009 300.00000000000045 400.00000000000045
400.00000000000045 300.0 300.0 300.0 300.0 300.0 300.0 300.0 400.00000000000045 300.0 300.00000000000045 300.00000000000045 300.00000000000045 400.00000000000045 300.00000000000045 300.0 300.0 300.0 300.00000000000045 300.0 300.00000000000045 300.0 300.00000000000045 300.00000000000045 300.0 300.0 400.00000000000045 300.0 300.00000000000045 400.00000000000045
400.00000000000045 300.0 300.0 300.0 300.0 300.0 300.0 300.0 400.00000000000045 300.0 300.0 300.0 300.0 400.00000000000045 300.00000000000045 300.0 300.0 300.0 300.00000000000045 300.0 300.0 300.0 300.0 300.0 300.0 300.0 400.00000000000045 300.0 300.0 400.00000000000045
400.00000000000045 300.0 300.0 300.0 300.0 300.0 300.0 300.0 400.00000000000045 300.0 300.0 300.0 300.0 400.00000000000045 300.00000000000045 300.0 300.0 300.0 300.0 300.0 300.0 300.0 300.0 300.0 300.0 300.0 400.0 300.0 300.0 400.0
1000000.0 1000000.0 1000000.0 1000000.0 1000000.0 1000000.0 1000000.0 1000000.0 1000000.0 1000000.0 1000000.0 1000000.0 1000000.0 1000000.0 1000000.0 1000000.0 1000000.0 1000000.0 1000000.0 1000000.0 1000000.0 1000000.0 1000000.0 1000000.0 1000000.0 1000000.0 1000000.0 1000000.0 1000000.0 1000000.0
