2367.814452635839 4166.089858579167 2465.656661313955 3560.665371971403 2756.581356000438 3254.9483429880493 3929.8914795587643 3678.244283056916 651.5755238452148 3735.6980465681063 2888.5329135203424 2397.6647291412346 3103.271479930078 3927.6519900939356 2905.8849524401776 2198.2982778406213 3751.2376591241937 4344.197995854017 2964.9187838196467 3649.3074884148755 2825.0380019364115 3278.1792004705494 2807.2403272034985 3599.9289443280322 4020.417565738453 2340.5735774277628 2617.8929303080445 3201.4870400282325 1880.6693073936344 2309.237145850559
2367.814452635839 2669.7693155718634 2465.656661313955 2375.962096563344 2447.350089755762 3196.7313990735447 3689.075562827037 3143.175468109771 651.5755238452148 3544.9222554853386 2888.5329135203424 2397.6647291412346 3103.271479930078 2440.797200057007 2905.8849524401776 2198.2982778406213 3084.1255392228236 4344.197995854017 2964.9187838196467 3649.3074884148755 2269.0451816323607 2794.692892078898 2807.2403272034985 3599.9289443280322 3951.135014299827 2340.5735774277628 2617.8929303080445 2890.038986424129 1880.6693073936344 2309.237145850559
1943.876446762918 2183.3758519776165 1905.1381578661267 1236.7504498225799 2447.350089755762 1401.952900693891 2530.8342109983114 2530.5775345003312 651.5755238452148 3544.9222554853386 2888.5329135203424 2070.3347020295405 2361.2725527778016 2440.797200057007 2619.5479114380087 2198.2982778406213 3084.1255392228236 3852.7820785622243 1472.3627880937147 3420.6722932076027 2269.0451816323607 2794.692892078898 2162.448112472863 3090.325114371468 3098.4697796069036 2340.5735774277628 2617.8929303080445 2411.720154471098 1880.6693073936344 2309.237145850559
1787.4526551668569 2183.3758519776165 1850.5387829017877 1236.7504498225799 2447.350089755762 1401.952900693891 2530.8342109983114 2530.5775345003312 651.5755238452148 2034.8246082447695 975.2038458074458 2070.3347020295405 1915.6188739925847 2294.260431130721 2619.5479114380087 2198.2982778406213 1938.951493523089 1817.5486352090093 1258.6204992003572 2525.9233455737344 1302.4636949052347 2277.772601205514 2162.448112472863 3090.325114371468 1533.4848947304608 2340.5735774277628 1965.3663192133768 2411.720154471098 1880.6693073936344 1591.6161029798036
1787.4526551668569 923.7162864268598 1420.510734229878 1236.7504498225799 1533.606157255359 1401.952900693891 1514.4798522365727 1976.6797545411732 651.5755238452148 1424.2147202658625 975.2038458074458 2070.3347020295405 1915.6188739925847 1059.5826065778076 1379.3534301726595 1496.2821904667235 1743.7654664607371 1598.9754144049866 1258.6204992003572 1040.627419505956 1302.4636949052347 1578.6310714192596 1813.6753931843023 2041.4456934924929 1533.4848947304608 2028.5509533994573 1965.3663192133768 1578.888442729552 1880.6693073936344 1588.0831642823728
1337.573926951754 923.7162864268598 681.2207292452244 1236.7504498225799 1368.8518432192127 724.4458563858216 1140.432733234387 1093.6154916704816 651.5755238452148 1337.2815878057627 975.2038458074458 1150.4912743862674 1327.0440519059684 1059.5826065778076 649.5826421772158 667.8357421765227 1315.4168543580818 1232.5328998433247 591.3896682561849 1040.627419505956 1055.0005048506616 908.1616630495719 726.9616067685652 1302.7461929250476 1533.4848947304608 1954.050166608581 1965.3663192133768 875.2908386110139 1329.6540728587288 902.3642634634557
799.6760920015281 691.10197366485 508.4631570996728 609.5381110740543 322.263809238739 724.4458563858216 737.8652496108618 494.81454137746414 598.460133757545 776.530331794874 883.8411358567757 970.8434562860721 423.8675881386396 458.04164690097423 474.9691670389443 667.8357421765227 401.055136776803 887.23941297907 321.5288716236362 785.0792467795134 512.7510850226629 689.64546262269 726.9616067685652 876.7386555268263 972.6644180240428 1372.9925722202324 980.4024263809174 816.8580035581981 953.3440251289569 734.5119320051581
336.0267838845566 452.52166069674763 142.24293118531727 316.0864246012943 93.29773732508784 479.21113690037987 543.7249230893121 254.99326941036702 160.8608956649348 270.2937632934236 371.1492391520351 293.01832680431676 301.6963485620108 126.1926480949146 205.12654966289097 272.4218768761907 265.294241290077 316.5585961016484 158.97220773170443 247.20561342509382 246.0695125388936 277.32679069825804 381.40031214286046 354.4483174870634 576.0329254291601 585.2016280464645 563.7606848431556 389.31607227568475 466.6263083065951 338.77191462950736
90.86869906105278 35.62604799712574 60.31055751484962 77.66544891405965 62.56977413438983 110.53295873521472 121.49237961585436 24.77887101291344 29.56872599534745 81.32670036604225 129.93231001163508 151.8999731243739 134.78951377138264 34.17516566527752 69.05218371990338 157.55108521019451 17.704664456326213 56.96153566858163 65.69033773126921 47.18766408989586 72.60152472336699 70.4420814164339 147.84376803319287 95.00955309930634 69.42694889156621 214.87039966269322 143.82795487095927 83.66892455109553 160.012611151094 54.767429381465604
7.117080677207355 2.3995707918727476 4.951916072431345 15.565523165697755 8.265903379036445 17.967943771741147 16.768942605382335 3.204522398593326 10.45284111636488 9.173701641364005 17.46665850631814 14.372375476756133 7.63182944131006 5.823908917838139 7.626436132487697 26.841911312571597 5.145219210260507 14.670070558538214 23.41492232471967 2.6985693988564208 9.606971125287146 11.268573933030211 8.81675517077963 16.105229464791023 11.526865033117701 19.705118886674086 27.17992799830847 10.468937969285207 12.156244322303223 3.7617851457091547
0.42645423090118584 0.22570558659776907 0.6288772651880663 0.3662633191944451 0.2834286812767459 0.5090362315108905 0.3486378013394642 0.14935740091857497 0.32935951293973176 0.21644419757876676 0.5565929586330185 0.7075135593881896 0.2951788626093048 0.26546685401115155 0.36791563836402474 0.7359106800433892 0.2758633755452138 0.37069214619862123 0.4291723911427425 0.3753798915403195 0.5120768832878184 0.7332161401251369 0.4442901827503647 0.340912575154789 1.8845460607922178 1.0040059091054445 1.1150796594005215 0.19395368252912704 0.6109978768473638 0.17223726763268132
0.0004781850179824687 0.00023220348850827577 0.0016418071644466181 0.00024607516547803243 0.00020737687202654342 0.0005772122316329842 0.00021500637819826807 2.403843211595813e-05 0.00043028467666772485 0.00012893529844859586 0.00041518965053910506 0.0021543818955933602 8.430987031715631e-05 0.0001060491297266708 0.0002620692821437842 0.001567266072243001 0.00016696563761797734 0.00017111468719122058 0.0005521869209133001 0.0001895905352284899 0.0002704598241507483 0.0005135545618486503 0.00015004467888957151 0.0004027286802283925 0.002757832777888325 0.0008945253402998787 0.00039349761368612235 5.9159327406632656e-05 0.00023384383359825733 7.278732550730638e-05
1e-08 1e-08 1e-08 1e-08 1e-08 1e-08 1e-08 1e-08 1e-08 1e-08 1e-08 1e-08 1e-08 1e-08 1e-08 1e-08 1e-08 1e-08 1e-08 1e-08 1e-08 1e-08 1e-08 1e-08 1.4958118299546186e-08 1e-08 1e-08 1e-08 1e-08 1e-08
1e-08 1e-08 1e-08 1e-08 1e-08 1e-08 1e-08 1e-08 1e-08 1e-08 1e-08 1e-08 1e-08 1e-08 1e-08 1e-08 1e-08 1e-08 1e-08 1e-08 1e-08 1e-08 1e-08 1e-08 1e-08 1e-08 1e-08 1e-08 1e-08 1e-08
1e-08 1e-08 1e-08 1e-08 1e-08 1e-08 1e-08 1e-08 1e-08 1e-08 1e-08 1e-08 1e-08 1e-08 1e-08 1e-08 1e-08 1e-08 1e-08 1e-08 1e-08 1e-08 1e-08 1e-08 1e-08 1e-08 1e-08 1e-08 1e-08 1e-08
1e-08 1e-08 1e-08 1e-08 1e-08 1e-08 1e-08 1e-08 1e-08 1e-08 1e-08 1e-08 1e-08 1e-08 1e-08 1e-08 1e-08 1e-08 1e-08 1e-08 1e-08 1e-08 1e-08 1e-08 1e-08 1e-08 1e-08 1e-08 1e-08 1e-08
47500.0 47100.0 48600.0 45250.0 44500.0 48650.0 48250.0 43350.0 47850.0 44950.0 47600.0 48850.0 44750.0 45600.0 45000.0 46600.0 45650.0 45650.0 47100.0 44450.0 45900.0 45600.0 45750.0 46400.0 50800.0 45000.0 46800.0 45450.0 47150.0 44600.0
