412.1264227485267 256.2176703649134 449.19331281889345 329.4329017267705 235.3599460655896 368.22781539455445 511.0217060106502 243.9565753314032 366.5131858197092 478.11510611728863 267.39291118927895 323.0174963388695 269.5619428999594 380.2695610391347 460.7969906541912 379.3150669565389 372.01449835147923 481.23893741021175 520.4395574602372 375.1684834510329 376.3115301032785 302.41232137173756 387.5489757713185 282.00769138503074 253.86571915836566 254.1243765557897 226.89218088142934 340.9114312829206 294.0018597040662 356.1589232202855
299.9649404891761 256.2176703649134 349.31551847153014 329.4329017267705 235.3599460655896 362.38216265146866 323.3074613755389 243.9565753314032 237.38013701031878 225.97605542908695 261.8533549862709 289.53495732912415 269.5619428999594 233.09690646024637 324.68625722469005 281.50682456496133 372.01449835147923 366.234054382116 409.8348315533617 366.4524287441527 347.8696494783803 302.41232137173756 231.33092432770536 282.00769138503074 253.86571915836566 254.1243765557897 226.89218088142934 276.69512710291656 294.0018597040662 356.1589232202855
258.7758584600988 188.400618676234 271.42907084456147 292.34602947350004 225.51812241289144 199.12323343292383 263.3098500174442 207.7591638508743 186.06292419726242 225.97605542908695 193.60455892082427 224.38927948127412 225.29769586619068 233.09690646024637 251.05520131138746 281.50682456496133 258.075920560706 254.7026553806313 303.09679289304495 192.56259744561976 229.5953552382034 257.8288287670657 231.33092432770536 253.83555722420942 247.68158066450542 212.42339974603556 206.65925556970433 245.2890205669346 252.63428169660438 273.4578112560812
215.3071492462941 174.96124981305957 218.2245722523312 199.45149399505272 186.2011768248285 199.12323343292383 196.61418601577043 181.41317306797373 186.06292419726242 173.38267959379527 193.60455892082427 224.38927948127412 225.29769586619068 187.53958563233164 221.85842468031478 260.75196653413377 199.4455790312627 194.12868705577466 182.90746251707196 187.67382337184426 229.5953552382034 184.19546649127278 189.16708621965563 187.2391773495342 190.28078124122203 211.22062935996428 199.62585782834003 184.96360692418966 217.171993654772 198.7224743773063
178.40615301441812 174.96124981305957 178.69085448816077 181.36047116885356 178.45309068659253 174.5245134804245 174.9776723108298 171.71490493509737 177.82526487351242 172.39953620748383 172.43768075478374 180.257215438829 189.75343757622704 179.6175999850252 176.25047361209135 178.08033728640658 183.7202565593857 174.08214031344096 182.90746251707196 175.18574966438655 186.35022330839683 184.19546649127278 189.16708621965563 172.93706777423722 181.51991376412207 173.99323979124574 188.11860629170997 177.52375522015745 187.2284869400646 178.969041194915
171.35859921526844 170.59279387748575 171.04166924728634 169.85388554959718 172.9019875066033 171.94832263854278 169.1725235608651 168.18407310939392 172.0535126903078 169.95419164914483 169.41608433186684 173.27604193643856 172.02534822655707 167.0491435013846 168.76584311388797 167.67049333894738 172.86031776777781 166.4458000117761 172.7146575326242 171.28137653336717 172.21688233892746 172.68732413281487 169.362195746211 170.65013835431864 173.66977136799687 167.63872003362576 170.15990421988863 170.91583718036009 174.31315734664759 173.50102364112718
167.49588899656464 166.81065502669207 167.39752515803957 164.8601177948376 167.68890727413782 167.466988910694 166.60037798459916 167.347529713325 165.54369067054859 166.87963846665298 167.29870332662222 166.1868522462064 165.54952191192388 166.06446482159436 165.48390136056605 166.76217566280775 166.88598034128972 165.1534485374773 165.8937264853289 167.2659859312471 168.99824218000458 166.72838368269277 168.8616906163993 165.28406696218508 166.82750668060862 165.1785232046227 167.0273081092796 166.64566790843583 169.1996157472904 167.48615478072225
164.16415848957058 164.63332349323537 165.87760952215558 163.35546707429694 165.5785607856974 165.10219958672997 165.05455567463696 165.46254072959937 164.68685028345135 165.25048307623638 164.82823817295002 164.38793186025987 163.76991092992102 163.85810497991724 165.1946525705539 163.74431808626468 165.79627911753187 164.4729281537052 164.1985762712411 165.19723068092662 165.26622111644747 164.9687609833909 165.1115911456818 164.51063020236415 165.84349285066355 164.6655063065773 164.0286362019542 163.08243207464557 166.12538216843677 166.2469331259199
162.85029366989102 162.0447921164523 163.03803785015862 162.88750284856496 161.96987286068043 163.6565878251604 162.73248090154038 163.81313084119165 162.8960596339266 163.5993990985212 162.13098196739247 163.8564390628735 163.3158474845477 162.1181024865823 162.91155857802232 163.13712455297173 163.95648198366234 163.32585283030312 162.86618448542868 163.6454566980933 164.33900556118215 161.86865528229737 162.74943029042106 162.45746499712413 163.89583439136504 163.09917884118568 162.335869751445 162.9340452222864 164.82519220858285 164.12793625148697
161.63199442257564 161.47075411713695 162.37346436933058 161.4163681823834 161.43748966823068 161.5398674865619 161.41157370638166 162.33041519667177 162.56869828730441 162.58429812911118 161.07271398686953 161.59350723153239 161.7169266543424 161.53160485706985 161.61224361359837 161.4593803649409 162.78672259592304 161.81888043778463 162.5918977406982 161.63843098065763 162.81663384642297 161.4059606344922 161.47585757132947 160.3554462289958 163.5128925540157 161.46797180461726 161.44858030981186 161.4669620609202 161.78847107911497 163.58407286029842
161.40488964994302 161.4048826502135 161.43744778025393 161.40488342863273 161.40488906213477 161.40493304247775 161.40488115834614 159.74528433556225 162.5673764266062 162.56737717346277 159.4683917033999 161.4049581649815 161.4070422727632 161.53050573391283 161.4355623160818 161.40488495581258 161.99025782712715 161.4048968141924 159.39619930183244 161.40496040980042 161.44418005451462 161.40488080014984 161.40490450193238 159.37069446431178 163.47798011520945 161.40489349644395 161.4048828616883 161.40489219805795 161.5305159218119 163.49484144728285
161.4048807587501 161.4048807587492 161.435268781996 161.40488075874964 161.40488075874964 161.40488075884605 161.4048807587492 159.54383592394606 162.56737635795616 162.56737635795616 159.3687641365177 161.40488075913072 161.4048807587851 161.5305057296291 161.4352708813849 161.4048807587492 161.98804240914342 161.404880758751 159.3687446333024 161.40488075892154 161.4352716588155 161.4048807587492 161.4048807587501 159.36873381311307 163.47770546931224 161.40488075875055 161.40488075875055 161.40488075875373 161.5305057296291 163.49483520287959
161.4048807587492 161.4048807587492 161.4352676780495 161.4048807587492 161.4048807587492 161.4048807587492 161.4048807587492 159.54377628697102 162.56737635795616 162.56737635795616 159.36873363706536 161.4048807587492 161.4048807587492 161.5305057296291 161.43526768147967 161.4048807587492 161.9880401306059 161.4048807587492 159.36873363704217 161.4048807587492 161.43526767952426 161.4048807587492 161.4048807587492 159.36873363703808 163.4777054684273 161.4048807587492 161.4048807587492 161.4048807587492 161.5305057296291 163.49483520287959
161.4048807587492 161.4048807587492 161.4352676774106 161.4048807587492 161.4048807587492 161.4048807587492 161.4048807587492 159.54377628679686 162.56737635795616 162.56737635795616 159.36873363703762 161.4048807587492 161.4048807587492 161.5305057296291 161.43526767741105 161.4048807587492 161.9880401297487 161.4048807587492 159.36873363703762 161.4048807587492 161.4352676774106 161.4048807587492 161.4048807587492 159.36873363703762 163.4777054684273 161.4048807587492 161.4048807587492 161.4048807587492 161.5305057296291 163.49483520287959
161.4048807587492 161.4048807587492 161.4352676774106 161.4048807587492 161.4048807587492 161.4048807587492 161.4048807587492 159.54377628679686 162.56737635795616 162.56737635795616 159.36873363703762 161.4048807587492 161.4048807587492 161.5305057296291 161.4352676774106 161.4048807587492 161.9880401297487 161.4048807587492 159.36873363703762 161.4048807587492 161.4352676774106 161.4048807587492 161.4048807587492 159.36873363703762 163.4777054684273 161.4048807587492 161.4048807587492 161.4048807587492 161.5305057296291 163.49483520287959
161.4048807587492 161.4048807587492 161.4352676774106 161.4048807587492 161.4048807587492 161.4048807587492 161.4048807587492 159.54377628679686 162.56737635795616 162.56737635795616 159.36873363703762 161.4048807587492 161.4048807587492 161.5305057296291 161.4352676774106 161.4048807587492 161.9880401297487 161.4048807587492 159.36873363703762 161.4048807587492 161.4352676774106 161.4048807587492 161.4048807587492 159.36873363703762 163.4777054684273 161.4048807587492 161.4048807587492 161.4048807587492 161.5305057296291 163.49483520287959
200000.0 200000.0 200000.0 200000.0 200000.0 200000.0 200000.0 200000.0 200000.0 200000.0 200000.0 200000.0 200000.0 200000.0 200000.0 200000.0 200000.0 200000.0 200000.0 200000.0 200000.0 200000.0 200000.0 200000.0 200000.0 200000.0 200000.0 200000.0 200000.0 200000.0
