204601444.16461623 454671.22364122793 104968.72777555959 3525974.300456478 9390138.495717352 13143298188.174877 353126.3975642825 48669398.37145319 1304768.369471751 299432.1665819136 69220.86617861161 108123.53812497234 119098.83131131495 3203975886.050925 2719418.0190560836 10602166.561504368 84230407.30339465 188929.7060382694 29925142.887801353 6795686.928755604 21231807.144474823 113256872.49440028 4444035.753050196 247485875.55143434 94281.02950880973 145145.0608169671 2304550.8616291448 159219452.86364427 449896.73395476 170684.20911488222
1767395.530022731 454671.22364122793 104968.72777555959 351371.7088849962 90152.7797245635 31354475.050059713 58120.25310659102 4388654.829753582 1097745.4466929527 223035.84256504843 69220.86617861161 108123.53812497234 71493.65947606252 7373664.297791513 184004.02118747478 94758.93929731818 12855055.151977554 188929.7060382694 778808.3371393352 6795686.928755604 109407.86827332135 193095.30245819903 4444035.753050196 116101.22975515814 94281.02950880973 125845.3645620962 375178.98770734883 159219452.86364427 449896.73395476 170684.20911488222
135432.7519177583 146711.6922785527 104968.72777555959 91918.63326872546 90152.7797245635 92129.40499603885 58120.25310659102 1033118.6529475132 73954.76168554531 223035.84256504843 69220.86617861161 108123.53812497234 71493.65947606252 128141.72699421117 144243.13788174748 94758.93929731818 118781.68248015207 138452.9855069357 778808.3371393352 93120.60457953796 67335.09666386986 193095.30245819903 4444035.753050196 116101.22975515814 94281.02950880973 119927.30005191396 99677.2870617669 112093.03852188514 95598.87104080209 117705.89145731262
135432.7519177583 128762.91094796987 88110.2938700032 91918.63326872546 90152.7797245635 92129.40499603885 58120.25310659102 88623.28177324732 43044.906365537885 122521.04671557885 69220.86617861161 108123.53812497234 71493.65947606252 128141.72699421117 107334.41600721423 94758.93929731818 118781.68248015207 66544.7412797657 144775.129177568 93120.60457953796 67335.09666386986 157528.6599316917 150733.47728825346 116101.22975515814 74296.66183544941 119927.30005191396 99677.2870617669 112093.03852188514 89158.71700769155 89945.5894255985
128155.11992429887 78910.41109837942 88110.2938700032 78015.22282378993 90152.7797245635 92129.40499603885 58120.25310659102 88623.28177324732 43044.906365537885 122521.04671557885 69220.86617861161 105290.06801944804 71493.65947606252 113319.61052449094 82447.57381608972 94758.93929731818 118781.68248015207 66544.7412797657 141167.7454564577 77311.63353440101 67335.09666386986 95631.99951676234 77659.38060824097 77483.01426640342 74296.66183544941 84802.45542681443 81488.37787031695 94796.79397991244 73121.49148065165 83102.55358167447
81090.47524953983 78910.41109837942 83617.50683208922 75075.0751969159 90152.7797245635 92129.40499603885 58120.25310659102 77873.99501132067 43044.906365537885 75088.47315797981 69220.86617861161 70585.10572666339 71493.65947606252 94374.21452138307 82447.57381608972 83492.79170633841 71228.5492379404 66544.7412797657 76633.10788380742 68985.16625732022 61983.31185609998 95631.99951676234 69817.5328870577 73527.25966018722 74296.66183544941 84802.45542681443 81488.37787031695 88089.03941520384 73121.49148065165 68428.5720943477
81090.47524953983 78910.41109837942 79945.27396326313 68351.94741422303 57428.702893361195 75277.29080664372 58120.25310659102 71180.13191161952 43044.906365537885 72643.41850953792 53549.48450273893 70585.10572666339 71493.65947606252 80626.93257165207 68872.80394970984 78777.48067075084 71228.5492379404 66544.7412797657 76633.10788380742 68985.16625732022 61983.31185609998 94910.85519772122 69817.5328870577 73527.25966018722 74296.66183544941 45079.975398906325 81488.37787031695 66427.27976400746 68797.78294364802 68428.5720943477
81090.47524953983 78910.41109837942 79945.27396326313 68351.94741422303 57428.702893361195 42780.06769423436 58120.25310659102 67488.0720789448 43044.906365537885 57869.91501004111 53549.48450273893 67376.10974923582 71493.65947606252 60150.37858611688 68872.80394970984 78777.48067075084 57114.51927283118 66544.7412797657 47109.41829247155 68985.16625732022 61983.31185609998 67282.36876705149 49230.800208319175 73527.25966018722 72701.32362456233 45079.975398906325 57200.27627498751 66427.27976400746 53236.81363219878 68428.5720943477
64905.348466160016 52588.717333521054 42068.83663918067 68351.94741422303 43102.15170839096 42780.06769423436 58120.25310659102 40570.69365727147 43044.906365537885 38752.93295143266 51293.01273201149 38454.345209775965 63476.62673605378 48052.4860069447 67317.11470364427 69570.16185486256 57114.51927283118 28930.669833437612 47109.41829247155 67725.01754808631 47914.44885041594 33464.65969504278 45995.60710206307 65427.30262255577 48693.38526954833 44986.85388215922 50761.10789686767 64218.2914405082 36261.90908136872 52575.85973914077
50112.76729027891 39353.89870641695 42068.83663918067 28971.035426985763 36320.65487268406 25899.587509562087 43606.506073120705 40195.00492065561 20307.141584789348 38752.93295143266 39807.553813454164 38454.345209775965 40558.678507067794 23393.17006443984 39037.937749196535 55512.845685840955 43115.93061874533 27797.485105364012 32579.17755162638 43292.899123577874 47055.892578376384 30921.366735520784 25888.62402920838 40425.970744820195 37126.79384931199 28537.559483455996 32209.146756218208 33456.03348761589 28817.43193425732 52575.85973914077
30246.405671638524 19872.804707068513 21465.43225504086 24597.95446006726 18967.922575214103 13632.034816646685 29494.867193613878 9957.815362107334 14356.273169385322 33349.17060537719 35967.633892512684 14663.96107869245 20923.82865559404 14316.18338357691 26013.567875510445 29717.68116243951 21343.052904723383 20928.374196517318 21045.32639715814 19697.94083426116 34493.28467760609 20302.34290736927 17008.00679847683 23219.189449586756 16915.7203911464 20197.662001179793 12831.739487572866 13223.405482782551 28817.43193425732 28849.43370266276
8583.791008086224 3977.400707679899 10122.684471162484 7138.576748072355 4137.8192735108305 1821.5492402461414 4576.192689560449 4483.422441587285 3500.0131696018916 9593.252159222297 5933.615912342628 4455.46701757024 10617.211711491887 4709.847317797272 9773.401493349342 11269.385129086171 4824.049033344272 6236.012671264944 6066.673034255814 5444.502962466283 5849.192199884634 5768.396716205927 3684.4040538119907 6597.702115303238 6252.577878133306 5325.90974703421 5708.146664985706 5071.686038757773 6291.85651780514 9890.38665829305
355.5310564230351 123.0726337925849 336.40361626518575 88.05960845642318 32.26778562645404 3.269370851098074 13.465944715519583 29.00399651307731 16.697982977890263 268.0116123063601 54.92420623807567 12.22139678214586 141.0460295774596 87.15751314364616 147.80544596511862 715.3355020294161 65.91288587136177 49.769670072935696 95.10466670485181 167.38303516748408 410.6380341041445 80.81597014926717 31.191373562224896 435.6480266222161 23.394690377795882 21.16047683699213 41.380757528973845 28.666603212599114 64.53450315068562 756.488376077546
3.5257795616416843e-07 4.210187398712151e-08 4.6304891725412745e-06 1e-08 1.5482271464861697e-08 1e-08 1.72791487784707e-08 3.25013616020442e-08 1e-08 5.183550626952638e-06 5.13720124217798e-08 1e-08 7.074797281347855e-07 1.905171984617482e-07 5.338240498531377e-07 1.4826168182935362e-05 1.4178243645801558e-07 4.05398168368265e-08 7.625453690707218e-08 6.837871637799253e-07 1.2922078383326152e-05 3.6729773000843124e-08 3.821168093054439e-08 4.885618011485349e-06 1e-08 1.0141320672119036e-08 1.3105250218359288e-08 2.2308029201667523e-08 1.2689656614384148e-07 3.335724670705531e-06
1e-08 1e-08 1e-08 1e-08 1e-08 1e-08 1e-08 1e-08 1e-08 1e-08 1e-08 1e-08 1e-08 1e-08 1e-08 1e-08 1e-08 1e-08 1e-08 1e-08 1e-08 1e-08 1e-08 1e-08 1e-08 1e-08 1e-08 1e-08 1e-08 1e-08
1e-08 1e-08 1e-08 1e-08 1e-08 1e-08 1e-08 1e-08 1e-08 1e-08 1e-08 1e-08 1e-08 1e-08 1e-08 1e-08 1e-08 1e-08 1e-08 1e-08 1e-08 1e-08 1e-08 1e-08 1e-08 1e-08 1e-08 1e-08 1e-08 1e-08
323400.0 309300.0 334200.0 301300.0 308100.0 292000.0 302750.0 308700.0 296550.0 343650.0 311300.0 287550.0 323950.0 319650.0 324250.0 347200.0 316850.0 310950.0 313650.0 326750.0 345250.0 310400.0 307150.0 338450.0 296900.0 301850.0 303850.0 305600.0 312950.0 342400.0
