285.600204444313 157.80732653703444 136.47060021263815 125.99179321441125 205.56074868173482 189.07562368182425 165.57097765913932 228.18777796259837 186.96270621094482 164.1339474045012 166.22465427043744 211.6495674642665 150.5900522686061 203.97257684543547 282.95432849037206 247.72333203704466 196.24652880083795 245.8065693890585 146.3972641627979 162.13069279685442 241.39938763971622 202.5634549595111 246.30574915710667 222.14175766354856 166.2595537162797 198.95357612488897 214.5053564181585 220.97781660863302 262.75123345095153 201.42922059709053
276.56830057178286 135.62813893505927 136.47060021263815 125.99179321441125 205.56074868173482 189.07562368182425 165.57097765913932 228.18777796259837 186.96270621094482 164.1339474045012 166.22465427043744 170.9412944583296 150.5900522686061 203.97257684543547 282.95432849037206 247.72333203704466 196.24652880083795 240.83115391422552 146.3972641627979 162.13069279685442 241.39938763971622 177.68856433527526 201.33498926251787 208.56543794117488 166.2595537162797 195.88040255097485 211.53673093616362 220.97781660863302 261.26051643586015 161.57940067926756
185.2705720869153 135.62813893505927 129.63177447806765 101.24523632726459 188.48327469508467 119.95774130903328 165.57097765913932 145.10365143744457 153.3454716993624 143.43887842642607 166.22465427043744 158.3179506431079 122.3524366246179 203.97257684543547 262.0123933084028 166.19397264736972 114.6502061366823 175.58539506819488 146.3972641627979 144.27520930697938 158.27911525781929 177.68856433527526 165.12855874971274 156.70515707364893 166.2595537162797 169.34175467104842 125.64571854145197 220.97781660863302 261.26051643586015 115.7484987823077
185.2705720869153 135.62813893505927 122.93528613899116 99.6678573023355 186.8889299090115 119.95774130903328 145.58380523624874 136.76649283084453 149.3659426665663 143.43887842642607 166.22465427043744 132.17369899650066 108.24297829395618 114.50463870512749 201.23723586596861 150.12735699317454 114.6502061366823 175.58539506819488 146.3972641627979 144.27520930697938 158.27911525781929 130.68296374490683 115.20936317498354 127.65169873608374 166.2595537162797 164.950286877679 90.92398472233026 189.68780197417482 174.28404589092588 115.7484987823077
109.37542123106368 105.71073127715363 115.62961091485477 99.6678573023355 99.53017372890554 119.95774130903328 110.8372917677425 114.86117318929519 113.29641009173884 106.38349011033961 71.24007725737829 104.72429076729759 90.17490173931901 114.50463870512749 128.21788216490904 149.79580203572687 114.6502061366823 125.10442539866062 131.23261938526048 96.2453980444975 129.15047771320678 130.68296374490683 85.99377426408591 114.94274272895154 137.8755849886279 138.15233461995558 90.92398472233026 120.14858778990356 92.93899963241165 115.7484987823077
85.03616592012258 70.45224624285584 64.48785507213415 84.9943044675997 92.44246211458449 54.21325458323554 110.8372917677425 73.78840634305652 87.23066917084225 77.25110921788564 71.24007725737829 69.19439196974236 88.42166218819511 86.08312530815238 92.97259669391678 97.01076515428667 54.783016580997355 56.74483984420749 82.1406730955332 68.4268881210728 75.04733296923087 86.7725919784807 69.16601836070959 76.71071874440486 106.83557830595555 69.12123627575238 69.11830091933234 106.69014811121451 68.88411821832688 65.05145555884565
62.717498653246366 57.70777539136998 60.9873418242787 64.72087609766868 77.97015791869762 54.21325458323554 67.16055539518902 41.916672583948184 73.63754469795367 71.48737245951543 67.4662942585037 66.36940429855622 76.17053001063869 64.73269602268101 68.34796793249643 76.30017744138468 52.12517658891784 56.74483984420749 67.73467552942793 47.99871174582927 64.87099049735752 52.65636998493255 51.81109175842312 68.29975898825614 72.69581054973241 66.12523297368443 36.24788488840409 60.24364737349333 51.37332712310126 57.71055861725836
48.986723939443436 47.76488186115421 47.61244793067817 43.72355198266041 46.72735981289088 37.2970220950599 60.40549744052851 41.39577683789139 43.9160555278504 45.98617114141416 47.2604055206873 51.88883583535153 47.58231354236523 40.487737768673924 56.39353425546824 49.07749003100707 44.0241527524347 45.69783848039083 46.50628627915421 38.707779103174744 46.37213544252154 40.486159735874026 35.355336742894224 58.30817659596278 44.609580710730825 54.90006575168945 36.24788488840409 49.584707152806914 47.62607090633401 34.93394876859543
37.531713122440124 33.15210050232736 30.804583229342143 35.03786120284758 29.02896963107628 30.881873820535475 24.848445418725078 30.788617428536554 33.635632175948786 25.951904731487957 36.25454882123495 31.020324198246044 29.560406839119196 34.46812015291448 42.22717339500082 43.339097247961035 28.235368518111954 35.1892313806552 32.81381336417121 26.83040226077469 39.91588864524988 26.9764792807689 34.202170917284775 31.318643500618464 30.678000766487003 38.78192080425197 35.12014767956475 40.16221333758517 33.73270725183079 29.261204752924414
25.882277319502236 27.967446845235372 27.877138260108268 25.944547757057762 24.573498510697164 26.433173918966986 24.830038183273246 25.948242946787786 26.444426590340072 25.790518861225564 26.918908918818715 26.65845251575047 26.720696450590367 24.80531911469052 26.418456414957745 29.257715928908056 26.46517540204877 30.040706955044925 28.15855408577704 23.898013862064317 30.589564251554066 26.143964711292256 29.968825195017416 26.90400099936619 26.788358851345265 27.029152013360545 27.615341494351014 25.566169931001923 26.49123420730598 25.814670933658817
11.982846791487873 21.095381740583207 22.857568739694216 21.763265691611423 21.312620158282016 21.906243262047383 22.393534204893285 19.3727418721935 22.929635646705265 22.483808440218354 22.1470193017592 22.055154890679205 22.731805573199154 21.1971726401448 22.562899618872507 22.52169233541963 22.436195504569923 23.526343369485858 21.19127994265591 14.815921997334499 23.575935174837696 16.66016714776947 22.138986669972155 6.291539373475416 22.315145604300824 22.970256320294084 23.195319044114967 22.568233842044947 22.321311893232178 15.867750277326877
8.273951909126481 13.808233148846057 20.42249502288405 5.523466100250744 20.179363746099853 14.554673070961826 20.32220300541576 2.849516712066361 9.478025734228368 2.4030411157900744 12.604779279329023 20.32851581199543 6.527183335109839 20.13238896054645 7.70890175730915 18.078864282369068 8.674567553615361 9.846447997420682 6.846598108673561 1.8920648177629573 21.63006291985471 4.637474977288775 14.921805016254439 1.8817997330233993 2.211448000672817 11.08759554443509 17.838043454343733 7.497025979828095 3.774159128969586 4.297867710312175
1.6592102631741454 0.04225288162956531 10.793612801296604 0.07541219899439966 20.11335755100231 0.3884973002093375 20.038304034408384 0.03283911872472345 0.024030590547226893 0.04069592152586665 0.5285021924048579 0.20495100388916399 0.31610429466627465 20.003875637937654 0.05774712068000554 0.6958788489832841 0.3734255503911754 0.7293209044557898 0.09292795223177563 0.041269711939776244 0.7388630106149776 0.1694251070973678 1.114370052172717 0.03234418340480261 0.018936372076950647 1.3335873434434689 0.4754492272868447 0.013135120796505362 1.016548577387539 0.05553365832270174
0.6241818458222497 0.00011887868959092884 0.012866991517739734 0.0006217850439043104 20.11243720626976 0.0007193854726210702 0.11948290191321576 0.00028408282810232777 2.0034781300637405e-07 0.0001835871059938654 0.0008295987047404196 0.001084749619167269 0.0007024640183317388 20.001828701166687 0.0002238342592590925 0.002282124994962942 0.0012331447690030473 0.0006580627143648599 0.00043445898177196796 0.0002988413439197757 0.004694900870390484 0.000866139969048163 0.000179945465106357 0.00029195412435001344 0.0005814240867039189 1.1691780871699393 0.0016043452149006043 2.1056166588095948e-07 0.9953433464049795 0.0002839187509380281
0.624099320509913 1.8793048184306826e-07 4.239211875756155e-06 3.186355570505839e-07 20.112436585799287 7.053117769828532e-07 4.03566652948939e-05 3.034203928109491e-07 1e-08 1.6457670426461846e-07 4.802084276889218e-07 7.844544143154053e-07 1.18277057481464e-06 20.001827741923535 2.032418251474155e-07 3.1140648388827685e-06 8.001827609405154e-07 1e-08 2.639071681187488e-07 1.2720579434244428e-07 2.2943938802200137e-06 9.110724477068288e-07 1e-08 2.4589394342910964e-07 1e-08 1.169155692278082 1.703057478152914e-06 1e-08 0.9949592190114345 6.129403118393384e-08
0.6240993205096856 1e-08 1e-08 1e-08 20.112436585798605 1e-08 1e-08 1e-08 1e-08 1e-08 1e-08 1e-08 1e-08 20.001827741922853 1e-08 1e-08 1e-08 1e-08 1e-08 1e-08 1e-08 1e-08 1e-08 1e-08 1e-08 1.1691556922776272 1e-08 1e-08 0.9949590570934106 1e-08
200000.0 139550.0 161300.0 145300.0 200000.0 150450.0 178150.0 144450.0 87650.0 140600.0 149150.0 149500.0 146650.0 200000.0 140600.0 155150.0 149900.0 107800.0 137950.0 139850.0 157200.0 149650.0 106350.0 142850.0 107150.0 200000.0 154450.0 86650.0 200000.0 136850.0
