807.1161073167113 627.0501067144578 571.6491299161735 744.712002788202 764.2535169072717 695.9701636699938 698.3773405110105 474.5737595264518 549.697786669446 741.6033953514616 597.3382152829522 415.2110455408474 691.8893753145503 517.3400138281977 773.7642643995105 537.9946967365386 459.5654291877054 824.1913101057758 730.8658643710519 651.0481852088624 599.0855716172368 533.2745586841284 691.8236461856582 728.8334635978276 654.4369506501289 544.8580165814019 878.3324598406084 681.8426595872352 595.5775244287211 514.5357186816832
779.0725644111571 627.0501067144578 571.6491299161735 468.92508070976373 676.9874660573732 542.3052419752285 463.53196736846166 474.5737595264518 549.697786669446 460.23564204700506 597.3382152829522 415.2110455408474 628.884203427026 517.3400138281977 639.1738782146849 537.9946967365386 459.5654291877054 645.2594455023718 730.8658643710519 437.9780515116645 599.0855716172368 533.2745586841284 691.8236461856582 728.2921563189252 437.72410246956133 544.8580165814019 878.3324598406084 681.8426595872352 536.5864175956731 514.5357186816832
446.95790926680866 480.6854915281433 556.1174643363915 468.92508070976373 434.7408123940272 503.02406849122053 463.53196736846166 474.5737595264518 549.697786669446 434.6508289670651 407.79498463414575 415.2110455408474 448.75481736947086 431.09103404598955 475.25685608578533 537.9946967365386 459.5654291877054 645.2594455023718 488.8039319262539 437.9780515116645 599.0855716172368 533.2745586841284 424.9859115539389 576.074367358633 437.72410246956133 428.4682346094187 576.3377235664216 488.55707193928356 526.4626208298364 466.4823536020326
446.95790926680866 392.5401122629132 481.4839755836779 456.05805934372256 414.587563891886 481.9427837140647 426.7446365963697 369.20046855804503 337.0794963205976 433.9990006054527 407.79498463414575 415.2110455408474 362.31882800765925 431.09103404598955 475.25685608578533 437.26273958587717 459.5654291877054 452.28399508634084 488.8039319262539 436.8145148820822 486.77256770416307 485.42184877712043 417.51290000215704 553.0186830961675 434.1218682919625 428.4682346094187 479.85945469327726 339.9559843177981 320.43324750738975 433.0930081535007
392.0908978891034 392.5401122629132 396.3455467193662 404.8954808136523 406.2081134998243 432.59397963155743 381.82188441718563 347.27207171591544 337.0794963205976 412.27267711409104 407.79498463414575 342.90839885865626 362.31882800765925 396.69279197841024 418.99322303674717 397.41994774470186 316.6072362103241 375.3405117561615 384.52089771023657 330.4857467362526 368.97378710429894 418.3664116906798 387.8713621541301 453.6349281184139 365.34730073591254 428.4682346094187 432.1299817601821 339.9559843177981 320.43324750738975 379.22658533420554
371.35672121504194 292.86208590479146 279.73042929357007 346.0960693137422 295.3601034175217 354.190604239589 284.5516769895057 301.30450369227947 333.06995294947046 276.2643627366415 291.4996226281405 265.4162878068728 362.31882800765925 353.1307352786457 315.64863945944717 277.6540469944948 298.92925269079524 331.3916134614674 382.88710257067305 262.9282668685537 339.5599435000554 342.18173461560946 301.05916935043297 264.95118173518904 342.0291715751614 405.44222483834164 306.69699310943906 322.24597539414026 275.1912404866621 328.18200595290136
266.92297439206277 262.16230633909663 254.22006176391596 253.4048154353968 260.155449879564 257.87089867114855 259.65561028367983 233.7643373741812 248.33361987548642 256.3527405842915 256.3254665120694 253.45057729477867 240.50600041634289 281.0302687765934 270.42160537199925 258.38718697688546 241.90215270467252 287.29674482350583 274.1267289002162 237.26696827194564 258.56810686011113 262.52938128386086 255.46410790296204 254.5915732665312 276.7469832549723 242.72253088826528 303.0325719897919 251.72594322771647 240.53219895747543 271.70026949069097
233.65718083804813 231.49330626822575 237.653194787963 236.6783189295561 239.42400724965137 239.84950756786247 235.34167720061032 231.4023095356356 233.50479223188722 241.10642425026072 234.78238706538195 232.7225041842289 233.98641936272725 242.5588350954249 243.33733563921578 238.22954270489072 234.33677948262493 241.14008677897664 238.73899703109373 235.49784065177982 238.4760108098808 238.05907876363108 233.58155196458165 233.87728400116794 236.96920254845463 239.4490538298237 246.13955535128798 233.37203025711915 231.02249556807692 236.28081875168982
229.4145607954406 229.85861287532953 229.6894161040691 230.15056474659013 230.3670521156737 229.90953590579147 229.86520995108822 229.3668379577698 229.63782765544875 229.87883817362217 229.66142307815426 229.422073423033 229.90237348082883 230.7469282250613 229.8106752002941 229.71953504483508 229.449196713912 229.75893229204985 229.58570880047682 229.81467955159815 230.17188815188865 231.25492779011392 229.67519590599932 229.43039789541763 230.38733165418262 229.9985522271886 230.16269185692954 229.61592214119173 229.5273588332825 230.78412264120698
229.28639201167016 229.2890741651281 229.29053517916464 229.29249345158132 229.29901992597797 229.2915063730843 229.28717668720583 229.28620813681846 229.28542179251463 229.29827154726308 229.28963928283156 229.28537177364888 229.28800423512666 229.29336668858969 229.29069523621456 229.28653892922011 229.28740880828082 229.28952159413348 229.2864140871966 229.29184962774843 229.28955749157058 229.30718059431274 229.2888649114202 229.28754389841833 229.2910796041101 229.2870924789122 229.29388175237727 229.2859188058237 229.28571218624347 229.3015611479941
229.28438300443395 229.28438415217852 229.2843844559111 229.2843836840907 229.2843854409889 229.28438866478245 229.2843837138048 229.28438279679722 229.28438284943422 229.28439496520014 229.284383460943 229.28438282889692 229.28438312748676 229.2843859426348 229.28438507730152 229.28438352255898 229.2843841836775 229.2843831920336 229.28438384722676 229.28438467613978 229.28438337421403 229.28439118959022 229.28438407636213 229.2843839305806 229.2843855107626 229.28438384940227 229.28438405898032 229.2843837450382 229.2843828873397 229.28438578581836
229.2843827084871 229.28438270848756 229.28438270848756 229.28438270848756 229.28438270848892 229.28438270848892 229.28438270848756 229.2843827084871 229.2843827084871 229.2843827085062 229.284382708488 229.2843827084871 229.2843827084871 229.28438270849028 229.28438270849438 229.28438270848983 229.2843827084912 229.2843827084871 229.28438270848892 229.28438270849074 229.2843827084871 229.28438270850756 229.28438270849165 229.2843827084921 229.28438270848756 229.28438270848937 229.2843827084871 229.28438270848847 229.2843827084871 229.28438270848756
229.2843827084871 229.2843827084871 229.2843827084871 229.2843827084871 229.2843827084871 229.2843827084871 229.2843827084871 229.2843827084871 229.2843827084871 229.2843827084871 229.2843827084871 229.2843827084871 229.2843827084871 229.2843827084871 229.2843827084871 229.2843827084871 229.2843827084871 229.2843827084871 229.2843827084871 229.2843827084871 229.2843827084871 229.2843827084871 229.2843827084871 229.2843827084871 229.2843827084871 229.2843827084871 229.2843827084871 229.2843827084871 229.2843827084871 229.2843827084871
229.2843827084871 229.2843827084871 229.2843827084871 229.2843827084871 229.2843827084871 229.2843827084871 229.2843827084871 229.2843827084871 229.2843827084871 229.2843827084871 229.2843827084871 229.2843827084871 229.2843827084871 229.2843827084871 229.2843827084871 229.2843827084871 229.2843827084871 229.2843827084871 229.2843827084871 229.2843827084871 229.2843827084871 229.2843827084871 229.2843827084871 229.2843827084871 229.2843827084871 229.2843827084871 229.2843827084871 229.2843827084871 229.2843827084871 229.2843827084871
229.2843827084871 229.2843827084871 229.2843827084871 229.2843827084871 229.2843827084871 229.2843827084871 229.2843827084871 229.2843827084871 229.2843827084871 229.2843827084871 229.2843827084871 229.2843827084871 229.2843827084871 229.2843827084871 229.2843827084871 229.2843827084871 229.2843827084871 229.2843827084871 229.2843827084871 229.2843827084871 229.2843827084871 229.2843827084871 229.2843827084871 229.2843827084871 229.2843827084871 229.2843827084871 229.2843827084871 229.2843827084871 229.2843827084871 229.2843827084871
229.2843827084871 229.2843827084871 229.2843827084871 229.2843827084871 229.2843827084871 229.2843827084871 229.2843827084871 229.2843827084871 229.2843827084871 229.2843827084871 229.2843827084871 229.2843827084871 229.2843827084871 229.2843827084871 229.2843827084871 229.2843827084871 229.2843827084871 229.2843827084871 229.2843827084871 229.2843827084871 229.2843827084871 229.2843827084871 229.2843827084871 229.2843827084871 229.2843827084871 229.2843827084871 229.2843827084871 229.2843827084871 229.2843827084871 229.2843827084871
200000.0 200000.0 200000.0 200000.0 200000.0 200000.0 200000.0 200000.0 200000.0 200000.0 200000.0 200000.0 200000.0 200000.0 200000.0 200000.0 200000.0 200000.0 200000.0 200000.0 200000.0 200000.0 200000.0 200000.0 200000.0 200000.0 200000.0 200000.0 200000.0 200000.0
