1720.5702803049726 1249.1425956675807 1181.600944658694 1442.387340816259 1261.1231050853803 1563.461539365796 1079.0937882178227 1776.2167011386464 1248.6476488550352 1333.312915298622 857.1366935980814 993.05676513865 1247.0861359744667 1441.9218114803498 1793.613081431109 1453.0471582088958 1125.0020093091316 1397.8494005385355 1201.7883941711898 1516.3579743825976 1389.027246002408 1423.2736600519765 1484.6511000757619 1456.0628425817613 1752.4641494828438 1316.1457655480126 1460.0940563838276 1331.9399954360028 1328.259495019563 1292.9134644379405
1166.3104342245765 1249.1425956675807 1181.600944658694 1442.387340816259 695.830807501744 1507.7960745570517 1078.2783574896098 1048.4196192664676 1209.627320262549 1333.312915298622 857.1366935980814 993.05676513865 1247.0861359744667 1123.1873127977624 1076.1798162163132 1107.9156084363885 1125.0020093091316 1210.1526282642835 1201.7883941711898 1473.8974961946542 1135.6266276967076 1290.0412288931084 1264.8405261833868 1456.0628425817613 1567.1780964521622 1172.998067431853 937.2055773693905 1186.153916732973 1079.5207099077543 1292.9134644379405
741.5344488574751 946.308363563126 799.4179443765888 876.5829136520983 653.3410993599869 988.4886781339828 624.1522386680626 895.256614543915 464.9675179098399 679.5471874235677 700.4479559982992 877.8984998072783 946.7244183864614 945.6497421480021 1017.6445430127173 675.1433418790116 787.5947058298052 727.7450543733516 1097.6288829277964 945.4250609513488 951.1636441983869 747.2913610791848 985.3507812626221 756.5062336441151 755.5165150184976 961.547939359174 750.9228560015063 895.7344130128831 955.4734389200607 855.9459435282388
605.935285058169 604.0949082465295 741.8025104925355 671.3711676326934 538.6167857044989 651.8391444839458 556.1968831762069 640.522983250391 464.9675179098399 679.5471874235677 610.7960059075772 715.7375561035501 830.7271401975363 565.08890028219 589.1159824923202 575.184510859181 635.5894648692938 464.08277040927715 623.7473787590952 575.0655241086824 473.4171655674172 648.0798289947256 707.8346499753052 661.0050504413643 701.9229284953644 570.9565794354271 590.4500043256621 602.1230396278515 596.2031776693179 624.3775728226683
472.0649920393689 472.2584190299881 498.0657828377425 588.4068337014537 433.245691547927 547.6717308330935 489.18304856981376 391.3732212807445 443.78657192667924 571.3579592165638 448.22808622022467 544.5422307150966 510.1289188745577 484.91985380648157 518.2731221707209 484.8677233500707 492.5151072029812 429.26006408250896 562.809495162338 466.94133251346057 461.1912436437415 534.2998756129587 450.82335667227835 463.4576190663338 340.7241448914674 452.60532608463564 550.3279528359917 472.0894783360154 414.99745068088805 467.1101119605273
355.83380924538596 338.0613904168631 364.9672641441839 369.79343890131076 356.9023666752187 396.49137283895425 397.68073172958384 355.32955228187575 364.89679285600005 337.042279292506 364.05458847068667 386.1123379497353 355.66648124436233 363.89171271665055 340.3102065445469 323.5448187377269 365.6780731382469 331.4501109579628 379.72164528324856 376.98792521889936 353.8444447344709 315.5723666569593 326.5335419688172 354.7861906774792 315.6032386389684 321.93037338811155 321.2128200039124 386.7787553011435 352.03609163058536 334.2345998022297
295.56007221045456 305.3355638923904 308.6690139691459 297.06226221381985 285.46035757509753 290.68177131107996 335.20103322105115 288.684401054571 294.19129722186244 283.0941971076081 299.70237734371494 307.3084682128592 272.1731190622909 287.98994357575793 293.6528443833986 266.98885199847155 313.8924281284035 282.2681412687357 300.88502797818046 271.89696515171363 285.674551353934 274.3206434912481 283.57325947902837 290.571620238964 271.2343800247563 286.63934806698944 288.4362132976803 321.12304226083825 285.2730612252062 269.6328273598724
266.36529227183064 262.82419804937354 275.3252334407375 270.93619292147105 271.0166550404547 262.8605434821379 285.50246291298345 263.00964539452843 263.5688825408747 257.710294386186 266.45277840201334 264.06262768900024 260.4404908465049 266.58712401514003 264.4502864406959 248.5198495577174 290.7173005550808 257.8773080739329 265.86427287034803 258.4732892849388 264.68851438410366 257.49037954183905 258.55604827958996 254.36782042332015 254.0789719130271 278.6873073398456 264.63224789761125 258.1189976300452 267.4077436448847 250.99094825608154
250.2568214438088 245.52345069571538 251.81213552463305 248.5223891325404 252.30846075940144 253.5242595899649 252.8252479170592 244.89766573880706 243.4925228423881 246.38071851914538 251.91463918946374 249.99543490953238 243.8164301283864 254.31479727090255 245.44864992216526 241.87479008672472 253.37789011971745 246.84739754698967 244.50651865801137 246.0749089768692 256.53083984511613 247.3384313484712 244.73273658838616 245.31147304106253 243.90401365730622 266.95785478854486 249.60801335645328 246.58852968370093 254.24346577216602 243.12858515277458
239.22507262422505 235.87875068212634 239.66572416922781 245.50713680786066 238.77440529831983 246.65808718170547 239.64956084975347 237.42707752953356 238.02359555640078 242.07835154238182 243.34206731315408 244.4667233011951 241.58696425321614 243.54279933680482 237.04879826976685 240.8323098985902 240.46224388256178 235.73188339345188 235.82481884063736 241.02876794252006 244.64885427039826 246.15050640777372 240.05619930923785 240.65187148601262 240.10574522939305 257.61425006622176 241.15808723567898 242.47669297241646 237.8266274260841 241.60292479632972
237.1171358484421 235.65492186972233 236.71469343098352 245.44839920980394 237.71921163590787 245.5788393100629 235.65510230099426 237.36837125278544 237.71920608800656 242.05806841747153 242.99941662089577 244.4329810902459 241.58249001087734 235.6552537849916 236.83040833479663 240.83013883616877 236.18300580643154 235.65492110544392 235.65492170764765 231.9581715895256 233.8030741941734 246.12612132222557 240.00434214702955 240.3509532223793 240.08285083341025 257.1879677049428 239.44184390623968 242.25108647845036 235.65499307034133 241.58249026444764
237.11700980483602 235.65492041127527 236.669647690092 245.4483983676023 237.71920278240623 245.57871450731227 235.65492041127573 237.36836966570309 237.71920278240623 242.05806823063222 242.9987865140797 244.43298018086534 241.58248998157933 235.65492041127618 236.83040329675305 240.83013882695013 236.18298385865273 235.65492041127527 235.65492041127527 231.9506390748511 233.6141670422553 246.1261209450513 240.004341900059 240.3495383851764 240.08285065416112 257.1838013527513 239.44179589730084 242.24981403373067 235.65492041127527 241.58248998157933
237.11700980483556 235.65492041127527 236.669562030645 245.44839836760184 237.71920278240623 245.57871450616676 235.65492041127527 237.36836966570309 237.71920278240623 242.05806823063222 242.99878649700076 244.43298018086534 241.58248998157933 235.65492041127527 236.8304032967526 240.83013882695013 236.18298385865273 235.65492041127527 235.65492041127527 231.95063763327698 233.6140715895067 246.1261209450513 240.004341900059 240.34953639554442 240.08285065416112 257.18378249916077 239.44179589730084 242.2498135931205 235.65492041127527 241.58248998157887
237.11700980483556 235.65492041127527 236.66956202832898 245.44839836760184 237.71920278240623 245.57871450616676 235.65492041127527 237.36836966570309 237.71920278240623 242.05806823063176 242.99878649700076 244.43298018086534 241.58248998157933 235.65492041127527 236.8304032967526 240.83013882695013 236.18298385865273 235.65492041127527 235.65492041127527 231.95063763325925 233.6140715771853 246.12612094505084 240.004341900059 240.34953639553896 240.08285065416112 257.1837824982317 239.44179589730084 242.2498135931205 235.65492041127527 241.58248998157887
237.11700980483556 235.65492041127527 236.66956202832898 245.44839836760184 237.71920278240623 245.57871450616676 235.65492041127527 237.36836966570309 237.71920278240623 242.05806823063176 242.99878649700076 244.43298018086534 241.58248998157887 235.65492041127527 236.8304032967526 240.83013882695013 236.18298385865273 235.65492041127527 235.65492041127527 231.95063763325925 233.6140715771853 246.12612094505084 240.004341900059 240.34953639553896 240.08285065416112 257.18378249823127 239.44179589730084 242.24981359312005 235.65492041127527 241.58248998157887
237.11700980483556 235.65492041127527 236.66956202832898 245.44839836760184 237.71920278240623 245.57871450616676 235.65492041127527 237.36836966570309 237.71920278240623 242.05806823063176 242.99878649700076 244.43298018086534 241.58248998157887 235.65492041127527 236.8304032967526 240.83013882695013 236.18298385865273 235.65492041127527 235.65492041127527 231.95063763325925 233.6140715771853 246.12612094505084 240.004341900059 240.34953639553896 240.08285065416112 257.18378249823127 239.44179589730084 242.24981359312005 235.65492041127527 241.58248998157887
1000000.0 1000000.0 1000000.0 1000000.0 1000000.0 1000000.0 1000000.0 1000000.0 1000000.0 1000000.0 1000000.0 1000000.0 1000000.0 1000000.0 1000000.0 1000000.0 1000000.0 1000000.0 1000000.0 1000000.0 1000000.0 1000000.0 1000000.0 1000000.0 1000000.0 1000000.0 1000000.0 1000000.0 1000000.0 1000000.0
