2240.3831785817797 3404.5454234468784 973.9860435019673 1904.9594797892505 1423.0043504092644 4208.000076038075 4348.78966570088 2200.368519158334 1005.9417096766715 790.1832197825856 630.6891202851625 3083.5593500620166 2248.4874326385116 588.148005041763 1967.6542455481172 1972.4887340110545 2871.9579246015155 1728.9564590365826 915.2416563273343 2455.539883452458 2485.1109300982957 1711.0357051598935 1959.2573868380523 791.0123246784178 2784.503192783198 1376.5758324793026 1980.2393959369956 2086.6768773972526 2064.062530420897 2749.904512836116
1573.21111863028 1291.5755343320802 507.10800193049613 1904.9594797892505 1423.0043504092644 2117.3354990078606 2842.837467635167 2039.4750782392412 745.1247168096554 790.1832197825856 630.6891202851625 1079.0899108897129 2088.888828032962 588.148005041763 1967.6542455481172 1972.4887340110545 2871.9579246015155 870.2828553451577 915.2416563273343 2455.539883452458 1288.6423255074903 1555.1428470968785 1959.2573868380523 223.43982509050852 1190.128898951269 1038.580625525648 1980.2393959369956 1471.2357942752126 1815.081032683146 2490.416047819474
1090.4051739047086 690.2750071852329 468.09637290105775 661.184313755243 1177.8387446223908 555.2406368405715 369.62696867562386 1495.1864869938502 745.1247168096554 745.5222514682869 479.8504424150258 948.1424778697983 1457.07757754979 314.1731965212972 351.864510937502 1972.4887340110545 600.4335851725397 870.2828553451577 517.5301241433496 953.2539904841371 1288.6423255074903 558.8170699699368 563.3672372126308 223.43982509050852 1190.128898951269 484.19653003327676 506.32541584707144 265.8805810118496 684.123900728609 1240.583493762415
379.234465625525 453.8337142796843 292.2070411673152 604.8161399245265 517.4582036673917 555.2406368405715 357.04951278318254 413.47036958422063 377.5476019103546 508.9561710435355 403.37596649129057 420.91392416117174 739.5699438548686 314.1731965212972 184.74753532615318 538.6993488245994 600.4335851725397 243.90191121262126 500.4129844571671 423.83364469108096 410.97459790406606 558.8170699699368 208.60773989974336 223.43982509050852 641.6280456145914 371.9633520310841 94.18459717065105 265.8805810118496 366.57909337135925 388.8914924826719
130.68685753621423 121.96588127504538 227.61715300700155 193.18976194614208 211.66875046909422 310.9831928584616 294.0203674010396 183.94481375100656 218.23582988577607 209.93482236287332 160.5098955886458 209.44061249280207 192.80795325362214 132.8175968351419 184.74753532615318 451.1225626271457 387.1752559631499 243.90191121262126 194.48124228445022 217.6444142888787 295.49016550369834 420.4260176890374 183.80075018799357 223.43982509050852 183.8100096109406 193.7211396160319 94.18459717065105 231.11418862858147 318.9748441892925 209.89136446054636
66.31819838149283 69.51886995935581 115.77687950587415 87.54149442579495 132.66198668176105 125.58298209455586 166.18423119373062 77.93942051872102 126.7218708478066 147.9343997801194 160.5098955886458 93.2201531503751 169.29328602939336 116.55418199394057 67.60093108922592 186.81315862239308 114.88788472589658 113.7582250256612 100.20293117809194 151.29070897962856 132.22040947297205 135.11635525801546 92.78474675205746 144.28673847370396 126.56123261338075 125.71533985202223 94.18459717065105 101.52866268463379 125.22128330699093 122.16286903762341
55.73393459198314 69.51886995935581 64.36269121879707 56.50817525461332 35.4436129144425 74.05172165131529 72.74235619573511 77.93942051872102 72.0002465707139 34.76621369802916 72.82130089553118 69.76234412192917 88.35675878901247 94.25714489642013 43.96980246544382 109.63769424144442 88.57379376723605 86.21683557941645 77.73271739359569 97.73910486809757 95.43568133680299 127.44182691050719 62.173668083458324 38.05282865195403 80.60566739089091 66.88445713474039 43.57868167565664 54.37381777963782 86.36386969244705 41.902703310037396
36.37843462305142 25.794012086905127 30.980833999198126 24.54574008738399 28.039958615318938 28.190952483259423 25.102624401349374 35.401491540882375 43.867956706964435 22.941621862771456 38.93834756555805 23.954189293681964 37.14564534117119 23.202506157473408 28.57589602230769 56.17760996101197 35.09403178996615 32.09486328025014 27.637198440404347 51.13732738979098 46.04898510529165 30.537451454121083 34.66292096155081 28.250464597961468 34.77565912774867 31.75701092764939 35.425952351634294 34.11921446179787 44.18820986545279 22.282367819020067
17.089188450521135 11.201965000266398 16.728169034435552 15.216549943151335 9.656888881552902 17.68188356818098 10.95117135264536 15.61212777286579 12.939133306214273 8.907319532859162 16.986076097171633 11.165388880719206 14.923985173565711 11.78647259136477 10.078468232049488 18.82697754996559 17.30671253068192 15.911665283584341 15.908032921919471 12.242194551952593 10.503235317992733 18.751289434541775 10.884613012910904 9.087256956595127 17.78840560453267 14.075038275056215 14.283415233129858 20.495145461680806 14.308061534227363 9.272743067076306
10.050965921551096 8.96269790057562 8.967649934220617 7.974021763472365 8.96046769669988 7.872768066380843 9.016992635243298 9.18941927783419 7.092656359672901 7.161876178882835 9.013793799406244 7.54227178186386 8.240489416127616 8.981229465227955 8.935565051964886 9.12699873688814 7.24347343552671 8.017171137184619 9.093337049109834 8.995955198302397 9.073670064218106 8.074260434338385 7.338651231809138 6.9272987400053125 9.322866235300978 8.430305305778575 8.934411656177872 9.206617944635468 9.040910964405839 8.940550860431813
7.398045584061379 8.916179099879571 8.916470649857445 7.214963378178425 8.916166284496967 7.5553602285761485 8.916201511824966 8.916466536706139 5.758544113938342 5.8555479711869225 8.916510986267213 6.250987943012376 6.477096950482974 8.916229834526405 8.916220085360806 8.916332520554533 6.150860351902736 6.416693066212588 8.916319737103436 8.91629466928623 8.91637817235079 6.40599686313692 5.509463097470757 5.7758184926666445 8.916914723960247 6.463944469763476 6.724736699143762 6.25502742059831 8.91636096973832 8.916130678159504
5.765751098969304 8.916101931529624 8.916101951729786 5.340804228831416 8.916101931058336 7.554122339313778 8.91610192847918 8.91610195169062 4.608320224067256 4.511852797610118 8.916101938794554 4.7379367963745835 4.860068240630994 8.916101935861832 8.916101933433367 8.91610195877405 4.664494904969388 4.8865580293403355 8.916101939087696 8.916101932581626 8.916101972661579 4.943833801019366 4.498133978755789 4.642786623059976 8.916101936923496 4.699054469430735 4.819197724772664 5.061651337175931 8.916101938201564 8.916101928281705
4.324249220134448 8.916101927781312 8.916101927781312 4.2396694994016 8.916101927781312 7.55412198467252 8.916101927781312 8.916101927781312 4.113733117230879 4.068171082196329 8.916101927781312 4.09252209497788 4.164357408144781 8.916101927781312 8.916101927781312 8.916101927781312 4.089475301581615 4.088994960594391 8.916101927781312 8.916101927781312 8.916101927781312 4.1588472154903116 4.060168920485523 4.123442760461501 8.916101927781312 4.121851995513396 4.103119044933521 4.185713916040868 8.916101927781312 8.916101927781312
4.0006718240306895 8.916101927781312 8.916101927781312 3.9997055358613807 8.916101927781312 7.5541219846671765 8.916101927781312 8.916101927781312 3.9952818324103987 3.9895355407686566 8.916101927781312 3.9909840169077597 4.003511470331375 8.916101927781312 8.916101927781312 8.916101927781312 3.992708692114377 3.991959362237367 8.916101927781312 8.916101927781312 8.916101927781312 3.9930039483389237 3.9883703120317477 3.991943745548383 8.916101927781312 3.9933128373286877 3.9923223566941033 3.9894808764496474 8.916101927781312 8.916101927781312
3.986635408870484 8.916101927781312 8.916101927781312 3.98661385567425 8.916101927781312 7.5541219846671765 8.916101927781312 8.916101927781312 3.9866596092610393 3.9865950303288287 8.916101927781312 3.98661998299724 3.9868835438323913 8.916101927781312 8.916101927781312 8.916101927781312 3.9866250397280396 3.9866191224945737 8.916101927781312 8.916101927781312 8.916101927781312 3.9865914881956996 3.986587996606488 3.986626522689903 8.916101927781312 3.986647288695849 3.986609091642663 3.986595150020946 8.916101927781312 8.916101927781312
3.986579130639143 8.916101927781312 8.916101927781312 3.986579117524741 8.916101927781312 7.5541219846671765 8.916101927781312 8.916101927781312 3.98657912864104 3.986579116595294 8.916101927781312 3.9865791156624937 3.986579146882889 8.916101927781312 8.916101927781312 8.916101927781312 3.986579118727093 3.9865791179673806 8.916101927781312 8.916101927781312 8.916101927781312 3.986579114476001 3.986579112904735 3.9865791403590265 8.916101927781312 3.9865791190424034 3.9865791201640377 3.9865791132122013 8.916101927781312 8.916101927781312
200000.0 200000.0 200000.0 200000.0 200000.0 200000.0 200000.0 200000.0 200000.0 200000.0 200000.0 200000.0 200000.0 200000.0 200000.0 200000.0 200000.0 200000.0 200000.0 200000.0 200000.0 200000.0 200000.0 200000.0 200000.0 200000.0 200000.0 200000.0 200000.0 200000.0
