325.75433319363015 267.17388599045444 289.5359415595692 348.6456028972252 301.19112390863984 286.64148401867624 320.40648264034826 192.20908199319615 313.00415529842894 284.3521175195556 325.0139794048887 323.89780758020515 328.2167922557637 270.0304882457692 323.1630788114055 267.2798531003382 334.21772160448336 340.8437137083977 279.9597620606921 310.8982424923736 327.19406716973185 279.71082342226305 284.47831127003974 299.4526192816527 318.463033078172 335.5110940721029 269.3749582283979 327.45278156721315 299.32801875353107 336.6053446267897
325.75433319363015 267.17388599045444 289.5359415595692 348.6456028972252 301.19112390863984 286.64148401867624 320.40648264034826 192.20908199319615 235.77243482764106 261.4366171845695 314.0807125224328 297.195640743917 304.13456376775684 270.0304882457692 323.1630788114055 267.2798531003382 295.33612811699277 340.8437137083977 279.9597620606921 268.6802434715412 322.9977436912627 279.71082342226305 284.47831127003974 299.4526192816527 278.97201496499383 335.5110940721029 267.56041996897306 275.16076665807987 299.32801875353107 307.52246626793453
273.18309141671534 267.17388599045444 289.5359415595692 316.4005692513824 301.19112390863984 263.0771449456756 320.40648264034826 192.20908199319615 235.77243482764106 261.4366171845695 270.80460542664764 231.830623384938 275.87022025236615 270.0304882457692 275.7715980856585 262.3491721459982 295.33612811699277 340.32998993656815 245.22033648046954 268.6802434715412 314.0538867099408 279.71082342226305 249.89156570143155 299.4526192816527 278.54811311751337 335.5110940721029 267.56041996897306 275.16076665807987 299.32801875353107 307.52246626793453
241.5485100880369 257.765292901709 287.4507288310042 290.80987767239094 239.7360804914572 225.03324713787015 292.1464837103174 192.20908199319615 213.94770523913223 261.4366171845695 250.04983233954044 231.830623384938 275.87022025236615 270.0304882457692 275.7715980856585 235.1686197299582 295.33612811699277 273.09247376117037 245.22033648046954 265.7139403266658 277.29384238437956 279.71082342226305 249.89156570143155 267.8031357288403 248.80402308786302 270.8905635890003 220.22472687588584 271.807068043202 284.31043454254177 271.83853523307766
241.5485100880369 213.8977243513723 234.9513828702909 227.56418592817613 205.8299800962667 225.03324713787015 242.99069464101808 192.20908199319615 213.0675234884443 241.25306244752574 225.26870396914364 227.08575336302965 219.6884123778476 232.81693319123133 261.2934294999511 209.75699857111908 235.59669792487784 231.12923797914073 234.50376092915667 250.34797461240237 200.30769339723918 256.0009500990559 210.81846450486478 222.52935497832323 243.15116082219856 243.58037187380023 220.22472687588584 229.73304248250884 192.91230463185184 204.22312231163357
216.46601053925144 207.0601403236044 181.61017929278694 189.390499299294 205.8299800962667 187.55636719422625 223.67711161763577 163.1943583233234 187.3309813816553 170.47670897066166 204.00234129051694 163.3603517586581 211.3673942144875 190.05645565871623 213.09462960389465 179.94206922634726 199.57486440471166 186.08395499923233 223.87633152826913 205.00213356709355 197.3750957705082 209.87802355398048 205.98815506081485 214.7084603692988 187.2151583433706 234.375164971299 203.54621386147278 201.35898583160804 192.91230463185184 156.77547747736116
159.01257735990566 161.700667633683 169.97951093759139 161.6951783871309 178.48633762483053 172.2994446694695 165.05282867048504 163.1943583233234 184.81017463787555 170.47670897066166 165.43845873183238 154.605670228632 200.479388665055 188.27391961480498 184.06927690908537 179.54992391983706 188.56366120973564 186.08395499923233 172.70741350535877 183.87211549963763 165.21750557738596 170.57836339286825 165.31731337390147 170.66900503587317 177.63138807331563 188.620167113182 180.81410192973112 178.93132335027428 175.4736343214654 156.77547747736116
152.24881098413243 156.34415330534853 145.0753950689832 140.6959958506891 143.97918651549696 164.38551116611768 165.05282867048504 163.1943583233234 150.23833430522006 143.16422211438726 145.58413852254205 154.605670228632 158.7249973970777 148.02537510853085 162.68358511192037 165.1173158490684 145.8615703144999 155.38438815267511 168.4492257568022 175.83300372898157 162.27836882092834 144.35083527532936 163.63447403486134 162.36891476988114 165.33745366498033 156.5950061141989 161.96999464159308 153.51014744871736 149.98890515790913 142.17481214457382
105.53804813025397 143.38572853847631 132.67594354220353 140.6959958506891 133.1872754254813 130.82488572559703 157.5029042236381 127.31608128068501 147.84008627023888 143.16422211438726 118.97179900212245 135.70500341698232 112.34306999199816 128.36612234729978 130.4804771974683 145.0963111773167 139.1108164145196 134.79399111781163 148.1701516881783 145.99271462049387 146.72403072108 141.23151596622847 128.45872046833813 152.07570957902692 162.04472557790848 119.12087357842188 139.32565761070225 125.38770268872008 143.99111101130347 142.17481214457382
105.53804813025397 130.14084710942961 114.43631724248792 115.86037889091983 132.0973987551647 127.99392454841495 114.24403749520707 127.10771642974021 118.45847839214537 118.28686115267453 97.85401705275206 123.86933199946043 112.34306999199816 128.3512555778667 110.28326942598301 130.48555741159498 127.28020241511422 107.3329325115327 128.82840015117586 118.84955690187167 124.6220061070461 123.47000024804095 128.45872046833813 105.5563055434377 125.12461506244631 119.12087357842188 112.75834366983418 125.38770268872008 131.62818563340204 107.87620992810935
46.486242796591455 96.90779527940515 114.43631724248792 77.6316541597987 75.40174056819728 109.93940012394285 85.09297167554178 110.59036873449918 76.81194713441619 43.21100880109975 87.40473464999491 121.9070203256515 100.13311486925886 103.04628915346257 71.14103483996189 109.54578038731586 94.42869130945678 104.42297732829195 101.75434144754558 118.84955690187167 103.10475685835377 102.78244175529187 99.02181462248961 30.751204887011 109.99137729669667 109.62130330926811 64.51349944091282 111.42125006964852 98.58091141391003 101.64388884754328
46.47081042941181 53.88433832807857 73.51144351978132 35.88129725520275 38.30106275158698 15.235592450530135 46.82236193991855 43.74895094520616 29.84872743334131 42.7090210898906 33.407010921162964 34.82006775523462 21.505759947819797 26.687678753476234 20.894125322178752 28.220642529354564 15.919937604874804 71.48091169693498 25.86890711625324 16.645166975649886 24.362371050268962 42.286081379573034 31.13714808848374 12.975219963793734 47.07931396081801 17.909831501394592 21.096025229387237 47.83293692441691 22.049375682538198 17.635921474084853
46.470810429411586 49.250179074338234 27.383644398332876 9.996879535639096 36.77736616593154 14.924375780761238 40.659755733894485 42.825933876381896 29.848726326988867 42.70902108978805 24.14857628805612 24.249171076462858 20.607358636986874 26.019554362953613 20.89410488878741 14.924381769928686 15.919334837854535 68.62395167955424 25.868895136434844 12.937056449542865 22.122143674854897 42.28608105452156 30.94671115861445 12.975219957230479 41.990158207780496 17.909232755326684 21.096024436589346 47.83293644718583 21.91241095853104 17.501335611392847
46.470810429411586 49.250179056103434 22.884038161869398 9.996879533817719 36.77736616593154 14.924375780761238 40.65975573374601 42.825933876360864 29.848726326988867 42.70902108978805 24.148576274580137 24.249159276170644 20.607358636984145 26.019553254546395 20.89410488878741 14.924375780761238 15.919334837854535 68.62395167955424 25.868895136434844 12.937024802597534 22.122143670971013 42.28608105452156 30.946711158612402 12.975219957230365 41.990157578042385 17.909232755326684 21.096024436589346 47.83293644718583 21.912410950808862 17.501335611392847
46.470810429411586 49.250179056103434 22.884038161869398 9.996879533817719 36.77736616593154 14.924375780761238 40.65975573374601 42.825933876360864 29.848726326988867 42.70902108978805 24.148576274580137 24.249159276170644 20.607358636984145 26.019553254546395 20.89410488878741 14.924375780761238 15.919334837854535 68.62395167955424 25.868895136434844 12.937024802597534 22.122143670971013 42.28608105452156 30.946711158612402 12.975219957230365 41.990157578042385 17.909232755326684 21.096024436589346 47.83293644718583 21.912410950808862 17.501335611392847
46.470810429411586 49.250179056103434 22.884038161869398 9.996879533817719 36.77736616593154 14.924375780761238 40.65975573374601 42.825933876360864 29.848726326988867 42.70902108978805 24.148576274580137 24.249159276170644 20.607358636984145 26.019553254546395 20.89410488878741 14.924375780761238 15.919334837854535 68.62395167955424 25.868895136434844 12.937024802597534 22.122143670971013 42.28608105452156 30.946711158612402 12.975219957230365 41.990157578042385 17.909232755326684 21.096024436589346 47.83293644718583 21.912410950808862 17.501335611392847
1000000.0 1000000.0 1000000.0 1000000.0 1000000.0 1000000.0 1000000.0 1000000.0 1000000.0 1000000.0 1000000.0 1000000.0 1000000.0 1000000.0 1000000.0 1000000.0 1000000.0 1000000.0 1000000.0 1000000.0 1000000.0 1000000.0 1000000.0 1000000.0 1000000.0 1000000.0 1000000.0 1000000.0 1000000.0 1000000.0
