94.98053935042526 81.5025662357856 61.44971206839102 85.7487875388623 103.93038628215857 88.31193982737295 101.01441250668086 75.11868753163105 69.07247089215775 86.83344264459174 77.99977863057222 93.35654249480388 108.08212209005808 91.46938146374669 100.4808356394766 90.86386196951162 99.35722068574535 87.97952915005305 90.41693896726508 88.19352346669541 75.3440735555032 107.47783083382365 81.51778722397569 95.81668014603031 86.88886897049679 103.05617979154556 93.47236617759881 91.04721709127011 103.15531123508936 96.07972638096214
86.33294220071627 81.5025662357856 61.44971206839102 85.7487875388623 89.6502757362905 86.80092680368762 101.01441250668086 57.23393658979842 69.0623740689723 75.69637755758936 77.99977863057222 92.40454631833222 91.27691691927237 83.47758158189947 90.02980331243089 90.86386196951162 92.03931906329967 84.39381984673798 63.26435621846906 83.73198021534631 75.3440735555032 94.05901914981166 81.51778722397569 83.0437404693314 86.88886897049679 103.05617979154556 93.47236617759881 91.04721709127011 87.31907739295104 86.99904283041587
71.94777487793283 77.983831749915 61.44971206839102 69.98773637832937 76.3017761412566 86.80092680368762 101.01441250668086 57.23393658979842 69.0623740689723 75.69637755758936 76.29908049537926 90.91484963861853 84.9390699103783 79.82158880043607 70.75948640429738 89.92046149816645 90.59448760758391 70.18478620813016 63.26435621846906 81.5167465687291 75.3440735555032 82.44847946702953 81.51778722397569 74.95300829519226 68.3850986749078 43.859223919053875 76.87662935557842 91.04721709127011 85.34077847845401 63.26254029782842
64.14045567637368 67.73711224424721 57.1990252235928 56.055947962886535 66.70219662805277 71.3377634506943 71.75071096705972 57.23393658979842 69.0623740689723 52.103788143041356 53.58592899301789 90.91484963861853 65.96058816427342 78.64433770027745 68.28384326468529 60.73983359001329 80.68618101924096 27.299160399173047 63.26435621846906 48.047747296452485 66.87931836446273 81.33940039585696 74.06206112082555 70.72300683293429 63.36695558203826 43.859223919053875 59.53796881738799 52.34642992954468 81.36518524825397 58.616937142355255
47.37627571344581 58.827586402452425 42.99065758638358 49.78291841175712 52.41121978773879 40.26676110906726 66.25102037795682 48.61972994530754 45.118361649406324 52.103788143041356 52.14411950232875 54.72243573833259 36.132113701825574 37.716463236428126 40.46947431371245 51.35110637643504 50.31587268478552 27.299160399173047 46.36630779396353 48.047747296452485 66.87931836446273 51.96385442169674 42.81837185360462 47.195719482264735 45.7900362520561 43.859223919053875 59.53796881738799 52.34642992954468 67.66918426920097 41.21174665576984
33.8942942905461 46.59024681117785 30.444331127778923 42.77761131506713 35.53853891583617 28.881908350475896 54.572353128080636 35.39876158637833 35.35621630131425 33.180939084689044 30.31679726477057 49.16640257593963 28.07957732171235 37.716463236428126 40.46947431371245 30.270874577973586 32.40683665074528 27.299160399173047 38.28638125304758 33.905166463770456 35.78164101772256 41.34087664889773 32.40528286683241 26.61317657971756 40.599683946079494 33.50230747214687 57.04447276732276 44.05373346780527 45.5870833238165 41.21174665576984
21.36287783801106 28.427238672698195 20.749782150257488 21.695981483335686 28.23924517341004 28.049589999938917 29.51673618317932 28.44002551184667 31.13817827548894 22.795498899971903 24.476409870269435 26.196038234920252 25.69273543589793 28.023455353502982 26.90467279186805 30.270874577973586 22.191404688511057 23.60331082985806 22.49095048595393 23.024334464415347 25.24396975018317 20.287604047372838 14.33384834898311 21.82843565989174 29.958824842233525 24.52325673525388 28.765033155962556 30.636031773760124 29.491836677708648 26.15523439740241
14.79092155422802 16.66484842824252 14.074736274865813 11.973428729006741 14.711252376761195 14.449425771096912 11.227097993101097 14.526686140360653 13.720094340503238 9.450326928454842 9.067741082537509 15.76336968669034 12.104550548237398 14.43508155196389 11.826491761566785 14.516769754539155 14.603602931956743 16.649231567220568 8.69484499570865 10.606931114326244 11.857014190928453 15.781965437202416 9.2066337304733 12.548027679721486 9.348682070849122 10.525026217734535 16.416816336157922 16.840512170145757 14.527021583087503 11.896832323393824
4.79270328046357 5.521484796094683 4.373136277929007 5.9447761489014965 5.038887744797989 5.760829420669438 6.130272879926565 5.266021287722651 4.811303262378715 4.583594559071344 3.8163308676638508 5.6170406370471255 3.7990983682356045 4.572971776330178 5.019014091596432 5.486642025832566 5.072775113017883 7.288884206543912 3.723223057549262 4.252581543293104 2.757050324251054 4.755641267806254 4.366239614730034 5.776812453980028 4.574229730863749 5.205041332897395 7.341608637571994 7.318187966882306 4.452359668087865 6.32265122228182
1.5086924588423472 1.186527469350267 1.0021595086027446 1.6718509889240067 1.6043415599491482 1.0946249597431006 0.8076510037597018 1.0328396236817525 0.9195202380374212 1.1278103482446795 1.205220872202517 1.8422110322077287 1.1683037769809062 1.2429613338475747 1.529582456780986 1.0292932032530189 0.9728515866448788 1.170309845433053 0.5228312505059876 1.2553860506727688 1.0857975534648858 1.3065155680501448 1.0477266421102058 1.0323431692276017 0.8897302979776214 1.7797023555017404 1.7317741401575404 1.1964420948027055 0.3885301609589078 1.0769745780471567
0.19854683974710952 0.10902556451469536 0.09883287418654163 0.18261624907120222 0.06986340544540326 0.10493252215314897 0.06676041257594534 0.12333895781478077 0.12796509307554516 0.09807095330347693 0.062471859116953965 0.3100834647178772 0.09910540695636882 0.07644232179939081 0.13210559509036557 0.10074539660672599 0.08435349555554694 0.08939408559876938 0.0540169402046331 0.11570974548317281 0.09035661139250806 0.1801348694174294 0.11360254928490576 0.06422918543341893 0.09582786176247282 0.14945079238157177 0.16995485877771443 0.10147124652337425 0.04963517139560736 0.0958347546134064
0.007295910607808764 0.004262992386429687 0.002246620988671566 0.0069400222121203115 0.0031622645548168293 0.004276586097375912 0.001293580331321209 0.003853744895195632 0.003317800349805111 0.003755605529022432 0.002373469069084422 0.00483853709044979 0.00426707340500343 0.0024796957154649135 0.0044995746358154065 0.0031508681015566253 0.002497424973057605 0.00220915052602777 0.002614484959053698 0.0036040000780985793 0.002304610096985016 0.002538167017178239 0.004018723075660091 0.002118823988553231 0.002176030328314482 0.002929904344910028 0.0036922083178296816 0.003011477155268949 0.0015787778011144837 0.0013509173319334877
3.829449201475654e-05 1.720104489777441e-05 7.070703077260987e-06 2.7435666424935334e-05 1.2916868968204653e-05 1.749825833030627e-05 9.01527698715654e-06 1.1307793442938419e-05 1.2381860869936645e-05 2.010421212617075e-05 1.219866408064263e-05 1.2469689977478993e-05 1.6773141737758124e-05 1.2454119087124127e-05 1.62994272159267e-05 2.043147026142833e-05 9.253367124983924e-06 1.4103767966844316e-05 8.41022858821816e-06 1.924847867940116e-05 1.406212038546073e-05 1.99229859845218e-05 1.3521445112019137e-05 1.3104863683111034e-05 1.135636910021276e-05 1.2630540709324123e-05 1.9464980823613587e-05 1.4229115663511038e-05 1.2418709502526326e-05 7.76956755998981e-06
1e-08 1e-08 1e-08 1e-08 1e-08 1e-08 1e-08 1e-08 1e-08 1e-08 1e-08 1e-08 1e-08 1e-08 1e-08 1e-08 1e-08 1e-08 1e-08 1e-08 1e-08 1e-08 1e-08 1e-08 1e-08 1e-08 1e-08 1e-08 1e-08 1e-08
1e-08 1e-08 1e-08 1e-08 1e-08 1e-08 1e-08 1e-08 1e-08 1e-08 1e-08 1e-08 1e-08 1e-08 1e-08 1e-08 1e-08 1e-08 1e-08 1e-08 1e-08 1e-08 1e-08 1e-08 1e-08 1e-08 1e-08 1e-08 1e-08 1e-08
1e-08 1e-08 1e-08 1e-08 1e-08 1e-08 1e-08 1e-08 1e-08 1e-08 1e-08 1e-08 1e-08 1e-08 1e-08 1e-08 1e-08 1e-08 1e-08 1e-08 1e-08 1e-08 1e-08 1e-08 1e-08 1e-08 1e-08 1e-08 1e-08 1e-08
74800.0 69300.0 67850.0 73050.0 68200.0 69900.0 64850.0 68150.0 68500.0 69750.0 67300.0 70900.0 71650.0 70000.0 66300.0 69450.0 68600.0 71150.0 68050.0 69350.0 68850.0 69600.0 68200.0 68950.0 67050.0 67150.0 71000.0 68100.0 69350.0 67500.0
