1856.9570046917916 1172.9996712972916 1786.458470500661 2123.344846801305 1556.2480776958928 1213.0173079569995 1784.5975103662859 2166.141661967411 1671.4586988110505 1060.0933408682731 1603.851827739627 1760.4694213406692 1796.7375314431756 2099.3973734353112 1909.8585865064942 1387.4502051912787 1463.4822298655245 1780.0565420969197 1174.3211387368528 1456.2859297338919 1550.0640095834024 2636.1562436361364 1671.76738146158 954.8577475776237 1101.6047710302455 947.5398684359907 1423.9931246369524 1452.3238924042598 513.8144002506328 1932.4631319387845
1856.9570046917916 989.998456488469 526.7032410757479 2123.344846801305 1556.2480776958928 1213.0173079569995 1784.5975103662859 2166.141661967411 1584.897557440082 1060.0933408682731 1178.4068074874745 1759.2992120594254 1326.5074903411046 2099.3973734353112 1909.8585865064942 1387.4502051912787 870.548448379167 1780.0565420969197 713.6717068120515 1083.9926937417008 1550.0640095834024 2636.1562436361364 1671.76738146158 904.5105407122851 774.3286575815819 947.5398684359907 1423.9931246369524 823.9612602919328 513.8144002506328 1560.9056864411486
1804.203498287874 877.47543295267 526.7032410757479 1210.4281577658476 1438.039389180287 547.1986290005689 724.334823274809 1255.1868496676893 393.63660856543447 1060.0933408682731 898.0302274892215 942.9093869062795 1326.5074903411046 1835.091302724435 1553.021514700391 663.8196862133127 618.2595407974131 1780.0565420969197 713.6717068120515 1083.9926937417008 1446.3249884704392 1210.1210740904726 1375.9848017176128 904.5105407122851 774.3286575815819 947.5398684359907 1423.9931246369524 615.2984212600904 513.8144002506328 1560.9056864411486
906.5683492282287 422.02882371114447 526.7032410757479 974.816551545985 1109.4225584575188 547.1986290005689 382.2379421832111 1255.1868496676893 393.63660856543447 994.6847126125804 570.4944818925924 942.9093869062795 1157.2661817595144 860.4929540933517 917.561015051574 663.8196862133127 286.7313554048287 901.6333196158034 713.6717068120515 1083.9926937417008 1387.5043137866746 743.2091623256069 628.2165997415109 529.3458053977738 774.3286575815819 726.8802355381367 793.8170311367044 615.2984212600904 513.8144002506328 1109.183220478259
565.2708955885059 422.02882371114447 491.71891387296 886.4586295548434 583.0424598902805 547.1986290005689 332.0893913760515 977.4924184092297 280.0753669854739 350.99835104880367 373.26730377320246 420.3416691188545 758.317465984499 454.50553488323476 915.4175126951741 350.29504694713114 286.7313554048287 438.3755707997111 562.1956411803267 289.24837985078875 1205.16990195565 711.2091873035897 628.2165997415109 410.0793720658794 449.1101497165623 418.0307030688582 793.8170311367044 375.7879719597704 345.59084131615873 606.0764191127955
506.3169297485965 279.0087915639815 268.84659182954783 772.0444663142393 321.347307058827 261.45258863219715 241.6863585255769 385.89173341680817 241.23968932538946 249.9893241608588 254.3326258203756 196.71910000281468 252.1693770679626 319.3749824300721 361.4375115644784 254.10043362695433 205.50563301652528 263.3589393978664 290.9760648984802 279.74180126796364 405.943873337445 316.83556256023894 366.0978932218127 221.85694164936513 274.005993216178 223.09602722154114 262.6889665398994 210.1834524510814 252.53856508554736 242.77983053150774
285.78540083905955 171.48515129610223 209.69914473777408 278.77528648394673 222.1507517938976 204.9585596203142 178.35277588896088 224.5218753772897 188.18665001224417 189.00064903310567 168.22245521182003 168.41157004849902 207.5455854712036 203.0132515360483 281.57690654256294 198.30401175649604 189.44918218392286 235.66850205299625 201.39165882053794 219.440720896529 239.70101342116686 209.12756102983622 215.6953716708622 195.81846545151302 187.53435779127358 170.34447675285628 205.38768229577227 194.8224953130516 227.71446149372287 217.44853137427162
181.53175934836645 159.4776725402453 171.81961610997723 176.44083298796613 160.91512977285856 170.954405020801 156.51811848828083 172.51104233364367 155.23243180239706 164.13467986714886 158.07561862749844 161.86792433683422 164.25993406210182 169.10904847696884 171.08592640142342 163.29951899992284 161.71883000854586 169.3438444245794 168.24896624931716 161.3633606401113 176.7945854042273 164.43292106516083 161.4286462939649 163.88156870219518 156.6615074966544 163.5527228156825 154.36494696625368 164.59194707768347 170.39843477959766 183.69311517394362
153.51741506586995 118.84866157628767 152.29976366382425 145.99211711266207 135.50464830831424 145.13295457783988 117.50463451507949 147.39508377940683 68.35367169141546 133.04135964030775 139.93263088207232 151.15043708863368 123.86295266436764 137.5567013320583 106.80022469602318 123.92386983832375 138.6791339037104 136.89765683828364 148.15098676801472 146.39572611615313 150.8344456815894 133.69164903602405 129.73856853714824 143.51882247607455 131.829707496227 150.6664247793733 129.58321351587028 151.28635061431214 142.31306022718127 153.51590835205616
47.95952049702373 21.344024175624327 37.976160607999645 29.069141556492923 22.870998248973592 19.332889193318806 16.04489417663126 27.101061793749977 10.26858765848965 25.30513906939632 30.143135006608645 45.84730037736517 21.28681420173507 26.23853426159394 22.667079372351964 20.208391325168577 22.1130230679546 34.83078000628848 22.6964904440988 14.974344663120974 31.215818465691427 29.799304738382034 22.030032934344945 25.388473660392265 15.721135261791005 22.9027380040543 15.313072155857299 32.70849076402601 35.74067146660536 42.447807060011655
1.051290170782977 0.8896123319314029 1.2397285440806627 1.3800906641326947 0.8404510263235352 0.6378670902131489 0.6916816538819148 1.0741405763915282 0.38891886346982574 0.9034597228601342 0.7569481288596762 1.1727870956688093 0.3742343114899995 0.6820308048068 0.8119622948647702 0.6420102084703103 0.829498270251861 1.3544480856094196 0.8718489613193015 0.6459115888105771 1.2427780448738304 0.91935634756328 0.9631100617375523 0.6393579054424663 0.9043431583736492 0.9334633346015835 0.7193092754960162 1.7986804977108477 0.8116542348620897 1.9236589967904365
0.007813029998942511 0.0044566244059751625 0.0066694331258077 0.011227535353100393 0.003124520922483498 0.00502623338252306 0.0018657160376278625 0.005331731812475482 0.0016236508340625733 0.003404883746043197 0.009897907916183613 0.006775582683985704 0.00325675002159187 0.0036525283617265814 0.0034009070486717974 0.003511923590394872 0.002483212977040239 0.005181558212825621 0.004828249744150526 0.0029558118285422097 0.005584862015894032 0.003766634454677842 0.004637077845927706 0.004365496748050646 0.0033088525674429548 0.005729560896725161 0.003651358736988186 0.005370542053697136 0.003854113768738898 0.00807607733304394
2.0866814338660333e-06 1.290309683099622e-06 2.2775820980314165e-06 3.04006152873626e-06 6.730060704285279e-07 1.221962520503439e-06 4.7299909056164324e-07 3.9114956962293945e-07 2.86852809949778e-07 7.342896424233913e-07 2.1318123799574096e-06 1.5644145605619997e-06 2.4291193767567165e-07 1.2132641131756827e-06 7.100406946847215e-07 9.474720172875095e-07 5.700626388716046e-07 2.4264249987027142e-06 9.612876965547912e-07 6.961208782740869e-07 1.4431102499656845e-06 8.383235581277404e-07 1.1454553714429494e-06 7.176854524004739e-07 8.571960279368795e-07 1.6173248695849907e-06 1.477706518926425e-06 1.3365020095079672e-06 9.194845915772021e-07 2.392661372141447e-06
1e-08 1e-08 1e-08 1e-08 1e-08 1e-08 1e-08 1e-08 1e-08 1e-08 1e-08 1e-08 1e-08 1e-08 1e-08 1e-08 1e-08 1e-08 1e-08 1e-08 1e-08 1e-08 1e-08 1e-08 1e-08 1e-08 1e-08 1e-08 1e-08 1e-08
1e-08 1e-08 1e-08 1e-08 1e-08 1e-08 1e-08 1e-08 1e-08 1e-08 1e-08 1e-08 1e-08 1e-08 1e-08 1e-08 1e-08 1e-08 1e-08 1e-08 1e-08 1e-08 1e-08 1e-08 1e-08 1e-08 1e-08 1e-08 1e-08 1e-08
1e-08 1e-08 1e-08 1e-08 1e-08 1e-08 1e-08 1e-08 1e-08 1e-08 1e-08 1e-08 1e-08 1e-08 1e-08 1e-08 1e-08 1e-08 1e-08 1e-08 1e-08 1e-08 1e-08 1e-08 1e-08 1e-08 1e-08 1e-08 1e-08 1e-08
60850.0 60550.0 61950.0 62750.0 59250.0 60300.0 57950.0 59900.0 58300.0 58800.0 62300.0 61050.0 57900.0 59650.0 58400.0 59550.0 59300.0 61600.0 60450.0 59300.0 61450.0 60150.0 60950.0 59400.0 60250.0 61600.0 60750.0 60800.0 60700.0 62000.0
