2231.1717908187275 1199.172524825225 1637.187984531687 1763.914703104137 1205.1602935092815 1737.3790279803015 2045.9435031925732 2640.8128437419336 1197.1533203464987 2600.091197871082 2669.5883513629988 1392.3788553955983 1764.0965809098898 2332.604925021892 2359.179760472388 951.1259445008004 1640.153586077704 1688.742621961061 1258.8655909720892 2058.882862972978 1281.693735240845 1478.3100761384444 1887.5470745382363 1666.4311645347912 1706.5623902514226 2271.563148306267 2403.877011562684 1712.2079258516642 1449.5652670717009 1557.089433724458
2231.1717908187275 1199.172524825225 1637.187984531687 1703.6086538120894 1205.1602935092815 1737.3790279803015 1367.7741337339166 2207.752426907825 1197.1533203464987 1510.4211038956214 2171.8629889865506 1392.3788553955983 1670.9809089408463 2332.604925021892 2359.179760472388 951.1259445008004 1640.153586077704 1182.4741221308395 1258.8655909720892 1319.657571861274 1281.693735240845 1290.038802126569 1887.5470745382363 1002.0478905905461 1706.5623902514226 1453.2258575275318 1747.030755076823 1596.2884518902283 1449.5652670717009 1557.089433724458
776.6882905816319 1199.172524825225 1372.6164486817088 1219.2335794542655 1205.1602935092815 919.0498869731164 1019.3990761438436 1272.5464981725736 1197.1533203464987 982.853496337555 989.463200351192 1392.3788553955983 1415.484285179738 1333.9092505356211 1291.9704372735123 827.1721788945852 1066.8507342296662 1182.4741221308395 781.6461200486629 924.6150380622057 1083.7259310109548 1252.3896845405425 1219.4313886386544 860.5932037785842 1460.7844148833988 819.459853477666 1262.1633945345034 764.7032608409745 601.7581005377729 1557.089433724458
776.6882905816319 1132.0657963891463 973.7717274768511 949.8794329904349 884.3240696109351 919.0498869731164 769.8750276468372 953.5035620596263 730.3277662232863 845.0052721730899 752.3352458517738 717.2361934430019 972.5865061869854 620.032444223033 762.5460509318473 602.2886513251724 743.0693420816692 991.1504255460854 781.6461200486629 805.5223960272842 950.8877758884737 777.3642469110491 1026.630343543049 815.1680739522362 872.2822299599788 708.0623932471617 889.6908109836058 764.7032608409745 601.7581005377729 594.4525530582237
435.0382940055765 485.7918654472487 768.0604242140785 475.69190608107556 538.0061536086109 446.914002677438 595.8750031531458 559.0335258528994 594.9256550977011 447.12823401876176 627.2209476556673 637.64745041877 475.63564115519057 620.032444223033 525.0379860758458 377.75208982839104 561.7841035830666 620.1215657165612 564.4435000445142 511.43413686580107 578.8344171740932 643.0438997538067 601.9953511619265 493.2866296999546 567.6558821451831 416.8771171059466 440.27057440009276 602.3471648841628 545.370166543184 472.7949192100009
276.6089138238335 300.4553626338652 337.3827312041831 370.0707142805295 439.23860820099026 380.6856696707887 328.0267630478438 290.2220955041521 357.6925220187777 293.66540276349224 327.7730393544675 359.212317769513 365.3138714741872 324.5750242802501 391.4373951980092 277.962414109415 378.2067189461627 310.08158775409265 342.3127273078653 349.1656068457978 349.58120220358205 295.0551110308461 286.6612410522721 275.18246576039746 340.97484502974294 304.335992702589 356.6877203020099 323.0120550582428 385.8477892502701 324.0205761607158
227.68216860007078 220.736525385591 218.94129628392056 230.72456604394802 270.65565420181247 249.48967379861597 225.46264495136757 236.90409751690368 234.30917701068847 232.04591892542157 227.07269628830863 256.04799329508387 241.8479772016035 216.4649487406473 238.2217378856626 246.24850734854363 251.35534176661304 217.20771752645942 226.78798516729012 230.44160707413812 228.4946432324773 232.3817543016703 247.01812685182722 226.21024345046908 231.62307215581495 227.32937480725877 237.12486312923374 236.1353088927076 262.0904440454801 231.3593236491365
196.15118679505304 192.7057275393263 193.9870028375608 199.63279831466025 205.3471669931182 190.54360600245082 192.53912224302348 197.02357376371037 195.66651712132943 191.455416946485 195.69814644301186 206.5670307086666 189.9964793342342 190.71018712186333 193.02431753937117 193.72036760103902 196.64643626514226 192.06565576494222 198.4910222969802 190.38513715479394 196.07608914464117 200.9989065552827 193.09145706517984 203.17341350674587 203.0763927166231 195.39197379099187 192.98763712513528 196.20097474816475 189.81426540630446 196.49214079243256
182.8992190834033 181.57101259840238 182.13484052245394 181.91904902167425 182.4113261462776 181.4867946620875 181.67667786704033 183.18250054170312 182.09170729591187 181.9915218716037 184.04575015061528 182.56369699780134 181.85713031233854 182.15274098736518 182.04258056051958 183.21784347452285 182.1472710919179 182.5901654329632 182.3366217208245 181.86434555744654 182.4380272877711 183.66486411421965 182.67050284320976 183.63624152916418 182.6490362697882 183.3593196424763 181.95333019132158 184.03342221404182 183.06762742139972 183.3430425702909
180.81025922380195 180.79419024164326 180.834602376352 180.80273662870286 180.82656690795102 180.80150777149584 180.7978507195894 180.85748831925503 180.79917462843378 180.83711942143736 180.8594287552769 180.84205936240414 180.8162296500982 180.82706131666646 180.8182723588793 180.81106110886503 180.82553771197354 180.8324682840912 180.81818583103586 180.79456770745446 180.8254343829317 180.83290754618656 180.82858056804253 180.88823321785412 180.8289874621628 180.8340177575501 180.79456096229296 180.84761208608143 180.80863256034672 180.82851227238552
180.78131040296103 180.7812894111139 180.7813103467838 180.78129551926577 180.781333135948 180.78128233779762 180.7812907795401 180.78138241356373 180.78132641322145 180.7814147260665 180.78136221410296 180.78132782084094 180.78130737395122 180.78129071977582 180.78131986009248 180.78129860560648 180.78131097528058 180.7813065236728 180.78131528937274 180.78128664288442 180.78130114783107 180.7813598584662 180.78132490268854 180.78136492746444 180.78129864576113 180.78133242074364 180.78128236005068 180.7813208931916 180.7812959796388 180.78133577879862
180.7812716779822 180.78127167780485 180.78127167789125 180.78127167799266 180.7812716778485 180.78127167779348 180.78127167780394 180.78127167811863 180.7812716781641 180.78127167791536 180.78127167784987 180.78127167795128 180.7812716778185 180.78127167784533 180.78127167801995 180.78127167821822 180.78127167780076 180.78127167802177 180.78127167794764 180.7812716778808 180.78127167786943 180.78127167801358 180.78127167788534 180.7812716779149 180.78127167779667 180.78127167794673 180.7812716777894 180.7812716779781 180.78127167777393 180.78127167804814
180.78127167774664 180.78127167774664 180.78127167774664 180.78127167774664 180.78127167774664 180.78127167774664 180.78127167774664 180.78127167774664 180.78127167774664 180.78127167774664 180.78127167774664 180.78127167774664 180.78127167774664 180.78127167774664 180.78127167774664 180.78127167774664 180.78127167774664 180.78127167774664 180.78127167774664 180.78127167774664 180.78127167774664 180.78127167774664 180.78127167774664 180.78127167774664 180.78127167774664 180.78127167774664 180.78127167774664 180.78127167774664 180.78127167774664 180.78127167774664
180.78127167774664 180.78127167774664 180.78127167774664 180.78127167774664 180.78127167774664 180.78127167774664 180.78127167774664 180.78127167774664 180.78127167774664 180.78127167774664 180.78127167774664 180.78127167774664 180.78127167774664 180.78127167774664 180.78127167774664 180.78127167774664 180.78127167774664 180.78127167774664 180.78127167774664 180.78127167774664 180.78127167774664 180.78127167774664 180.78127167774664 180.78127167774664 180.78127167774664 180.78127167774664 180.78127167774664 180.78127167774664 180.78127167774664 180.78127167774664
180.78127167774664 180.78127167774664 180.78127167774664 180.78127167774664 180.78127167774664 180.78127167774664 180.78127167774664 180.78127167774664 180.78127167774664 180.78127167774664 180.78127167774664 180.78127167774664 180.78127167774664 180.78127167774664 180.78127167774664 180.78127167774664 180.78127167774664 180.78127167774664 180.78127167774664 180.78127167774664 180.78127167774664 180.78127167774664 180.78127167774664 180.78127167774664 180.78127167774664 180.78127167774664 180.78127167774664 180.78127167774664 180.78127167774664 180.78127167774664
180.78127167774664 180.78127167774664 180.78127167774664 180.78127167774664 180.78127167774664 180.78127167774664 180.78127167774664 180.78127167774664 180.78127167774664 180.78127167774664 180.78127167774664 180.78127167774664 180.78127167774664 180.78127167774664 180.78127167774664 180.78127167774664 180.78127167774664 180.78127167774664 180.78127167774664 180.78127167774664 180.78127167774664 180.78127167774664 180.78127167774664 180.78127167774664 180.78127167774664 180.78127167774664 180.78127167774664 180.78127167774664 180.78127167774664 180.78127167774664
1000000.0 1000000.0 1000000.0 1000000.0 1000000.0 1000000.0 1000000.0 1000000.0 1000000.0 1000000.0 1000000.0 1000000.0 1000000.0 1000000.0 1000000.0 1000000.0 1000000.0 1000000.0 1000000.0 1000000.0 1000000.0 1000000.0 1000000.0 1000000.0 1000000.0 1000000.0 1000000.0 1000000.0 1000000.0 1000000.0
