1.832051200000211599e+00 1.160266341612266938e+00 1.999999999999999556e+00 1.000000000000041744e+00 1.032000494797009393e+00 1.999999999999999556e+00 1.000000000131071820e+00 1.000000409599999696e+00 1.999999999999999556e+00
1.032051707936725293e+00 1.006656410255411638e+00 1.999999999999999556e+00 1.000000000655359988e+00 1.000307200026256060e+00 1.999999999999999556e+00 1.799999999999999822e+00 1.000000017170431743e+00 1.999999999999999556e+00
1.000051203276841605e+00 1.000000491546215731e+00 1.999999999999999556e+00 9.999999999999997780e-01 1.000000000000251799e+00 1.999999999999999556e+00 1.000010240005284601e+00 1.000000000131080036e+00 1.999999999999999556e+00
1.166400000812646276e+00 1.960307609736524403e+00 1.999999999999999556e+00 1.000000082051071715e+00 1.000010650261651479e+00 1.999999999999999556e+00 1.000000409599999696e+00 1.001280081925242538e+00 1.999999999999999556e+00
1.800051610255361867e+00 1.166658458413914357e+00 1.999999999999999556e+00 1.000000000655359766e+00 1.160000082575359581e+00 1.999999999999999556e+00 9.999999999999997780e-01 1.000256085196800093e+00 1.999999999999999556e+00
1.160256409626214236e+00 1.000317443278057938e+00 1.999999999999999556e+00 9.999999999999997780e-01 9.999999999999997780e-01 1.999999999999999556e+00 1.000051281919999813e+00 1.160051200001048333e+00 1.999999999999999556e+00
1.001331200005243005e+00 1.006400000655571558e+00 1.999999999999999556e+00 1.000000082575402072e+00 1.000000000006500800e+00 1.999999999999999556e+00 9.999999999999997780e-01 1.000002047999999810e+00 1.999999999999999556e+00
1.007682048005284603e+00 1.800000495478417895e+00 1.999999999999999556e+00 1.000000000001048273e+00 1.000000003304064800e+00 1.999999999999999556e+00 1.001280409599999643e+00 1.000051216385048347e+00 1.999999999999999556e+00
1.000002048005242505e+00 1.007690243938663022e+00 1.999999999999999556e+00 1.000255999999999812e+00 1.000000410255359684e+00 1.999999999999999556e+00 1.032000000006291218e+00 1.000258048000008060e+00 1.999999999999999556e+00
1.000002146304000084e+00 1.807936003440587358e+00 1.999999999999999556e+00 1.006666321920008489e+00 1.806402457600217781e+00 1.999999999999999556e+00 1.001282047999999758e+00 1.001280000000041692e+00 1.999999999999999556e+00
