1.160051216515072037e+00 1.992000413533426606e+00 1.999999999999999556e+00 9.999999999999997780e-01 1.166402048005242609e+00 1.999999999999999556e+00 9.999999999999997780e-01 1.001279999999999726e+00 1.999999999999999556e+00
1.966400016542376950e+00 1.998668304547829289e+00 1.999999999999999556e+00 1.192256425984041579e+00 1.192000495458495068e+00 1.999999999999999556e+00 1.000002047999999810e+00 1.198719995930216164e+00 1.999999999999999556e+00
1.161280410386433370e+00 1.800002133203091548e+00 1.999999999999999556e+00 1.000000003932159709e+00 1.000000016385056645e+00 1.999999999999999556e+00 9.999999999999997780e-01 1.000000000655368204e+00 1.999999999999999556e+00
1.001280003932159657e+00 1.801538130580603081e+00 1.999999999999999556e+00 1.000000000001048273e+00 1.192000000131071769e+00 1.999999999999999556e+00 9.999999999999997780e-01 1.000000409605251050e+00 1.999999999999999556e+00
1.000000082733695006e+00 1.001331216410222602e+00 1.999999999999999556e+00 1.000051200000041662e+00 1.800002064384041756e+00 1.999999999999999556e+00 1.000002048026214174e+00 9.999999999999997780e-01 1.999999999999999556e+00
1.000000003276799720e+00 1.000000101712083422e+00 1.999999999999999556e+00 1.160000082051281467e+00 1.006719488006333041e+00 1.999999999999999556e+00 9.999999999999997780e-01 1.000002048131073407e+00 1.999999999999999556e+00
1.000002129947262786e+00 1.032051626010264567e+00 1.999999999999999556e+00 1.159999999999999698e+00 1.160000082575361358e+00 1.999999999999999556e+00 9.999999999999997780e-01 1.000051200000043439e+00 1.999999999999999556e+00
1.032002474010214277e+00 1.192256000005242900e+00 1.999999999999999556e+00 1.000000000000001332e+00 1.032000098305048352e+00 1.999999999999999556e+00 1.000002047999999810e+00 1.000000409599999696e+00 1.999999999999999556e+00
1.001280000000251302e+00 1.000266257066674713e+00 1.999999999999999556e+00 9.999999999999997780e-01 1.800000082051071759e+00 1.999999999999999556e+00 9.999999999999997780e-01 1.000051203276799638e+00 1.999999999999999556e+00
1.001331610412646178e+00 1.161290240681574160e+00 1.999999999999999556e+00 9.999999999999997780e-01 1.000000081919999673e+00 1.999999999999999556e+00 9.999999999999997780e-01 1.800000016515073353e+00 1.999999999999999556e+00
