1.832307708716857553e+00 1.161333657601098635e+00 1.999999999999999556e+00 1.000000494797848249e+00 1.800053248026214137e+00 1.999999999999999556e+00 9.999999999999997780e-01 1.000002048026214174e+00 1.999999999999999556e+00
1.801536000006291216e+00 1.807946669287265884e+00 1.999999999999999556e+00 1.159999999999999698e+00 1.006410240656410382e+00 1.999999999999999556e+00 9.999999999999997780e-01 1.001280082575359831e+00 1.999999999999999556e+00
1.006656491520211194e+00 1.806461538336505912e+00 1.999999999999999556e+00 1.160000000001266462e+00 1.006453248000209522e+00 1.999999999999999556e+00 9.999999999999997780e-01 1.159999999999999698e+00 1.999999999999999556e+00
1.033280491525494504e+00 1.838453333359547415e+00 1.999999999999999556e+00 1.006400000026423935e+00 1.160000000137363596e+00 1.999999999999999556e+00 1.000000000001056710e+00 1.001290239999999665e+00 1.999999999999999556e+00
1.032000000000217854e+00 1.000268386336556237e+00 1.999999999999999556e+00 1.001280003278057995e+00 1.000000000000041744e+00 1.999999999999999556e+00 9.999999999999997780e-01 9.999999999999997780e-01 1.999999999999999556e+00
1.007997525878584266e+00 1.007682478073446131e+00 1.999999999999999556e+00 1.001280412876799808e+00 1.001280412903056138e+00 1.999999999999999556e+00 1.000000000026214142e+00 1.006453248005242829e+00 1.999999999999999556e+00
1.000000413537402766e+00 1.006453674775892759e+00 1.999999999999999556e+00 1.000061440026256188e+00 1.166666731520217937e+00 1.999999999999999556e+00 1.006400016383999674e+00 1.038400003407871752e+00 1.999999999999999556e+00
1.001536098304009803e+00 1.161587200132164321e+00 1.999999999999999556e+00 1.000000000005242695e+00 1.160002555930465640e+00 1.999999999999999556e+00 1.000010239999999717e+00 1.000000098303999829e+00 1.999999999999999556e+00
1.032258457605460977e+00 1.038666669942418075e+00 1.999999999999999556e+00 1.000000000000001332e+00 1.001280003276808106e+00 1.999999999999999556e+00 9.999999999999997780e-01 1.000051200001048413e+00 1.999999999999999556e+00
1.033292370707532326e+00 1.999948717267300946e+00 1.999999999999999556e+00 1.160002064515071707e+00 1.039741440786433824e+00 1.999999999999999556e+00 1.000000081919999673e+00 9.999999999999997780e-01 1.999999999999999556e+00
