1.000010649631708715e+00 1.800051629391913988e+00 1.999999999999999556e+00 9.999999999999997780e-01 1.000000000131071820e+00 1.999999999999999556e+00 1.001279999999999726e+00 1.000000000001048273e+00 1.999999999999999556e+00
1.192268779526552969e+00 1.006463999868707937e+00 1.999999999999999556e+00 1.000002129925242622e+00 1.199997541711880444e+00 1.999999999999999556e+00 1.800256003276799799e+00 1.032000410282631009e+00 1.999999999999999556e+00
1.032000016515121965e+00 1.801280000006291182e+00 1.999999999999999556e+00 1.000010239999999717e+00 1.000000000812646173e+00 1.999999999999999556e+00 1.159999999999999698e+00 9.999999999999997780e-01 1.999999999999999556e+00
1.160000000000001474e+00 1.000000426115071672e+00 1.999999999999999556e+00 1.000000000001048273e+00 1.000000003276799720e+00 1.999999999999999556e+00 9.999999999999997780e-01 1.031999999999999806e+00 1.999999999999999556e+00
1.000000000131071820e+00 1.807690338461286128e+00 1.999999999999999556e+00 9.999999999999997780e-01 1.000256000001056744e+00 1.999999999999999556e+00 9.999999999999997780e-01 1.032000000655359795e+00 1.999999999999999556e+00
9.999999999999997780e-01 1.800000426639359663e+00 1.999999999999999556e+00 9.999999999999997780e-01 1.000002047999999810e+00 1.999999999999999556e+00 1.000266239999999751e+00 1.000000000000000000e+00 1.999999999999999556e+00
1.000000000005242695e+00 1.006400409600251455e+00 1.999999999999999556e+00 9.999999999999997780e-01 1.160000409600008053e+00 1.999999999999999556e+00 1.000000000005242917e+00 1.001331203407871628e+00 1.999999999999999556e+00
1.000256081919999707e+00 1.001280081920209453e+00 1.999999999999999556e+00 1.000000000000209388e+00 1.160256000026214540e+00 1.999999999999999556e+00 1.160256000026214096e+00 1.000010321919999834e+00 1.999999999999999556e+00
1.001280003932203400e+00 1.006451200026214021e+00 1.999999999999999556e+00 1.000000000000001332e+00 1.000002048131071630e+00 1.999999999999999556e+00 9.999999999999997780e-01 1.001282047999999980e+00 1.999999999999999556e+00
1.000002048131073407e+00 1.992000000000211157e+00 1.999999999999999556e+00 9.999999999999997780e-01 1.033280000131071796e+00 1.999999999999999556e+00 9.999999999999997780e-01 9.999999999999997780e-01 1.999999999999999556e+00
