1.006400000131071781e+00 1.038400082077328035e+00 1.999999999999999556e+00 9.999999999999997780e-01 1.006400000682622586e+00 1.999999999999999556e+00 1.000010240005242634e+00 1.000000081920000117e+00 1.999999999999999556e+00
1.032061849757286209e+00 1.199936019797123166e+00 1.999999999999999556e+00 1.033279999999999754e+00 1.039680409626213997e+00 1.999999999999999556e+00 9.999999999999997780e-01 1.006709329921257945e+00 1.999999999999999556e+00
1.160053739551668794e+00 1.807987299116688540e+00 1.999999999999999556e+00 1.000051609600000058e+00 1.000012308347658863e+00 1.999999999999999556e+00 9.999999999999997780e-01 1.006656016389284591e+00 1.999999999999999556e+00
1.199987200005284471e+00 1.001546259823590690e+00 1.999999999999999556e+00 1.000010649600009849e+00 1.800012713985090329e+00 1.999999999999999556e+00 1.000010240131071759e+00 1.800000000031666714e+00 1.999999999999999556e+00
1.167946256415467454e+00 1.192309756036128654e+00 1.999999999999999556e+00 1.800000003282042682e+00 1.000002133197018139e+00 1.999999999999999556e+00 1.031999999999999806e+00 1.000000016389242852e+00 1.999999999999999556e+00
1.839741456520526341e+00 1.038668714011474536e+00 1.999999999999999556e+00 1.000000000001048273e+00 1.001290259792930293e+00 1.999999999999999556e+00 1.800000000026424019e+00 1.001331200001048360e+00 1.999999999999999556e+00
1.038656409732122254e+00 1.833548308479737932e+00 1.999999999999999556e+00 1.000000003283091132e+00 1.007936082580602521e+00 1.999999999999999556e+00 9.999999999999997780e-01 1.006656016384041674e+00 1.999999999999999556e+00
1.160309329921048294e+00 1.199733349744388056e+00 1.999999999999999556e+00 1.006399999999999739e+00 1.000061440655569456e+00 1.999999999999999556e+00 1.000000000000000000e+00 1.160053247999999648e+00 1.999999999999999556e+00
1.007731708564654660e+00 1.832053739651122504e+00 1.999999999999999556e+00 1.001280000131122394e+00 1.800002048655369835e+00 1.999999999999999556e+00 1.160000000000219522e+00 1.006400016384000118e+00 1.999999999999999556e+00
1.038451708565860887e+00 1.999999980201836003e+00 1.999999999999999556e+00 1.000010649599999635e+00 1.198451629392963902e+00 1.999999999999999556e+00 1.032000000000008022e+00 1.801331691678376590e+00 1.999999999999999556e+00
