1.033343504515071620e+00 1.832051302267625470e+00 1.999999999999999556e+00 9.999999999999997780e-01 1.166400000000251458e+00 1.999999999999999556e+00 1.000000409599999696e+00 1.000000000000008216e+00 1.999999999999999556e+00
1.000307629260841713e+00 1.167680413008133744e+00 1.999999999999999556e+00 9.999999999999997780e-01 1.007936082052122373e+00 1.999999999999999556e+00 1.000051200131071738e+00 1.800002129946423945e+00 1.999999999999999556e+00
1.193282130056314561e+00 1.192053346336507502e+00 1.999999999999999556e+00 1.001280000026214090e+00 1.001290325196799724e+00 1.999999999999999556e+00 1.006399999999999739e+00 1.006402048005242689e+00 1.999999999999999556e+00
1.001290243308467165e+00 1.167997948591874113e+00 1.999999999999999556e+00 1.000000000001048717e+00 1.006666649601100305e+00 1.999999999999999556e+00 1.000000000005242917e+00 1.001280000006291138e+00 1.999999999999999556e+00
1.038400429261856939e+00 1.198412718048280645e+00 1.999999999999999556e+00 1.800256003277009631e+00 1.801536000000251603e+00 1.999999999999999556e+00 9.999999999999997780e-01 1.000010243276800104e+00 1.999999999999999556e+00
1.960256085224104661e+00 1.967743901695737652e+00 1.999999999999999556e+00 9.999999999999997780e-01 1.166402130607907539e+00 1.999999999999999556e+00 9.999999999999997780e-01 1.160000003413115044e+00 1.999999999999999556e+00
1.032012700909307634e+00 1.038400017071077430e+00 1.999999999999999556e+00 1.000000081920041639e+00 1.032307200787700330e+00 1.999999999999999556e+00 9.999999999999997780e-01 1.806400000000000228e+00 1.999999999999999556e+00
1.033331217176733485e+00 1.838451220321612345e+00 1.999999999999999556e+00 1.001280003932411455e+00 1.160002048131073327e+00 1.999999999999999556e+00 1.032000000026423780e+00 1.000000000001258105e+00 1.999999999999999556e+00
1.160053346305048416e+00 1.993331285355345983e+00 1.999999999999999556e+00 1.000000000000001332e+00 1.000256000655360022e+00 1.999999999999999556e+00 9.999999999999997780e-01 1.000002064516120281e+00 1.999999999999999556e+00
1.001280003282051023e+00 1.038453661039330678e+00 1.999999999999999556e+00 1.800000000031499070e+00 1.033292288812688531e+00 1.999999999999999556e+00 1.001279999999999726e+00 9.999999999999997780e-01 1.999999999999999556e+00
