1.000012288027523066e+00 1.006410325327880217e+00 1.999999999999999556e+00 1.000258051276801341e+00 1.160000425983999994e+00 1.999999999999999556e+00 1.000000003303014084e+00 1.000000000000008216e+00 1.999999999999999556e+00
1.166402051958382646e+00 1.806400429392081453e+00 1.999999999999999556e+00 9.999999999999997780e-01 1.800000000001050093e+00 1.999999999999999556e+00 1.000000000000041744e+00 1.006399999999999739e+00 1.999999999999999556e+00
1.160053330575367969e+00 1.161280495610503394e+00 1.999999999999999556e+00 1.000051216515071895e+00 1.001282048656408685e+00 1.999999999999999556e+00 1.000000000001048273e+00 1.032000000000049988e+00 1.999999999999999556e+00
1.838451691656314724e+00 1.038656000157336834e+00 1.999999999999999556e+00 1.000010240001048212e+00 1.032053264385048186e+00 1.999999999999999556e+00 1.000000016384000157e+00 1.000256016515072011e+00 1.999999999999999556e+00
1.000000000655359766e+00 1.006412369947271124e+00 1.999999999999999556e+00 1.800051200131325135e+00 1.000307200005494224e+00 1.999999999999999556e+00 1.000000000000001332e+00 1.166451216384209566e+00 1.999999999999999556e+00
1.000000085196841804e+00 1.966402457757287836e+00 1.999999999999999556e+00 1.000000081919999673e+00 1.801282065039368385e+00 1.999999999999999556e+00 1.000000016383999712e+00 1.031999999999999806e+00 1.999999999999999556e+00
1.832010240661693157e+00 1.032002460909347441e+00 1.999999999999999556e+00 1.799999999999999822e+00 1.032000000026214392e+00 1.999999999999999556e+00 9.999999999999997780e-01 1.000061849599999775e+00 1.999999999999999556e+00
1.000002133197011034e+00 1.032051282706440087e+00 1.999999999999999556e+00 1.800000000027262681e+00 1.006656425985090308e+00 1.999999999999999556e+00 1.000000081919999673e+00 1.033280000001056687e+00 1.999999999999999556e+00
1.800266325857402760e+00 1.833280409605244632e+00 1.999999999999999556e+00 9.999999999999997780e-01 1.000061459661009344e+00 1.999999999999999556e+00 9.999999999999997780e-01 1.800000000681574175e+00 1.999999999999999556e+00
1.832258048131071737e+00 1.160061849631465414e+00 1.999999999999999556e+00 1.032010240026214110e+00 1.000000000655401733e+00 1.999999999999999556e+00 1.000000081919999673e+00 1.006656003276799716e+00 1.999999999999999556e+00
