1.006402048791884329e+00 1.001282458255368102e+00 1.999999999999999556e+00 1.000051200026222498e+00 1.000266256383999686e+00 1.999999999999999556e+00 1.000000409626423892e+00 9.999999999999997780e-01 1.999999999999999556e+00
1.000000098310500851e+00 1.833290322606818901e+00 1.999999999999999556e+00 1.000000081921098793e+00 1.039741440026423769e+00 1.999999999999999556e+00 1.000051199999999696e+00 1.000000016410423909e+00 1.999999999999999556e+00
1.000307629261009357e+00 1.833343586335718811e+00 1.999999999999999556e+00 1.032002048000041583e+00 1.960309251278109954e+00 1.999999999999999556e+00 1.000000000131071820e+00 1.160010240655359626e+00 1.999999999999999556e+00
1.161587695478374149e+00 1.966666653559466571e+00 1.999999999999999556e+00 9.999999999999997780e-01 1.800010256389244390e+00 1.999999999999999556e+00 1.038400000001048262e+00 1.000051200656408401e+00 1.999999999999999556e+00
1.032012288032505554e+00 1.000000003434295959e+00 1.999999999999999556e+00 1.000266240001048246e+00 1.039682130057363096e+00 1.999999999999999556e+00 1.799999999999999822e+00 1.006400409626256209e+00 1.999999999999999556e+00
1.001280000027312989e+00 1.038412701537404281e+00 1.999999999999999556e+00 1.000051199999999696e+00 1.006656000655359984e+00 1.999999999999999556e+00 1.000000000026215696e+00 1.192256016383999695e+00 1.999999999999999556e+00
1.001538130601617782e+00 1.000051694927873491e+00 1.999999999999999556e+00 1.001536000131071802e+00 1.833280412903056211e+00 1.999999999999999556e+00 1.000000000131113564e+00 1.000002048000008026e+00 1.999999999999999556e+00
1.038410243309347614e+00 1.961548701563870400e+00 1.999999999999999556e+00 1.000266240005452500e+00 1.199936000131073488e+00 1.999999999999999556e+00 1.000000000000041744e+00 1.160307199999999650e+00 1.999999999999999556e+00
1.001292288001299990e+00 1.000000020321410998e+00 1.999999999999999556e+00 1.000000000655401733e+00 1.161280000026214232e+00 1.999999999999999556e+00 9.999999999999997780e-01 1.032010649600000107e+00 1.999999999999999556e+00
1.161282048031666791e+00 1.001341459687022484e+00 1.999999999999999556e+00 1.006400000681574092e+00 1.000266649605244362e+00 1.999999999999999556e+00 9.999999999999997780e-01 1.000010240131073758e+00 1.999999999999999556e+00
