1.000000020316161420e+00 1.032000000786432059e+00 1.999999999999999556e+00 1.000000000000041744e+00 1.038400000000001322e+00 1.999999999999999556e+00 1.000000000001050049e+00 1.000000000005242695e+00 1.999999999999999556e+00
1.166402457757286237e+00 1.839938539552556040e+00 1.999999999999999556e+00 1.800255999999999856e+00 1.038412795904050334e+00 1.999999999999999556e+00 9.999999999999997780e-01 1.000053329921090528e+00 1.999999999999999556e+00
1.007682064383999876e+00 1.038451200132338492e+00 1.999999999999999556e+00 1.006656003958374068e+00 1.000063901008928724e+00 1.999999999999999556e+00 1.159999999999999698e+00 1.006707298959359953e+00 1.999999999999999556e+00
1.992000102242493131e+00 1.807948779546256546e+00 1.999999999999999556e+00 1.032002048655360049e+00 1.961282067791922046e+00 1.999999999999999556e+00 1.000012697599999667e+00 1.000000000005242695e+00 1.999999999999999556e+00
1.192256019660850042e+00 1.198658051938459534e+00 1.999999999999999556e+00 1.000000000131323397e+00 1.800000426142376764e+00 1.999999999999999556e+00 1.000000000655569377e+00 1.800307626015457352e+00 1.999999999999999556e+00
1.193597459666051019e+00 1.832317460342634208e+00 1.999999999999999556e+00 1.000051200655360129e+00 1.000256003277017802e+00 1.999999999999999556e+00 1.160256000026214096e+00 1.000000081921098571e+00 1.999999999999999556e+00
1.001538539656524396e+00 1.198451626796864122e+00 1.999999999999999556e+00 9.999999999999997780e-01 1.800000507905300307e+00 1.999999999999999556e+00 1.000000000131080036e+00 1.006656003282042633e+00 1.999999999999999556e+00
1.800051282580855894e+00 1.839936085354339834e+00 1.999999999999999556e+00 1.000000000000000000e+00 1.192010240655359876e+00 1.999999999999999556e+00 9.999999999999997780e-01 1.000000085327873434e+00 1.999999999999999556e+00
1.198402048032515932e+00 1.039743504390509665e+00 1.999999999999999556e+00 1.000266650255359657e+00 1.001280098330215695e+00 1.999999999999999556e+00 1.000255999999999812e+00 1.000256003282042672e+00 1.999999999999999556e+00
1.807692714116330146e+00 1.807690665990335122e+00 1.999999999999999556e+00 1.000002047999999810e+00 1.032061459661019587e+00 1.999999999999999556e+00 1.000000019660841621e+00 1.160000000000043441e+00 1.999999999999999556e+00
