1.000002129926333083e+00 1.000256491525244318e+00 1.999999999999999556e+00 1.001280000000008163e+00 1.000002047999999810e+00 1.999999999999999556e+00 1.031999999999999806e+00 1.000000000031465719e+00 1.999999999999999556e+00
1.833280016410266278e+00 1.199690748722981315e+00 1.999999999999999556e+00 1.160000000005452225e+00 1.806400000000251804e+00 1.999999999999999556e+00 1.000002048000000032e+00 1.807731200027472562e+00 1.999999999999999556e+00
1.801536429287056595e+00 1.993587692312932980e+00 1.999999999999999556e+00 1.000051199999999696e+00 1.166412369921091985e+00 1.999999999999999556e+00 1.006400000001048234e+00 1.000051200655359684e+00 1.999999999999999556e+00
1.038400000026215686e+00 1.198656019791871641e+00 1.999999999999999556e+00 1.031999999999999806e+00 1.000000000000000000e+00 1.999999999999999556e+00 9.999999999999997780e-01 1.160000000005242615e+00 1.999999999999999556e+00
9.999999999999997780e-01 1.833538539519999677e+00 1.999999999999999556e+00 9.999999999999997780e-01 1.800000000000008260e+00 1.999999999999999556e+00 9.999999999999997780e-01 1.801535999999999804e+00 1.999999999999999556e+00
9.999999999999997780e-01 1.000010239999999717e+00 1.999999999999999556e+00 1.000000016384050339e+00 1.032256000001090301e+00 1.999999999999999556e+00 1.000000000000041744e+00 1.000010240000000161e+00 1.999999999999999556e+00
1.000051200001048191e+00 1.000002048005284472e+00 1.999999999999999556e+00 1.000000000000001332e+00 9.999999999999997780e-01 1.999999999999999556e+00 9.999999999999997780e-01 1.799999999999999822e+00 1.999999999999999556e+00
1.160000000655359687e+00 1.160000000000209308e+00 1.999999999999999556e+00 9.999999999999997780e-01 1.000000000660602684e+00 1.999999999999999556e+00 9.999999999999997780e-01 1.000000000000209388e+00 1.999999999999999556e+00
1.000000000005242695e+00 9.999999999999997780e-01 1.999999999999999556e+00 1.000000000131071820e+00 1.000010243276799660e+00 1.999999999999999556e+00 9.999999999999997780e-01 1.000256000001048307e+00 1.999999999999999556e+00
9.999999999999997780e-01 1.000000000655359766e+00 1.999999999999999556e+00 9.999999999999997780e-01 1.000000003277848659e+00 1.999999999999999556e+00 9.999999999999997780e-01 9.999999999999997780e-01 1.999999999999999556e+00
