1.006412291276841842e+00 1.800000016515281409e+00 1.999999999999999556e+00 1.000010240026214081e+00 1.001282457731072162e+00 1.999999999999999556e+00 1.001280000000209336e+00 1.000000003276799720e+00 1.999999999999999556e+00
1.801333251303234295e+00 1.193589674801897704e+00 1.999999999999999556e+00 1.160002048027304777e+00 1.000002048005462774e+00 1.999999999999999556e+00 1.032010239999999746e+00 1.000000409605452223e+00 1.999999999999999556e+00
1.192010325852411290e+00 1.801290666141338148e+00 1.999999999999999556e+00 1.006451282051113560e+00 1.006453251932159842e+00 1.999999999999999556e+00 1.000000016383999712e+00 1.167682048660611205e+00 1.999999999999999556e+00
9.999999999999997780e-01 1.000010239999999717e+00 1.999999999999999556e+00 9.999999999999997780e-01 1.000010239999999717e+00 1.999999999999999556e+00 9.999999999999997780e-01 1.000000003276799720e+00 1.999999999999999556e+00
1.000000000001050049e+00 1.006400000000209349e+00 1.999999999999999556e+00 9.999999999999997780e-01 1.000000000000008216e+00 1.999999999999999556e+00 9.999999999999997780e-01 1.000000000136314515e+00 1.999999999999999556e+00
1.000010239999999717e+00 1.000000000000000000e+00 1.999999999999999556e+00 9.999999999999997780e-01 9.999999999999997780e-01 1.999999999999999556e+00 1.000000000001048273e+00 9.999999999999997780e-01 1.999999999999999556e+00
1.000051200000000140e+00 1.800002048000001853e+00 1.999999999999999556e+00 1.000000000000209388e+00 1.000000000000001554e+00 1.999999999999999556e+00 1.000010239999999717e+00 1.000010649731071677e+00 1.999999999999999556e+00
9.999999999999997780e-01 1.000000004063231751e+00 1.999999999999999556e+00 1.000000000655359766e+00 1.007680016384008059e+00 1.999999999999999556e+00 1.000000000000008216e+00 9.999999999999997780e-01 1.999999999999999556e+00
1.160256000786431763e+00 1.000051216384251873e+00 1.999999999999999556e+00 1.000000000001048273e+00 1.000002048000209420e+00 1.999999999999999556e+00 1.000000410255359684e+00 1.000051199999999696e+00 1.999999999999999556e+00
9.999999999999997780e-01 1.000000016515071755e+00 1.999999999999999556e+00 1.000000000026214142e+00 9.999999999999997780e-01 1.999999999999999556e+00 9.999999999999997780e-01 9.999999999999997780e-01 1.999999999999999556e+00
