1.800258051277009441e+00 1.992012374009657805e+00 1.999999999999999556e+00 1.000258457600008200e+00 1.159999999999999698e+00 1.999999999999999556e+00 1.000000000026214142e+00 1.038399999999999768e+00 1.999999999999999556e+00
1.801331301587133282e+00 1.006451281951500798e+00 1.999999999999999556e+00 1.000000016384209545e+00 1.006656082575359656e+00 1.999999999999999556e+00 1.000000081919999895e+00 1.801280000000001547e+00 1.999999999999999556e+00
1.198666243303014411e+00 1.160317865984251462e+00 1.999999999999999556e+00 1.000051199999999696e+00 1.000000409600000140e+00 1.999999999999999556e+00 1.000000000000209388e+00 1.001535999999999760e+00 1.999999999999999556e+00
1.000256000655611377e+00 1.000256085983231680e+00 1.999999999999999556e+00 1.000000409599999696e+00 1.001282457599999676e+00 1.999999999999999556e+00 1.799999999999999822e+00 1.000010239999999717e+00 1.999999999999999556e+00
1.960010240000001458e+00 1.001536413007880100e+00 1.999999999999999556e+00 1.006399999999999739e+00 1.006451203407922046e+00 1.999999999999999556e+00 1.000000000131071820e+00 1.800000016410423953e+00 1.999999999999999556e+00
1.038400082051281315e+00 1.000256000681616131e+00 1.999999999999999556e+00 1.166410240031465317e+00 1.001280000000209336e+00 1.999999999999999556e+00 9.999999999999997780e-01 1.000002048655359799e+00 1.999999999999999556e+00
1.167690240000008428e+00 1.161331301743329325e+00 1.999999999999999556e+00 1.000000000157328373e+00 1.006461849600041703e+00 1.999999999999999556e+00 1.000000000026214142e+00 1.000010239999999717e+00 1.999999999999999556e+00
1.161536085223014325e+00 1.007680426016507313e+00 1.999999999999999556e+00 1.000051216384041597e+00 1.006461440026214404e+00 1.999999999999999556e+00 1.032002048001048333e+00 1.000000000000211164e+00 1.999999999999999556e+00
1.001589330601574179e+00 1.960000082580854563e+00 1.999999999999999556e+00 1.160000000000209308e+00 1.000000000001048717e+00 1.999999999999999556e+00 1.159999999999999698e+00 1.006656081919999668e+00 1.999999999999999556e+00
1.167743569921091851e+00 1.161333759841411073e+00 1.999999999999999556e+00 1.006400000000209571e+00 1.032000000001090267e+00 1.999999999999999556e+00 9.999999999999997780e-01 1.000000409600001472e+00 1.999999999999999556e+00
