1.000051609605242531e+00 1.998451609601266776e+00 1.999999999999999556e+00 1.031999999999999806e+00 1.000010240655359706e+00 1.999999999999999556e+00 1.800000000655359811e+00 1.000000003277848215e+00 1.999999999999999556e+00
1.160307692180612804e+00 1.006719995905259735e+00 1.999999999999999556e+00 1.000000000656408705e+00 1.000000000032715386e+00 1.999999999999999556e+00 1.000000081920008110e+00 1.801282048131080504e+00 1.999999999999999556e+00
1.001282130706643070e+00 1.000266669947877496e+00 1.999999999999999556e+00 1.032010649601257990e+00 1.160063488000008025e+00 1.999999999999999556e+00 1.166400000005242577e+00 1.001280003932411455e+00 1.999999999999999556e+00
1.199731626010432706e+00 1.038709756695934683e+00 1.999999999999999556e+00 1.006717443434339554e+00 1.960268799339145218e+00 1.999999999999999556e+00 1.961599914796908317e+00 1.967999996723157841e+00 1.999999999999999556e+00
1.167936430078900578e+00 1.839741951863640868e+00 1.999999999999999556e+00 1.992012799338128470e+00 1.999999999998951061e+00 1.999999999999999556e+00 1.839999996586874742e+00 1.999999918079999439e+00 1.999999999999999556e+00
1.193333330712775142e+00 1.193599491414425007e+00 1.999999999999999556e+00 1.198668369952716972e+00 1.999989678079999500e+00 1.999999999999999556e+00 1.993599590398950738e+00 1.961589759999999405e+00 1.999999999999999556e+00
1.999989267687058092e+00 1.999948799344428041e+00 1.999999999999999556e+00 1.838453248787482508e+00 1.966709742960597751e+00 1.999999999999999556e+00 1.993599590263684496e+00 1.993599999998741490e+00 1.999999999999999556e+00
1.993290732180820868e+00 1.999743999999999744e+00 1.999999999999999556e+00 1.199938130601582387e+00 1.193341951186260630e+00 1.999999999999999556e+00 1.998668782955396406e+00 1.839999999999957669e+00 1.999999999999999556e+00
1.838709756721899069e+00 1.167987630078951122e+00 1.999999999999999556e+00 1.160319901663233511e+00 1.198719999973567152e+00 1.999999999999999556e+00 1.000319901668734968e+00 1.993599983610756965e+00 1.999999999999999556e+00
1.999999999999999556e+00 1.999999999999999556e+00 1.999999999999999556e+00 1.999999999999999556e+00 1.999999999999999556e+00 1.999999999999999556e+00 1.999999999999999556e+00 1.999999999999999556e+00 1.999999999999999556e+00
