1.032266747905300042e+00 1.006400085988476523e+00 1.999999999999999556e+00 1.160000000000000142e+00 1.006451203276808259e+00 1.999999999999999556e+00 1.000010240031456998e+00 1.806402457599999734e+00 1.999999999999999556e+00
1.838453660909347587e+00 1.001597456515283424e+00 1.999999999999999556e+00 1.000258048005242539e+00 1.167936409601090242e+00 1.999999999999999556e+00 1.000000409626214282e+00 1.001341440786433834e+00 1.999999999999999556e+00
1.000000085197850330e+00 1.992307691551509219e+00 1.999999999999999556e+00 1.000002051277848247e+00 1.000000016385091950e+00 1.999999999999999556e+00 9.999999999999997780e-01 1.000266325196799810e+00 1.999999999999999556e+00
1.000307200005244646e+00 1.007946256385100714e+00 1.999999999999999556e+00 9.999999999999997780e-01 1.032000429260850449e+00 1.999999999999999556e+00 1.000000000000209388e+00 1.800010649631677229e+00 1.999999999999999556e+00
1.001331626115281370e+00 1.161597538991077094e+00 1.999999999999999556e+00 1.032000000005250939e+00 1.800010240681582552e+00 1.999999999999999556e+00 9.999999999999997780e-01 1.000010256383999652e+00 1.999999999999999556e+00
1.032002048001048333e+00 1.198402457600218129e+00 1.999999999999999556e+00 1.000000413007871680e+00 1.800317522580856089e+00 1.999999999999999556e+00 1.000000000005242695e+00 1.000002146304209694e+00 1.999999999999999556e+00
1.006400410261651279e+00 1.998410649600043776e+00 1.999999999999999556e+00 1.001280016383999660e+00 1.198400409736316341e+00 1.999999999999999556e+00 9.999999999999997780e-01 1.000256000000041556e+00 1.999999999999999556e+00
1.032000000026256137e+00 1.167680016389242681e+00 1.999999999999999556e+00 1.001280003276801445e+00 1.001282457599999676e+00 1.999999999999999556e+00 1.000000003276799720e+00 1.198399999999999688e+00 1.999999999999999556e+00
1.832061852876850194e+00 1.832010338461546706e+00 1.999999999999999556e+00 1.006400000026214103e+00 1.166410240131323439e+00 1.999999999999999556e+00 1.031999999999999806e+00 1.000000000786431809e+00 1.999999999999999556e+00
1.801290748716646073e+00 1.961597931525284944e+00 1.999999999999999556e+00 1.160002064541294509e+00 1.960309333197848281e+00 1.999999999999999556e+00 1.000002064389244216e+00 1.160266240655360104e+00 1.999999999999999556e+00
