1.800000409626214548e+00 1.032051200136314684e+00 1.999999999999999556e+00 1.000255999999999812e+00 1.800000000000001377e+00 1.999999999999999556e+00 9.999999999999997780e-01 1.032258047999999651e+00 1.999999999999999556e+00
1.039987200158334790e+00 1.033548717266084882e+00 1.999999999999999556e+00 1.800000425984043417e+00 1.800256000026214220e+00 1.999999999999999556e+00 1.031999999999999806e+00 1.006402067660800093e+00 1.999999999999999556e+00
1.006410650286817088e+00 1.192307299117912667e+00 1.999999999999999556e+00 1.000266256383999686e+00 1.193280425983999748e+00 1.999999999999999556e+00 1.800000003276799765e+00 1.160051691519999650e+00 1.999999999999999556e+00
1.000000016542378356e+00 1.998412389582068460e+00 1.999999999999999556e+00 1.000010240131122163e+00 1.006451610386643214e+00 1.999999999999999556e+00 1.000051200655359684e+00 1.001536000027304585e+00 1.999999999999999556e+00
1.192319980181911543e+00 1.967938458417897829e+00 1.999999999999999556e+00 1.006463918073706276e+00 1.033599901558384326e+00 1.999999999999999556e+00 1.038400000001048262e+00 1.806402067661898592e+00 1.999999999999999556e+00
1.000000000001048273e+00 1.000000000000209388e+00 1.999999999999999556e+00 9.999999999999997780e-01 9.999999999999997780e-01 1.999999999999999556e+00 9.999999999999997780e-01 9.999999999999997780e-01 1.999999999999999556e+00
9.999999999999997780e-01 1.000000000000209388e+00 1.999999999999999556e+00 9.999999999999997780e-01 1.000000003276799720e+00 1.999999999999999556e+00 9.999999999999997780e-01 1.160000491520209343e+00 1.999999999999999556e+00
1.000002048000209420e+00 1.000051200131071738e+00 1.999999999999999556e+00 1.000010239999999717e+00 1.000012287999999749e+00 1.999999999999999556e+00 9.999999999999997780e-01 1.000000016383999712e+00 1.999999999999999556e+00
1.000255999999999812e+00 1.000000000131071820e+00 1.999999999999999556e+00 9.999999999999997780e-01 1.800000000001050093e+00 1.999999999999999556e+00 9.999999999999997780e-01 1.800000409599999740e+00 1.999999999999999556e+00
9.999999999999997780e-01 1.000000000131071820e+00 1.999999999999999556e+00 1.000000081919999673e+00 1.001279999999999726e+00 1.999999999999999556e+00 9.999999999999997780e-01 1.000258048000008060e+00 1.999999999999999556e+00
