1.006410240001049949e+00 1.161280017196688163e+00 1.999999999999999556e+00 1.000051216384000075e+00 1.000000003303014307e+00 1.999999999999999556e+00 1.000000000000000000e+00 1.000000016384209545e+00 1.999999999999999556e+00
1.001282048001100433e+00 1.033290321952516022e+00 1.999999999999999556e+00 1.800000409626423936e+00 1.000012304384209516e+00 1.999999999999999556e+00 1.006400081920041600e+00 1.000002048001048305e+00 1.999999999999999556e+00
1.033280410260822624e+00 1.833282556585617895e+00 1.999999999999999556e+00 1.000000000000251799e+00 1.001587626115081786e+00 1.999999999999999556e+00 1.006399999999999739e+00 1.032256000001049889e+00 1.999999999999999556e+00
1.832051298435115827e+00 1.992309661013326405e+00 1.999999999999999556e+00 9.999999999999997780e-01 1.838656000682673097e+00 1.999999999999999556e+00 1.038400003932369531e+00 1.160258048682832888e+00 1.999999999999999556e+00
1.999999999999999556e+00 1.999999999999999556e+00 1.999999999999999556e+00 1.999999999999999556e+00 1.999999999999999556e+00 1.999999999999999556e+00 1.999999999999999556e+00 1.999999999999999556e+00 1.999999999999999556e+00
1.999999999999999556e+00 1.999999999999999556e+00 1.999999999999999556e+00 1.999999999999999556e+00 1.999999999999999556e+00 1.999999999999999556e+00 1.999999999999999556e+00 1.999999999999999556e+00 1.999999999999999556e+00
1.999999999999999556e+00 1.999999999999999556e+00 1.999999999999999556e+00 1.999999999999999556e+00 1.999999999999999556e+00 1.999999999999999556e+00 1.999999999999999556e+00 1.999999999999999556e+00 1.999999999999999556e+00
1.999999999999999556e+00 1.999999999999999556e+00 1.999999999999999556e+00 1.999999999999999556e+00 1.999999999999999556e+00 1.999999999999999556e+00 1.999999999999999556e+00 1.999999999999999556e+00 1.999999999999999556e+00
1.999999999999999556e+00 1.999999999999999556e+00 1.999999999999999556e+00 1.999999999999999556e+00 1.999999999999999556e+00 1.999999999999999556e+00 1.999999999999999556e+00 1.999999999999999556e+00 1.999999999999999556e+00
1.999999999999999556e+00 1.999999999999999556e+00 1.999999999999999556e+00 1.999999999999999556e+00 1.999999999999999556e+00 1.999999999999999556e+00 1.999999999999999556e+00 1.999999999999999556e+00 1.999999999999999556e+00
