1.001282543452168383e+00 1.832000409600001545e+00 1.999999999999999556e+00 1.031999999999999806e+00 1.960000412876799825e+00 1.999999999999999556e+00 1.031999999999999806e+00 1.000010256383999652e+00 1.999999999999999556e+00
1.000266666011264682e+00 1.033282559208073215e+00 1.999999999999999556e+00 1.006410321919999795e+00 1.832053248791892797e+00 1.999999999999999556e+00 9.999999999999997780e-01 1.032010650281582897e+00 1.999999999999999556e+00
1.192317443414374623e+00 1.193599589744631206e+00 1.999999999999999556e+00 1.000010239999999717e+00 1.801538559338305978e+00 1.999999999999999556e+00 1.000000000000209388e+00 1.192000000000008608e+00 1.999999999999999556e+00
1.033341541739354774e+00 1.193333268447493767e+00 1.999999999999999556e+00 1.832010239999999790e+00 1.000266256384209740e+00 1.999999999999999556e+00 1.032000003413114708e+00 1.000010256385048368e+00 1.999999999999999556e+00
1.198451298466739035e+00 1.007997869262060142e+00 1.999999999999999556e+00 1.001538047999999792e+00 1.006402048791682935e+00 1.999999999999999556e+00 1.000000003276799720e+00 1.006463504389242702e+00 1.999999999999999556e+00
1.198451281920211553e+00 1.807989267823548740e+00 1.999999999999999556e+00 1.000051199999999696e+00 1.006410240006301526e+00 1.999999999999999556e+00 9.999999999999997780e-01 1.000051199999999696e+00 1.999999999999999556e+00
1.166461849732120637e+00 1.160309743452413445e+00 1.999999999999999556e+00 1.032000016383999741e+00 1.006400409605251456e+00 1.999999999999999556e+00 9.999999999999997780e-01 1.000317440001048386e+00 1.999999999999999556e+00
1.038461849605242460e+00 1.160002559343381145e+00 1.999999999999999556e+00 1.192002048131080016e+00 1.032002048157287799e+00 1.999999999999999556e+00 1.007680016383999622e+00 1.006410256383999613e+00 1.999999999999999556e+00
1.001548288000000175e+00 1.198402542796808135e+00 1.999999999999999556e+00 1.033280081919999649e+00 1.166400082580854702e+00 1.999999999999999556e+00 1.006399999999999739e+00 1.000258064410475933e+00 1.999999999999999556e+00
1.007731204068516462e+00 1.966709755909452406e+00 1.999999999999999556e+00 1.000000000000008216e+00 1.000063897600209861e+00 1.999999999999999556e+00 1.032256000000000062e+00 1.800000082580604399e+00 1.999999999999999556e+00
