1.001587281920211181e+00 1.038666257039360108e+00 1.999999999999999556e+00 1.000000081919999673e+00 1.006400000000001516e+00 1.999999999999999556e+00 9.999999999999997780e-01 1.001280016383999660e+00 1.999999999999999556e+00
1.800051711182100167e+00 1.198658474121365280e+00 1.999999999999999556e+00 1.799999999999999822e+00 1.007948291282252384e+00 1.999999999999999556e+00 1.000256000005252721e+00 1.000000000660814292e+00 1.999999999999999556e+00
1.960000017196646294e+00 1.806461542268708032e+00 1.999999999999999556e+00 1.032000000131071626e+00 1.160010321946214562e+00 1.999999999999999556e+00 1.000010240001048212e+00 1.160256003276808112e+00 1.999999999999999556e+00
1.160307200137363548e+00 1.192061440661701832e+00 1.999999999999999556e+00 1.000000000131281430e+00 1.032307612877848779e+00 1.999999999999999556e+00 1.000000000026214142e+00 1.006707200026222493e+00 1.999999999999999556e+00
1.199692370575411893e+00 1.001280491521048699e+00 1.999999999999999556e+00 1.800000081920000161e+00 1.992266240157286150e+00 1.999999999999999556e+00 1.000000000131071820e+00 1.166400000000001658e+00 1.999999999999999556e+00
1.000000081919999673e+00 1.192051200682674672e+00 1.999999999999999556e+00 1.000000000000041966e+00 1.000000019660809869e+00 1.999999999999999556e+00 9.999999999999997780e-01 1.192000016410214025e+00 1.999999999999999556e+00
1.000051707903999665e+00 1.033331707930423837e+00 1.999999999999999556e+00 9.999999999999997780e-01 1.032268386336547605e+00 1.999999999999999556e+00 9.999999999999997780e-01 1.000051203276799638e+00 1.999999999999999556e+00
1.800258146330222520e+00 1.033280000032765988e+00 1.999999999999999556e+00 1.000010240000001493e+00 1.000256000005242951e+00 1.999999999999999556e+00 9.999999999999997780e-01 1.032000409600251523e+00 1.999999999999999556e+00
1.166463570051290199e+00 1.198410244063485397e+00 1.999999999999999556e+00 1.000000409599999696e+00 1.193292304410465743e+00 1.999999999999999556e+00 1.000000003282084604e+00 1.198402130051073433e+00 1.999999999999999556e+00
1.160010256410256124e+00 1.033282048791893004e+00 1.999999999999999556e+00 9.999999999999997780e-01 1.160010240000008519e+00 1.999999999999999556e+00 1.006400409599999657e+00 1.000000000006500800e+00 1.999999999999999556e+00
