1.000000017040408196e+00 1.198400016389251421e+00 1.999999999999999556e+00 1.000010239999999717e+00 1.006400016385048390e+00 1.999999999999999556e+00 1.000000003276799720e+00 1.000010239999999717e+00 1.999999999999999556e+00
1.000307282056314584e+00 1.800266259791913681e+00 1.999999999999999556e+00 1.000000081920042083e+00 1.832002067687224178e+00 1.999999999999999556e+00 9.999999999999997780e-01 1.000051200000001472e+00 1.999999999999999556e+00
1.160268370712723263e+00 1.960266342268674356e+00 1.999999999999999556e+00 1.033536000655410181e+00 1.160010325983233503e+00 1.999999999999999556e+00 1.032000000005453888e+00 1.000051609601090297e+00 1.999999999999999556e+00
1.001280016515113669e+00 1.006402461007914084e+00 1.999999999999999556e+00 9.999999999999997780e-01 1.160012288005242809e+00 1.999999999999999556e+00 1.000010240000000161e+00 1.032000000001048301e+00 1.999999999999999556e+00
1.199987609599999727e+00 1.160307200818099016e+00 1.999999999999999556e+00 1.000000000000001332e+00 1.032256016389452302e+00 1.999999999999999556e+00 9.999999999999997780e-01 1.000000409732330064e+00 1.999999999999999556e+00
1.000000491521301660e+00 1.166717853533461913e+00 1.999999999999999556e+00 1.000255999999999812e+00 1.807946665985048273e+00 1.999999999999999556e+00 1.000010239999999717e+00 1.000002130052120242e+00 1.999999999999999556e+00
1.001536016385098593e+00 1.032002065039579586e+00 1.999999999999999556e+00 1.160000016389242550e+00 1.000258048001301914e+00 1.999999999999999556e+00 1.000255999999999812e+00 1.000000081920050077e+00 1.999999999999999556e+00
1.006400491521048712e+00 1.992051219666084672e+00 1.999999999999999556e+00 1.000010321919999834e+00 1.007690243413114528e+00 1.999999999999999556e+00 1.000000000005242695e+00 1.032256000655359829e+00 1.999999999999999556e+00
1.038656413559472913e+00 1.032002458287909485e+00 1.999999999999999556e+00 1.032256000131080098e+00 1.032051200000001501e+00 1.999999999999999556e+00 9.999999999999997780e-01 1.000061456520574543e+00 1.999999999999999556e+00
1.800266243937620692e+00 1.839731613035177071e+00 1.999999999999999556e+00 1.000000409600001472e+00 1.000000000005244249e+00 1.999999999999999556e+00 1.000000409626214060e+00 1.993280410256408341e+00 1.999999999999999556e+00
