1.039690666010256059e+00 1.006453657600209439e+00 1.999999999999999556e+00 9.999999999999997780e-01 1.007731200005244299e+00 1.999999999999999556e+00 1.000051200655359684e+00 1.000000000131071820e+00 1.999999999999999556e+00
1.161331219792920422e+00 1.033548780180812754e+00 1.999999999999999556e+00 9.999999999999997780e-01 1.192061522601617796e+00 1.999999999999999556e+00 9.999999999999997780e-01 1.192051281919999761e+00 1.999999999999999556e+00
1.032051216410255989e+00 1.000051301612475463e+00 1.999999999999999556e+00 1.000000000000050404e+00 1.006400081920041600e+00 1.999999999999999556e+00 1.806400409599999701e+00 1.166400101580799653e+00 1.999999999999999556e+00
1.000002150236159792e+00 1.000268288136316297e+00 1.999999999999999556e+00 9.999999999999997780e-01 1.032258048001048589e+00 1.999999999999999556e+00 1.001280003276799668e+00 1.000000000661651178e+00 1.999999999999999556e+00
1.001341440000041771e+00 1.000256017170441769e+00 1.999999999999999556e+00 1.006400000000008177e+00 1.806655999999999818e+00 1.999999999999999556e+00 9.999999999999997780e-01 1.000053247999999728e+00 1.999999999999999556e+00
1.006655999999999995e+00 1.167680426666834137e+00 1.999999999999999556e+00 1.000000000000008216e+00 1.161280409600008445e+00 1.999999999999999556e+00 9.999999999999997780e-01 1.000051612877848273e+00 1.999999999999999556e+00
1.032000000001050077e+00 1.801282067660850528e+00 1.999999999999999556e+00 1.000000016384209545e+00 1.800010256389242613e+00 1.999999999999999556e+00 9.999999999999997780e-01 1.033290240001048188e+00 1.999999999999999556e+00
1.960051200001090344e+00 1.960268291414381414e+00 1.999999999999999556e+00 1.000051200655359684e+00 1.033536494954305995e+00 1.999999999999999556e+00 1.000000000026214142e+00 1.000010239999999717e+00 1.999999999999999556e+00
1.807741849600050132e+00 1.167989657736568265e+00 1.999999999999999556e+00 1.001280412903014172e+00 1.199682457605244279e+00 1.999999999999999556e+00 1.000000081919999673e+00 9.999999999999997780e-01 1.999999999999999556e+00
1.006400491519999774e+00 1.007680412877898668e+00 1.999999999999999556e+00 1.000002129920041671e+00 1.000053248031457009e+00 1.999999999999999556e+00 9.999999999999997780e-01 1.806410669260841706e+00 1.999999999999999556e+00
