1.800051203958374257e+00 1.006709264384001434e+00 1.999999999999999556e+00 9.999999999999997780e-01 1.966400016384009852e+00 1.999999999999999556e+00 1.000000409600209528e+00 1.001535999999999760e+00 1.999999999999999556e+00
1.006453333354128121e+00 1.000012783584498299e+00 1.999999999999999556e+00 9.999999999999997780e-01 1.966400410255611408e+00 1.999999999999999556e+00 9.999999999999997780e-01 1.006400081921048351e+00 1.999999999999999556e+00
1.038658556585785542e+00 1.007936017175934618e+00 1.999999999999999556e+00 1.032000016390291597e+00 1.038656019667093089e+00 1.999999999999999556e+00 1.000000003276801719e+00 1.032317525197848251e+00 1.999999999999999556e+00
1.166400000131081915e+00 1.006451286014900859e+00 1.999999999999999556e+00 1.832256000005452412e+00 1.161280410281835707e+00 1.999999999999999556e+00 1.000000016384209545e+00 1.038453248000008156e+00 1.999999999999999556e+00
1.000256000132338841e+00 1.006658065170431771e+00 1.999999999999999556e+00 1.000000016383999712e+00 1.000000003308266994e+00 1.999999999999999556e+00 1.160255999999999732e+00 1.806410240655369925e+00 1.999999999999999556e+00
1.160268698419197886e+00 1.007936429418346602e+00 1.999999999999999556e+00 1.160000000655359687e+00 1.966400000792941416e+00 1.999999999999999556e+00 1.000000412876808076e+00 1.007680000000001463e+00 1.999999999999999556e+00
1.038453268347835357e+00 1.033333755935677223e+00 1.999999999999999556e+00 1.000000409605251273e+00 1.000317440655410062e+00 1.999999999999999556e+00 9.999999999999997780e-01 1.000051216384008068e+00 1.999999999999999556e+00
1.166666734797891847e+00 1.166412369925294623e+00 1.999999999999999556e+00 1.001280425984209410e+00 1.192061522738149026e+00 1.999999999999999556e+00 1.000000000131071820e+00 1.800000426639359663e+00 1.999999999999999556e+00
1.038402048131071620e+00 1.999741951863684974e+00 1.999999999999999556e+00 1.000061849599999775e+00 1.032051220473488184e+00 1.999999999999999556e+00 1.000000409600000140e+00 1.000317440656409929e+00 1.999999999999999556e+00
1.192258065070869399e+00 1.039997538304261449e+00 1.999999999999999556e+00 1.000000003277009331e+00 1.000256494933116302e+00 1.999999999999999556e+00 1.806453329919999851e+00 1.001546259661848293e+00 1.999999999999999556e+00
