1.160000000005242615e+00 1.001538048001048287e+00 1.999999999999999556e+00 9.999999999999997780e-01 1.006400409731323498e+00 1.999999999999999556e+00 1.160000000131113707e+00 1.000256003276799754e+00 1.999999999999999556e+00
1.006400000006291595e+00 1.838656000660864764e+00 1.999999999999999556e+00 1.033282048131071829e+00 1.001587281946423769e+00 1.999999999999999556e+00 1.032000000131071626e+00 1.006410240000211065e+00 1.999999999999999556e+00
1.966400016384251881e+00 1.967936020478899151e+00 1.999999999999999556e+00 9.999999999999997780e-01 1.806402146440315049e+00 1.999999999999999556e+00 1.000002129919999705e+00 1.000002048655361353e+00 1.999999999999999556e+00
1.000002129921266469e+00 1.032268799998900421e+00 1.999999999999999556e+00 1.000000000027262637e+00 1.192266243276799642e+00 1.999999999999999556e+00 9.999999999999997780e-01 1.000000000000211164e+00 1.999999999999999556e+00
1.039938065040450166e+00 1.966666670047275911e+00 1.999999999999999556e+00 1.000000000000000000e+00 1.833282064515071808e+00 1.999999999999999556e+00 1.000000000001090239e+00 1.000002543453258674e+00 1.999999999999999556e+00
1.006400000158554464e+00 1.166668714803147378e+00 1.999999999999999556e+00 9.999999999999997780e-01 1.006400082576408339e+00 1.999999999999999556e+00 9.999999999999997780e-01 1.032002048655611404e+00 1.999999999999999556e+00
1.032000000131071626e+00 1.039692373852168172e+00 1.999999999999999556e+00 1.000000003303223917e+00 1.960051281920211608e+00 1.999999999999999556e+00 1.799999999999999822e+00 1.000051281920219415e+00 1.999999999999999556e+00
1.038666243276850309e+00 1.038451694796801439e+00 1.999999999999999556e+00 1.006410239999999678e+00 1.160000003276842051e+00 1.999999999999999556e+00 1.000000000000209388e+00 1.000256003276808192e+00 1.999999999999999556e+00
1.167680085852161431e+00 1.006463917393132013e+00 1.999999999999999556e+00 1.000002048026222612e+00 1.192307609632723642e+00 1.999999999999999556e+00 1.000002047999999810e+00 1.001290321925244253e+00 1.999999999999999556e+00
1.960010322606867694e+00 1.007680426802149531e+00 1.999999999999999556e+00 1.032051281919999619e+00 1.032000017175674689e+00 1.999999999999999556e+00 9.999999999999997780e-01 1.198400410255368254e+00 1.999999999999999556e+00
