1.032266669266042713e+00 1.192000000026423923e+00 1.999999999999999556e+00 1.000000000000000000e+00 1.000051217039368057e+00 1.999999999999999556e+00 1.000002048000001365e+00 1.006400000000041928e+00 1.999999999999999556e+00
1.167731217039403635e+00 1.800266338964610968e+00 1.999999999999999556e+00 1.000002064384041933e+00 1.001280082056316356e+00 1.999999999999999556e+00 9.999999999999997780e-01 1.006399999999999961e+00 1.999999999999999556e+00
1.000010257065574226e+00 1.161282543453250771e+00 1.999999999999999556e+00 1.000000000000209388e+00 1.033331285327913962e+00 1.999999999999999556e+00 1.000051203276799638e+00 1.000256409599999730e+00 1.999999999999999556e+00
1.007680000000042098e+00 1.833282542824064665e+00 1.999999999999999556e+00 1.000000000000251354e+00 1.160010325197009529e+00 1.999999999999999556e+00 9.999999999999997780e-01 1.001279999999999726e+00 1.999999999999999556e+00
1.000012288026432161e+00 1.806400017203190878e+00 1.999999999999999556e+00 1.000266649600209723e+00 1.192051199999999866e+00 1.999999999999999556e+00 1.000000000001048273e+00 1.992061439999999628e+00 1.999999999999999556e+00
1.000000425990291264e+00 1.032307282602666687e+00 1.999999999999999556e+00 1.033280000001048249e+00 1.000256409757288134e+00 1.999999999999999556e+00 9.999999999999997780e-01 1.001280003932159657e+00 1.999999999999999556e+00
1.001280082580602526e+00 1.160268698261902820e+00 1.999999999999999556e+00 1.000000000000008438e+00 1.993280081925242531e+00 1.999999999999999556e+00 1.000000409626214060e+00 1.000266240157504205e+00 1.999999999999999556e+00
1.000000000026214142e+00 1.000012697732164169e+00 1.999999999999999556e+00 1.000000000001048273e+00 1.160000085989523200e+00 1.999999999999999556e+00 1.000051200655359684e+00 1.801280409601048405e+00 1.999999999999999556e+00
1.000266650255359657e+00 1.967682146310502755e+00 1.999999999999999556e+00 9.999999999999997780e-01 1.006412697605494344e+00 1.999999999999999556e+00 9.999999999999997780e-01 1.000000000655359766e+00 1.999999999999999556e+00
1.166451281947264551e+00 1.000000494798108708e+00 1.999999999999999556e+00 1.160000000655359687e+00 1.160010652876799719e+00 1.999999999999999556e+00 9.999999999999997780e-01 1.000307200655403461e+00 1.999999999999999556e+00
