1.806453264385048385e+00 1.160266338992075319e+00 1.999999999999999556e+00 9.999999999999997780e-01 1.032000425989244352e+00 1.999999999999999556e+00 1.000000000131080036e+00 1.000000000005284440e+00 1.999999999999999556e+00
1.000051626796646165e+00 1.806451694927880380e+00 1.999999999999999556e+00 9.999999999999997780e-01 1.032010257039410073e+00 1.999999999999999556e+00 1.000000081919999673e+00 1.000000085196799615e+00 1.999999999999999556e+00
1.001280409626222445e+00 1.192002474011474522e+00 1.999999999999999556e+00 1.000000000131071820e+00 1.032000000136314766e+00 1.999999999999999556e+00 9.999999999999997780e-01 1.160010239999999859e+00 1.999999999999999556e+00
1.001290669288104729e+00 1.801290338436338567e+00 1.999999999999999556e+00 1.000051613532159767e+00 1.032256082601584524e+00 1.999999999999999556e+00 9.999999999999997780e-01 1.000053248136322903e+00 1.999999999999999556e+00
1.000256000162528913e+00 1.192063574014697425e+00 1.999999999999999556e+00 1.960000085852378060e+00 1.000000412904072933e+00 1.999999999999999556e+00 1.000000016383999712e+00 1.000000494954086161e+00 1.999999999999999556e+00
1.032000412909523712e+00 1.006451200005292979e+00 1.999999999999999556e+00 1.001290239999999665e+00 1.800051200001301810e+00 1.999999999999999556e+00 9.999999999999997780e-01 1.000256425985049935e+00 1.999999999999999556e+00
1.001280082580604303e+00 1.000002461664540432e+00 1.999999999999999556e+00 1.006400409600001433e+00 1.800000494823014163e+00 1.999999999999999556e+00 1.001280000655359714e+00 9.999999999999997780e-01 1.999999999999999556e+00
1.166451281946467411e+00 1.167682146331306736e+00 1.999999999999999556e+00 1.000000000000001332e+00 1.006707203276809848e+00 1.999999999999999556e+00 1.000051199999999696e+00 1.800256016390291203e+00 1.999999999999999556e+00
1.966717440792943083e+00 1.961341459660801423e+00 1.999999999999999556e+00 1.000000409599999696e+00 1.000002048026264800e+00 1.999999999999999556e+00 1.001282048026214122e+00 1.032010338304209407e+00 1.999999999999999556e+00
1.000256410255360162e+00 1.839936085197848570e+00 1.999999999999999556e+00 1.000051281919999813e+00 1.198658047999999754e+00 1.999999999999999556e+00 1.000002047999999810e+00 1.160256000005242649e+00 1.999999999999999556e+00
