1.006658051308257029e+00 1.000000003277011107e+00 1.999999999999999556e+00 1.000002047999999810e+00 1.960002064410214295e+00 1.999999999999999556e+00 9.999999999999997780e-01 1.000000004064280246e+00 1.999999999999999556e+00
1.166400016516121907e+00 1.961282461559634038e+00 1.999999999999999556e+00 1.000000409599999696e+00 1.000266649631457394e+00 1.999999999999999556e+00 9.999999999999997780e-01 1.000000081920001893e+00 1.999999999999999556e+00
1.000063901034086156e+00 1.007690240656659908e+00 1.999999999999999556e+00 9.999999999999997780e-01 1.161341440026222527e+00 1.999999999999999556e+00 1.001279999999999726e+00 1.000317440026425420e+00 1.999999999999999556e+00
1.161331298985582627e+00 1.998410240791716586e+00 1.999999999999999556e+00 1.000256000786473587e+00 1.032061951344589223e+00 1.999999999999999556e+00 9.999999999999997780e-01 1.000256085196841616e+00 1.999999999999999556e+00
1.961280000031666804e+00 1.966461866015501103e+00 1.999999999999999556e+00 1.007680000000001463e+00 1.032051281920050023e+00 1.999999999999999556e+00 1.000256016383999746e+00 1.000051199999999696e+00 1.999999999999999556e+00
1.038656081921048635e+00 1.160268288136568238e+00 1.999999999999999556e+00 1.160002047999999730e+00 1.800012369947262991e+00 1.999999999999999556e+00 1.031999999999999806e+00 1.006399999999999739e+00 1.999999999999999556e+00
1.000051613663493821e+00 1.032010342268716352e+00 1.999999999999999556e+00 1.160000491519999732e+00 1.006461440136532826e+00 1.999999999999999556e+00 1.000000003276801497e+00 1.000000081919999673e+00 1.999999999999999556e+00
1.032051203435386366e+00 1.007692782828257361e+00 1.999999999999999556e+00 1.000000000000008216e+00 1.800000016389242674e+00 1.999999999999999556e+00 1.001279999999999726e+00 1.001331203407871628e+00 1.999999999999999556e+00
1.033282051276799729e+00 1.006400491552767340e+00 1.999999999999999556e+00 1.806410240132128697e+00 1.007680000132330278e+00 1.999999999999999556e+00 1.000000000131071820e+00 1.160256000027263035e+00 1.999999999999999556e+00
1.000307217070819155e+00 1.993280410260611202e+00 1.999999999999999556e+00 1.160000016389284960e+00 1.000010257039360084e+00 1.999999999999999556e+00 1.000256000000000034e+00 1.000000000162571290e+00 1.999999999999999556e+00
