1.006666240001056645e+00 1.192010256385090283e+00 1.999999999999999556e+00 1.006655999999999773e+00 1.006451216385056746e+00 1.999999999999999556e+00 1.032000000026214170e+00 1.032268288655569410e+00 1.999999999999999556e+00
1.833587612883099682e+00 1.006412780312724964e+00 1.999999999999999556e+00 1.000000016383999712e+00 1.006400085989566762e+00 1.999999999999999556e+00 1.000000000000209388e+00 1.960002129920009883e+00 1.999999999999999556e+00
1.032307612908467176e+00 1.960319569947524432e+00 1.999999999999999556e+00 1.006402047999999771e+00 1.006461440131113827e+00 1.999999999999999556e+00 1.000051200005242613e+00 1.000268370575359667e+00 1.999999999999999556e+00
1.833282048656619700e+00 1.033331219660843736e+00 1.999999999999999556e+00 1.000000081920209505e+00 1.001546322575361803e+00 1.999999999999999556e+00 1.000000000000008216e+00 1.038451216384209452e+00 1.999999999999999556e+00
1.161282052063483450e+00 1.992063589612476981e+00 1.999999999999999556e+00 1.000010239999999717e+00 1.161587220473456306e+00 1.999999999999999556e+00 9.999999999999997780e-01 1.006666321947262688e+00 1.999999999999999556e+00
1.033589248131113969e+00 1.199741440687865923e+00 1.999999999999999556e+00 1.000000016383999712e+00 1.966402457600008091e+00 1.999999999999999556e+00 9.999999999999997780e-01 1.000258133878583866e+00 1.999999999999999556e+00
1.000000000136356704e+00 1.998461951212307408e+00 1.999999999999999556e+00 1.000002051407913761e+00 1.000256085203342860e+00 1.999999999999999556e+00 1.001282048026214122e+00 1.001280003282093212e+00 1.999999999999999556e+00
1.007680000131071729e+00 1.806461869419396571e+00 1.999999999999999556e+00 1.000000000001050049e+00 1.001343999318372813e+00 1.999999999999999556e+00 1.800010239999999762e+00 1.000051200005244390e+00 1.999999999999999556e+00
1.198410748564814110e+00 1.839946748585794101e+00 1.999999999999999556e+00 1.032000000157286212e+00 1.001280017071865869e+00 1.999999999999999556e+00 1.000000081919999673e+00 1.001290652877011134e+00 1.999999999999999556e+00
1.032012714011262711e+00 1.999680409731281916e+00 1.999999999999999556e+00 1.160010256384041760e+00 1.806402461533252346e+00 1.999999999999999556e+00 1.000000000000000000e+00 1.000002048001048527e+00 1.999999999999999556e+00
