108.13845739363137 98.18877936032345 95.3971458959727 112.40763014102151 92.63905581052529 86.2036873107811 64.6138232018086 115.99898843075164 95.75341330707329 103.57856045147071 104.18176007066427 91.03827863300876 101.7065781846668 116.04277351167912 94.0052661134614 118.58554769348143 104.0172110092825 98.99363476919109 93.6765683962933 109.14675538771667 83.84521971691049 111.63934740335685 105.2795858547687 116.68123488080039 98.10277389252383 89.37387134486767 99.26579460942935 126.69948893264348 85.2705777511436 106.48154796857739
101.64499369470616 98.18877936032345 62.03231777799033 91.29125432601245 89.34094008222553 86.2036873107811 64.6138232018086 96.83993039806501 72.96308098788904 85.43854878566447 86.86462961735299 91.03827863300876 101.7065781846668 111.79725095276774 94.0052661134614 85.77971867776296 103.48919985630528 97.57774398271795 93.6765683962933 78.6051020539561 83.84521971691049 94.93424110700096 98.3758557016107 93.66972222872062 97.23286040524852 89.37387134486767 99.26579460942935 91.93166187921975 85.2705777511436 101.84995515857145
101.64499369470616 90.18511292831386 62.03231777799033 91.29125432601245 89.34094008222553 83.56075451866218 64.6138232018086 73.0860201492718 72.96308098788904 85.43854878566447 86.86462961735299 91.03827863300876 100.93058225841492 91.00233584173839 94.0052661134614 85.77971867776296 98.0943385019358 77.23277161786257 90.22965619792274 78.6051020539561 82.79087901313892 94.4588916835653 71.42932862345856 93.66972222872062 97.23286040524852 89.37387134486767 99.26579460942935 91.93166187921975 85.2705777511436 101.84995515857145
54.478854621207006 90.18511292831386 62.03231777799033 90.96982929175624 65.70430307739116 83.56075451866218 64.6138232018086 73.0860201492718 72.96308098788904 82.94945058463043 81.5069726314432 91.03827863300876 94.68765537785862 74.97160669475659 87.07546948543802 85.77971867776296 98.0943385019358 77.23277161786257 88.59075906209307 78.6051020539561 72.09511989161388 82.26955552372465 71.42932862345856 93.66972222872062 97.23286040524852 81.61834782797041 93.6311927709196 91.93166187921975 71.1109913800725 80.21763517521799
54.478854621207006 75.95207458489676 62.03231777799033 90.96982929175624 65.70430307739116 83.56075451866218 64.6138232018086 73.0860201492718 71.44751996103912 82.94945058463043 81.5069726314432 91.03827863300876 79.69126449901842 74.97160669475659 87.07546948543802 85.77971867776296 89.56317954010831 77.23277161786257 72.60798811919403 78.6051020539561 71.08483536859296 82.26955552372465 71.42932862345856 91.45585282412674 91.1003954527771 81.61834782797041 86.71897738439952 88.93520915530428 71.1109913800725 80.21763517521799
54.478854621207006 75.95207458489676 62.03231777799033 83.00643995100313 65.70430307739116 77.51821143505458 64.6138232018086 73.0860201492718 71.44751996103912 82.94945058463043 81.5069726314432 91.03827863300876 79.69126449901842 74.97160669475659 87.07546948543802 80.52185192067645 89.56317954010831 77.23277161786257 72.60798811919403 78.6051020539561 68.26975198898799 82.26955552372465 71.42932862345856 84.49153089146796 75.56737338081246 78.08387955531634 72.48689257286264 88.93520915530428 71.1109913800725 80.21763517521799
54.478854621207006 75.95207458489676 62.03231777799033 80.27582711048615 65.70430307739116 74.87485781797659 64.6138232018086 73.0860201492718 71.44751996103912 82.94945058463043 77.74021111129514 75.71223560542182 74.51506653242063 74.97160669475659 61.17803514744355 80.52185192067645 85.70871321616926 77.23277161786257 72.60798811919403 71.69301799585753 67.61444234950181 71.02687317052619 71.42932862345856 80.99384435871934 75.56737338081246 74.19531822157467 72.48689257286264 65.51644885739302 62.70809040509664 80.21763517521799
54.478854621207006 56.12708256835356 62.03231777799033 75.38105331657084 61.774136698422126 74.87485781797659 64.6138232018086 48.341189150008404 71.03679915950079 71.35744117362151 58.609195498229724 75.71223560542182 74.51506653242063 74.27117717985618 41.39171722622575 72.02715402501428 84.03072396085975 64.43617082826074 67.69162542758215 71.69301799585753 67.61444234950181 71.02687317052619 71.42932862345856 65.76154029699899 65.58950740262571 74.19531822157467 62.56810027527354 65.51644885739302 62.70809040509664 70.53558989764872
54.478854621207006 54.25183155930699 52.818328077583715 68.26140880099638 61.10301417997698 57.96616581532726 64.6138232018086 48.341189150008404 38.010727307728985 68.28908050027371 58.609195498229724 66.51471585583545 66.9412385604005 47.473129512053674 41.39171722622575 60.865647541384874 64.15394740080137 54.374522777193874 62.089288934039814 71.69301799585753 63.93018303352551 65.27811201448037 70.73215579275063 56.96803043638022 54.54757605372936 57.373345428920175 45.80043533680896 65.51644885739302 48.5481736024052 53.34495500690821
53.33207270812807 52.024152080637805 39.90382094899837 62.68281097362467 46.46957822904028 43.82613700714717 54.72429474753494 48.341189150008404 38.010727307728985 51.18875031611958 46.56185950732231 44.15935175894299 59.858222838902634 47.473129512053674 41.39171722622575 57.16260583436531 58.977640639155766 50.27671909782691 55.43638327888493 46.10382908602526 46.811910501828606 59.582886830692246 57.64068124027722 30.046920013199838 54.54757605372936 55.46239722103178 45.80043533680896 55.87914239067061 48.5481736024052 49.63375607862815
46.282000260750806 44.05259513587896 39.19614400863043 45.09146501130783 42.98337137985584 43.82613700714717 50.436083358626774 48.341189150008404 37.84322858898702 51.18875031611958 46.49690910330844 44.15935175894299 40.55613980288217 42.2467599778488 34.28535309412746 48.87819788722368 51.97448830667338 47.11293189234402 48.20623229484693 44.52000423621928 46.811910501828606 51.59131399497721 50.585390572695815 30.046920013199838 38.85549693354949 43.321644724622274 43.66259395274972 46.79137765804683 42.588789960532154 40.2883263270395
36.758620126149594 42.475957990684606 33.542044339671406 43.17231330593597 33.615677160239215 41.83453798756261 41.2740394926027 36.36668010626204 37.84322858898702 45.172598115141 43.683958239263006 37.55413617784916 37.41422893082165 42.14918797987093 33.905825884590286 40.063380782870695 39.99927330793355 40.5717653986859 40.82121451611931 43.6678488460949 18.615868487065313 36.76332811702139 28.129580500942666 30.046920013199838 30.607160286449357 43.321644724622274 38.82229734721682 25.009918311251454 38.02111929759167 40.2883263270395
30.470418104646228 37.34373538479372 31.65788442071596 22.786914084705472 30.25447363521357 27.991498205376843 31.736969782257802 30.984496170078387 31.631135559744962 25.09748543380715 36.878918358650935 27.5973499896445 25.52042100352196 32.891471940415045 25.729751787240275 31.681310565168133 34.125610710022556 33.56099916824098 29.147027616439686 32.642728026418354 18.338380156729272 24.647941659650883 28.129580500942666 29.13919167393476 30.607160286449357 34.374450879271535 32.74636402721387 23.248336069479933 35.156583015228875 32.08513714594187
19.123793568294445 19.10742557560127 19.590352695089905 20.612100102319005 13.783341915207188 23.85472570377317 27.83385377264335 26.88268379122053 21.642886151842504 24.082912367345443 24.48745654937261 25.550946971151802 23.636020260892906 23.659396770955027 19.112402097296922 16.159819440797946 26.862957105919918 30.568019227069612 17.482044479529463 14.237206717776758 18.338380156729272 21.501404542999694 26.699905050159032 29.13919167393476 13.953095105652437 18.470033122220684 19.92430539146426 22.228315315109967 16.456701276392323 23.618565184294198
15.973936071178287 11.997995322920701 13.203737924047573 16.922670833187567 13.724354817244375 16.112258424165134 13.360107267300009 16.756132888602224 15.12737396023715 16.118478337013016 13.670989598009555 16.989912520137295 15.991167944266635 13.7189111964625 12.1474352155426 13.073934202714554 13.930895204583635 15.31668869759369 10.180068438729904 10.027147572987019 15.314919554996777 13.334626390602011 14.513847769089011 15.324238360124923 12.266234059770113 14.419832736734179 7.220204558317505 12.6481152859634 10.816911658206095 12.204408910117877
4.295170677773626 6.02774331107787 3.1432004075478517 5.268628574960189 4.030097761492584 6.019101359278238 4.208531562430949 5.106928735568204 4.0494358775656565 6.028280991512474 3.9965189700037627 4.022063428783895 6.03334896126205 4.129739310684158 6.007094199369249 3.1571482100225694 3.206764015421527 3.099276124531343 5.006748388129722 4.127252757815086 4.334370492385119 5.019331191458491 4.070778242271672 6.2598910187766705 4.95607672645292 4.082428640783746 4.048026829218543 4.167412113780188 4.165181181872185 2.9999563651620065
199999.0 199999.0 199999.0 199999.0 199999.0 199999.0 199999.0 199999.0 199999.0 199999.0 199999.0 199999.0 199999.0 199999.0 199999.0 199999.0 199999.0 199999.0 199999.0 199999.0 199999.0 199999.0 199999.0 199999.0 199999.0 199999.0 199999.0 199999.0 199999.0 199999.0
