390692419.80799776 499791141.27732605 311073966.8045301 581893378.0378721 311109768.79251987 476267669.25261855 416839073.7465447 850688298.2961705 218538517.59107834 261396162.68961784 437080189.7082508 412745872.4436802 189851237.15683937 111820163.25368662 497669679.1438956 76640724.77236347 24077101.67367987 42275025.68838223 336788473.6961318 531480260.0046079 176901234.55814087 194413728.30489585 202906020.38651237 647427020.9692467 67374372.00466272 266691684.5510451 677855770.2395608 90131514.06775579 257174519.97862914 204213752.38900882
180560814.081813 463818567.70710754 311073966.8045301 110280740.0720983 311109768.79251987 387407636.1028533 154700006.86591288 394997712.9656534 218538517.59107834 133607452.1328124 269228568.3284337 412745872.4436802 189851237.15683937 111820163.25368662 437657819.2869874 44938774.9889589 24077101.67367987 42275025.68838223 336788473.6961318 378701216.6887191 176901234.55814087 194413728.30489585 202906013.93999425 221867043.5635015 17956436.16650129 266691684.5510451 471663953.1511864 32145115.43800947 104853616.00226405 187250100.34920758
152596720.4091995 40179893.9549376 172046929.78285366 110280740.0720983 99732842.13734667 324355921.73689514 154700006.86591288 73398467.90066761 59146803.62527229 133607452.1328124 255190829.73746857 412745872.4436802 189851237.15683937 111820163.25368662 437657819.2869874 44938774.9889589 24077101.67367987 42275025.68838223 221163120.85213 378701216.6887191 176901223.23082688 99653190.83530496 157952161.99672648 184070188.4871183 17956436.16650129 142494716.0246584 399920566.2683842 32145110.804145657 103101613.6488191 167338240.04962206
100799456.83860031 40179893.9549376 172046929.78285366 110280740.0720983 99732842.13734667 99024801.87821649 113744777.83566625 73398467.90066761 59146803.62527229 133607452.1328124 243581038.6539511 412745872.4436802 189851237.15683937 111820163.25368662 390048086.81015146 44938774.9889589 24077101.67367987 42275025.68838223 153457642.0834535 23570064.22474309 176901223.23082688 99653190.83530496 157952161.99672648 25615875.699191213 17956436.16650129 142494716.0246584 399920566.2683842 17991810.459492315 103101613.6488191 142964073.1486311
100799456.83860031 27400086.41917969 172046929.78285366 14264792.37677828 99732842.13734667 98431576.39246526 113744777.83566625 73398467.90066761 59146803.62527229 133591038.39225502 30305267.67539068 82487730.11654577 101404028.61135255 78241365.96714129 158156463.53037107 44938774.9889589 24077101.67367987 42275025.68838223 77973938.755777 23570064.22474309 50904373.22323402 99653190.83530496 49834283.669649504 25615875.699191213 17956436.16650129 142494679.65386036 30008743.9638827 17991810.459492315 103101613.6488191 126049944.79204077
100799456.83860031 27400085.4007786 95812855.80932957 14264792.37677828 99732842.13734667 98431576.39246526 63303446.55514283 44850560.88381579 59146803.62527229 133591038.39225502 30305267.67539068 82487730.11654577 17744036.08437302 78241365.96714129 158156463.53037107 44938774.9889589 24077101.67367987 42275025.68838223 77973938.755777 23570064.22474309 50904373.22323402 99653190.83530496 49834283.669649504 25615841.730459027 17956436.16650129 142494679.65386036 30008743.9638827 17991810.459492315 35537306.67677928 28344364.00371046
6676070.576930176 3702655.225734423 6546504.290180425 14264792.37677828 99732842.13734667 98431576.39246526 11494812.83737123 6706918.628614378 32580741.937759347 48713454.2014615 30305259.628232297 77641672.80296534 17744036.08437302 78241365.96714129 110437349.86498767 44938732.08272223 24077101.67367987 11188784.136362623 44583915.85548408 6176384.215376698 15993318.722915245 16332404.411602374 11563715.118683035 14040321.365217157 17956436.16650129 41327476.08625817 11118139.327682307 17991810.459492315 35537306.67677928 28344364.00371046
6676070.576930176 3702655.225734423 6546504.290180425 14264762.782058325 34876003.37764199 13285755.083638178 11494779.878278973 6706918.628614378 20887451.59790615 3372674.362631116 10547739.381456483 22249057.208228618 14273350.219592925 9843300.990360567 32332961.938722588 15238773.503822505 10329621.349916646 11188784.136362623 15629672.528018147 4273422.031547091 3267290.21460532 16332404.411602374 11563715.118683035 14040303.669774083 17956436.16650129 38848755.581357785 5124163.678742759 16013316.642324038 5111273.990384316 8516206.075023204
398761.05274222983 1355016.9580773204 3803331.394844759 6866593.980799826 15901812.504169848 2382974.2400709325 3881786.09449316 3353353.7639716757 3397304.000489472 2569900.084333216 2605172.4778303527 5695783.226374439 14273293.100369802 3212876.876782612 2074360.21445977 10011535.350041406 10071566.81131636 7995995.893145015 9856499.144972304 4273422.031547091 3267287.003392487 586181.0152035886 1069816.899780491 416790.8530272633 5472114.771375007 2003629.9247386937 2189514.2890127157 12828213.690678205 5111273.990384316 8516200.746940682
211708.386581662 1355016.9580773204 2311537.279510702 193715.42717488942 3402065.992122079 2382960.941585812 606006.1712896876 2967091.0739849145 1868205.4296450003 1480811.862340181 773942.2363093159 1603846.2074202313 2146767.5766978404 156151.45860095273 1050381.4644113907 265150.79406148155 2950599.0141729214 399280.23194137565 461581.7499554322 2200963.1812452707 2566723.7912404747 572640.4892959548 674950.9676508858 416790.8530272633 4261261.497162089 144809.19275417938 702104.2334206229 3234235.1869305745 1195857.9957384393 327698.70402362815
123754.4154370701 157043.1994622226 72767.31967675252 193687.2336519029 739812.272947468 25112.79744439232 393439.15036522236 250575.45185070878 45093.24492777175 55520.600492855185 407139.832088401 51586.60763274458 407121.8464252827 156092.52155910298 341244.58951958176 265150.79406148155 263708.87398882315 245096.66362712474 461529.1924792969 217495.59310565447 755544.843329349 335953.8333070266 207407.38195373752 416783.01278195897 423738.3047874452 144785.26946859527 327402.98588001775 618425.1440985241 425987.82591012475 327672.29502710473
11304.773828430021 105628.2999911472 17922.045239233245 27479.488560105237 225957.2058812766 25111.306955890443 22769.039172743724 164615.57664497662 34787.48687692454 36453.746653836366 155104.77527035918 51545.519325694295 81680.88070976463 11413.427505668815 102441.21599385653 109547.93033514837 28313.27945599735 34735.49161235634 56189.57431050111 16624.91797050356 67675.55262683697 13545.425511047897 198521.5164637359 39324.646226367935 50401.963135729166 79994.5762657845 71662.50969480007 55072.39235131095 26589.309677964062 31539.434605533592
8843.184259635662 19838.860210170675 12028.255297953196 5792.2459136006155 63784.820522485694 5028.141147715817 15804.662137545638 10628.722556462519 7340.28342043181 36438.32477360704 60504.78899461504 20554.618112924036 19118.364292242906 5880.628740926117 47763.91053097783 6606.420146570392 8182.537517692977 6516.8945961309255 18733.320557677176 2394.110187403403 29824.782113615507 13532.61285668096 45537.2095424663 22895.18595522433 12716.717565641587 6706.490308821225 26179.170578653542 8480.976213500522 3056.9482938825768 14208.525940143165
7907.949174467762 4426.2708930760355 3589.009243982532 5749.999533101436 12280.516661385673 5001.928385731133 10625.235817567434 2715.0145015980943 7339.227411232383 5997.643182279138 9684.44037608955 5618.275401869084 3556.45087109252 2473.7115674786346 3576.855221053961 6592.334904562842 5792.212106193684 6516.8945961309255 1246.1603217402312 2393.216142827461 4675.188295392339 2534.6230831054654 9162.642666156424 3603.775874068202 2943.7693970304417 6582.162049303792 3474.5539241170236 1745.368325121085 3041.1946075696087 10869.663979781719
696.0070897478208 711.6802960564746 724.2064159916008 887.6002308585066 659.0051915548943 488.5850050074537 1097.6376523794656 1287.1744302956877 1299.697892124048 1099.368226070259 1625.612780192835 666.8494882392783 1586.0838962965072 820.6851027997873 874.5046787659085 125.85851175804783 424.3793795169836 1718.9169443343885 1227.8769721135277 1753.8714455348368 1221.4854543815609 1631.9618943102814 474.3281367522941 1242.0897765815562 367.86894179995215 558.2810107875471 2429.2107631578 1062.934912421803 1840.9268254589952 624.7714928548648
1.5021722360031617 6.727819953244989 6.489464715775284 7.020978098032174 4.9242476307088054 2.7028660176927133 4.004788737308672 1.7953332697104543 2.5197074348018305 6.908321168784369 4.945546355848592 6.619881678662068 3.964414359914599 1.4419925624440566 4.200448305571626 4.926921092008115 4.783473376809297 3.549615501725384 11.268456186860703 1.8865338013476958 2.767748293847717 5.562330642128018 5.321735119561254 3.6106278479533103 2.8867695086514686 4.24789995518222 6.94911862031654 4.608568225660974 4.10567537669499 10.329683681799906
199999.0 199999.0 199999.0 199999.0 199999.0 199999.0 199999.0 199999.0 199999.0 199999.0 199999.0 199999.0 199999.0 199999.0 199999.0 199999.0 199999.0 199999.0 199999.0 199999.0 199999.0 199999.0 199999.0 199999.0 199999.0 199999.0 199999.0 199999.0 199999.0 199999.0
