1044.2440151999044 1149.5737850602645 1181.600944658694 1122.1686722822988 1116.5943889595765 1370.7199512062289 1077.0780512190831 1205.8349530351707 1229.3629179823083 1062.7484422766179 973.3847162436064 1038.9501020170856 1247.0861359744667 1222.3195514893614 1396.5636553848954 1183.6747121639141 1125.4047679464566 1266.6307417487938 998.5635750336655 953.4061271191531 961.785829539745 1217.6640727776557 1343.9326490546737 1122.0639911125168 1208.6935494019808 1250.0550660027147 1211.6943671295376 1269.4365432654636 1325.6578281374827 1098.3370629490973
1044.2440151999044 1034.3897238554055 1045.812700792937 1027.279167421058 1116.5943889595765 1370.7199512062289 953.7121725764327 1135.0113493967783 1213.902899379993 910.467919251817 973.3847162436064 894.8481895334908 947.8159607068751 1081.7777656273088 971.1773216393058 974.0027647723837 1125.4047679464566 847.039257875645 998.5635750336655 953.4061271191531 859.5066049706488 1178.727842922181 923.0185767105067 982.4002290287808 995.1226004360033 1099.008424896173 935.8332581076843 825.4336070187101 972.2570513725359 988.9579998784429
1044.2440151999044 896.1113061891388 967.9033008886345 928.9864563452647 756.2583928515355 980.4706198273293 917.88272683681 1039.54293184987 991.8947649246365 818.7024888339338 784.7993004864438 894.8481895334908 947.8159607068751 1014.038964220832 971.1773216393058 919.6647519247795 960.9770788002588 847.039257875645 998.5635750336655 782.6565543858469 767.1417006606434 1175.9207319187826 923.0185767105067 956.0553630210848 995.1226004360033 1090.1772556672895 935.8332581076843 825.4336070187101 866.8932669629512 962.2902474285138
720.9311712328026 873.600873444052 967.9033008886345 928.9864563452647 756.2583928515355 793.7420132666339 917.88272683681 792.8833148844542 855.6396847686824 818.7024888339338 606.5336919317483 579.9979148634129 877.7315669436971 930.6806514220734 881.0207607795965 751.8026223649649 960.9770788002588 506.0604214863274 953.106982339953 752.0647205571945 767.1417006606434 949.0897416979305 734.0454720608695 766.5086015185784 841.1295213057579 651.6667516762018 877.0475728833917 794.0217575017432 866.8932669629512 814.4985594002319
671.8307791384618 873.600873444052 808.8992356708391 874.7402350219604 622.1524762902795 793.7420132666339 714.3655772837137 724.5091003475163 855.6396847686824 674.5563932528548 606.5336919317483 579.9979148634129 877.7315669436971 526.1771956795033 819.0040951740516 751.8026223649649 863.8599387898985 506.0604214863274 733.3413116083202 752.0647205571945 627.5067187241066 922.202601038734 724.7462811065661 760.4981883559599 685.3546155577565 629.0805161913904 858.8110317856654 672.5243592478737 748.0539810128607 720.2868874963642
651.655913071233 503.96603504481664 808.8992356708391 772.3117899067333 608.2250212689678 765.2469018919078 610.0526061838641 590.0423167839913 819.0558339925351 653.9022014499074 551.8014137284013 525.1853534121915 780.9636292161158 526.1771956795033 791.4580484911303 646.2613486188293 688.4278287738334 482.8215506528072 733.3413116083202 721.8557189482408 624.4810642831271 803.9348092991709 496.67320059626536 752.0669177647114 629.5568850518785 601.3553798373737 641.0018855651601 672.5243592478737 748.0539810128607 638.8260206652635
527.9170140785491 487.6050675650422 674.7553210712908 610.5695293995568 541.9111949281069 563.5561721851122 434.5217260719987 570.3533521000663 653.1880549247289 612.542229204163 473.4982900835621 475.6446711973731 590.6821192618363 477.1060311321812 518.9395419388975 486.1296398251325 553.202112628971 473.1294358572304 544.0759867226266 607.350924380271 624.4810642831271 633.0749597923696 496.67320059626536 502.9646409949073 568.6208248265857 601.3553798373737 527.915403929383 533.7874209517731 593.1845836121342 598.366410056688
387.84522493218356 377.38718651854697 381.502015215392 434.9969518761409 393.261698409332 410.5516652481924 382.946836973942 380.4478743397394 439.2926883831551 402.00607420068945 388.0619762414749 365.06074308365623 456.71618179726966 395.97936076861924 440.75325554731444 388.42247266684944 405.92856745499284 391.66727032807694 390.7601606205435 459.9412109174709 398.7462078210051 409.500776726245 437.82422276844727 384.66286523063445 370.280025109098 407.00367976138614 394.3784869239712 420.7942300877503 323.8465661063492 453.9900371352642
312.27358462045186 331.1534847356397 333.4531371471976 308.92988885534487 324.06279298651543 322.39388173435873 320.3116647885395 304.96284014913954 338.2766641090875 322.87990752196674 321.85542140730877 320.04751790337286 345.12995906373635 296.695136063277 335.2332170836539 308.15400986912164 320.0713612528284 314.65596005713996 308.6944237428934 337.1936181987885 326.93596636169787 300.8767213683177 332.43714332262243 300.2126927889253 305.2178746586924 313.3005261498515 311.4523101358586 313.7935259061983 292.4621479267671 335.92412191825633
276.6520862614111 280.9430173020992 267.46916623467996 276.68883163297323 274.9995200599715 276.4061320991764 283.6870798964601 272.78633338062536 294.04942156847846 276.2904450266915 276.3695243408397 291.1046124780546 283.64839145685437 284.096025043179 279.3132738832883 275.63419936828586 286.067550171078 276.0291621184615 270.019146129358 283.0460382753481 289.58068873462616 268.54217019054704 283.44718816048 278.2313470870572 267.69337775046915 269.61349533251905 276.12996891140665 284.9552832890572 285.59839873402325 286.6703018900844
258.1326125176611 258.0476146748315 259.32297365622435 262.90472472131296 260.1018646084767 255.05126912995456 266.45449875415034 260.23382321462304 260.61842644116587 256.72038832496673 259.038108715798 262.8368327818512 266.0048427036104 257.9082643922634 261.09605967369134 256.07213169168335 271.0782850688497 251.1994370196544 255.04418590605292 260.58975662808916 267.09731022266806 259.8971787357186 262.11133370669495 259.6373095023123 254.50419648843763 259.42555099625224 262.02717537808803 268.26370094097456 260.2174534878359 270.3622728910059
249.38500754397546 248.78072040799861 249.6619892224203 250.02689897658684 253.44746122465767 248.24860696031465 249.18358315877822 252.47729905822644 250.1885265627161 247.8227313074267 246.0183660303519 246.3424129314426 254.20939865103765 244.755687526952 253.48461166903417 244.1400101169288 254.42705819626644 250.5679060874927 246.598753699167 254.1563579465892 254.6842361051904 251.76213719772886 252.98809400311256 249.74557309563443 249.862320415883 246.69475503046397 250.70749376127378 254.88864607343794 248.1916892823333 255.5457450242311
243.2377534759339 243.9850992372326 241.79406722320937 244.22618854242137 242.24567528606667 243.49393778930062 243.49602732170433 246.153116173351 243.69078787633543 240.42149847253222 243.42143784256677 243.15868005841185 244.83475047106094 242.71004903084804 244.99519684072266 241.4306809750692 247.02944187571256 241.99759034950648 240.14379735832608 243.4829633555023 244.10096898381198 242.1634676669005 243.6872559046842 241.32173468027713 241.8783378500666 239.72756944284993 244.45742370831204 247.7532341739543 240.1610406039208 246.7077826905056
236.82534401898238 237.02795397547834 238.88179852199846 238.6999996174436 238.68071915740848 238.61835729284894 237.67779303805355 240.7185256124485 238.3882673203616 236.9102065812417 240.29527421300827 237.68838295167052 239.01128563335033 237.80080917968826 242.6314709358894 238.28430749508198 241.46943775156706 238.19595159273968 238.06292288018676 238.03296834898447 239.47280263283346 236.16604831031282 237.62798186329246 237.70567637970862 239.32786362729803 236.80575266652068 240.65179498336101 238.9882253327496 237.76833662378885 242.18774646608017
235.78254805003462 235.92836496317705 234.9987990085192 235.4547038719288 236.39942608646834 236.23469392052857 234.82475151251674 236.54359107854316 235.90017122784957 234.10836446499252 235.2953551108667 235.56068837895373 236.75916167832884 234.6046588403251 237.37779824930703 235.58939196290157 235.7472792010608 235.96062245432176 232.81469682439183 233.75446108222013 236.80392767916192 234.21853580578 235.49669685366416 235.28143907571803 236.09508475982784 234.46317847086993 236.31886152102197 233.63328964100037 234.79828467974494 236.09167023556938
233.76877215622835 231.20533965575396 232.65949473237742 232.6550468448131 232.11937871131795 231.68861004360588 231.60380344608438 231.67707858335416 233.21746114430016 233.5864587128658 232.92768398356657 232.98841894909947 233.32105735692903 233.97430094618903 233.97433826614179 232.90169886134709 232.0800801975297 233.05946022021635 232.00789255260224 231.96549258206232 233.9743010085008 232.26380018644204 232.1286066478051 230.81764408393883 231.98350788309563 233.9743009461895 231.97580698993397 231.8543932149214 231.96315308136536 232.75724973502702
999999.0 999999.0 999999.0 999999.0 999999.0 999999.0 999999.0 999999.0 999999.0 999999.0 999999.0 999999.0 999999.0 999999.0 999999.0 999999.0 999999.0 999999.0 999999.0 999999.0 999999.0 999999.0 999999.0 999999.0 999999.0 999999.0 999999.0 999999.0 999999.0 999999.0
