28993.337987015282 26495.487042144865 28313.703433701212 26647.87142971086 10914.582829344414 36399.35617608208 23412.60632386389 35827.85472125451 27132.785157045928 54473.708789478274 38554.31822402123 41089.63633204912 16326.388665931649 18294.8798708434 31493.81056186038 26572.01207555061 19719.772617592847 28971.17336442924 37415.09753969409 34396.569004393874 44536.21304395006 39877.00478076946 40663.38985349948 43904.15523979012 45747.30427807639 27020.981637041074 22087.047626172214 15957.262002326952 30519.060624619142 32227.51163089659
28993.337987015282 26495.487042144865 15747.39229245124 19994.40283905105 9996.728057543718 20898.31443492623 13987.914662172452 35827.85472125451 27132.785157045928 22888.9750455018 35904.32281433811 18388.891468561884 16326.388665931649 18294.8798708434 31493.81056186038 26572.01207555061 19719.772617592847 28971.17336442924 32427.70087011459 21537.369009437312 23603.63208078121 37316.04952260851 19689.679424916107 7027.269076929405 19850.27202677637 27020.981637041074 20629.593991556063 15957.262002326952 30519.060624619142 14677.548528805044
28993.337987015282 26495.487042144865 15747.39229245124 19994.40283905105 9996.728057543718 20898.31443492623 13987.914662172452 30419.675474560267 22222.004563488408 22888.9750455018 35904.32281433811 18388.891468561884 16326.388665931649 18294.8798708434 16282.836311304105 26572.01207555061 19719.772617592847 11828.235135052493 31014.15751989629 21537.369009437312 23603.63208078121 19177.89467095837 19689.679424916107 7027.269076929405 19850.27202677637 26318.469692448245 20629.593991556063 11210.180513790763 30519.060624619142 14677.548528805044
9011.017221499573 26495.487042144865 14324.064954744441 19994.40283905105 9996.728057543718 20898.31443492623 13987.914662172452 21092.745144356137 22222.004563488408 17806.700703202947 19282.69362594039 18388.891468561884 16326.388665931649 18294.8798708434 10450.061429959074 14125.499954803177 4444.044145268942 11828.235135052493 31014.15751989629 21537.369009437312 23603.63208078121 19177.89467095837 19689.679424916107 7027.269076929405 14564.887407033402 22303.223655565285 20608.558321451535 11210.180513790763 28764.482915759643 14677.548528805044
9011.017221499573 14253.758093207467 14324.064954744441 19994.40283905105 9996.728057543718 20898.31443492623 13987.914662172452 21092.745144356137 22222.004563488408 17806.700703202947 19282.69362594039 18388.891468561884 16326.388665931649 16693.42963853145 10450.061429959074 14125.499954803177 4444.044145268942 11828.235135052493 28057.069411053526 15908.612063211112 16820.28621411679 19177.89467095837 19689.679424916107 7027.269076929405 14564.887407033402 22303.223655565285 19102.494993091026 11210.180513790763 14718.22120222784 14677.548528805044
9011.017221499573 14253.758093207467 14324.064954744441 19994.40283905105 9996.728057543718 7500.470746183713 13987.914662172452 12839.926710898246 16674.12928091833 17806.700703202947 19282.69362594039 10286.903687740665 16326.388665931649 13736.255345063744 10450.061429959074 14125.499954803177 4444.044145268942 11828.235135052493 28057.069411053526 15908.612063211112 16820.28621411679 19177.89467095837 18876.2648780713 7027.269076929405 14564.887407033402 22303.223655565285 19102.494993091026 11210.180513790763 14718.22120222784 14677.548528805044
9011.017221499573 14253.758093207467 14324.064954744441 15663.138127255716 9996.728057543718 7500.470746183713 10282.221985640173 12839.926710898246 11775.864048751437 17806.700703202947 19215.382168921977 10171.943899177746 12351.002832062013 13736.255345063744 8556.17151421406 13087.067912055838 4444.044145268942 11828.235135052493 15416.074135462855 10871.94294469145 14565.008739051673 19177.89467095837 16696.889215501724 7027.269076929405 10344.16927243823 22303.223655565285 10551.926934490495 9180.495635485531 14718.22120222784 8047.793436034819
9011.017221499573 8816.497806207408 9530.271869633307 14244.781026121702 9031.377256443859 5091.772161061128 10282.221985640173 12839.926710898246 11176.787502431502 7479.847390776028 11304.899957447027 10171.943899177746 12351.002832062013 13285.866231758011 6542.373949363227 13087.067912055838 4309.055106602894 11828.235135052493 7062.561954310408 10871.94294469145 11093.820389119968 13430.596898066908 7830.047270079554 5276.878484577918 10344.16927243823 18944.05568503655 10551.926934490495 7183.724608664017 8973.220294465533 4066.6031587318557
9011.017221499573 5750.8829361925855 6486.200542158184 11647.237497250086 9031.377256443859 5091.772161061128 6274.725849284965 12839.926710898246 8573.675797231908 7479.847390776028 7673.345723164943 10171.943899177746 9273.577949988938 13151.821397633437 6522.039960427529 6886.63338672781 4309.055106602894 7009.228961230097 7062.561954310408 10871.94294469145 5137.897695534575 12884.504211032536 7830.047270079554 5276.878484577918 8398.660920296596 13825.383019259729 10551.926934490495 7183.724608664017 8973.220294465533 4066.6031587318557
9011.017221499573 5750.8829361925855 6486.200542158184 11647.237497250086 5844.393093549642 5091.772161061128 6274.725849284965 7404.02849847328 7154.293882760673 5085.649223748901 7673.345723164943 10171.943899177746 4561.283072518176 6679.289382094599 6013.668799275152 6141.753393708423 4309.055106602894 7009.228961230097 6930.853187335981 7540.34968592863 5137.897695534575 8292.266947282149 7830.047270079554 4710.029784154219 6481.607140556442 5036.270468302191 10551.926934490495 6392.950102319853 6708.578614963877 4066.6031587318557
7510.6058322316 5093.43370884982 6486.200542158184 11016.574506208895 5844.393093549642 4323.183144918588 6274.725849284965 7404.02849847328 5521.601861857244 5085.649223748901 7673.345723164943 7305.40584088787 4561.283072518176 6323.399335108305 6013.668799275152 6141.753393708423 4309.055106602894 7009.228961230097 5302.946945377214 6889.939265625042 5137.897695534575 8292.266947282149 6129.188939070455 4710.029784154219 6481.607140556442 5036.270468302191 8921.028050613038 6392.950102319853 6337.2582162546205 4066.6031587318557
7243.849274484293 4036.6452212724107 4172.770679983002 6951.955971304608 5740.855640560212 1731.4523481315482 6274.725849284965 6387.14875314959 5521.601861857244 4847.4642005383075 6853.762223609442 7193.737588966448 4561.283072518176 6323.399335108305 3614.015493686881 6141.753393708423 4249.711655863432 6752.384459233339 5275.675387005802 6889.939265625042 5137.897695534575 8292.266947282149 6129.188939070455 4207.761747297437 6481.607140556442 5036.270468302191 6270.739818447591 6392.950102319853 6337.2582162546205 4066.6031587318557
5360.748743815798 4036.6452212724107 4172.770679983002 6951.955971304608 4193.35452900132 1731.4523481315482 2453.2469998290885 4049.5207636123905 3606.0181206638804 3897.697356920353 6853.762223609442 6431.759243341202 4520.8859780669145 5807.354344634526 3614.015493686881 4395.111936299566 1980.742377274607 4485.293552890253 2978.792048962781 5743.247981138808 5137.897695534575 5377.262082033892 4296.498822563753 4207.761747297437 3137.9831398913184 3608.745766148144 3103.369002631933 6392.950102319853 2601.169192902297 4066.6031587318557
3406.5729335180763 3509.859980940885 3897.200074623601 1885.5188936248442 3014.4551205353678 1729.131529720169 1995.0756326836454 2475.575273450549 3151.8730999266204 3650.0759677862625 4330.528247879517 3375.7037183182824 3163.8913647571085 4788.878714470589 2744.351188819222 3371.3135443635756 1411.8788034951547 3522.5856306008477 2978.792048962781 2409.0263340320303 4378.450345834801 3479.8450848635907 2075.5073848306615 2949.062249728695 2374.7417275994057 1795.8446155702027 2505.6147170281934 2494.8559323099057 2562.8416091804793 1559.3001426153241
552.2442888539639 1205.7737736676204 290.9518617264614 819.2563789875187 1336.8080698927834 396.90931941938527 1094.7055463693716 1633.8095338583228 1358.2677738563048 1239.529053449823 1341.9176773218037 1102.1108451565299 1779.9755032305684 701.0869789097909 1120.0707038900769 1220.1519214136756 1246.7616135645883 1041.169735691522 1185.7846868469098 2003.5062783077547 1641.9723785044275 1079.7361006557323 1160.7110043282496 660.5635974285275 963.5952239028616 820.0003509302826 764.1784995055723 961.6646031560931 591.9693929799892 994.5165109519062
3.1426793611899484e-07 1.9324505899476208e-05 2.1296045815688558e-07 2.2480942334368592e-06 4.947305569658056e-07 7.456751234258263e-06 2.153070704480342e-05 0.0005114071935281572 3.9048069197633595e-05 3.587332628285367e-06 1.3223258861216891e-06 3.788541278026969e-06 8.439411658400786e-08 2.9596420176858373e-06 1.4847542502138822e-06 1.6458427012366883e-06 1.738045114052511e-06 3.2223243806583923e-07 6.196973060923483e-06 7.414033348140947e-06 5.9629927591231535e-06 1.3558638386257371e-05 8.183637874026317e-07 1.7790615629564854e-06 0.0003090750681735699 2.4251465958968765e-05 1.4128573866400984e-07 2.4389748887188034e-08 3.6106325183027366e-06 3.797609394950996e-06
199999.0 199999.0 199999.0 199999.0 199999.0 199999.0 199999.0 199999.0 199999.0 199999.0 199999.0 199999.0 199999.0 199999.0 199999.0 199999.0 199999.0 199999.0 199999.0 199999.0 199999.0 199999.0 199999.0 199999.0 199999.0 199999.0 199999.0 199999.0 199999.0 199999.0
