79269.68182221305 84539.75609748569 114573.7939223533 126285.26620738808 76902.41441942878 91188.59805736302 71034.40271447664 54580.869304233376 76035.99586206235 380376.774735515 69220.86617861161 94999.64542521264 214987.45707878633 79092.91513304433 74439.98212138518 82730.51290679642 141402.35429093047 101313.7422396069 70753.69738531097 88243.90039887125 86653.95630215305 95400.82453972157 82734.10410310753 62809.02393110478 94281.02950880973 137313.98542990486 72734.84098736408 374095.0229121176 61175.458550977564 114046.71780411035
63237.094107449106 34259.976534324 79119.66117356 57314.53994273393 70544.00019308866 91188.59805736302 71034.40271447664 54580.869304233376 65150.938716920085 58724.807472944056 52416.85097221376 79030.68304200812 98333.72602017593 52959.10909869816 74439.98212138518 82730.51290679642 141402.35429093047 93546.89581000089 70753.69738531097 88243.90039887125 81286.71222268642 95400.82453972157 82734.10410310753 62809.02393110478 94281.02950880973 51653.869769224795 72734.84098736408 93981.61908649547 61175.458550977564 97151.12040412873
63237.094107449106 34259.976534324 52987.94716591331 57314.53994273393 70544.00019308866 75457.05314344254 70208.5278843616 54580.869304233376 51410.3239252448 58724.807472944056 52416.85097221376 79030.68304200812 59589.5954696834 52959.10909869816 74439.98212138518 82730.51290679642 66944.39796780054 93546.89581000089 70753.69738531097 88243.90039887125 69382.38758248973 80235.14374136538 72100.30626799093 62809.02393110478 56737.39557444908 51653.869769224795 72734.84098736408 93981.61908649547 61175.458550977564 85945.46695503713
63237.094107449106 34259.976534324 52987.94716591331 57314.53994273393 59597.65749257777 75457.05314344254 70208.5278843616 54580.869304233376 51410.3239252448 41854.59232476615 52416.85097221376 79030.68304200812 59589.5954696834 52959.10909869816 60742.756892184414 76177.45898969322 66944.39796780054 77980.33252885156 66072.56539338014 59951.395296837494 62358.31665211713 73759.77147148039 72100.30626799093 62809.02393110478 56737.39557444908 51653.869769224795 64224.5631538466 57659.71410456206 61175.458550977564 69748.57924263696
63237.094107449106 34259.976534324 44068.34239774943 56245.06140644709 59597.65749257777 75457.05314344254 43428.88601643664 54580.869304233376 51410.3239252448 41854.59232476615 52416.85097221376 79030.68304200812 59589.5954696834 52959.10909869816 60742.756892184414 76177.45898969322 45777.23973151775 72898.44209972 56495.177244893704 59951.395296837494 62358.31665211713 73759.77147148039 60069.918263169966 62809.02393110478 56737.39557444908 51653.869769224795 64224.5631538466 57659.71410456206 53885.60630004437 69748.57924263696
60066.52133519576 34259.976534324 44068.34239774943 56245.06140644709 51101.96106715249 66122.26760201227 37660.44714960877 54580.869304233376 51410.3239252448 41854.59232476615 52416.85097221376 72680.95605647058 53802.68255811726 52489.092635953275 60742.756892184414 69848.6881068911 45777.23973151775 72898.44209972 54962.8420522888 59951.395296837494 62358.31665211713 73759.77147148039 60069.918263169966 62809.02393110478 56737.39557444908 51653.869769224795 64224.5631538466 57659.71410456206 53885.60630004437 66870.9054114904
59336.703405168686 34259.976534324 44068.34239774943 54067.60438725249 51101.96106715249 47655.621580679704 37660.44714960877 54580.869304233376 51410.3239252448 41854.59232476615 52416.85097221376 61854.99703136892 53802.68255811726 49943.39922837308 60742.756892184414 43400.762675803104 45777.23973151775 43389.36818284473 53488.76254432534 59951.395296837494 26079.950644809905 65168.06668002858 27369.20018650545 42914.971586606494 53154.607725124806 45208.05502589856 64224.5631538466 57659.71410456206 53885.60630004437 43252.49944483434
51370.30752276181 34259.976534324 35882.33906422564 54067.60438725249 35068.690236618495 42806.307936922254 37660.44714960877 46071.55793446488 51410.3239252448 30228.680012166682 50275.91854849893 42518.01873894457 36631.06717810867 44418.265778927045 49054.280420571704 31711.01383372121 45777.23973151775 42901.747860801435 38431.474369415766 48122.022836907534 26079.950644809905 42852.97731022885 27369.20018650545 42914.971586606494 53154.607725124806 45208.05502589856 38244.24750044344 46756.46193593659 43979.287848201944 43212.127985805586
30561.619979451767 34259.976534324 25212.913415128005 34651.59601052437 34330.30118541572 37759.949998724594 34055.91029640015 44716.28628801955 27319.16607839839 30228.680012166682 30926.507326427418 42518.01873894457 36631.06717810867 37790.45592917877 34555.8641873342 31711.01383372121 45777.23973151775 25438.67061353685 38431.474369415766 34787.837140697644 22437.02092532926 42852.97731022885 27369.20018650545 42914.971586606494 46989.03461458255 38137.369478177316 33652.55098286621 32093.074920092928 42514.52103250111 37008.01590475469
30561.619979451767 31073.688586046963 25212.913415128005 34335.71858035486 34104.63800270311 33441.40641430237 34055.91029640015 35171.39637518591 26791.767134938367 27781.83923720418 25827.423227099625 36996.532286585025 31916.51810237715 24834.69499733388 34357.29460356623 29120.978407216913 38583.21227312327 25438.67061353685 31228.169733796083 23555.606632187955 21027.699914253524 42642.77960556267 27369.20018650545 32935.4924677708 34716.48284738623 35956.41456563917 33652.55098286621 32093.074920092928 42514.52103250111 36791.424030024085
22032.421622660884 29511.78677144808 21725.15365431115 28002.359536859753 31658.58391751203 31804.221709359248 25815.07410110666 34073.8316686843 20335.87146585973 27781.83923720418 25827.423227099625 31872.934799296356 31608.749917855454 24834.69499733388 31780.862757834613 29120.978407216913 32823.879801082025 25438.67061353685 31228.169733796083 21888.292258874637 21027.699914253524 33037.27444828846 27369.20018650545 32935.4924677708 31149.226245371716 26572.325032861805 30205.51714060976 32093.074920092928 28354.199973968356 33204.38657502592
22032.421622660884 24325.120530450866 21609.94129268536 23872.826354200843 26683.52724135549 21098.27867875972 21557.285694560363 34073.8316686843 16279.310724272651 18630.535169684583 24899.19628068927 31176.437408058067 25966.317626727025 23981.396781940344 31276.982914822245 28145.67115457042 30924.654330719837 24766.12453108355 29527.409739767554 21888.292258874637 20722.302218836132 29836.582873078565 24227.690831592194 32935.4924677708 30616.723170293346 26361.330287398647 28298.15926418024 27240.918619661716 28354.199973968356 31371.745809017735
20589.66871808796 21340.432135748502 17388.68987588425 23658.382224797424 22895.70398365504 21098.27867875972 17686.935880892208 33352.14372027121 16164.649040062122 17868.96213343179 23626.547945097816 16965.555976871416 22449.151895876545 18134.701498665618 23761.048880243332 18482.619306175362 22264.782240914064 20748.921009730915 26925.574900588574 21682.209263531793 20722.302218836132 19711.66238330342 20930.34296841243 24619.34033021802 25588.23267423952 21415.829958825296 22922.503157985597 22355.39216809903 25755.049495625208 30901.623758720518
11303.06387720318 18142.592300491615 14380.9545772901 16010.565229641401 18444.617481100417 18471.732308031605 17457.948431808774 13886.609074215046 13381.863403044044 17868.96213343179 13733.047168530198 16578.174908083 17209.157406978607 13283.94245513973 11358.81221410538 15037.346528268728 16502.94431522889 19417.793192093504 17735.032420583273 15487.618661152532 13662.337690009199 14610.460920769872 14350.0319308627 15944.5879261798 13913.09476879165 20760.400892902482 16487.05854189312 13271.93987043417 12660.478738663292 17027.993382966757
4309.377208155159 5634.466260326654 6315.067568142377 7539.022974156223 6374.840019181603 8931.100576583622 5215.113843566511 8496.818790028352 8919.227264009289 6724.470941519387 6921.605345388313 8988.658722369746 4659.8594165245995 5523.383955772169 9603.129739344811 7104.753920429089 9211.189366923823 6105.535548859938 8743.483590840597 5720.618875473798 6661.577185121354 7081.929836863555 9114.465400904128 7894.888975123586 7996.432638709808 6445.18518625688 7037.771532039016 4081.6858917183163 7649.204144977742 8388.60530818235
5.77020136347528e-05 2.2223563291845494e-06 0.00027280332187729073 4.705935282345308e-05 6.585290560678914e-05 0.00016554302897020534 9.086835922289538e-05 3.650004936162077e-05 1.7232542688816466e-05 3.9830315813560446e-05 2.9399037657640292e-06 6.890412663551615e-05 0.00016534885548935563 5.449815665770075e-05 0.001065465072713323 0.0011655491237547722 0.00034281277595482607 5.914552008334795e-05 6.556198371754363e-05 4.548712485075157e-05 3.165141583849618e-05 5.538162611173902e-06 0.0006349235776497153 0.00020083229651390866 0.0003531804310910047 2.3603523345627764e-05 0.0002626223140396178 3.3880774481076514e-05 4.1651241133422445e-05 0.00014775631916563725
999999.0 999999.0 999999.0 999999.0 999999.0 999999.0 999999.0 999999.0 999999.0 999999.0 999999.0 999999.0 999999.0 999999.0 999999.0 999999.0 999999.0 999999.0 999999.0 999999.0 999999.0 999999.0 999999.0 999999.0 999999.0 999999.0 999999.0 999999.0 999999.0 999999.0
